#Frame       SA_00001
       1    6526.0833
       2    6621.5000
       3    6732.8150
       4    6731.9758
       5    6773.6273
       6    6725.4602
       7    6679.2664
       8    6521.0467
       9    6628.0008
      10    6659.0738
      11    6698.1839
      12    6673.9129
      13    6586.8234
      14    6639.2958
      15    6691.9257
      16    6621.6896
      17    6735.5980
      18    6587.5398
      19    6611.6368
      20    6554.3258
      21    6692.8969
      22    6485.8578
      23    6603.9534
      24    6644.7473
      25    6648.4065
      26    6695.3011
      27    6613.0592
      28    6732.0759
      29    6716.3595
      30    6673.1546
      31    6680.2394
      32    6568.2438
      33    6731.0739
      34    6667.4290
      35    6651.4289
      36    6652.0908
      37    6582.4627
      38    6515.6637
      39    6717.9126
      40    6752.6515
      41    6527.1454
      42    6630.4938
      43    6744.0198
      44    6514.9161
      45    6660.2096
      46    6675.6762
      47    6659.9983
      48    6640.7430
      49    6673.7526
      50    6743.0093
