| Run on Mon Jun 20 15:46:17 2016
| GB non-polar solvation energies calculated with gbsa=2
idecomp = 2: Per-residue decomp adding 1-4 interactions to EEL and VDW.
Energy Decomposition Analysis (All units kcal/mol): Generalized Born Solvent

Total Energy Decomposition:
Residue,Internal,,,van der Waals,,,Electrostatic,,,Polar Solvation,,,Non-Polar Solv.,,,TOTAL,,
,Avg.,Std. Dev.,Std. Err. of Mean,Avg.,Std. Dev.,Std. Err. of Mean,Avg.,Std. Dev.,Std. Err. of Mean,Avg.,Std. Dev.,Std. Err. of Mean,Avg.,Std. Dev.,Std. Err. of Mean,Avg.,Std. Dev.,Std. Err. of Mean
GLY   1,1.1654,0.004377213725561147,0.0006190315016094237,0.03398,0.052747887161477845,0.007459677741028762,-38.84474,0.7553475176365011,0.10682227037463904,-76.24254,0.7412019214757433,0.10482178098079939,1.0042496639999998,0.005227036686431935,0.0007392146172973765,-112.88365033600003,0.011082150717496159,0.0015672527844945794
SER   2,11.235680000000002,0.015747304529812454,0.0022270051636880048,-0.5216799999999999,0.017496788276710494,0.0024744195278894555,-4.26424,0.09347546416041519,0.013219426916477933,-12.139120000000002,0.06891578628986633,0.009746163963273477,0.8310686400000001,0.0067505006790039655,0.0009546649613056195,-4.858291360000001,0.025367926683168566,0.003587566596462331
HIE   3,27.203340000000004,0.024585044231261562,0.0034768502983392523,-1.77588,0.02410115349938282,0.003408417814766296,-5.046940000000001,0.2032890956249083,0.028749419611530633,-22.995780000000003,0.15052644817422053,0.02128765445038335,1.3357071360000001,0.007052316552992314,0.0009973481715390006,-1.2795528640000002,0.09614993016889851,0.013597653526608229
GLY   4,3.909419999999999,0.01915316161900481,0.002708666092392043,-2.1227199999999997,0.04492261791125277,0.006353017550739819,-5.695460000000001,0.06461616206483188,0.009138105274058313,-5.791660000000002,0.08513979328130751,0.012040585035606679,0.17048116799999996,0.002705307580701019,0.00038258826710181273,-9.529938831999997,0.05832708192861839,0.00824869503170988
GLY   5,5.67892,0.012457672335086288,0.0017617809171879132,-4.009939999999999,0.014811360504949434,0.00209464269032967,-8.40334,0.3433994531154623,0.04856401639073906,-2.5838999999999994,0.3336989211849532,0.047192154008903135,0.022642416000000002,0.0017463093736631524,0.00024696544003336953,-9.295617583999999,0.03273137584652342,0.004628915563728456
SER   6,11.465360000000002,0.00859944183951334,0.0012161447278278403,-3.0912599999999992,0.02205611933237554,0.00311920630931649,-2.66166,0.058312815058112887,0.008246677391533728,-6.117879999999999,0.036143403271053066,0.005111449109624333,0.43704432,0.0035620943268801692,0.0005037562107526196,0.03160432000000016,0.013308254190298635,0.0018820713567428901
PRO   7,18.867759999999997,0.010988284672444225,0.0015539781210987024,-3.488059999999999,0.019852868810475783,0.0028076196323788666,0.08503999999999999,0.136981744769148,0.01937214412500589,-3.11552,0.13242057846119812,0.01872709779971169,0.6182064000000002,0.012197713354225028,0.001725017165548445,12.967426399999999,0.034539424476287175,0.004884612253092655
ARG   8,13.796879999999996,0.015478552907127173,0.0021889979447168744,-5.65214,0.027398547406417697,0.0038747397331478093,-189.16820000000004,0.8698395944046352,0.12301389514961472,-19.089280000000002,0.8663888974357423,0.12252589290430992,0.5530033440000002,0.004398778229448583,0.0006220811829957696,-199.55973665599998,0.048386761294898085,0.006842921406255441
VAL   9,10.731959999999999,0.010194037472987819,0.0014416546049638927,-2.2521400000000003,0.028917821494695576,0.004089597535208269,-30.366540000000004,0.02955889713670057,0.004180259321951319,-2.7398600000000006,0.027496916190704688,0.0038886511800330908,0.7291087199999999,0.00628243140754857,0.0008884699701233881,-23.897471280000005,0.039322579813583954,0.005561052567986891
VAL  10,11.021640000000001,0.05853742734365868,0.008278442365583177,-4.6630400000000005,0.04607513863243155,0.006516008594220524,-21.563580000000005,0.03503774535684287,0.004955085467862212,-1.7297999999999996,0.040730823708855356,0.005760208329569085,0.07086758399999998,0.0026042510637313567,0.0003682967174153444,-16.86391241600001,0.04831539102915037,0.006832828126478382
ARG  11,11.976300000000004,0.04960211688996656,0.0070147986428206275,-4.697359999999999,0.08381712474198666,0.011853531456923503,-190.18197999999992,0.7579048618546957,0.10718393346234177,-16.290119999999995,0.7640611923139271,0.10805457006533133,1.1366445600000001,0.010845030562604843,0.0015337189305986486,-198.05651544000008,0.07873131211216998,0.01113428893724599
ILE  12,14.197419999999997,0.041821090373463356,0.005914395319938277,-7.4385,0.10488589037611393,0.0148331048671478,-13.830179999999999,0.17299603348050696,0.024465333678488296,-2.735879999999999,0.10457488034900271,0.014789121407310328,0.011622096,0.0016144369699631787,0.00022831586585184523,-9.795517903999999,0.15938045632263256,0.022539800290867967
VAL  13,11.314680000000001,0.07481615868249293,0.010580602629343908,-3.0242400000000016,0.0822410019393873,0.011630634032583352,-20.915600000000005,0.06934147388017352,0.009806365279628112,-2.12042,0.07670647691035778,0.010847933996848663,0.6234075359999999,0.019227400789896522,0.002719165096625482,-14.122172464,0.10003306574755438,0.014146811826595091
LYS  14,11.529020000000003,0.14089889850489368,0.019926113318905085,-6.6739999999999995,0.2828188112555498,0.03999661985718351,-2.0339600000000004,2.633715375358544,0.3724636003262599,-36.95296,2.5278039398656924,0.35748546147782057,0.58938984,0.03170952238686756,0.004484403661588138,-33.54251016,0.38344716352821845,0.054227617911510054
SER  15,11.255799999999999,0.06883952353121713,0.009735378780514907,-2.20012,0.020556886923807142,0.002907182828781819,-19.217180000000006,0.1878817383348377,0.026570490247536053,-4.134939999999999,0.17324034287661322,0.024499884244627162,0.4044618719999999,0.00838568032873035,0.0011859142850615735,-13.891978127999996,0.06440919712273631,0.009108836011253582
GLU  16,15.940660000000001,0.03279488374438023,0.004637896936775147,0.45062000000000013,0.027263081263860164,0.0038555819275430865,-42.206319999999984,1.009013923393447,0.14269611750862998,-40.53222,1.0154424117593621,0.14360524305189346,1.342536624,0.004562022973812684,0.0006451674761423536,-65.00472337600002,0.019524335801522075,0.002761158048683909
SER  17,10.379959999999999,0.02312311397839707,0.003270102139254803,-1.2781600000000004,0.05196358725106255,0.007348760984001031,-8.94658,0.2815147662201226,0.03981220003967886,-8.725260000000002,0.3208091526125256,0.04536926545580538,0.4744297439999999,0.016089058361362228,0.002275336454045071,-8.095610256,0.021582625291091097,0.0030522441398277596
GLY  18,5.144079999999998,0.02682449626779732,0.003793556642574544,-2.7964399999999996,0.04811991687443971,0.006805183906409859,-11.421059999999995,0.14546799098115548,0.020572280573671716,-0.67496,0.12066166914144694,0.01706413689584094,0.134435808,0.004112113519242389,0.0005815406708930343,-9.613944191999998,0.04339248307861397,0.006136623807482091
TYR  19,10.18444,0.0950031915251218,0.013435480192355591,-10.069499999999998,0.13851848252158497,0.019589471662136596,-32.95206000000002,0.4517965210120403,0.06389367674482084,-0.32858000000000004,0.3426329867365372,0.04845562167592117,0.030201552,0.005614522810648819,0.0007940134305072669,-33.135498448,0.2860007960813286,0.040446620466771686
GLY  20,6.621060000000001,0.0893618285398892,0.012637670987957041,-3.263080000000001,0.036875379319996265,0.005214966155199108,-13.596260000000003,0.24998806451496774,0.03535365112684676,0.0638,0.23967469620299925,0.03389512059279329,0.010295856,0.001531555249824179,0.00021659462058250676,-10.164184144,0.0699610951546083,0.009893992960612167
PHE  21,9.920360000000002,0.28815063838200955,0.04075065408063032,-9.37286,0.1401452118340188,0.019819525927731976,-8.50226,0.782123744940655,0.11060900075491095,-1.5008800000000002,0.6373821032944056,0.09013944148928374,0.0015868800000000008,0.001907028703716858,0.0002696945856631163,-9.454053119999996,0.2117725826942149,0.02994916585849365
ASN  22,17.383100000000002,0.10743430550784289,0.015193505191332592,-7.217040000000001,0.16145277451931037,0.0228328703407974,-81.94019999999999,0.26545862201211035,0.037541518349839945,-9.781560000000002,0.2921289550865519,0.041313273024528245,0.248567616,0.013549309247151635,0.001916161689810903,-81.307132384,0.22472376842041758,0.03178074010877452
VAL  23,10.77646,0.09173749724068568,0.012973641277594207,-7.320579999999999,0.13671416751763987,0.019334302987199355,-27.08958000000001,0.27167856669120016,0.03842115136207787,2.2556599999999998,0.1549694950627441,0.021915996167184308,0.0,0.0,0.0,-21.378039999999995,0.23151094661010505,0.03274059205338441
ARG  24,12.215859999999997,0.5300251695910838,0.07495687832348105,-8.517219999999998,0.2859038502714585,0.040432910258858326,-126.85134000000005,4.549029648659567,0.6433299424771675,-77.60256000000001,4.1470863610969735,0.5864865776195827,0.8257327199999999,0.024677902697408362,0.003489982468559849,-199.92952727999997,0.7243085890697041,0.10243270300056964
GLY  25,6.1275200000000005,0.13000326765123613,0.01838523842651976,-3.434260000000001,0.33341402549982213,0.047151863674725736,-16.662580000000005,1.058635236330156,0.14971363088241535,-0.6752799999999998,0.46714297768456314,0.06606399346088612,0.086906592,0.006726060846939804,0.0009512086471088936,-14.557693408000002,0.5015810673907066,0.07093427481335106
GLN  26,19.97772,0.320637367753724,0.04534497140809261,-8.29794,0.4459318965940496,0.06306429360580615,-81.36649999999999,1.0424172341258562,0.14742005901522356,-2.45172,0.8891598740384091,0.1257461952983071,0.21478824,0.06100677053473974,0.008627660228681226,-71.92365176,0.5326041666733012,0.0753216035885803
VAL  27,12.401420000000003,0.19082223036083995,0.026986338617858284,-3.55606,0.3164071686924943,0.04474673091969972,-26.701620000000005,0.5252611499053025,0.07428314419837662,-2.6610199999999993,0.38859297420309247,0.05495534543609116,0.423838224,0.04304061629604561,0.0060868623298764146,-20.093441776000006,0.4005092753888687,0.056640564911115895
SER  28,11.22846,0.11420213833356865,0.01615062128833411,-3.02672,0.22963710849946936,0.03247559132640915,-13.333280000000004,2.1919900550869125,0.30999420644908593,-3.979620000000001,1.7128023691015815,0.24222683400482242,0.40858761599999993,0.060459177564817786,0.008550218888208847,-8.702572384,0.7582332283281701,0.10723037149436337
GLU  29,14.450980000000005,0.15625421466265893,0.022097682955388918,-2.3264200000000006,0.11108772929535196,0.015710177338271774,4.164840000000001,3.5745211279834397,0.5055136258183354,-82.93948,3.219737121194614,0.4553395904069529,0.951925248,0.030938442605471114,0.004375356513135884,-65.69815475200001,0.36917936788189537,0.05220984690069026
GLY  30,4.8437800000000015,0.058867406941188645,0.008325108527796506,-1.9747599999999996,0.12465128318634418,0.017628353524933728,-10.180759999999998,0.7616687878599497,0.10771623298278167,-1.9668599999999996,0.6023871847906482,0.08519041265306825,0.21782620800000008,0.01349640557025151,0.0019086799800737471,-9.060773792,0.14043078954737334,0.019859912715265726
GLY  31,5.351880000000001,0.03900032820359638,0.005515479308252792,-1.6375199999999999,0.22608425332163518,0.03197314172864509,-2.2404599999999997,0.9658461204560497,0.13659126827143833,-8.766899999999998,0.8557260835104116,0.12101794329768358,0.39295929599999985,0.04536079911159126,0.006414985730369379,-6.900040704,0.20296606640525716,0.02870373638118329
GLN  32,18.547259999999998,0.15270649102150652,0.02159595906650198,-2.05688,0.25074573894684515,0.0354608024725892,-70.22052000000002,1.8712553886620376,0.26463547493095907,-11.763600000000002,1.4533704139000503,0.20553761504892495,1.1374367039999997,0.049965773935342725,0.007066227515382977,-64.35630329600002,0.5523647178914848,0.07811616754185263
LEU  33,11.89262,0.049292551161314556,0.0069710194376300695,-3.1729200000000004,0.03607649650390243,0.0051019870638724365,-22.04313999999999,0.16722224852111148,0.02364879717890801,-1.6165,0.15556840938956878,0.022000695443553812,0.7755655680000002,0.01136356720549603,0.0016070510858950616,-14.164374432000004,0.056349677331963485,0.007969047791821051
ARG  34,11.18926,0.16477448953019863,0.023302631782671047,-3.9687799999999998,0.111758004635022,0.01580496858586033,-161.59882,5.980690704893868,0.8457973907219614,-45.970379999999984,5.4378278048870055,0.7690249831520719,1.1971221119999997,0.04612787567094533,0.006523466737731082,-199.15159788799997,0.5201939664050678,0.0735665362354701
SER  35,10.41238,0.017483580867798908,0.002472551718208798,-3.30884,0.016307495209252055,0.0023062280893258527,-12.60616,0.07146197870212233,0.010106249947455867,-7.574059999999999,0.0779559901484823,0.011024641853620705,0.5808847679999998,0.005182659458691285,0.0007329387295642417,-12.495795231999995,0.022917518444775097,0.00324102654005365
ILE  36,12.769279999999998,0.06294665678172456,0.008902001572675924,-4.32028,0.04479064187967525,0.0063343533213633075,-6.95666,0.25287147802783894,0.03576142737642999,-4.291400000000001,0.15082718587835625,0.021330185184373917,0.234074016,0.005722730130535079,0.0008093162564403861,-2.5649859839999998,0.11803328999086028,0.01669242795165911
ASN  37,19.755459999999992,0.014189023935329163,0.002006631008617897,-3.0656399999999993,0.050233359433785964,0.0071040698194822565,-81.61268000000001,0.39610889613325084,0.056018257308827896,-17.468460000000004,0.40783458460497957,0.05767652007531596,0.6646553279999998,0.009249481456943494,0.0013080742121327944,-81.72666467200001,0.04804805021590535,0.006795020426091686
GLY  38,6.08256,0.04704472765374092,0.0066531291886069,-1.0021999999999998,0.046405603109977,0.006562743328823255,-8.046679999999999,0.226251491928778,0.031996792839282466,-7.13606,0.16934525797911362,0.023949036055763307,0.534694176,0.0037419133126402712,0.0005291864555960307,-9.567685824,0.1516018161401124,0.021439734446573933
GLU  39,14.720500000000001,0.04770712734921477,0.006746806651911992,-2.7426199999999996,0.35570284733187535,0.050303979087146455,15.140699999999997,3.0962425502534554,0.43787482069650957,-93.2264,2.6556712145896224,0.3755686248876474,0.8215364159999998,0.060917794125106575,0.008615077064157777,-65.286283584,0.19912073283143567,0.028159924091988593
LEU  40,11.153260000000005,0.03930486483799084,0.005558547292112802,-3.15284,0.07380416248425915,0.010437484754482687,-19.625299999999996,0.24466689600394775,0.03460112425925105,-10.938899999999999,0.1791491278239171,0.025335512625589474,0.9253045440000003,0.009368827052024227,0.0013249522280500603,-21.638475456000002,0.05396930750816372,0.0076324126629929235
TYR  41,9.48656,0.46832365560581773,0.0662309665337894,-7.70038,0.23744792186918529,0.033580207146470885,-34.04416000000001,2.9284547895433755,0.41414604801686894,-0.04364,1.6358741731563584,0.2313475442013595,0.171044496,0.010779028953833763,0.001524384893572398,-32.130575504,0.602908089499786,0.08526407970350491
ALA  42,10.55068,0.0708503888485985,0.010019758080909548,-3.9953000000000003,0.08367896987894619,0.01183399340882154,6.308280000000001,0.28646808129352264,0.040512704575229805,-1.01296,0.22278662078320516,0.03150678606268804,0.1094976,0.004413457172239984,0.0006241570989934594,11.960197599999999,0.10678093955485649,0.015101105292141972
PRO  43,19.3744,0.1494512629589528,0.021135600299033882,-6.3466,0.18824494681133747,0.026621855682879534,0.615,0.3913134804731368,0.055340083122452935,-8.172440000000002,0.3956503082268055,0.05595340318514437,0.12907670399999996,0.010749501373533425,0.0015202090631199182,5.5994367039999995,0.1147314976495505,0.016225484000737117
LEU  44,11.801279999999997,0.07050703227360954,0.009971200128401612,-8.102460000000002,0.033991887266968314,0.0048071787983603904,-35.882979999999996,0.3635788492204071,0.051417813955950235,2.1756,0.2951221442047335,0.04173657388909624,0.05586969600000002,0.005099443078335312,0.0007211701561931403,-29.952690303999994,0.09951685258074494,0.014073808260437344
GLN  45,20.121980000000004,0.1917544773918156,0.027118178257327062,-8.0099,0.12708095844773937,0.017971961495616477,-83.42628,0.6418455278322842,0.09077066504089341,2.8187200000000003,0.23514659597791077,0.03325475051778281,0.0005302080000000001,0.0011726187642776317,0.00016583333599346062,-68.49494979200001,0.42147011513387317,0.059604875295727326
HIE  46,29.811620000000012,0.08509004406780325,0.012033549434361168,-10.39478,0.22878245474676223,0.032354725033588,-12.038659999999998,1.136911528835924,0.16078357032980936,-12.183299999999997,0.8209424157637469,0.1160987898300423,0.306530208,0.047260811819230426,0.006683688104351834,-4.498589792,0.08392781889057821,0.011869185973544855
VAL  47,11.456959999999999,0.04359539425242087,0.006165319780877567,-7.5027599999999985,0.055093578573323115,0.00779140860180613,-33.43586,0.28285918828985385,0.04000233003213562,1.1534200000000003,0.24312631202730647,0.03438325278387697,9.504e-05,0.00052272,7.392377133236642e-05,-28.32814496,0.07644841905045102,0.010811439104312951
SER  48,12.533660000000003,0.09710130998052473,0.013732198949865203,-5.3665600000000016,0.1588575663920078,0.022465852487716178,-12.540539999999998,0.4598299777091874,0.06502977908620508,-3.7817200000000004,0.5257421816822351,0.07435117236466365,0.158239152,0.02416313566375231,0.0034171834165139534,-8.996920848,0.1737881283567355,0.024577352810153157
ALA  49,6.75906,0.03629457810743,0.005132828460013713,-3.3127400000000007,0.05019952589412139,0.007099285034416584,-0.02167999999999999,0.13428930560547253,0.018991375726892454,-3.4575400000000003,0.15379105435620755,0.021749339484220656,0.25306675200000006,0.00516422917083142,0.0007303322932592557,0.220166752,0.09900999121567938,0.014002127238765478
VAL  50,10.889519999999997,0.025984025863167483,0.003674696178074472,-5.734239999999999,0.033305591122425496,0.004710121866818709,-26.134779999999996,0.09738383644286526,0.013772154225342332,-0.6796800000000002,0.0876042099444979,0.012389106182448888,0.1540152,0.003806541334071581,0.0005383262380377803,-21.505164800000003,0.043239861758794136,0.006115039893442442
LEU  51,14.6418,0.017948816119213534,0.0025383459184332604,-2.6512200000000004,0.033513752401049667,0.0047395603171578315,-21.35504,0.04660470362468408,0.006590900393640677,-3.08594,0.03756403066767534,0.0053123561627625325,0.5037534720000002,0.009147338213194816,0.0012936289760713782,-11.946646528,0.03089511129580456,0.004369228540555301
PRO  52,18.14038,0.008296722248881786,0.0011733337127611226,-2.1540800000000004,0.00894167769479381,0.0012645441866346399,-7.660159999999996,0.03272941185025366,0.0046286378127123416,-2.92234,0.033976232869481905,0.004804964932236785,0.9250227359999998,0.004039432521224418,0.0005712620255806516,6.328822736000001,0.010253637670445046,0.0014500833457203053
GLY  53,5.3031799999999985,0.011544158696331788,0.0016325905794539722,-1.23964,0.014199661967795315,0.0020081354535969563,-19.966559999999998,0.05776613540805392,0.008169365213995052,2.92836,0.04121589984456788,0.005828808454559903,0.30958833599999996,0.004041201101742129,0.0005715121406360813,-12.665071664,0.017379619958187154,0.0024578494253758394
GLY  54,4.336320000000001,0.006658648510880479,0.0009416751031162587,-2.1189999999999993,0.018125120689328356,0.002563279149849734,-9.9727,0.0655235072323231,0.00926642325822029,-3.429400000000001,0.04977348691814943,0.007039034024624675,0.07800998399999998,0.0023352258675653627,0.00033025080931154126,-11.106770015999995,0.0285828324527486,0.004042222930571491
ALA  55,9.364860000000002,0.021185853770786592,0.0029961321733099574,-4.453860000000001,0.024534066112124005,0.003469640903592392,-4.71204,0.06824454850025138,0.009651236604708397,-1.9804399999999995,0.05992801014552391,0.008475100471383234,0.137083392,0.0047516864100159975,0.0006719899365188547,-1.6443966080000008,0.032259357775023326,0.004562162127888394
ALA  56,9.42484,0.01621648543882336,0.0022933573641609807,-6.27552,0.02746069190655408,0.0038835282926397863,-6.97502,0.07807035032584568,0.011040814825002973,-1.44584,0.053334551652752055,0.007542644629041032,0.0,0.0,0.0,-5.271539999999999,0.05458029314702101,0.00771881908068164
ASP  57,17.091540000000002,0.019655238484535126,0.0027796704836507173,-5.355060000000001,0.019070825886422227,0.0026970220614234213,-41.98826,0.7518930192523016,0.10633373052802594,-35.6364,0.7461458302503042,0.10552095526481134,0.45898416000000014,0.003374158147781237,0.0004771780214183907,-65.42919584,0.020005688578073458,0.0028292316111724
ARG  58,13.726280000000001,0.03261474513146907,0.004612421489826543,-3.2621800000000003,0.021824472502166882,0.003086446500420308,-159.46775999999997,0.882937088586609,0.12486616054013973,-51.70761999999999,0.8693478449966314,0.12294435128140593,1.5641999999999998,0.005107258578685812,0.0007222754348523812,-199.14708000000007,0.03786504669600914,0.0053549262577386675
ALA  59,7.513139999999998,0.022124203940936955,0.003128834926998132,-3.3894000000000006,0.010917875250935504,0.0015440207252170547,-8.66726,0.02689446783205981,0.0038034521160905917,-3.6482399999999995,0.029383369446064938,0.004155435957884425,0.267154272,0.0019380156208917692,0.0002740767975156054,-7.9246057279999995,0.041126913402049596,0.005816223871172234
GLY  60,6.485160000000004,0.03385342523211196,0.004787597309603628,-2.145480000000001,0.020001239961464044,0.0028286024817781173,-14.683140000000002,0.060388412795264634,0.008540211238524819,1.25528,0.059004759130085946,0.008344533060632525,0.21097771199999996,0.004555565622167878,0.000644254268715044,-8.877202287999998,0.024606285751937913,0.0034798543030018446
VAL  61,11.08998,0.025136021960572023,0.0035547703160748907,-5.641719999999999,0.026238170667829522,0.003710637681030444,-20.39532,0.05349745414495353,0.007565682520422602,-1.9570400000000001,0.06896374699796558,0.009752946631658974,0.020768832,0.0018380228818424009,0.0002599356887453604,-16.883331167999998,0.04143849435771748,0.005860288072500504
ARG  62,11.23482,0.010240488272436073,0.0014482237400201719,-5.141139999999998,0.0405408485360055,0.005733341782973241,-139.01542,0.7768045852095509,0.10985675797169533,-59.732060000000004,0.770072448799122,0.10890469011015791,1.2859858079999997,0.005789162677072664,0.0008187112372700295,-191.367814192,0.042918468954982,0.006069588087242417
LYS  63,8.947179999999998,0.009947240825326185,0.001406752288336763,-3.532560000000001,0.047988815363513716,0.006786643352929944,46.92770000000002,1.4510325461538625,0.20520699062155562,-85.7725,1.4212563491505574,0.20099600045775892,1.1750683679999998,0.007620391892043001,0.0010776861564325182,-32.25511163199999,0.03240034064995317,0.004582100117267207
GLY  64,6.27374,0.015988508372927004,0.0022611165383109155,-2.8379199999999996,0.039977413623211694,0.00565366005345449,-14.213899999999997,0.15772650379712497,0.02230589608155856,-4.147419999999999,0.1167553150824675,0.01651169500687695,0.159802704,0.00394094502661251,0.000557333790520221,-14.765697296000003,0.02167935219382816,0.0030659233895974696
ASP  65,14.626420000000001,0.05329018296044501,0.007536369948400494,-6.662960000000002,0.03367192302155493,0.0047619290208265825,-70.68437999999999,1.238892406789848,0.17520584440032483,-1.7826999999999995,1.2138828650244644,0.17166896108499066,0.008382671999999994,0.0005077583957120693,7.180788096248132e-05,-64.49523732799997,0.042509744368264026,0.006011785701861228
ARG  66,13.825780000000002,0.07271651531758128,0.010283668217063434,-9.04766,0.0668935303300231,0.009460173782773465,-168.68954000000002,2.0611902407089717,0.2914963193041692,-35.45011999999999,1.9583013827297076,0.27694563746703377,0.634590144,0.013347799903508224,0.001887663965138362,-198.726949856,0.18360857770129427,0.025966174075320456
ILE  67,13.22946,0.03197199399433164,0.004521522752289495,-8.63198,0.08137136842876982,0.011507649282082416,-11.724240000000002,0.08099421213861993,0.011454311328015986,-1.6137600000000003,0.06950210356527926,0.009829081747547737,0.0,0.0,0.0,-8.740520000000002,0.04909958859259191,0.0069437304094582784
LEU  68,13.29574,0.025929758963453946,0.0036670216795181895,-7.571139999999999,0.04243065401347726,0.006000600636621994,-33.5674,0.07075083038429665,0.010005678387863077,-2.21406,0.06548661237230144,0.009261205537077842,0.12989592000000003,0.004877674155905761,0.0006898072944118665,-29.926964079999994,0.030573295530214144,0.004323716918526957
GLU  69,15.466599999999996,0.027091696145641622,0.0038313444116857285,-6.13246,0.026735152889065937,0.003780921580783528,-1.95362,0.7032147009271075,0.09944957673112552,-78.87661999999997,0.6956875416484413,0.0983850756573223,0.4032184319999999,0.0041257533357954785,0.0005834696322488004,-71.09288156800001,0.04127658055072643,0.0058373900023222835
VAL  70,10.904219999999999,0.027917944051521686,0.003948193511123524,-6.6201799999999995,0.0678544589543746,0.009596069612076506,-26.077620000000003,0.04429577406361455,0.006264368443657808,-2.234939999999999,0.04928342926383526,0.006969729406517091,0.0,0.0,0.0,-24.028519999999993,0.034893116806428454,0.004934631902111969
ASN  71,18.444919999999996,0.08422537384924299,0.011911266599354365,-4.07108,0.039354715092366946,0.005565597182695447,-89.54174,0.2061903790133527,0.029159723043153216,-8.53124,0.19336106743607986,0.027345384400304276,0.33574521599999996,0.006442964088533454,0.0009111727195886816,-83.363394784,0.10912162557732805,0.015432128283965613
GLY  72,6.11484,0.01621278507863664,0.0022928340542048083,-1.2447600000000003,0.01844511859541349,0.002608533687721393,-5.1399799999999995,0.03465688387617202,0.004901223520727191,-6.5551200000000005,0.03189773659671282,0.004511021170407588,0.5012032319999998,0.006161049577009561,0.0008713039870259941,-6.323816768,0.030819912867666385,0.004358593876861086
VAL  73,10.736239999999999,0.017117897067966195,0.002420836219282443,-2.3946799999999997,0.02844112515353277,0.0040221824921276616,-30.481420000000004,0.07717774031238211,0.010914580706307953,-0.05712,0.053666242648428425,0.007589552819501288,0.5187928319999999,0.004272833836109755,0.0006042699560793075,-21.67818716799999,0.014864452231763242,0.00210215099434066
ASN  74,20.453780000000002,0.015145018985955744,0.0021418291252336633,-4.39324,0.032071520076396305,0.004535597865796066,-91.67633999999997,0.15739829861351234,0.022259480859367946,-6.084040000000001,0.15653906349536004,0.022137966663632123,0.595600848,0.003934221417368566,0.0005563829285821326,-81.10423915199998,0.03549426101005867,0.005019646530683552
VAL  75,13.480099999999998,0.05598544453769398,0.007917537496069355,-6.335240000000002,0.022957839618914573,0.0032467288151855358,-33.76102,0.11302964035969716,0.01598480503468371,1.2955999999999994,0.12137017755611035,0.017164335116748187,0.02001153599999999,0.006354377511912911,0.0008986446857785842,-25.300548464,0.06343195782929473,0.008970633505006683
GLU  76,15.33268,0.0352133156643776,0.004979914858868775,-5.996660000000002,0.09681334825313084,0.013691475011832722,15.794500000000003,0.9492158711272762,0.1342393958567986,-95.16159999999998,0.9385846578785648,0.13273591526071776,0.49532183999999985,0.0059693346781114634,0.0008441914060129265,-69.53575816,0.16265667529460304,0.023003127621214436
GLY  77,6.1501,0.02992607558630587,0.004232186196275613,-3.5965999999999996,0.11857638888076324,0.016769233733240164,-11.91862,0.15328312235852318,0.021677507052231808,-3.1522999999999994,0.21709216936592704,0.030701469020229095,0.053015760000000016,0.006725308490411303,0.000951102247828259,-12.46440424,0.04807078635388071,0.00679823580155976
ALA  78,7.0239600000000015,0.09570202923644062,0.013534310769280078,-4.0775,0.28654209114894247,0.0405231711493582,-11.081359999999997,0.49443384835600945,0.06992350540413908,1.38034,0.3676016653933998,0.05198672607502824,0.08157168000000001,0.010469221790677455,0.0014805715443867997,-6.672988320000001,0.455419202395429,0.06440600125927531
THR  79,15.147220000000004,0.24967557269363688,0.03530945810966109,-6.87876,0.11994141236455458,0.01696227720561371,-34.67632,0.23781887561835427,0.033632667928779676,-2.26626,0.24302977677642368,0.03436960063777242,0.11362363199999997,0.007499557660274337,0.0010605976154959005,-28.560496368,0.1691644767810786,0.023923469733554987
HIE  80,30.852980000000002,0.10018033539643763,0.014167638900072752,-12.744100000000001,0.2050052926144947,0.028992126517368332,-11.20188,0.501009207101068,0.07085340155561211,-4.176939999999999,0.46215648475381443,0.06535879686775188,0.018194975999999998,0.006351488207170353,0.0008982360763833087,2.748254976,0.5938010026577275,0.08397614313093005
LYS  81,11.578299999999995,0.23847316410901265,0.03372519829449905,-3.7620400000000003,0.28777407527433635,0.04069740001523424,-13.380500000000001,1.13656952712976,0.16073520398468819,-28.214959999999998,1.119614093516168,0.15833734356746235,1.03391208,0.03523184089745978,0.00498253472245587,-32.74528792,0.11877484402358661,0.016797299528690513
GLN  82,20.74782,0.08404158256394284,0.01188527458652262,-6.139899999999998,0.11356112891312223,0.016059968866733686,-79.10571999999998,1.707260542976195,0.2414431014381389,-8.186079999999999,1.0763541394912859,0.15221946219849986,0.5764991040000002,0.03318158033748368,0.004692584093424184,-72.10738089599998,0.6963865679031791,0.09848393289831281
VAL  83,13.347119999999997,0.11192687612939937,0.015828850621625003,-7.687660000000001,0.07703547494493769,0.010894461345098364,-26.837180000000004,0.18876500629026213,0.02669540319971313,-1.4295,0.14370334025345524,0.02032272127447519,0.0,0.0,0.0,-22.607219999999995,0.17210964993415453,0.0243399801152167
VAL  84,12.892500000000002,0.04983583048325889,0.0070478507361551234,-6.904740000000001,0.2814043930004767,0.03979659090926426,-33.700980000000015,0.2608646001258365,0.03689182554409922,-0.3194800000000001,0.24445385985907434,0.034570996398715484,0.047414304000000004,0.008764714987013792,0.001239517880496963,-27.985285696000002,0.26405303457944085,0.03734273826880171
ASP  85,14.49488,0.12475265768725367,0.01764269004434023,-4.47824,0.09947774826559781,0.014068278075154506,-52.36008000000002,1.6768644171781681,0.2371444401034221,-29.06774,1.78492174405485,0.2524260538217007,0.50480712,0.007698019155074244,0.001088664309251387,-70.90637288000002,0.16556089285577857,0.02341384600752409
LEU  86,12.640700000000002,0.07169330512626348,0.010138964444091436,-6.06662,0.14249770384114968,0.020152218537917856,-31.99659999999998,0.12970258286255806,0.018342715175904977,-1.21468,0.16333149604408714,0.023098561686823556,0.33790809600000005,0.015400889095281964,0.0021780146231151656,-26.299291904,0.14108122086061092,0.019951897593722998
ILE  87,14.40366,0.09109832270680418,0.012883248348140334,-7.858639999999999,0.12998750093759331,0.018383008676492986,-8.64362,0.32494521938317206,0.04595419362799826,-1.32134,0.1964583019370765,0.027783399504020208,0.0,0.0,0.0,-3.4199399999999995,0.1988341429433182,0.02811939416132712
ARG  88,13.1185,0.1724666054633803,0.024390461250276215,-4.459599999999998,0.6912423019462942,0.09775642382984473,-156.47574000000003,1.5662725536738429,0.221504388777829,-52.042600000000014,2.111826318615793,0.29865734211628997,1.11882888,0.11568428062677594,0.016360227861576163,-198.74061111999998,0.3783494755744027,0.05350669596740683
ALA  89,8.624319999999999,0.13125920005866698,0.018562854090921017,-1.4602400000000002,0.10136065508864754,0.014334561311738683,-7.296220000000001,0.22054163235087976,0.031189296753851507,-5.494540000000001,0.10439735820407378,0.014764015984812324,0.39072945600000003,0.015538753124288698,0.002197511541073638,-5.235950544000001,0.21138754335295368,0.029894713072647766
GLY  90,7.531919999999999,0.2859777501835012,0.04044336128464522,-0.7892,0.05637871938949963,0.007973154958985736,-15.595399999999994,0.7680379417712269,0.10861696736699865,-0.20789999999999992,0.630300507694544,0.08913795263522716,0.4763903040000001,0.013784330138945054,0.0019493986630724305,-8.584189696000001,0.18151892114600512,0.02567065201120128
GLU  91,15.668839999999996,0.0973768678903058,0.01377116872318836,-1.1000399999999997,0.2800977657890206,0.039611805916923565,-3.7326599999999983,2.4507505022747647,0.3465884598309647,-71.60068000000001,1.911664305676806,0.2703501587792685,0.9450616319999995,0.01525317001794515,0.00215712399085607,-59.819478368,0.4000008406176028,0.05656866137620527
LYS  92,10.788400000000001,0.1346558576518451,0.019043214014422022,-3.23084,0.19342061524045667,0.0273538057315602,14.859400000000003,1.109062414835139,0.15684511085781092,-57.48334000000002,1.1375827285948936,0.16087849231002901,1.244504016,0.03246676536294401,0.004591493990266046,-33.821875983999995,0.11552175678204772,0.016337243519033796
GLU  93,15.091799999999994,0.06730408605789714,0.009518235130620408,-4.29152,0.14721130934814092,0.020818823021484207,-29.445639999999997,1.548317780818994,0.21896520044976345,-53.60253999999999,1.4227941131452069,0.20121347312745513,0.5256987840000003,0.019178717078245353,0.0027122801800971074,-71.722201216,0.09147956881471088,0.012937164689780695
LEU  94,12.982140000000001,0.07671636331329953,0.010849332145360996,-8.223120000000002,0.07926452926732697,0.011209697230497292,-32.349940000000004,0.08208225386686539,0.011608183664867246,0.27313999999999994,0.05866106374760041,0.008295927193508919,0.0,0.0,0.0,-27.31778,0.17136689178595896,0.02423493825054257
ILE  95,13.134659999999998,0.0824416423908188,0.011659008877340862,-5.054299999999999,0.059956734400814636,0.008479162694523356,-12.562320000000005,0.07310333508057205,0.010338372792564984,-0.8674599999999999,0.05496479236747542,0.007773195481910491,0.36879580799999995,0.0045291627922145325,0.0006405203446945388,-4.9806241920000005,0.0989795039101847,0.0139978156826744
LEU  96,11.5699,0.020047194318983306,0.0028351014093435053,-8.139159999999997,0.03731399737433272,0.005276996115313539,-35.00618,0.06252925395197867,0.008842971898395969,0.6258999999999998,0.049834225187116894,0.00704762371299756,0.00026712000000000003,0.0005111315447123177,7.228491626888698e-05,-30.94927288,0.048990247205279724,0.0069282672021717204
THR  97,16.22794,0.014151197830394407,0.002001281589556849,-5.304479999999999,0.01438087619082526,0.0020337630147873416,-45.02920000000001,0.06388646178761681,0.009034910071207818,2.4386200000000007,0.06518002454736245,0.009217847471069122,0.1326363839999999,0.002562262631301811,0.00036235865635487937,-31.53448361599999,0.025277335990206883,0.003574755137801212
VAL  98,11.877499999999998,0.013702919399962,0.0019378854459531653,-6.66156,0.022008325697220586,0.0031124472686133654,-27.220619999999993,0.04782839742593076,0.0067639568306321705,-1.2296,0.05309425580983224,0.007508661665037125,7.660800000000001e-05,0.0002597903676736303,3.6739906133794085e-05,-23.234203392000005,0.01794812055371406,0.0025382475506169726
LEU  99,11.56932,0.015766343901441035,0.0022296977374456246,-8.626940000000001,0.03094796277624657,0.00437670286859856,-33.96686,0.1407910522733932,0.019910861558581204,0.40296,0.10221936411463373,0.014456001106806867,0.000172224,0.00041415922086076993,5.857095871231749e-05,-30.621347775999997,0.06569326578324186,0.009290430742724102
SER 100,11.987759999999998,0.01302238073764745,0.0018416427453567172,-4.87654,0.01138105443232679,0.0016095241532302974,0.5318400000000001,0.19993372501906692,0.028274898549773744,-11.519159999999998,0.15615804302077985,0.02208408223136281,0.266734368,0.003251091785444234,0.0004597738095494996,-3.6093656320000003,0.05599310106963694,0.007918620293200802
VAL 101,7.89596,0.012079668869096147,0.001708323154365184,-2.0741799999999992,0.014833327340918379,0.002097749270064641,-57.53251999999998,1.073776163640309,0.15185488135730768,-53.02952000000001,1.059863542914094,0.14988733966539103,1.023910848,0.0033436258475634684,0.0004728601021125492,-103.716349152,0.026815017632410513,0.0037922161611028626
ASP 102,5.400279999999999,1.0187586179267498,0.14407422542564796,1.58782,0.26435557039714647,0.037385523294452,-100.32095999999996,4.6306879703134625,0.6548781730735238,-66.34098000000002,4.530555402994036,0.6407172895996869,1.5717368160000005,0.012331041552307213,0.0017438726201459043,-158.102103184,0.8859710913000276,0.12529523331869907
GLU 103,13.937939999999996,0.14594648471293584,0.020639949806171145,0.028500000000000004,0.2861784932520262,0.040471750641651275,-3.593559999999999,7.405879300015631,1.0473494947380269,-77.20969999999998,7.3003023286712345,1.0324186562630748,1.2409336799999997,0.13040736124137892,0.018442385890084557,-65.59588632,0.43398515378808744,0.06137476903556866
ASP 104,14.517520000000001,0.4204189929106149,0.05945622416534297,-0.41086,0.21818597663461334,0.03085615672762894,-11.95442,5.746029178798173,0.8126112394447913,-71.7017,5.252050533839059,0.7427521095224051,0.8548404479999999,0.09284443720687038,0.01313018622888533,-68.694619552,0.819346130070627,0.11587304094237906
GLN 105,18.84988,0.7880682873965319,0.11144968601123134,-2.0825,1.0946384288887359,0.15480525120292268,-66.4901,5.504784661546726,0.7784941126302767,-16.983919999999998,4.880716360699522,0.690237527139752,0.979013088,0.16241283355406191,0.022968643191559845,-65.72762691199999,0.8565444476264519,0.12113367746086993
HIE 106,28.646720000000006,0.13982275065071184,0.01977392302985482,-4.1771,0.46440276700295857,0.06567646914991765,-22.574519999999996,3.4724903469412536,0.49108429438539747,-7.928499999999999,2.6366076405108143,0.37287262838669194,0.84574512,0.07013849795264242,0.009919081504910447,-5.18765488,1.0404623437679257,0.1471435957695098
SER 107,10.194920000000003,0.36654264908725803,0.05183695855273625,-2.8727,0.30777148990769276,0.04352546151392332,-6.1975999999999996,3.279072710386279,0.46373090990357796,-11.704640000000001,3.210910243279928,0.4540912813609168,0.5747793119999999,0.06356261579231862,0.008989111331340725,-10.005240688,0.5882077149059236,0.08318513279124441
GLN 108,18.553659999999994,0.31106903478209735,0.04399180478231501,-5.1528800000000015,0.3249370794476798,0.04595304246728126,-67.67372000000002,2.097482920454403,0.29662887929525444,-12.915800000000004,1.441777028531082,0.2038980627666637,0.6868704959999999,0.024827211446353387,0.00351109791433375,-66.501869504,0.4365502828259318,0.06173753306302431
ILE 109,13.601319999999996,0.30276132117577376,0.04281691665687758,-3.31318,0.5242936463471576,0.07414631853301934,-9.338720000000002,0.8994025136722511,0.12719472328677506,-3.5070400000000013,0.49433522876686214,0.0699095584880903,0.6821526239999998,0.03327791170151815,0.0047062074055741285,-1.8754673760000005,0.39353208865983685,0.05565384170117525
THR 110,15.133819999999998,0.5437013404434189,0.07689098095355143,-3.947219999999999,0.4425813502623072,0.0625904547994352,-31.1749,1.772304694458627,0.25064173355608943,-5.432939999999999,0.7646689587004301,0.10814052121198603,0.2797024319999999,0.04452084432218967,0.006296198184874183,-25.141537568000007,0.28470967757684257,0.04026402873680418
LYS 111,10.07758,0.13140153575972852,0.01858298339880613,-4.66266,0.13319934083922375,0.01883723143139867,40.32012000000001,1.7572521462782815,0.24851298177759756,-68.66436,1.2114061046567794,0.17131869427471785,0.9402229440000001,0.05086167651375531,0.0071929272730785875,-21.989097055999995,0.8111992496386143,0.11472089806258064
VAL 112,10.580779999999997,0.8447812566576446,0.11947011104038274,-7.644860000000001,0.563804008854126,0.07973392758418255,-104.71026000000002,3.320689770574013,0.46961645099793703,-5.20562,3.565520471908694,0.5042407408292193,0.095130288,0.013060431914460382,0.0018470239943880278,-106.88482971200003,1.285531179988964,0.1818015629593881


