#Frame       SA_00001
       1    7239.5706
       2    7280.6494
       3    7251.5996
       4    7107.4631
       5    7167.3864
       6    7114.0508
       7    7270.9510
       8    7349.4834
       9    7283.3950
      10    7171.6888
      11    7324.2103
      12    7320.2953
      13    7092.6081
      14    7264.8717
      15    7082.2797
      16    7251.7117
      17    7218.7378
      18    7253.2860
      19    7189.7511
      20    7490.2878
      21    7349.4385
      22    7151.2106
      23    7047.4817
      24    7129.5181
      25    7216.5752
      26    7229.1694
      27    7261.4200
      28    7253.8514
      29    7208.5177
      30    7250.4634
      31    7165.5147
      32    7371.2568
      33    7213.5477
      34    7242.3098
      35    7079.3956
      36    7318.0236
      37    7274.9760
      38    7212.4983
      39    7254.0384
      40    7243.8778
      41    7268.5142
      42    7160.1046
      43    7082.1119
      44    7246.3655
      45    7251.0096
      46    7251.8617
      47    7123.6303
      48    7218.8026
      49    7334.9219
      50    7278.4911
