| Run on Mon Jun 20 15:46:41 2016
| GB non-polar solvation energies calculated with gbsa=2
idecomp = 2: Per-residue decomp adding 1-4 interactions to EEL and VDW.
Energy Decomposition Analysis (All units kcal/mol): Generalized Born Solvent

Total Energy Decomposition:
Residue,Internal,,,van der Waals,,,Electrostatic,,,Polar Solvation,,,Non-Polar Solv.,,,TOTAL,,
,Avg.,Std. Dev.,Std. Err. of Mean,Avg.,Std. Dev.,Std. Err. of Mean,Avg.,Std. Dev.,Std. Err. of Mean,Avg.,Std. Dev.,Std. Err. of Mean,Avg.,Std. Dev.,Std. Err. of Mean,Avg.,Std. Dev.,Std. Err. of Mean
PHE   1,4.551740000000001,0.013555530236570405,0.0019170414705716437,0.5335400000000001,0.005960570442488994,0.0008429519559248136,-47.360060000000004,0.3422588733683444,0.04840271405600483,-46.61282000000001,0.3339001461496103,0.047220611516313744,1.811080944,0.006781675908871765,0.0009590738045945335,-87.07651905599998,0.01004104739073853,0.0014200185400413405
LEU   2,11.661500000000004,0.02597556544057194,0.0036734996936366696,-0.29266,0.010576596806156253,0.0014957566647018133,-17.702479999999998,0.04054934771456088,0.005734543748331446,-9.822579999999997,0.033098090580606726,0.004680776858774722,1.0867651200000004,0.0035630858462248924,0.0005038964327630859,-15.069454879999999,0.03346214376766335,0.004732261754230784
GLY   3,5.7937,0.005547071298899338,0.0007844743462353984,-0.7871800000000003,0.01758714303118515,0.0024871976198097504,-10.544419999999997,0.07279315627213141,0.010294506884799237,-7.526039999999999,0.0562760908382965,0.007958641090085919,0.32102582399999996,0.0038840750428694687,0.0005492911602900863,-12.742914176,0.00829821836822439,0.0011735452959876465
GLU   4,15.234999999999996,0.009323089622801413,0.001318483978778562,-1.1199199999999998,0.020611491940191098,0.0029149051442561988,0.7023199999999998,0.4067029599105473,0.057516484176277714,-84.92907999999997,0.39980194297421934,0.05654053300172557,1.14603192,0.004868699893144198,0.0006885381420008963,-68.96564808,0.01468883664338548,0.0020773151996558636
GLU   5,15.169779999999998,0.009784252659861326,0.0013837022809260915,-2.2296199999999997,0.012051373365712034,0.0017043215659011852,13.692500000000003,0.4465830381909846,0.06315637893354722,-94.20127999999998,0.4384302471349784,0.06200340016528742,0.8907749279999997,0.0033648297958949708,0.00047585879324317607,-66.677845072,0.029131511439518726,0.004119817857019434
ASP   6,12.701799999999997,0.02127533783629844,0.003008787131216271,-2.81252,0.011737529552574573,0.0016599373482005966,25.806240000000006,0.7373220343919205,0.10427308208735755,-103.06982000000002,0.7354884007191054,0.10401376712650565,0.8249222879999998,0.004467355613383506,0.0006317794896390531,-66.54937771199998,0.021141142481009383,0.0029898090420705454
ILE   7,14.31874,0.023142869311214002,0.003272895965214693,-3.488900000000001,0.14549656353327628,0.0205763213427438,1.47554,0.1485608575634941,0.021009677960407095,-5.540080000000001,0.26048445942126053,0.036838065530097074,0.20489644799999998,0.00893545810089785,0.0012636646032306278,6.9701964479999985,0.03496481909998183,0.004944772137711614
PRO   8,18.4797,0.0728667962789067,0.010304921154430723,-3.073479999999999,0.019610446196011367,0.0027733358974587146,1.68396,0.09002465440089036,0.012731408720168988,-3.2829600000000005,0.14692773189564068,0.020778719113553303,0.6676007040000002,0.008854782758087208,0.001252255386835437,14.474820703999999,0.027206966239012687,0.003847646064623866
ARG   9,14.207519999999997,0.1439982277671183,0.02036442466659487,-5.63324,0.42114684184971823,0.05955915754944685,-215.8383,8.517690950604186,1.2045834062447018,4.03014,7.029248116292382,0.9940858019346217,0.713350224,0.03666701331166574,0.0051854987517072505,-202.52052977599996,1.284550497352712,0.18166287349093097
GLU  10,16.480399999999996,0.02043036955549224,0.0028892905709671504,-1.0054200000000002,0.052336637263007406,0.0074015182226346175,5.0520200000000015,0.963199470307152,0.13621697541789557,-81.9491,0.9522136577467261,0.13466334690623125,1.017767664,0.006409183585250716,0.0009063954350000579,-60.40433233600001,0.06162897616188457,0.008715653392330533
PRO  11,18.21286,0.011228552891477105,0.0015879571784950552,-4.583359999999998,0.02362351371016901,0.0033408693479827765,3.0046200000000005,0.08035667738277551,0.011364150298196046,-7.056059999999998,0.06863276477032908,0.009706138676136174,0.5701571999999999,0.004819781373299952,0.0006816200185794013,10.148217200000003,0.02855600736168948,0.00403842928981272
ARG  12,11.927660000000001,0.021605193818780552,0.0030554358116218817,-4.22464,0.03406567774160682,0.004817614347361163,-200.29811999999995,0.7796100215003035,0.11025350657677094,-0.8664200000000001,0.7518942502772581,0.10633390462124487,0.9124452000000004,0.00900684675561882,0.0012737604836012245,-192.54907479999997,0.09646173952159079,0.013641750028153448
ARG  13,12.0085,0.02790788419149416,0.003946770832074874,-4.661259999999999,0.02646417200694772,0.0037425990969199878,-155.8387,0.5562572156821038,0.0786666498585527,-50.02528,0.5552213987230448,0.07852016321938897,1.3621489920000003,0.010647140001345416,0.001505732979038778,-197.15459100799995,0.033320428019086634,0.0047122201208668795
ILE  14,13.480559999999995,0.04274255958759586,0.006044710745931822,-5.84734,0.04418805721000133,0.0062491349801302104,-18.457819999999998,0.04486320987292091,0.006344615985387529,2.15118,0.0538541326176414,0.007616124473770774,0.010457856000000005,0.0009913594633955487,0.00014019939983208989,-8.662962144,0.06490348736886584,0.009178739208236093
VAL  15,10.962479999999998,0.03872634245592025,0.005476731872226741,-3.0162400000000003,0.05402205475541632,0.007639872250237171,-23.945700000000006,0.06356170230205259,0.008988982144308395,-4.56962,0.07706695530508266,0.010898913340324903,0.5268608639999999,0.0077531693695458296,0.001096463727378737,-20.042219136000007,0.024129572171806602,0.0034124368219629313
ILE  16,13.695540000000001,0.17888568528523535,0.025298256224478503,-5.600040000000002,0.11961520973519105,0.016916145187360943,-13.810439999999998,0.0594300126206124,0.008404672986007425,-0.06327999999999999,0.05736167361575146,0.008112165678781464,0.013262255999999998,0.003082022378903815,0.0004358637847783165,-5.764957743999999,0.2116654146113174,0.029934010002864934
HIE  17,29.899120000000003,0.05648456071988666,0.00798812318347503,-4.444759999999999,0.040640157480106104,0.005747386188534443,-7.27232,0.05942977031756476,0.008404638719181809,-13.584159999999997,0.06544565990278899,0.009255413983298124,1.131884784,0.009380495598674845,0.001326602409742709,5.729764783999998,0.04311881999617293,0.0060979220032111965
ARG  18,15.687580000000002,0.10679776963941211,0.015103485425525417,-8.43842,0.09585678692710407,0.013556196811781857,-200.33816,1.4610781411024492,0.2066276522833954,-6.609799999999999,1.3182415408414376,0.18642750655415674,0.24078542400000003,0.0058068408590734736,0.0008212113097443941,-199.45801457600007,0.1756056282041858,0.024834386103540683
GLY  19,5.72792,0.04308588632024032,0.006093264478094926,-2.8993199999999995,0.025529935370103847,0.0036104780846909442,-12.671419999999998,0.14482708172178013,0.020481642316985803,-2.5650200000000005,0.14149593492393767,0.02001054701900935,0.22590864000000008,0.003817551895750374,0.0005398833666033298,-12.181931359999997,0.06595769281697601,0.009327826372460594
SER  20,11.932859999999996,0.026368928686419494,0.003729129657358341,-1.0580199999999993,0.021364915164864245,0.0030214552785101626,-10.331819999999999,0.10336666580701942,0.014618254068157413,-9.972980000000002,0.12200204752357224,0.017253695024512274,0.9047730239999996,0.009093668504109139,0.00128603893302362,-8.525186975999999,0.04047446608599136,0.005723953886861886
THR  21,13.461840000000002,0.1487208606751888,0.02103230581746515,-1.1237799999999998,0.14535684228821463,0.020556561774772015,-32.961839999999995,0.3170860047376077,0.04484273283386242,-6.35464,0.31710186123706563,0.04484497528152094,0.7030025280000001,0.024449364930145923,0.003457662347562148,-26.275417472000004,0.3081281116170375,0.043575895439722526
GLY  22,5.04058,0.026603075009992275,0.0037622429479959836,-2.4599199999999994,0.07012412994114228,0.009917049561237665,-5.059380000000001,0.48692931273439805,0.06886220379859959,-2.39238,0.10395323756381267,0.014701207841533614,0.27823046399999996,0.02858262379260396,0.004042193421570843,-4.592869536,0.46148610558029113,0.06526399093583897
LEU  23,10.628099999999996,0.27088058254527925,0.038308299361905856,-7.95006,0.2903443755267449,0.04106089536286696,-33.22566,0.11979425862755833,0.016941466524552314,0.5837600000000002,0.09278783540960399,0.013122181525950447,7.660800000000001e-05,0.0002597903676736303,3.6739906133794085e-05,-29.963783392000003,0.1498154682817266,0.021187106709729397
GLY  24,6.178240000000001,0.19449458192970134,0.02750568755730687,-3.5179,0.0352852660468624,0.004990090179541569,-13.248400000000004,1.12966265761061,0.15975842512993585,-0.7302799999999999,0.5044786631761548,0.07134405673915666,0.04557110400000001,0.008365764546745438,0.0011830977681627406,-11.272768896000002,0.44248598290918584,0.06257696781901602
PHE  25,9.323899999999998,0.1518894663892686,0.0214804143349316,-9.60254,0.21306320282964458,0.030131687108433294,-5.969860000000001,0.43159281782716175,0.061036441639399266,-2.4793599999999993,0.3129970453534718,0.04426446665215865,0.005429807999999998,0.002096995524252733,0.0002965599510633894,-8.722430192000001,0.30049996728781414,0.042497112923109814
ASN  26,17.56496,0.11931302695050308,0.016873410088118806,-7.4675400000000005,0.2860446265882408,0.04045281903650378,-86.97622,1.0625540605549457,0.1502678363191407,-7.573059999999998,0.3861282382836556,0.05460677913959759,0.227987568,0.012827573216683055,0.0018140928015367044,-84.22387243200001,0.5576473324396971,0.07886324205573976
ILE  27,14.567720000000001,0.11680034931443543,0.01651806380903896,-8.377640000000001,0.15271133029333758,0.021596643442887527,-15.5066,0.4169653702646584,0.058967808166819916,0.3336599999999999,0.16558618420629195,0.023417422744614766,0.0,0.0,0.0,-8.98286,0.3149191648661452,0.04453629540049112
ILE  28,13.549399999999997,0.09376865147823138,0.013260889864595077,-6.361439999999999,0.09058413989219366,0.012810531917144197,-15.32782,0.3826364692498724,0.054112968427172524,0.4148799999999999,0.2836113284056196,0.0401086987073877,0.10990785599999998,0.009854391412485309,0.0013936213984469684,-7.615072143999998,0.16017149667749897,0.022651670290691615
GLY  29,5.2199599999999995,0.11277250728790958,0.01594844092693804,-3.936000000000001,0.2610891801664592,0.03692358595802791,-5.806519999999999,0.7138187792430389,0.1009492198682112,-4.0925400000000005,0.6063529734403872,0.08575125986246486,0.017538768000000003,0.01982109844735594,0.0028031266245383065,-8.597561232000002,0.21122671944909685,0.029871969138048956
GLY  30,6.281040000000001,0.17244256551089465,0.024387061487591812,-3.2245000000000004,0.14358652443734563,0.020306201023331003,-12.904499999999999,1.0405528001980728,0.14715638824054159,-2.5317000000000003,0.9335623225045007,0.13202564978063902,0.033890543999999995,0.02000298145501476,0.002828848766157938,-12.345769456000001,0.1995581627925712,0.028221786030351213
GLU  31,14.01298,0.6363864388875785,0.08999863327851303,-3.5379399999999994,0.5694934032980595,0.08053852946261264,4.3824,11.233863150314765,1.5887081625018482,-83.70233999999999,11.304163752547113,1.5986501690138466,0.5329065600000003,0.06448505626448138,0.009119564113962168,-68.31199344000001,1.2516450403654846,0.17700933913618883
ASP  32,12.999780000000003,1.5656903434587337,0.22142205181959304,-1.3172599999999997,0.5221512734830801,0.07384334125701549,-10.54556,10.903463844412014,1.5419826445612157,-71.27721999999999,10.83360036421878,1.53210245644083,0.7476311519999997,0.0907721918852139,0.01283712648504025,-69.392628848,1.154229056752364,0.1632326386144298
GLY  33,5.889440000000002,0.183380823424841,0.02593396475665559,-0.902,0.1349675516559447,0.01908729420321283,-9.103099999999996,0.4926979297704168,0.06967800944344701,-5.667740000000001,0.5301672871839509,0.07497697678620949,0.4946222879999999,0.03348915569912696,0.004736081818212957,-9.288777711999998,0.16759940287446584,0.023702134859070186
GLU  34,14.413359999999996,0.371629049456656,0.05255628419134246,-2.9061600000000003,0.3589899363491946,0.05076884367404851,-21.22162,16.562657065688462,2.3423134251231192,-62.02558000000002,15.377382042584424,2.1746902238415378,0.34252199999999994,0.13137778666486974,0.01857962476960179,-71.39747800000002,1.87686754430334,0.26542915359316693
GLY  35,4.692159999999998,0.06466447556439851,0.009144937834691598,-2.693080000000001,0.08406612635298616,0.011888745602456327,-6.0480599999999995,0.5388715769086483,0.07620794924415868,-3.5575799999999997,0.5120315259825322,0.07241219284070888,0.018141840000000006,0.003797321842772842,0.0005370224050744947,-7.588418160000001,0.13789489731665244,0.019501283396725518
ILE  36,12.87026,0.137143109196215,0.01939496450113016,-7.321340000000001,0.08710168999503197,0.012318039129659113,-12.776060000000003,0.20830817650761904,0.029459224837028338,-0.195,0.17673426379737459,0.024993999279827143,0.0,0.0,0.0,-7.422140000000001,0.16714401096064255,0.023637732716997793
PHE  37,9.052739999999998,0.13621406828972726,0.019263578276134723,-9.594280000000003,0.11101189846121359,0.015699453238863317,-11.027740000000001,0.3102743824422858,0.0438794239706817,0.25288,0.1260267654111618,0.01782287608664775,0.015380064,0.006625331966256776,0.0009369634321904337,-11.301019936,0.2539552557181464,0.035914696687253014
ILE  38,12.434479999999999,0.04741950653448284,0.0067061309262105235,-8.61846,0.12921349929477016,0.01827354831443503,-13.002680000000003,0.6126675587950849,0.08664427708740247,0.13821999999999995,0.13932670813594938,0.019703772024665746,0.0,0.0,0.0,-9.048440000000003,0.5426049081974403,0.07673592201830283
SER  39,11.69664,0.2893709563864474,0.040923233107858725,-4.954039999999999,0.1675902097379481,0.023700834753235776,-14.552339999999994,0.6259711689848024,0.08852569168328481,-2.02862,0.14757857432568236,0.020870762132706583,0.08158190399999998,0.006716147139096008,0.0009498066371002835,-9.756778096,0.4521713808936535,0.06394668993767753
PHE  40,8.46996,0.06373475033270183,0.009013454831497006,-4.4399999999999995,0.10116007117437398,0.014306194462542726,-4.61704,0.12853450276089054,0.018177523703733343,-3.3969799999999992,0.0782890771436577,0.01107174746822342,0.7157983679999995,0.011865589266420114,0.001678047726611995,-3.2682616320000006,0.12230238760055805,0.017296169525532024
ILE  41,13.42268,0.03203213386675299,0.004530027814611261,-6.83136,0.05349458290326609,0.007565276465529081,-8.093700000000002,0.07629868937267675,0.01079026413021314,-2.01264,0.09247437699167517,0.01307785181136295,0.315328896,0.005952408469080208,0.0008417976785757702,-3.1996911040000002,0.07995584172792392,0.011307463576258664
LEU  42,12.764579999999997,0.02758049310897778,0.0039004707411654065,-3.9057000000000004,0.033718985749833306,0.004768584695687939,-29.83774,0.08256411084850654,0.011676328532723353,-3.27072,0.06210701731687354,0.008783258620806323,0.684983376,0.010444495416252256,0.0014770747069807566,-23.564596624,0.055762920949220675,0.007886067908392665
ALA  43,7.784379999999998,0.018553587254701968,0.002623873472627212,-1.7854600000000005,0.014941499255362175,0.0021130470889120685,-4.10572,0.025366939113824746,0.0035874269330663498,-2.40526,0.027632451936092785,0.00390781882896451,0.7039621439999999,0.004194791490224361,0.0005932331016802537,0.19190214400000002,0.020928542159607325,0.0029597428162813784
GLY  44,5.419779999999999,0.020010287354376047,0.0028298819763541445,-1.7338599999999993,0.016092246580292995,0.0022757873362902413,-12.416899999999996,0.03561979786613384,0.005037400123127471,-0.94454,0.02660993047716556,0.00376321245746127,0.35275406400000003,0.004472369908392004,0.0006324886180397289,-9.322765936000001,0.02280615809692472,0.0032252778086295916
GLY  45,5.949920000000003,0.027022094662503545,0.0038215012755442135,-1.5274200000000002,0.04166345640964978,0.005892102510986697,-0.05828000000000001,0.2880034055354207,0.04072983221178304,-4.114579999999999,0.18809891972045886,0.026601204333640095,0.04241419200000001,0.0034740808061895375,0.00049130921928933,0.29205419199999993,0.10445606295322399,0.014772318090054717
PRO  46,19.496859999999998,0.05565716845197867,0.007871112246807218,-5.745440000000001,0.15257891859617112,0.021577917601092563,-12.42062,0.6167108849372382,0.08721608975413556,-2.68574,0.1324563037382606,0.01873215011684582,0.202393728,0.017623397130576566,0.0024923247237148465,-1.1525462720000004,0.5146637678942065,0.07278444806180255
ALA  47,9.337920000000002,0.030797947982568144,0.004355487573020897,-5.822,0.07128393928504916,0.010081071371629679,-5.206979999999998,0.18474625733697705,0.026127066272362286,-2.995359999999999,0.11136206894633842,0.015748974823783946,0.0,0.0,0.0,-4.686419999999999,0.09565606933179245,0.013527811057232197
ASP  48,17.04332,0.04041754074713119,0.005715903428236012,-4.99312,0.04267300786205355,0.006034874646576985,0.7563600000000001,0.5553752518793034,0.07854192134140846,-82.38998,0.5360530380484888,0.07580934765594737,0.49574476800000006,0.004783843234779208,0.0006765375982891533,-69.08767523200002,0.03392234319076125,0.004797343780784917
LEU  49,12.225300000000002,0.03155582354953301,0.004462667363560189,-2.68516,0.029338275341278554,0.004149058688427227,-27.196780000000008,0.10041758610815556,0.014201191217492169,-6.713939999999999,0.06967966991894604,0.009854193422105407,1.040148144,0.006655194969930523,0.0009411866986712948,-23.330431855999997,0.05348373475305282,0.007563742305413253
SER  50,11.376260000000002,0.08466281592274542,0.01197313025066434,-2.7348199999999996,0.13769498030066388,0.0194730108611895,-11.149800000000003,0.4551103602423566,0.06436232438312457,-7.86528,0.3275230703324665,0.046318756805425125,0.3445012799999999,0.01023720712038401,0.0014477597150469484,-10.029138719999999,0.10957427274722126,0.015496142260628891
GLY  51,5.891280000000002,0.09363675346772828,0.013242236669064726,-1.99188,0.03958617940645132,0.005598331179913798,-12.00632,0.05571012116307347,0.00787860089102669,-2.6757599999999995,0.05812488623649685,0.00822010024270471,0.38572315199999996,0.008477100653652755,0.0011988430713997555,-10.396956848,0.041079098166697164,0.005809461775739887
GLU  52,14.384700000000002,0.07697746423457158,0.010886257391762098,-3.62442,0.08250990001204071,0.011668661962707596,-10.591120000000005,0.581152566543305,0.08218738414134746,-68.3185,0.5956088397603546,0.0842318099058397,0.458005824,0.008123733784376903,0.0011488694494974324,-67.69133417600001,0.10902618717016034,0.015418631254986829
LEU  53,10.4471,0.07806516508641234,0.011040081521409896,-6.949199999999999,0.052128303252495435,0.007372055344317657,-21.02078,0.12618388011253392,0.017845095460800615,-3.2813600000000007,0.11782033101293121,0.01666231100417747,0.04989959999999998,0.004091456177353298,0.0005786192815868213,-20.7543404,0.10024251288590484,0.014176432124960637
ARG  54,12.01906,0.03273982895483811,0.004630111013770741,-7.314179999999998,0.0774611360620677,0.010954658917580377,-174.75504,0.7102692717569811,0.10044724370555841,-23.626400000000004,0.7149056720993583,0.10110292973003653,0.9095182559999999,0.0099035137608609,0.001400568347575806,-192.767041744,0.07822681178140671,0.011062941816247278
LYS  55,9.845020000000003,0.049861203354291825,0.007051439001988236,-6.434100000000002,0.07459604547152617,0.01054947392052324,-31.867439999999988,0.7826271183651611,0.11068018850729844,-9.220580000000002,0.7593331571846336,0.107385924925009,0.5913254880000001,0.004195901100865175,0.000593390024321973,-37.08577451200001,0.092909086288948,0.013139328989752244
GLY  56,7.026719999999999,0.03711012799739328,0.005248164631531508,-5.06372,0.04389944874370486,0.006208319579404994,-19.181119999999993,0.21870131595474984,0.030929036713205058,0.20296000000000003,0.2195085383305169,0.031043195196371137,0.0,0.0,0.0,-17.015159999999998,0.04747561900734123,0.006714066428223986
ASP  57,14.363239999999998,0.06227184275436932,0.008806568457719384,-8.51188,0.05522667471431339,0.007810231238574927,-24.902660000000004,1.0521292241924214,0.1487935418222005,-47.950500000000005,0.9730928270205342,0.13761610734204158,0.06108768000000003,0.0035544768769533563,0.0005026789406529,-66.94071232000002,0.19244573917521368,0.027215937436250243
GLN  58,21.193540000000002,0.07670103258716437,0.010847164053278858,-8.68812,0.14138552118231887,0.019994932157922383,-88.91325999999998,0.6234787505646542,0.08817321048999659,3.5894000000000004,0.47012615328228546,0.06648587819981007,0.141920928,0.008152346255822085,0.0011529158640145114,-72.676519072,0.2190399390029298,0.03097692524393188
ILE  59,13.12912,0.4621313510247838,0.06535524242170508,-8.018460000000001,0.13355945642287062,0.0188881594656402,-6.887259999999999,0.1084401789007866,0.015335757170765714,-2.163139999999999,0.09910903288804787,0.01401613384639584,0.0,0.0,0.0,-3.9397400000000005,0.3861612518106907,0.05461144795736507
LEU  60,12.4895,0.06465763682631218,0.009143970691076475,-7.1432600000000015,0.137124295440217,0.019392303834241006,-30.05018,0.11532626587322543,0.016309596929576082,-2.742839999999999,0.09401475628861213,0.013295694340655648,0.18316814400000006,0.007759745476550703,0.001097393729350128,-27.263611856,0.12455099583117836,0.017614170751152725
SER  61,10.708099999999996,0.022422533310354174,0.0031710250710265363,-5.8006199999999986,0.07006365391565134,0.009908496959692892,-12.173399999999999,0.06490762667090641,0.009179324593944547,-3.1688400000000003,0.07490323357504186,0.010592916878742397,0.14738918400000003,0.0014118449432310792,0.00019966502666852646,-10.287370815999997,0.01430385241303269,0.002022870207669395
VAL  62,11.096519999999996,0.025325275912543573,0.003581534866635978,-6.347600000000003,0.01819340539775934,0.002572936065926313,-27.216860000000008,0.039388328216368354,0.005570350796279098,-0.88512,0.03613178102446932,0.0051098054757499345,0.006899471999999997,0.00048032971635746704,6.792887992835517e-05,-23.346160528000006,0.0213319226770014,0.0030167894361309558
ASN  63,17.781799999999997,0.034499855073390394,0.004879016294469492,-2.8867199999999995,0.017751664710766286,0.002510464498866555,-88.23114000000001,0.047613447676068184,0.006733558345483735,-9.782020000000001,0.0290719727564044,0.004111397815704823,0.5923419839999999,0.0023509176624871425,0.0003324699642311771,-82.52573801599999,0.061402571096204416,0.008683634880883048
GLY  64,6.296340000000002,0.00686909018588771,0.0009714360502046324,-1.1372400000000003,0.01196254153594256,0.0016917588480581443,-5.31476,0.017660758760597126,0.0024976084561035908,-6.348220000000001,0.021573400287917092,0.0030509395273675983,0.521021088,0.0030791331674081264,0.00043545518857013977,-5.982858912000001,0.011326963226635872,0.0016018745015609764
VAL  65,11.24838,0.013291937406433701,0.0018797638150392802,-2.01342,0.026034661511153925,0.00368185714008667,-32.3643,0.029119924458178195,0.0041181792104035605,0.04901999999999998,0.02805743395251965,0.003967920362104064,0.5546628,0.007856750354797878,0.0011111122907934785,-22.525657199999998,0.02734748160690105,0.003867517938522823
ASP  66,16.725919999999995,0.02976094084890558,0.004208832617750572,-3.9721800000000007,0.03587349439340591,0.005073278230086982,-48.832860000000004,1.3184067962503012,0.18645087719820377,-31.53278,1.29422749607637,0.1830314077747374,0.523681488,0.010538276571059152,0.0014903373650830489,-67.08821851200003,0.0533114544928531,0.007539378197362892
LEU  67,11.988060000000004,0.02336014554558397,0.0033036234649574292,-7.71604,0.11178514391471978,0.015808806659602496,-22.26976,0.18097365112121258,0.02559353918477957,-2.71074,0.17473165826489498,0.02471078808941554,0.004912271999999999,0.0013916032226234639,0.00019680241508762081,-20.703567728000007,0.06038540794208646,0.008539786288113067
ARG  68,12.519659999999996,0.043103415179211325,0.006095743433103899,-4.24734,0.08302134906156955,0.011740991780938247,-194.03941999999998,1.2059041767936318,0.17054060417439165,-18.691840000000003,1.2369026212276575,0.17492444622749845,0.992642688,0.009267967974753153,0.0013106886005535415,-203.4662973120001,0.048144052228179156,0.006808597160868958
ASN  69,17.366920000000004,0.016692321583953878,0.0023606507571520717,-1.2355400000000005,0.07902511246432081,0.011175838581510162,-84.2705,0.32859252882360374,0.04647000107568126,-17.329460000000005,0.3107071424989553,0.04394062548482124,1.0277938079999998,0.019306046328560266,0.0027302872553653227,-84.44078619200002,0.037390169824805225,0.00528776852656728
ALA  70,7.482840000000003,0.022036660363203786,0.003116454395505241,-3.70204,0.04588462051709355,0.006489065263961647,-0.8053599999999999,0.2627455620938252,0.03715783373664298,-5.840720000000002,0.26466333633497835,0.037429047970783835,0.13896979199999998,0.00473828969666678,0.0006700953551478859,-2.7263102079999997,0.037091035369371826,0.005245464526182579
SER  71,11.003499999999997,0.019800252524771474,0.0028001785658943934,-3.6673199999999984,0.054159556866877186,0.007659317985325461,-11.59586,1.1487502950597954,0.16245782470536574,-1.5466799999999994,1.04189687474337,0.14734646908562155,0.4680010079999999,0.012710150518006712,0.001797486724236851,-5.338358992,0.1461966278542324,0.020675325388466767
HIE  72,30.709919999999997,0.06974692538306791,0.009863704781055891,-10.688379999999997,0.3504583222011432,0.04956229123033767,-21.08446,0.9214283522878695,0.1303096472560599,-3.7519799999999996,1.0674996110537944,0.150967242778028,0.17294659199999998,0.037130072089581884,0.005250985152097742,-4.641953408000002,0.18331193887730574,0.02592422301051936
GLU  73,16.64964,0.020687928846111956,0.00292571495515811,-3.39754,0.024459934587083853,0.0034591571227812735,-1.2095399999999998,2.5488296703389186,0.36045894879722434,-79.09963999999998,2.5042333578168887,0.35415207779717595,0.9147859199999996,0.003922116450798972,0.0005546710277926533,-66.14229408000003,0.037901597290363735,0.005360095292363574
GLN  74,19.55134,0.011471024364916635,0.0016222478231177324,-5.3043000000000005,0.034191373180985994,0.00483539036687101,-72.91311999999999,0.18073147374360332,0.025559290131588072,-10.916480000000004,0.17557371557245102,0.02482987297587965,0.693957024,0.008083352600361766,0.0011431586876875434,-68.88860297599999,0.039800121137856734,0.005628587109724909
ALA  75,9.272939999999998,0.019749845570649637,0.0027930499460786917,-5.953959999999999,0.07819282831577733,0.011058135828448327,-8.735159999999997,0.23264422279533617,0.03290086150849124,0.9302799999999999,0.19434814534746667,0.02748497829724449,0.0,0.0,0.0,-4.4859,0.04417974649086994,0.006247959666959342
ALA  76,9.469420000000003,0.014059999998221289,0.0019883842684450237,-5.520060000000001,0.045628679577646325,0.006452869749188369,-6.213619999999999,0.24807852708364256,0.03508360175352285,0.30062000000000005,0.2244146955972358,0.03173703061094406,0.03199579200000001,0.0030785586895064137,0.0004353739451261512,-1.9316442079999998,0.05546646735971515,0.007844143039703376
ILE  77,14.037380000000002,0.021061709330742317,0.0029785754982295746,-3.31978,0.03114179827818561,0.004404115348169719,-16.09096,0.16966330893826592,0.0239940152537592,1.0709800000000005,0.15319405863152466,0.02166491153916813,0.583721856,0.006934438265578886,0.0009806776642620624,-3.718658143999999,0.0402566103469605,0.00569314443278406
ALA  78,9.227139999999999,0.018270205254528625,0.0025837972058294564,-5.01724,0.0320790024783225,0.004536656037224381,-4.41046,0.11233827664691907,0.01588703144076937,-0.6932400000000003,0.11056248188241526,0.015635896136774127,0.10354607999999998,0.003959348280917255,0.0005599364037031781,-0.7902539199999999,0.020917084854482525,0.0029581225086518044
LEU  79,12.877259999999996,0.05156852140735503,0.007292890236580877,-9.109619999999996,0.055965664474483985,0.007914740172703737,-24.2418,0.08602325267020212,0.01216552506056474,-0.7638600000000001,0.12079553137430063,0.017083067874360067,0.0,0.0,0.0,-21.238019999999995,0.06772753945263285,0.009578120484007224
LYS  80,11.345839999999999,0.03207887778663313,0.0045366384031565584,-5.654119999999999,0.1319661532363703,0.018662832368108097,-25.490119999999997,3.933073107075481,0.5562205329831034,-16.872259999999997,3.754058346962666,0.5309040228214524,0.684447984,0.019988663304418685,0.002826823873881831,-35.986212015999996,0.3992160663299742,0.05645767753210866
ASN  81,18.258920000000003,0.0313826958666979,0.0044381834118514246,-1.9229600000000004,0.02690424501817738,0.0038048348190115227,-90.84073999999997,0.10908286943442878,0.015426647337674272,-11.918019999999999,0.10485618532065948,0.014828903937918327,0.9046533599999997,0.00520640124958212,0.0007362963258315264,-85.51814664,0.023251381563754357,0.0032882419151373152
ALA  82,8.25564,0.07601335672100532,0.010749911999634976,-3.639859999999999,0.03072524043850337,0.004345205173530572,-4.537120000000001,0.0514943259009656,0.0072823974074405695,-2.2070600000000002,0.04373072604015491,0.006184458585840935,0.06186816000000001,0.0029810427727222253,0.0004215831119198067,-2.06653184,0.09611907577589743,0.013593290056504136
GLY  83,5.158800000000001,0.02051146021107181,0.002900758521457386,-1.6872599999999998,0.04358844342255134,0.006164336785090443,-9.2179,0.05329474645750298,0.007537015324343617,-4.269360000000001,0.08497452794805806,0.012017212988039531,0.2928967200000001,0.002921737732773506,0.000413196112738551,-9.722823280000002,0.034196311206275316,0.00483608870910456
GLN  84,19.730540000000005,0.023496561446008302,0.003322915586607772,-3.12234,0.02997105937400211,0.004238547864540306,-72.93883999999998,0.04089565260597976,0.0057835186557475176,-15.328660000000003,0.029476505896673992,0.004168607441044686,1.0666359360000002,0.006053441889964934,0.000856085961982583,-70.592664064,0.04709244363459523,0.00665987724733351
THR  85,15.497279999999998,0.04184066921220777,0.005917164185867063,-3.839620000000001,0.025024699798229976,0.0035390269848972087,-31.291600000000013,0.0562686413503072,0.007957587573391198,-5.75184,0.04518201412071258,0.0063897017144844415,0.4530221279999999,0.004461161789099051,0.0006309035506084498,-24.932757872000003,0.03985999683680864,0.005637054812276344
VAL  86,11.632539999999999,0.0350446629323741,0.0049560637607757125,-6.305920000000001,0.06320912592334461,0.008939120314654273,-30.382160000000013,0.07802265311907514,0.011034069421332752,-0.11403999999999996,0.048276271604174366,0.006827295804343052,0.0,0.0,0.0,-25.169580000000007,0.06488299931079805,0.009175841759277478
THR  87,14.957159999999996,0.02440849032809313,0.003451881805904182,-4.639399999999999,0.027190439496151613,0.0038453088302342676,-33.53783999999999,0.050806046890488336,0.007185060056309201,-5.671320000000001,0.04768791880539511,0.006744090153593672,0.33531249599999996,0.0029604970086134115,0.0004186775020946064,-28.556087503999983,0.020928585148096975,0.002959748895771887
ILE  88,12.722579999999999,0.03729026146382183,0.005273639350657562,-7.255999999999999,0.041130523945423346,0.0058167344791129035,-13.823919999999996,0.06653746012658752,0.00940981785168791,0.87504,0.05123122485359817,0.0072451893004944114,0.0,0.0,0.0,-7.482299999999999,0.03868190791625015,0.005470447879362814
ILE  89,13.247660000000002,0.040460158179522476,0.00572193044332414,-5.5695,0.014068759718109376,0.001989623079911856,-15.249780000000001,0.07337936767249328,0.010377409696080185,-0.73166,0.06665661557565059,0.009426668976897475,0.3438178559999999,0.0034690449523872664,0.0004905970420148,-7.959462143999998,0.11595119076693047,0.016397974655590307
ALA  90,6.97878,0.024525325685935854,0.0034684048206667715,-5.18178,0.04352621738674131,0.006155536694712918,-8.619040000000002,0.09023413101463384,0.01276103318698459,0.2694599999999999,0.07822792595997939,0.011063099384892118,0.012408768,0.0012606097212761642,0.00017827713646881185,-6.540171232000001,0.026456204938324436,0.003741472383270047
GLN  91,18.13898,0.0363496850065977,0.005140621752432042,-7.5073599999999985,0.061306691315327344,0.008670075432235677,-82.20671999999999,0.26518921848836113,0.037503418938136225,-2.2543399999999996,0.2763244187544788,0.03907817406174463,0.2974004639999999,0.004954453229079774,0.0007006654950707791,-73.53203953599998,0.09097005648880205,0.012865108765631043
TYR  92,10.86856,0.046711523203616594,0.006606006963366011,-10.19854,0.06644161647643677,0.009396263512696857,-25.101579999999995,0.826241758567156,0.11684823007646683,0.23447999999999994,0.46260891647265084,0.0654227803750345,0.10534334400000002,0.004844807933123746,0.0006851593086116364,-24.091736656000002,0.4361082131703623,0.06167501497278232
LYS  93,12.5864,0.06331287388821552,0.008953792492553177,-7.028300000000001,0.07895929330984101,0.011166530347417235,-14.208540000000003,2.576000972127127,0.364301551146846,-12.485940000000001,2.4238761635859065,0.34278785440560555,0.4205545919999998,0.011840308889556105,0.0016744725414296964,-20.715825408,0.26088711702293144,0.03689500991422464
PRO  94,19.526960000000003,0.078666882484261,0.011125177211885239,-8.88292,0.024890833653964484,0.0035200954532209235,-10.952420000000002,0.3824536097358186,0.05408710818669414,-1.0715200000000003,0.2623361385703454,0.037099932506677,0.0011589119999999998,0.0018106337825899528,0.0002560622851829609,-1.3787410880000004,0.095856563365759,0.013556165195433234
GLU  95,16.237780000000008,0.19600451933506025,0.02771922495300617,-3.582059999999999,0.31460155180800975,0.044491378131050925,-7.671819999999998,8.592734185787434,1.2151961223407521,-74.93604,7.883743975954429,1.1149297653071941,0.7420836959999998,0.03345586085208863,0.004731373215789083,-69.210056304,0.48717568070172207,0.06889704549067198
GLU  96,15.248240000000003,0.15981784130649027,0.022601655868482957,-5.359280000000002,0.4860905281940635,0.06874358175131459,-8.143380000000002,6.090448350950854,0.8613194658847548,-70.59504,4.87923995294342,0.6900287315525246,0.461236752,0.014976045180621001,0.0021179326205146448,-68.388223248,1.4439744551908544,0.20420882582512073
TYR  97,12.396819999999998,0.13438328616308645,0.019004666584810155,-9.70804,0.07862822902749375,0.011119710787605954,-26.492780000000007,0.3757026638173168,0.05313238025901489,-3.29894,0.30608903345268795,0.04328752624024633,0.074109456,0.004189650363462869,0.0005925060365610556,-27.028830543999998,0.19271984562927025,0.027254701942736322
SER  98,11.7766,0.030947051555881414,0.004376574002578688,-4.85584,0.08647875114734185,0.01222994227296587,-2.5310999999999995,0.2740389205934113,0.03875495581212859,-8.44308,0.2853759513343445,0.040358254075215434,0.23697950400000012,0.00734511417759616,0.001038756008713539,-3.816440496,0.07106084737494515,0.010049521411137198
ARG  99,12.600080000000005,1.1426850981787864,0.16160007633660714,-3.20248,0.2656670276869176,0.03757099136301874,-221.61002000000005,19.153677634845632,2.708739068052092,9.542440000000001,15.839712849871994,2.240073673638436,1.2250239839999997,0.23702223819933999,0.03352000638455329,-201.444956016,2.563887137211074,0.3625883961837829
PHE 100,10.263380000000002,0.05500359624598235,0.007778683179036209,-4.17672,0.1731420272492945,0.024485980315272427,-13.811919999999997,0.4696768182485519,0.06642233262993452,-4.211319999999999,0.4738017914698216,0.06700569193732907,0.43286558399999997,0.04865459662494065,0.006880799041878328,-11.503714416000001,0.180625856958926,0.025544353662657584
GLU 101,16.458879999999994,0.12946298930704428,0.0183088315303385,-2.8947599999999998,0.049704953475492406,0.007029341932216506,-37.71022,1.2011702009290905,0.16987111888723355,-46.69386,1.1506906797223744,0.16273223653596972,0.33379617600000006,0.007283233459130167,0.0010300047535831392,-70.506163824,0.09543267468813924,0.013496218283750609
ALA 102,8.00918,0.013405506331258586,0.0018958248864144284,-1.94394,0.035691685306255175,0.005047566542405858,3.8545599999999998,0.2293454303011173,0.032434341800013346,-6.938440000000001,0.24301960085554208,0.03436816154524038,0.6195913919999999,0.008506450993644452,0.0012029938362874075,3.6009513920000007,0.08084386840239713,0.011433049512937573
ASN 103,17.791999999999994,0.2165511486928954,0.03062495714289654,-2.3481400000000003,0.14065134339919727,0.019891103740114026,-88.62462000000001,1.8109939910441297,0.25611322635107875,-9.14872,1.1862181087810117,0.167756573737067,0.8738202239999999,0.013451806367728043,0.0019023727003657758,-81.45565977599998,0.3202356499590857,0.045288159932750205
SER 104,11.163500000000004,0.013003461073356433,0.001838967100773127,-4.2894,0.04524466819420921,0.006398562338532128,-7.095460000000002,0.15724149706732352,0.022237305772045815,-5.0927999999999995,0.13510262765765552,0.019106396834569883,0.154807056,0.0025578828630058855,0.0003617392635824645,-5.159352944000001,0.0504840156747675,0.007139517965031211
ARG 105,12.253179999999995,0.03766945181638157,0.005327264964588664,-4.027740000000001,0.05657625296877273,0.008001090425668947,-183.93527999999998,0.8433287387616416,0.11926469398957104,-21.916400000000003,0.8219291210316902,0.11623833102724135,0.958233456,0.007725091016386672,0.001092492848594059,-196.66800654400006,0.03304175617322714,0.004672809970480276
VAL 106,10.795140000000002,0.026265574426622192,0.003714513157764903,-4.711619999999999,0.10764532316830754,0.015223347595065526,-30.40984,0.14548076986429784,0.020574087780656905,-4.22616,0.14167319577109105,0.020035615488421556,0.289935216,0.017332811116761902,0.0024512296555375835,-28.262544783999996,0.14813986295652887,0.02095014033212148
ASN 107,21.930280000000007,0.031836482212665385,0.004502358492340119,-3.3223799999999994,0.028905978620473203,0.004087922699873993,-84.42302,0.22885318350661388,0.0323647275907312,-14.760479999999998,0.2126920064319089,0.03007919201043511,0.42514646400000006,0.004484214251684882,0.000634163661131948,-80.15045353599994,0.05835188462572808,0.008252202662773473
SER 108,12.337140000000003,0.020187134515133195,0.0028548919416751376,-1.1083199999999997,0.012063896551295361,0.0017060926117907908,-4.468459999999999,0.05426608885856694,0.007674383884072887,-14.757759999999998,0.05371128745442972,0.007595923117057438,0.9538480800000002,0.0036292246179445158,0.0005132498675595448,-7.04355192,0.010844293214667448,0.0015336146538533235
SER 109,11.09514,0.01785050139420755,0.002524442116684816,-3.9673999999999996,0.04341151920864284,0.006139315922808283,-20.10286,0.07526805696914189,0.010644510697923121,0.31478,0.06351575867452128,0.008982484734192454,0.02804025600000001,0.0010744814913543348,0.00015195462975921696,-12.632299743999997,0.01763021714818251,0.0024932892198542417
GLY 110,5.683859999999998,0.015031979245029053,0.0021258428917630963,-3.3283200000000006,0.04360754063228269,0.0061670375383909995,-3.6846400000000004,0.2117469017482775,0.029945534024289726,-0.6876400000000001,0.20916852153227986,0.02958089599724789,0.09760420799999998,0.010373633370576785,0.0014670533003755812,-1.919135792,0.0896709953616453,0.012681393779193367
ARG 111,10.91594,0.020536221658671375,0.0029042603189593156,-5.29652,0.03708273992038719,0.005244291372536574,-161.30123999999998,0.44572756523294416,0.0630353967875968,-44.19972000000001,0.43464440822186684,0.061468001691699206,1.077759648,0.00771741643345598,0.0010914074986674448,-198.803780352,0.02482084552093234,0.0035101976365270004
ILE 112,12.649439999999995,0.06036461215053306,0.008536845319067558,-5.886239999999999,0.13938946301643065,0.019712646904973916,-14.773960000000002,0.09273380397580284,0.013114540327302842,-0.5558000000000001,0.10860110496675375,0.015358515553268724,0.16738617599999997,0.004780583092911061,0.000676076544604634,-8.399173824,0.06968302722922219,0.00985466821747797
VAL 113,10.720399999999998,0.025570295266986513,0.0036161858360456885,-2.8476,0.04969627752659714,0.007028114967757092,-29.396759999999993,0.13477530337803525,0.019060106191016585,-2.1297800000000002,0.09449598721638927,0.013363750671125232,0.36843148799999986,0.008752250458959452,0.0012377551300346602,-23.285308511999997,0.13147999267736007,0.018594078882503782
THR 114,14.729759999999999,0.03033384908112436,0.004289854076950471,-2.8369400000000002,0.039547647211890476,0.005592881904700203,-35.6836,0.167118640492398,0.023634144790970275,-0.7692400000000003,0.1039718346476567,0.014703837866352898,0.474320592,0.004298379499854393,0.0006078826584920564,-24.085699407999993,0.05151498867656527,0.007285319565189501
ASN 115,14.945780000000003,0.11449214645532486,0.01619163463023271,-2.9556999999999993,0.09325282837536016,0.013187941461808492,-77.30108,2.1425810028090186,0.30300671126554607,-82.85214000000002,1.8262853118824005,0.25827574568268685,1.0701518399999999,0.0183922576483044,0.002601058020889237,-147.09298816,0.24742232153228916,0.03499080027448
LYS 116,4.48864,0.6404908043055675,0.09057907820241855,-1.03548,0.6810991481421773,0.09632196526234289,-100.94501999999997,23.87252275775666,3.376084545207983,-25.077180000000002,22.8706321466548,3.2343958161845308,1.609628688,0.2195786135998633,0.0310531053360008,-120.95941131199999,2.01705470838793,0.2852546124650719
ALA 117,6.5922800000000015,0.22175969336196927,0.031361556594019575,-1.1184599999999998,0.46197087397367353,0.0653325475394921,-0.9183,1.7168935348471663,0.24280541221315466,-4.5375999999999985,1.2668589661047531,0.1791609131479299,0.49096943999999987,0.08014992555662673,0.011334911174537545,0.50888944,0.7393105665233878,0.10455430299831113
ALA 118,7.10814,0.3637960972852631,0.051448537471922094,-0.9494599999999999,0.40893663127677904,0.05783237301027865,-1.0848000000000004,0.9415545443573616,0.13315592063442006,-5.230300000000001,0.8266396615212622,0.11690450205188738,0.60728112,0.11444934201712836,0.016185581168529986,0.4508611200000002,0.8308491516400276,0.11749981385355072
ALA 119,7.009340000000001,0.13522168613055696,0.01912323424527915,-2.2264600000000003,0.2288355051122931,0.03236222748823026,-1.3207399999999996,0.6171819767297168,0.08728271219434014,-2.6984,0.5317543041668796,0.07520141488030692,0.38622686399999995,0.039693900638107384,0.005613565262590151,1.1499668640000003,0.3485810910149131,0.04929681065001003
GLN 120,18.95872,0.13092257864844375,0.018515248634548735,-4.208959999999998,0.3209181179055266,0.04538467547532437,-70.01273999999998,1.666382090759235,0.23566201528473438,-13.971860000000001,1.0534673039064746,0.14898277487011552,0.8067853439999999,0.029350479640733198,0.004150784637008029,-68.428054656,0.3902413461876697,0.05518846043773366
THR 121,15.104620000000002,0.11578979056870894,0.016375149220660846,-4.22694,0.147589486075395,0.020872305287149864,-35.034839999999996,0.6057459982540426,0.08566542060840962,-5.778280000000002,0.23789157530268398,0.03364294921673561,0.274905792,0.0063734127941596375,0.0009013366812102762,-29.660534207999998,0.39820670272558545,0.056314931962239426
SER 122,11.973519999999999,0.9879808143886168,0.13972158670727974,-3.61038,0.16251213985422894,0.022982687223212374,-6.128520000000001,1.689447083989311,0.2389238979089361,-2.9767,1.454338643507762,0.20567454339319668,0.5619219839999999,0.009276182588960295,0.0013118503224356817,-0.18015801600000003,0.9922271598826874,0.1403221106461034
VAL 123,8.77236,0.23211064258234987,0.03282540187110932,-7.784960000000001,0.15071654985433747,0.021314538887808477,-68.97001999999999,2.3707956764767992,0.3352811399288986,-39.28526,2.799247840474223,0.3958734260442244,0.07501536000000004,0.009263283615824118,0.001310026132160695,-107.19286464000004,0.7739705922441392,0.10945597084295983


