#Frame       SA_00001
       1    7085.5492
       2    7281.6897
       3    7213.9694
       4    7320.4253
       5    7182.6254
       6    7312.3293
       7    7156.7661
       8    7033.8185
       9    7028.1923
      10    7331.5655
      11    7365.5705
      12    7177.4837
      13    7052.7947
      14    7360.9996
      15    7048.4333
      16    7177.3590
      17    7294.9748
      18    7079.8342
      19    7379.8165
      20    7117.1446
      21    7065.4587
      22    7116.4543
      23    7217.2690
      24    7210.5233
      25    7247.9040
      26    7126.0477
      27    7234.1893
      28    7206.5520
      29    7203.9318
      30    7273.7947
      31    7265.8285
      32    7283.6500
      33    7171.7365
      34    7377.5828
      35    7170.0551
      36    7174.4089
      37    7334.8790
      38    7407.7172
      39    7382.1806
      40    7181.1531
      41    7269.4889
      42    7157.6434
      43    7130.8001
      44    7321.6625
      45    7309.2509
      46    7318.9166
      47    7370.4662
      48    7084.9306
      49    7265.3047
      50    7098.3407
