| Run on Mon Jun 20 15:46:46 2016
| GB non-polar solvation energies calculated with gbsa=2
idecomp = 2: Per-residue decomp adding 1-4 interactions to EEL and VDW.
Energy Decomposition Analysis (All units kcal/mol): Generalized Born Solvent

Total Energy Decomposition:
Residue,Internal,,,van der Waals,,,Electrostatic,,,Polar Solvation,,,Non-Polar Solv.,,,TOTAL,,
,Avg.,Std. Dev.,Std. Err. of Mean,Avg.,Std. Dev.,Std. Err. of Mean,Avg.,Std. Dev.,Std. Err. of Mean,Avg.,Std. Dev.,Std. Err. of Mean,Avg.,Std. Dev.,Std. Err. of Mean,Avg.,Std. Dev.,Std. Err. of Mean
PHE   1,4.555720000000001,0.01421554079135148,0.0020103810583597223,0.5311,0.009644169222906656,0.0013638914912855785,-43.822879999999984,0.5299760236092889,0.07494992803208199,-50.11754,0.5089531298652932,0.07197684188677327,1.7965264319999996,0.009267725797197703,0.0013106543514751995,-87.05707356799999,0.03208735423825773,0.00453783715444139
LEU   2,11.662900000000002,0.027953711738247327,0.003953251825889736,-0.2922799999999999,0.007722797420627373,0.0010921684851711187,-17.762639999999998,0.035378954197497856,0.0050033396848678,-9.77878,0.026899286235454938,0.003804133541233629,1.087132464,0.003242014698441014,0.00045849011559482016,-15.083667536000005,0.03039756848132473,0.004298865360945436
GLY   3,5.79044,0.006184367389038765,0.0008746016236276508,-0.7570399999999999,0.017266105524988747,0.0024417960602804113,-10.65238,0.05793233639343707,0.008192869582755913,-7.43524,0.04940832318538293,0.0069873920742881575,0.3367098720000001,0.00465171886368235,0.0006578523905366341,-12.717510127999999,0.012580449596027794,0.001779144243945363
GLU   4,15.236279999999997,0.015242099594141271,0.0021555583965076034,-1.1327599999999995,0.02267117994284571,0.0032061890150173293,-3.2848200000000003,0.8242209822614316,0.11656244915065907,-80.96568,0.8117135563735006,0.11479363201855024,1.129814064,0.005078813427601585,0.0007182526830076747,-69.017165936,0.03831133857278786,0.005418041460230409
GLU   5,15.180639999999999,0.010818058979160768,0.0015299045726881197,-2.2467200000000003,0.011904688152205183,0.001683577144067087,9.859059999999998,0.46868993631191247,0.06628276644800887,-90.44388,0.4523006805202549,0.06396497566623248,0.8920337759999997,0.0043916539355494805,0.0006210736556903254,-66.758866224,0.028727693908381886,0.004062709434093661
ASP   6,12.704680000000003,0.03266829655704266,0.004619994805059602,-2.8398600000000003,0.021265944606332014,0.00300745872789497,20.712060000000005,1.7498294592330397,0.24746325530873434,-98.03030000000001,1.7472305886743247,0.24709571950963566,0.8210748960000003,0.017203055672662528,0.0024328794646538755,-66.63234510399998,0.0666623524958158,0.009427480299927864
ILE   7,14.306120000000004,0.01750844367516047,0.0024760678501457374,-3.3431800000000003,0.12068698189943389,0.017067716660405564,1.5375599999999998,0.1392202801318861,0.019688720831989484,-5.747040000000001,0.17672135807532516,0.02499217413511169,0.21974414399999997,0.00878732429437249,0.0012427153194072163,6.973204143999998,0.07588379384174643,0.010731589041532175
PRO   8,18.472800000000003,0.03833171011072205,0.005420922430753701,-2.9690600000000003,0.09645442654433274,0.013640715816991483,2.38356,0.8099488665341786,0.11454406718813512,-4.097539999999999,0.9292914119908849,0.1314216518234353,0.6695218079999998,0.008231924964201083,0.0011641699928810827,14.459281808,0.03714007798164121,0.005252400198923137
ARG   9,13.231679999999994,0.9049798327035969,0.12798347530835613,-3.9695199999999993,1.6638625452843159,0.23530569774656973,-219.20095999999995,8.078157913683814,1.1424240480523196,5.423820000000001,6.089922592907073,0.8612451124691508,0.8115451200000003,0.11368965017877472,0.0160781445184276,-203.70343488000003,1.2565403854130408,0.17770164547206382
GLU  10,16.49422,0.026530955506663158,0.003752043710024019,-0.9896600000000001,0.04257210824001477,0.006020605285184428,1.6596000000000004,0.7798387269173013,0.11028585040702159,-78.61313999999999,0.7819656005237293,0.11058663575698797,1.0182540959999997,0.005853666896763795,0.0008278335115017786,-60.43072590399999,0.04802630850408982,0.006791945683719813
PRO  11,18.227760000000004,0.016830401062734136,0.0023801781443097167,-4.6226400000000005,0.03561390739575016,0.005036567084816935,3.1121999999999996,0.07602946797132074,0.010752190474505263,-7.136559999999999,0.08509480830220865,0.012034223198852213,0.5667069600000001,0.008923582665269688,0.0012619851630181842,10.147466959999997,0.024864446031907628,0.0035163636799217654
ARG  12,11.903420000000004,0.020672774364498263,0.0029235717878152282,-4.180060000000001,0.044292848181061696,0.006263954661378992,-196.48966000000004,0.8873076266814449,0.12548424796499824,-4.65912,0.8552474177686838,0.1209502497393041,0.9342106559999999,0.011368859299769711,0.0016077995010445813,-192.49120934399997,0.08511547956278392,0.0120371465565579
ARG  13,11.994400000000002,0.019512047559208556,0.0027594202287901585,-4.64382,0.03422963043920963,0.004840800760214918,-151.16968,0.6210933404903001,0.08783586256209928,-54.63864,0.6049480228906639,0.08555256985027664,1.3659788159999997,0.00707057567785731,0.0009999304017411148,-197.09176118399992,0.02916236948109267,0.004124181843109649
ILE  14,13.46098,0.04289731460104151,0.0060665964098178295,-5.866159999999997,0.027499352720154857,0.003888995757332446,-18.4445,0.0295623070800958,0.004180741560770965,2.1221400000000004,0.049056298270448655,0.006937608233388829,0.011388960000000002,0.0009484321445416831,0.00013412856018014477,-8.71615104,0.07537315150853703,0.010659373310217518
VAL  15,10.96728,0.03234565813202587,0.004574366841419457,-2.9959,0.04764672076863495,0.006738263871360737,-23.887680000000003,0.04684888045696038,0.006625432212422921,-4.657740000000001,0.054831673328330305,0.007754369606853582,0.525878352,0.005620679455363055,0.0007948841115526254,-20.048161647999997,0.022851157384820117,0.0032316416689534716
ILE  16,13.732000000000001,0.14961430412887583,0.021158657802406913,-5.556779999999999,0.07341043250114389,0.010381802926279233,-13.842420000000002,0.06177834248225887,0.008736776979934044,-0.03966,0.06161220982889676,0.00871328227478027,0.018314064000000005,0.0032736311790890122,0.00046296136116751074,-5.688545936,0.16483276616978315,0.02331087334407804
HIE  17,29.906380000000002,0.04361049873431723,0.006167455877192612,-4.42686,0.03777301152945611,0.005341910519663212,-7.363620000000001,0.07292760519860167,0.010313520834325312,-13.51888,0.06793780685316436,0.009607856784962884,1.1197048319999998,0.006418758634845616,0.0009077495514998083,5.716724831999999,0.04272736712173192,0.006042562206804755
ARG  18,15.722199999999988,0.0671845220294195,0.009501326223555904,-8.353599999999998,0.07223544836175927,0.010215635075730133,-192.47614000000002,1.2493091532483696,0.17667899481206917,-14.37982,1.171750377682878,0.16571052758349222,0.24948273599999993,0.004960910327021011,0.0007015786666189859,-199.237877264,0.18905450094133294,0.02673634392589101
GLY  19,5.761699999999999,0.05611247633118665,0.007935502504590344,-2.8716799999999996,0.02369425246775045,0.003350873319018486,-12.861799999999999,0.1359483725537109,0.01922600322480082,-2.388759999999999,0.08192766565699319,0.011586321590568821,0.22198219199999997,0.0029324170783750635,0.0004147064002772502,-12.138557808000003,0.05187274102242534,0.007335913387138112
SER  20,11.92886,0.04153986518949626,0.005874624073013563,-1.0473199999999998,0.022376273148154525,0.003164482896148504,-10.50758,0.11349715238709308,0.016050921219655293,-9.783439999999997,0.09412441978598804,0.013311203101184277,0.9032850720000001,0.0071438888817432255,0.0010102984544647633,-8.506194928,0.031342905824370375,0.0044325562501007255
THR  21,13.429219999999997,0.12051046261661444,0.0170427530640272,-1.1878599999999997,0.10546241226143162,0.014914637374069919,-33.06234,0.30633528102433333,0.043322350905798564,-6.254679999999999,0.3245069761962048,0.04589221668213559,0.6958334879999998,0.027905867530175422,0.003946485633096106,-26.379826512,0.23199090857792223,0.03280846892581544
GLY  22,5.035619999999998,0.019715871779202837,0.0027882453264157616,-2.4492600000000007,0.05713311124030424,0.008079842077660897,-4.913779999999999,0.48954081709292785,0.06923152628680251,-2.68054,0.14386190739733154,0.020345146055016854,0.28580256000000004,0.023266872757428454,0.003290432700756441,-4.722157439999999,0.3340309063950676,0.04723910380756824
LEU  23,10.647559999999999,0.2853820709155177,0.04035911951468455,-7.927300000000002,0.3093168763581921,0.0437440121616637,-32.95798,0.10971863834597527,0.015516558639398695,0.29901999999999995,0.1170952586572149,0.016559770288261888,0.00017236800000000003,0.0003678979061859418,5.2028620849682344e-05,-29.938527632,0.14787948555538824,0.020913317406918625
GLY  24,6.13898,0.2337621432139802,0.033058959330261255,-3.5132399999999997,0.02144440253313612,0.0030326964899349052,-12.91184,1.2857170973429464,0.18182785564373635,-1.06972,0.5744158786106108,0.08123467259735832,0.04517971200000001,0.007039617874647394,0.0009955523072250408,-11.310640288,0.4940266788135155,0.06986592293522105
PHE  25,9.22174,0.11901240439543605,0.0168308956386657,-9.574979999999996,0.20156046140073142,0.02850495381510931,-6.060020000000001,0.4473677453728659,0.06326735328745804,-2.3214200000000007,0.34595208280915907,0.04892501274399328,0.0037835999999999994,0.0027143790874525984,0.00038387117188973697,-8.730896399999999,0.19545940275634924,0.02764213382713742
ASN  26,17.654319999999995,0.13343079704505714,0.01886996428193717,-7.212520000000001,0.1850138632643056,0.026164911465542232,-85.99025999999999,1.0672072865198172,0.1509259018459715,-8.790040000000001,0.48510345123486387,0.06860398798903398,0.23831236799999997,0.012849976371238392,0.0018172610860379141,-84.100187632,0.502245377675753,0.07102822247482471
ILE  27,14.66394,0.17724089934313111,0.02506564836582606,-8.404020000000001,0.14322283197864397,0.02025476714256813,-16.215400000000002,0.2296571357476817,0.03247842360701304,1.1148,0.16497417979793041,0.023330872251161067,0.0,0.0,0.0,-8.840679999999999,0.2002515857615376,0.028319850847068544
ILE  28,13.7823,0.120971938894923,0.017108015665176942,-7.406959999999999,0.21444663298830136,0.030327333677730134,-15.251739999999993,0.3033320827085526,0.042897634526931246,0.22097999999999998,0.283805178952041,0.04013611331456996,0.018995616000000003,0.008819220371877774,0.001247226105946664,-8.636424384,0.24163602176293303,0.03417249391350202
GLY  29,5.59234,0.11596389265632795,0.016399770974015675,-4.6950199999999995,0.25573623051886774,0.036166564558995494,-7.91134,0.7485421994784325,0.10585985305109859,-1.7143999999999997,0.5741985719243831,0.08120394079107256,0.006468768000000001,0.005297735763793434,0.0007492129767025662,-8.721951232000002,0.31037424446187195,0.04389354659292818
GLY  30,6.4444799999999995,0.196310594721761,0.027762510549304252,-3.323780000000001,0.14626609860110787,0.020685150035708713,-13.353620000000001,0.7686388720328747,0.10870195173960492,-2.10408,0.6471686284114829,0.09152346514419131,0.047397312,0.021318249703318918,0.0030148557856489824,-12.289602687999997,0.1568531175159193,0.022182380609151394
GLU  31,14.144659999999996,0.6527504150899317,0.09231284898648488,-3.3329000000000004,0.761026287325211,0.10762536968577573,-10.562680000000002,9.469401485711755,1.33917560086495,-69.16376000000001,9.677471247304224,1.3686011087413306,0.5823299519999999,0.1154810886672526,0.016331492179083855,-68.33235004800002,0.9525526185201217,0.1347112831985161
ASP  32,14.13568,1.9024647953641525,0.26904915155413395,-0.9339000000000003,0.640907988716009,0.09063807698754424,-14.674619999999999,9.12875630935562,1.2910010980289677,-69.13501999999998,8.843523737719211,1.2506631209050914,0.75119112,0.1012699715496676,0.01432173672266774,-69.85666888000002,1.1413554520437796,0.16141203597687878
GLY  33,5.846059999999999,0.16465593338845783,0.0232858654123158,-0.9419599999999997,0.14896213747123965,0.021066427509191254,-8.64892,0.5469966303369554,0.07735700531949047,-6.087200000000003,0.5676468972873527,0.08027739407827815,0.4882253759999999,0.02780776758754211,0.0039326122061621015,-9.343794624000001,0.12936773845596058,0.018295361025795487
GLU  34,14.299019999999999,0.386433564277136,0.054649958755690085,-2.98478,0.3843413217441008,0.05435407097909087,-24.978159999999992,18.403640192483664,2.6026677557244993,-58.50518000000001,16.67276400683465,2.357884898071155,0.36401486400000005,0.1596688036600633,0.02258057876239484,-71.80508513599999,2.1514463200211695,0.3042604564491624
GLY  35,4.70302,0.06805688503002448,0.009624696982232709,-2.7537800000000003,0.11592847622564266,0.016394762334355075,-6.470140000000002,0.582376270464365,0.08236044200949667,-3.1641400000000006,0.5416889147841191,0.0766063809874865,0.014129279999999998,0.003150439621894071,0.0004455394440720161,-7.67091072,0.16033854991298166,0.022675295185817408
ILE  36,12.792899999999998,0.124240291371314,0.017570230505049727,-7.387879999999999,0.09167238188250995,0.012964432575329117,-12.21166,0.20694536573688477,0.029266494289536284,-0.73336,0.18285806080126676,0.02586003495743955,0.0,0.0,0.0,-7.540000000000001,0.1281444497431977,0.018122361876966763
PHE  37,9.037,0.1959830604924896,0.02771619021438655,-9.5562,0.13727417819809054,0.01941350045713607,-11.862620000000003,0.242530483857077,0.03429898995595873,0.9050600000000002,0.17321101697063,0.024495736935230127,0.012309264000000007,0.00524717325705029,0.0007420623584241926,-11.464450735999996,0.20767408742674703,0.02936955109923615
ILE  38,12.451380000000004,0.043373212930451314,0.006133898596994034,-8.65792,0.09048996408432879,0.012797213446671203,-12.60372,0.3983375975225142,0.05633344328194549,-0.14248000000000002,0.12529856184330287,0.01771989255046429,0.0,0.0,0.0,-8.95274,0.3289681328031182,0.04652311949987232
SER  39,11.614639999999998,0.15293786450732955,0.021628680218664424,-5.063920000000001,0.1717252270343151,0.024285614507352726,-14.269139999999998,0.48021715962689726,0.06791296200286435,-2.0396400000000003,0.10761259405849913,0.01521871899996798,0.07828286400000001,0.0069494675840314135,0.0009828031308609412,-9.679777135999997,0.3422907036356642,0.0484072155355786
PHE  40,8.45212,0.060992996319242376,0.008625712260444483,-4.470199999999998,0.08392448987042896,0.011868715179000407,-4.867080000000001,0.09763786970220834,0.013808079953408013,-3.1383799999999993,0.07845199551320908,0.011094787605001348,0.7261493760000001,0.007239376669806727,0.0010238024669568045,-3.2973906239999997,0.08998027479757817,0.012725132496479304
ILE  41,13.401700000000005,0.032788565078191716,0.004637003342433156,-6.7963,0.04776662014435058,0.006755220203686448,-8.10462,0.06511954852428145,0.00920929486986517,-1.9867800000000009,0.09955747887524712,0.014079553686104737,0.31122792,0.0051016396027989235,0.0007214807916617927,-3.174772079999999,0.0621662118408695,0.008791629990671653
LEU  42,12.764620000000003,0.022164737759683577,0.0031345672746187566,-3.899360000000001,0.03466107903666769,0.004901816806014122,-29.726019999999995,0.0494459260265045,0.006992709919077946,-3.381659999999999,0.03855313735621338,0.0054522369721189765,0.6878842559999999,0.00788729779663781,0.0011154323514480618,-23.554535743999995,0.03824970255795751,0.005409324811420037
ALA  43,7.777220000000001,0.016413762517694695,0.0023212565562094993,-1.7873400000000004,0.011177853103267056,0.0015807871456854459,-4.247979999999999,0.0403060739840598,0.005700139647427073,-2.2679399999999994,0.040601679768224125,0.005741944618335186,0.6992943840000001,0.0045898095862551185,0.0006490970965592032,0.17325438400000004,0.01430883862366745,0.002023575364339848
GLY  44,5.42784,0.017813882227222806,0.002519263384425553,-1.7358599999999995,0.014783788418429833,0.002090743408459776,-12.4137,0.04122632653989957,0.005830283011954784,-0.9408200000000001,0.030884099468818024,0.004367671233048215,0.3504746879999998,0.003219825174942606,0.00045535204308741565,-9.312065312000003,0.018666062069166288,0.002639779813431296
GLY  45,5.965180000000001,0.020497502286427518,0.002898784572823932,-1.5455200000000002,0.03531358945220657,0.0049940957139386006,0.16244000000000003,0.31045251875286817,0.04390461624931938,-4.31664,0.19941271373711167,0.02820121642766469,0.042774048,0.0034734054783304618,0.0004912137135075946,0.30823404800000004,0.10943913620573278,0.015477031067654372
PRO  46,19.501640000000005,0.050860106171873684,0.0071927051931999315,-5.670659999999999,0.07738129231288529,0.01094336730628393,-12.293980000000001,0.18711039415268949,0.02646140570717089,-2.9023199999999996,0.15553616171167522,0.0219961349332106,0.20928110399999997,0.019644858874575663,0.002778202585133036,-1.1560388960000005,0.1463722063329023,0.020700155935046344
ALA  47,9.362,0.030745406160629308,0.004348057037303127,-5.837339999999999,0.04765988250101293,0.006740125221404063,-4.967739999999998,0.22031285119126115,0.0311569422119767,-3.2024400000000015,0.12476348183659393,0.017644220810220042,0.0,0.0,0.0,-4.645520000000001,0.12452232570906058,0.01761011618359934
ASP  48,17.068360000000006,0.03832271388893621,0.005419650172867736,-5.010859999999999,0.027942805872079524,0.003951709503505342,-4.77254,0.8554388162808564,0.12097731757647734,-76.92699999999999,0.8291487441964036,0.1172593399267174,0.4946401440000001,0.004965025925088345,0.000702160700079396,-69.14739985599999,0.02381974789620883,0.003368621052712653
LEU  49,12.223559999999999,0.025803224605390262,0.003649127018990206,-2.6907200000000002,0.026216819029013953,0.003707618103311257,-27.051500000000004,0.08502687810229281,0.012024616417850643,-6.858500000000003,0.08048931606090834,0.011382908239947115,1.040329728,0.005290948315435932,0.0007482530865504575,-23.336830271999993,0.039064619687965714,0.005524571497166814
SER  50,11.31746,0.07090760466999514,0.010027849619969694,-2.68328,0.06869557190971551,0.009715020946969589,-11.100200000000003,0.09062935506744149,0.012816926308550254,-7.9798599999999995,0.08512461688609503,0.012038438769212937,0.35350099199999996,0.011649280290694035,0.0016474570178985095,-10.092379007999998,0.0875814810862499,0.012385891836489731
GLY  51,5.844079999999998,0.09962908009219787,0.014089679627314155,-1.9804399999999998,0.04320238882284943,0.006109740420018947,-11.917200000000001,0.07309637473903019,0.01033738845162426,-2.7334200000000006,0.05302191622335917,0.007498431302608456,0.3832083359999999,0.008835470826838518,0.0012495242673266854,-10.403771663999999,0.03122622147070919,0.004416054590554287
GLU  52,14.349760000000002,0.052769521505591166,0.007462737299314573,-3.6416000000000004,0.0766114873892969,0.010834500449951903,-15.146260000000005,0.7497791624204152,0.10603478602796908,-63.814620000000005,0.781897611966961,0.11057702072308118,0.4547555999999999,0.009003852759348126,0.0012733370685880535,-67.79796440000001,0.04809465721473866,0.006801611651076844
LEU  53,10.443860000000003,0.07095548181763699,0.010034620471121978,-6.9313,0.05273945392215987,0.00745848510088694,-20.986959999999996,0.10612124386874106,0.015007810233507625,-3.3348799999999983,0.12396461430590193,0.01753124388057563,0.05061009599999999,0.002735805096636877,0.0003869012671673307,-20.758669903999998,0.0793793815765789,0.011225939799838686
ARG  54,11.949399999999999,0.058704684651610294,0.008302096120914294,-7.174460000000002,0.13662155174051407,0.019321205138389252,-170.63562,1.3304748008179377,0.18815755077123697,-27.68524,1.3206804088800141,0.18677241457985605,0.9131986079999999,0.01199221806960527,0.001695955743697147,-192.63272139199998,0.08780206674196922,0.012417087359088053
LYS  55,9.838619999999999,0.04415286627178624,0.006244158229920569,-6.4026200000000015,0.06875314974594265,0.009723163682658041,-25.39972,1.396735480182244,0.19752822591214267,-15.640419999999997,1.350871083264456,0.1910420206970228,0.595766016,0.004787203503312948,0.0006770128120225164,-37.008373984,0.06889768769470817,0.009743604435400219
GLY  56,7.043280000000001,0.0396010302890587,0.005600431411873454,-5.130819999999999,0.06460330951291686,0.009136287648735381,-18.40168,0.5030016874722802,0.07113518083198517,-0.40944,0.4202989488447481,0.05943924737073984,0.0,0.0,0.0,-16.89866,0.11279266110848554,0.01595129110757726
ASP  57,14.386480000000004,0.060540313840055655,0.00856169329029303,-8.5302,0.05971264522661084,0.00844464327246461,-29.547939999999997,2.0677261657192787,0.2924206386833922,-43.40541999999999,2.127239206953519,0.30083705368854535,0.06100401600000001,0.003132456228288389,0.0004429962081585512,-67.036075984,0.1510409854755941,0.021360421013378286
GLN  58,21.166,0.0700042855825848,0.009900101009513074,-8.683119999999997,0.12624145753300345,0.01785323813769206,-88.23826000000001,0.8451292400555491,0.11951932332446247,2.8519799999999993,0.6598872173333902,0.09332214523895224,0.143498304,0.00789119926948896,0.0011159841030299947,-72.759901696,0.24650908741715577,0.034861649467355656
ILE  59,13.26374,0.34708205427526734,0.04908481484123977,-8.093899999999998,0.09356436287405186,0.013231999093128183,-6.742139999999998,0.13093998778077537,0.018517710657653987,-2.30844,0.12128217676146805,0.01715188992501991,0.0,0.0,0.0,-3.8807399999999985,0.28845289459462214,0.040793399564149145
LEU  60,12.548099999999994,0.07464027063261333,0.010555728302784,-7.206340000000001,0.0938615171408841,0.013274023052555302,-30.293719999999993,0.14269380365070952,0.020179951238943686,-2.5205399999999996,0.11988898364737746,0.01695486266532474,0.18369676799999993,0.005816251654440884,0.0008225421971885251,-27.288803231999992,0.08616682256891167,0.012185828910355098
SER  61,10.693560000000002,0.025056065133532816,0.0035434627131545743,-5.7953,0.06682611764866053,0.009450640189947576,-12.021860000000002,0.089905508173737,0.012714558899134401,-3.308520000000001,0.11129748245128157,0.015739840914058393,0.14884761599999996,0.0013987300776639705,0.00019781030459315596,-10.283272384,0.014626476872617885,0.0020684961962992624
VAL  62,11.086719999999996,0.027081388445115914,0.003829886682697695,-6.354380000000001,0.026825279122427145,0.0037936673549380305,-27.25049999999999,0.03623547985512135,0.005124470705020969,-0.8364799999999998,0.02949117834201689,0.004170682438164397,0.0073393919999999975,0.0010551916367826395,0.00014922663236406736,-23.347300607999998,0.02964578154262982,0.004192546632473706
ASN  63,17.745079999999998,0.03576581608261373,0.005058050217337409,-2.8808999999999996,0.013367497896158863,0.0018904496819741679,-88.22183999999999,0.039518279339707856,0.005588728660386333,-9.8352,0.028505438077422198,0.004031277713047692,0.5925418560000001,0.003196898346567774,0.0004521096999244269,-82.60031814400001,0.06818520524673145,0.009642844201312074
GLY  64,6.297999999999999,0.008270429252326149,0.0011696153215286817,-1.13452,0.013436130395299064,0.001900155783084531,-5.277480000000001,0.02231702489110555,0.003156103927281941,-6.388299999999998,0.022423425251928628,0.00317115121061368,0.5238732959999998,0.004104885552495878,0.0005805184820329046,-5.9784267039999985,0.014267036097488533,0.0020176635943934796
VAL  65,11.234020000000001,0.021850848952923572,0.0030901766938590458,-1.9838599999999997,0.06427472598152413,0.009089818920088576,-32.311040000000006,0.041585555177441294,0.005881085613075216,0.0060999999999999995,0.040193656215875666,0.005684241374185302,0.5562018720000002,0.015451163953650622,0.0021851245617703,-22.49857812800001,0.05935217707400933,0.008393665377443347
ASP  66,16.707779999999996,0.024546519102837342,0.0034714020224282825,-3.95596,0.033057501417933156,0.004675036684340889,-55.29087999999998,1.5448850396069922,0.21847973753195044,-25.172400000000003,1.5129412017655697,0.21396219666099178,0.5299452,0.008016625143287954,0.001133722000209898,-67.18151480000003,0.05334200869366045,0.007543699213879815
LEU  67,11.964500000000003,0.025850531909222135,0.00365581728205804,-7.71544,0.10440194634198324,0.014764664845498083,-22.490880000000008,0.19930385244542465,0.028185821116152567,-2.5445400000000005,0.17024314494274992,0.024076016447908553,0.007101791999999999,0.0020751692861875224,0.0002934732548746489,-20.779258208,0.06598093689523048,0.009331113581531826
ARG  68,12.573080000000003,0.04257127670019862,0.006020487687695863,-4.267500000000002,0.0807743152244952,0.011423213208188067,-188.70742000000007,1.3531512567212287,0.19136448591973593,-23.9402,1.360370449546783,0.19238543396006447,0.9916279200000002,0.009164428610110366,0.0012960459231818092,-203.35041208000007,0.04839235363894361,0.006843712283134905
ASN  69,17.3506,0.012531560157315007,0.0017722302332169198,-1.2466599999999999,0.07222509536165628,0.010214170940414442,-84.12977999999997,0.39236372360572275,0.05548860993064216,-17.45818,0.3791959224464606,0.053626401632036094,1.011932784,0.01866972585602157,0.0026402979511373345,-84.47208721599998,0.03511492985279769,0.004966001003960636
ALA  70,7.540640000000001,0.04208598816703388,0.0059518575251692905,-3.6802799999999998,0.05813537305288597,0.00822158330250107,-0.76822,0.34310699730550537,0.04852265689345547,-6.010440000000001,0.3149820413928144,0.04454518748416817,0.14226436800000003,0.0054044677984583095,0.0007643071657988404,-2.776035632,0.05343763914119105,0.007557223401467173
SER  71,10.97882,0.030302930551576658,0.004285481536568972,-3.7189000000000005,0.16608639318135698,0.023488162976270537,-11.151900000000001,0.7750336573336561,0.10960631094968784,-1.9200599999999994,0.6936180046682773,0.09809239893080425,0.458080704,0.019431102467302345,0.0027479728641120285,-5.353959296000002,0.2785481580901098,0.039392658294507825
HIE  72,30.795040000000004,0.12010394831150875,0.016985263259669287,-11.735159999999999,0.230381367302127,0.03258084541567255,-21.224379999999996,0.5374881539162581,0.07601230368832498,-3.3513599999999997,0.6302402957602811,0.08912943738182201,0.03770121600000001,0.01600437644165317,0.0022633606221110366,-5.478158784000001,0.4411734926543139,0.06239135366712377
GLU  73,16.5305,0.2569144799342525,0.03633319418930502,-2.7148800000000004,0.15733462937318726,0.022250476669050574,-47.541679999999985,7.901436384455719,1.117431849712551,-34.556160000000006,7.618298194111329,1.0773900628314699,0.65955168,0.05518335135646591,0.007804104390551382,-67.62266832,0.42701312253130236,0.0603887749195052
GLN  74,19.530119999999997,0.018593160034496917,0.0026294699088158942,-5.06824,0.09963183426993569,0.014090069126865156,-74.17217999999998,0.5956666413370082,0.0842399842832027,-9.65972,0.5849734366618587,0.08272773677551994,0.719179776,0.018114359093738402,0.0025617572304061256,-68.65084022400002,0.1041430503604959,0.014728051424671753
ALA  75,9.32368,0.018145456732055504,0.0025661551005927074,-6.016960000000001,0.10100811056534702,0.014284703987119486,-8.467480000000002,0.2071679743589156,0.029297975902774002,0.6296199999999998,0.19142799063877824,0.027072006057919006,0.0,0.0,0.0,-4.531140000000001,0.05092033385584839,0.007201222673950667
ALA  76,9.522140000000004,0.030609808884180884,0.0043288806865657056,-5.46844,0.05735090583415894,0.008110642884504983,-5.714639999999999,0.19217593605864403,0.02717778151358791,-0.42568,0.1961324491255844,0.027737316957485252,0.034890479999999995,0.005601151740419112,0.0007921224756210373,-2.0517295199999994,0.049695917820495164,0.007028064097632304
ILE  77,14.153660000000002,0.01809376688122956,0.002558845051785198,-3.0965599999999993,0.0583263782520873,0.008248595516820499,-15.290339999999999,0.12373481482602938,0.017498745326469427,0.38502,0.12478116684820686,0.017646721848547417,0.6800461919999998,0.005819968925429951,0.0008230678986933004,-3.1681738080000015,0.03923999585581949,0.005549373432676397
ALA  78,9.2378,0.02267862429613172,0.0032072418055553464,-5.035439999999999,0.03591944320306175,0.005079776373066001,-4.1348600000000015,0.08216130719497294,0.011619363493743288,-0.9611799999999997,0.08544932767436104,0.012084359809274402,0.108703296,0.00686215292563385,0.0009704549734509603,-0.7849767039999999,0.020095975948801664,0.002842000173591884
LEU  79,12.943659999999998,0.06101232990167526,0.008628446441893067,-9.010900000000001,0.07030256040817179,0.009942283439879034,-23.82622,0.09751887817329463,0.013791252010008286,-1.2525999999999997,0.10888875056680923,0.015399194784144265,0.0,0.0,0.0,-21.146060000000013,0.07349977142551102,0.010394437358128016
LYS  80,11.406279999999995,0.054701020100645315,0.007735892450197589,-5.705300000000001,0.14394363480193337,0.0203567040554174,-8.871839999999999,4.034230952040303,0.5705264126120719,-33.279860000000006,3.942862031621098,0.5576048959684492,0.686033136,0.02164199914704443,0.0030606408710617187,-35.76468686399999,0.3163828323588662,0.04474328924239219
ASN  81,18.27432,0.030452875069874322,0.004306686893706978,-1.9328799999999995,0.040957851506165543,0.00579231490856826,-90.80323999999995,0.12487714926769691,0.01766029581248664,-11.977959999999998,0.12507533090123066,0.017688322927882305,0.9041097600000002,0.003994266434676588,0.0005648745763651258,-85.53565024,0.03960273779201871,0.005600672889257838
ALA  82,8.246939999999999,0.04191391654383107,0.005927522922845994,-3.6615800000000003,0.035054865568158136,0.004957506631365486,-4.402399999999998,0.09207801040428833,0.01302179711100755,-2.3574,0.04866703196209371,0.006882557664123782,0.05990515199999999,0.002875059211511733,0.00040659477295455895,-2.114534848,0.09042362896516869,0.012787832244153419
GLY  83,5.1912400000000005,0.025902555858297337,0.003663174579493076,-1.7099400000000005,0.023627450137483956,0.003341426042872386,-9.330079999999999,0.05934166832865411,0.00839217921642286,-4.160020000000002,0.05983259646700799,0.008461606939563923,0.29262528,0.0021612658690607785,0.0003056491503919827,-9.71617472,0.02121449914955316,0.003000183241625057
GLN  84,19.73248,0.02724425810899295,0.0038529199314531,-3.08528,0.02939118235119303,0.0041565408695237935,-72.78121999999999,0.05012436136593144,0.007088655164899023,-15.473780000000001,0.03010334864970432,0.004257256393325764,1.064616624,0.0064911791713502575,0.0009179913619917282,-70.543183376,0.0336964167438111,0.004765392956247351
THR  85,15.549839999999996,0.05753967674603323,0.008137339122880399,-3.848339999999999,0.025175869399255407,0.003560405594896078,-31.30794,0.06928878985883516,0.009798914633878405,-5.74602,0.03837472605776267,0.0054270058043240175,0.4485379680000001,0.004542617666384733,0.0006424231512476908,-24.903922032000004,0.044422233186522886,0.006282252464328085
VAL  86,11.6307,0.03177624899275492,0.00449384022868984,-6.29192,0.07391829002348686,0.010453624825864297,-30.22816,0.0827029286071016,0.01169596032841369,-0.23912,0.049436682736607396,0.006991402720484603,0.0,0.0,0.0,-25.128500000000003,0.06638410954444895,0.009388130804382094
THR  87,14.95454,0.030904504526348932,0.004370556943958336,-4.6393,0.029829683203031483,0.004218554254702003,-33.6758,0.06054783232632008,0.008562756564817395,-5.514920000000001,0.054934448208733166,0.007768904169827282,0.338057136,0.004712263729368466,0.0006664147275551705,-28.537422864000003,0.024762793860394337,0.0035019878919618883
ILE  88,12.747020000000003,0.03594801246174578,0.005083816676375792,-7.23808,0.052984843115755874,0.007493188373451267,-13.687500000000002,0.05944989486934507,0.008407484760588248,0.7288000000000002,0.049488584542293684,0.006998742744235923,0.0,0.0,0.0,-7.449759999999999,0.04421925372523253,0.006253546833624084
ILE  89,13.274779999999998,0.03892160839516917,0.0055043466461822755,-5.598360000000001,0.028079002831109177,0.003970970662166713,-15.413560000000004,0.07070252046295619,0.009998846333267392,-0.5118199999999999,0.07400126755671159,0.010465359621150163,0.345085488,0.003732143932092027,0.0005278048565492996,-7.903874512000003,0.08991051183953769,0.012715266524338093
ALA  90,6.984659999999999,0.019896341372527715,0.0028137675810633615,-5.1933599999999975,0.03512421387052532,0.004967313962339009,-8.61584,0.11939553760506134,0.016885078856790463,0.254,0.11446152191894005,0.01618730366676303,0.012769919999999995,0.0010050158112189743,0.00014213069906252715,-6.557770079999999,0.024697607705716093,0.0034927691775593957
GLN  91,18.24272,0.10776901966729802,0.015240840921714566,-7.527460000000001,0.047861136634861925,0.006768586853961353,-83.01196000000002,0.49346156729368,0.0697860040976606,-1.4117000000000002,0.5126364891421591,0.07249774755121692,0.2940854399999999,0.004837711665328576,0.0006841557447958203,-73.41431456000004,0.1491341425451897,0.021090752700028966
TYR  92,10.814379999999998,0.069766722727047,0.00986650454829131,-10.000480000000003,0.20481594078574575,0.028965348124940636,-21.72456,2.9037497286095495,0.41065222479368185,-1.8194199999999996,1.7213313927306382,0.2434330200938237,0.11592388800000003,0.00993530577157309,0.001405064416848235,-22.614156112000003,1.3359055289872455,0.18892557171429664
LYS  93,12.58278,0.05261531716157038,0.0074409295118454686,-6.8456600000000005,0.18195951307917602,0.025732961119937527,-12.20586,3.7683661818353023,0.5329274562339601,-14.634439999999998,3.5701757164599157,0.5048990918272694,0.4590669600000002,0.0355746584803937,0.005031016449976381,-20.644113039999997,0.16815647303552705,0.023780916476766802
PRO  94,19.827399999999997,0.30799629867921585,0.043557254275286166,-8.92076,0.05166025938786986,0.007305863946203756,-11.875920000000002,0.9762322231927866,0.1380600850064877,-0.37343999999999994,0.7053320398223806,0.09974901366930905,0.0012985920000000003,0.0011094952459276249,0.00015690632241793196,-1.3414214080000002,0.0906103364974468,0.012814236676587912
GLU  95,16.313440000000003,0.13615258499155333,0.019254883224721023,-3.47242,0.28038110421353496,0.03965187602119253,-25.739299999999993,15.162804260756005,2.1443443429169693,-57.50246000000003,14.355416258973367,2.030162436695137,0.6628718880000001,0.0812101742277757,0.011484852979560237,-69.737868112,0.8107776588881994,0.11466127612687986
GLU  96,15.25982,0.19728514287700893,0.027900332471137983,-5.34724,0.5875264269800851,0.08308878412878422,-13.3192,5.6523158085867715,0.7993581675319259,-65.78822,4.145425890255336,0.5862517515811657,0.46358999999999995,0.01643527352261757,0.00232429867169972,-68.73125000000002,1.3569819859697725,0.19190623284544292
TYR  97,12.469200000000003,0.25057198566454475,0.03543623004775559,-9.869140000000002,0.0885930042381138,0.012528942812491761,-26.458079999999985,0.37336876355776977,0.05280231691898714,-3.15994,0.39361562011688467,0.055665654833119436,0.06933326400000002,0.006612175637768669,0.0009351028463725421,-26.948626736,0.4057678496843849,0.05738423961986245
SER  98,11.775900000000002,0.07491041316065315,0.010593932225476768,-4.936980000000002,0.1275566525116801,0.018039234795293013,-2.5294,0.3552542751326173,0.050240541398357035,-8.40372,0.38930343127179856,0.05505581923829596,0.2342733119999999,0.009347367988578879,0.001321917458194037,-3.859926688000001,0.12485243676080185,0.017656800936245515
ARG  99,13.024400000000004,1.0887957935260093,0.15397897778592584,-3.3940200000000003,0.2941787545013987,0.04160315843779032,-222.39368000000005,15.506242945909728,2.1929139075557673,9.6998,12.647348267522327,1.7886051447985942,1.1502270719999999,0.22004776788059374,0.031119453770666237,-201.91327292800005,2.231420132429547,0.31557046146342327
PHE 100,10.531240000000002,0.09154464703065053,0.012946368139340386,-5.928240000000001,0.16247985228942083,0.02297812107200761,-13.146,0.6658342135996931,0.09416317751647102,-4.126699999999999,0.6419570156949785,0.09078643180563964,0.15635073600000002,0.016600101893153894,0.0023476089234073525,-12.513349263999993,0.1866777216847508,0.02640021657994846
GLU 101,16.6222,0.07539336840817112,0.010662232411582685,-3.0721,0.08170587494177266,0.011554955646821491,-43.772040000000004,1.7786129310223504,0.251533852926397,-40.72030000000001,1.7526311448785767,0.2478594734924768,0.324463248,0.009746446965538287,0.0013783557483614342,-70.61777675200001,0.12267448778345798,0.017348792438053883
ALA 102,8.00512,0.015204788720301034,0.0021502818421267177,-1.9850799999999997,0.056027079167148226,0.007923425521833212,3.87592,0.30427953200963664,0.043031624092056645,-6.822340000000004,0.34059316552149266,0.04816714739320793,0.6204386880000001,0.006476718362640172,0.0009159462948116596,3.694058687999999,0.12973699655703744,0.018347582007251388
ASN 103,17.850579999999994,0.3128426499059757,0.04424263183857689,-2.2999,0.23607289128572087,0.03338574845648957,-89.23199999999999,2.6061258450054905,0.3685618515257807,-8.782639999999999,1.6476894581200745,0.2330184778252585,0.8721849600000001,0.021676126474912905,0.0030654672040536335,-81.59177503999999,0.45622031679539266,0.06451929594421942
SER 104,11.167659999999998,0.02074763601122114,0.002934158823424936,-4.25642,0.03703732711740529,0.005237869032348337,-7.069000000000001,0.1458182430287592,0.020621813693268726,-5.18062,0.13883585848042854,0.019634355400673372,0.15899990400000005,0.00332614890688409,0.0004703884894587925,-5.179380095999999,0.04309659115983859,0.006094778371029216
ARG 105,12.222439999999999,0.03814507045473527,0.005394527597476387,-4.004480000000001,0.07705874123024808,0.010897751694721564,-178.66952,1.5515619902527913,0.21942400094780892,-27.078900000000008,1.494199561638157,0.21131172849606147,0.956776752,0.007399977386188104,0.0010465148380801423,-196.57368324800007,0.06335971007790608,0.008960416130020205
VAL 106,10.763419999999998,0.045608372038425486,0.006449997829449917,-4.7991399999999995,0.11443618483680372,0.016183720462244214,-30.66838,0.33936846583025165,0.047993948701889215,-4.06496,0.23151656182657815,0.0327413861649136,0.2861664479999999,0.01162668026185223,0.001644260891168699,-28.482893552,0.2673802129471474,0.03781327234600621
ASN 107,21.943120000000004,0.033016747262786285,0.004669273176447712,-3.2806000000000006,0.04573226432180203,0.006467518844192365,-84.63562,0.24788770763566073,0.0350566158083928,-14.60036,0.23755468928220116,0.03359530633882154,0.427140576,0.007244026283849578,0.0010244600216807245,-80.14631942400001,0.0596411024442394,0.00843452559515265
SER 108,12.323059999999998,0.016201740649350378,0.002291272136036278,-1.1174999999999995,0.011451200810462352,0.0016194443491613635,-4.66996,0.23501437913454987,0.033236052232477296,-14.56118,0.22301423183280777,0.031538975126017436,0.9501782399999996,0.0029014270520525635,0.0004103237487248923,-7.075401760000001,0.020229409811164088,0.0028608705713751605
SER 109,11.100380000000003,0.021889623110809345,0.0030956601878542114,-3.96022,0.02834381061181109,0.004008420137655769,-20.0137,0.1486613937781965,0.021023895928241276,0.19702000000000003,0.16205856842512223,0.022918542536557607,0.026678448000000007,0.001217986875830413,0.0001722493558591805,-12.649841552000003,0.03222395515521267,0.004557155441380417
GLY 110,5.714820000000002,0.01873252785840506,0.0026491794954888264,-3.43156,0.09323178857021491,0.013184965984029883,-3.3086399999999996,0.4573206647419328,0.06467490864315206,-0.9714200000000003,0.3522791557841585,0.04981979598513013,0.05623070399999999,0.036859851067181294,0.005212770128626019,-1.9405692960000003,0.0615554157088966,0.008705250373303544
ARG 111,10.89224,0.032949998483266116,0.0046598334735207855,-5.251640000000001,0.026015195559382413,0.0036791042387866926,-156.95165999999998,0.6513170229678076,0.09211013672855421,-48.54901999999999,0.630273035755784,0.08913406751638923,1.0925727840000001,0.01112070785831921,0.001572705587642408,-198.76750721599998,0.04080141999008697,0.00577019215140617
ILE 112,12.663139999999999,0.07752728809941861,0.010964014228420405,-5.948479999999998,0.20823047231382022,0.02944823580455598,-14.8334,0.14904952197189844,0.021078785543788538,-0.49953999999999993,0.18114836019130845,0.025618246778419486,0.16259328000000003,0.00899986763422644,0.0012727734867885694,-8.455686720000001,0.11194793231774879,0.015831828416338563
VAL 113,10.73984,0.03198397098616842,0.0045232165547186955,-2.8295999999999992,0.05627077394174637,0.007957889167364826,-29.333440000000007,0.1536817699002231,0.021733884328239677,-2.1816799999999996,0.12100932856602953,0.017113303363174095,0.370241712,0.0051726780783896645,0.0007315271492248663,-23.234638287999992,0.1563919755359851,0.022117165284931142
THR 114,14.730280000000008,0.03217703528612011,0.0045505199698588706,-2.83992,0.07458950060161303,0.010548548336143727,-35.55046,0.25387841263117455,0.03590382943367599,-0.8928600000000002,0.13000169383511784,0.01838501585530984,0.4675570560000001,0.005782304040020954,0.0008177412795162373,-24.085402944000002,0.08380825799094976,0.011852277508966447
ASN 115,14.973060000000002,0.1623412960397432,0.022958526259263045,-2.9376800000000003,0.11794294213727881,0.016679650835672487,-83.29637999999998,2.9733786633395054,0.42049924317655135,-77.04842000000001,2.4368614576134413,0.34462425229811977,1.067414256,0.025005899586619692,0.0035363682334737336,-147.242005744,0.39129506430412125,0.05533747868285406
LYS 116,4.187500000000001,0.49407822255184886,0.0698732123206017,-0.9306399999999999,0.8931630928335543,0.12631233592963123,-73.58096000000002,18.53410187622799,2.621117823976625,-51.27630000000001,17.680359658389275,2.5003804416528252,1.5954479999999995,0.19205582654045042,0.027160795462627958,-120.00495200000002,1.4974130554656155,0.21176618515140092
ASN 117,18.377940000000002,0.5864643010448647,0.08293857683853054,-1.5190799999999998,0.5891349536396571,0.08331626415052476,-78.45378,3.6011332232507627,0.5092771444233567,-17.503399999999996,2.9067714874066204,0.41107956602098567,0.8859561120000001,0.10823987821072285,0.015307430375521631,-78.21236388799998,1.1682574955812355,0.16521655945950092
TYR 118,9.585319999999998,0.1952015819609592,0.027605672460587177,-4.497340000000001,0.2689900823450425,0.03804094225962147,-15.706059999999997,0.7842942664587356,0.11091595885174019,-9.110640000000002,0.7458718592358695,0.10548220991238026,0.731673648,0.04962141343996787,0.0070175275870925135,-18.997046351999998,0.520430001507326,0.07359991663975107
LYS 119,9.519639999999999,0.3088442817991268,0.04367717719817032,-3.405420000000001,0.38414284270306837,0.05432600180392338,-19.37354,7.129201627699974,1.0082213630785648,-20.627,6.622969590750061,0.9366293418423323,0.9335715839999997,0.0709603959630464,0.010035315436230523,-32.95274841599999,0.9171760390382125,0.12970827934914755
GLN 120,18.834339999999997,0.18005439289321754,0.025463536439444205,-4.207940000000001,0.18264954530465738,0.02583054641311255,-75.97714,0.7184832916619516,0.1016088815406796,-12.745139999999997,0.5244188787601696,0.07416402907071236,0.7822331999999999,0.02041945911965847,0.002887747602334399,-73.3136468,0.22074695371389383,0.03121833357947345
THR 121,14.416280000000004,0.28211600734435727,0.039897228374893776,-4.04182,0.15754563656284923,0.022280317591988393,-35.4104,0.6185591645104624,0.08747747595808664,-6.12252,0.348324460237898,0.04926051757747232,0.28704816000000005,0.01618491528088947,0.002288892669609344,-30.871411839999997,0.4137383341559171,0.05851143634369495
SER 122,12.099419999999999,0.9537800813604992,0.1348848726581332,-3.6801400000000006,0.19523596082687725,0.02761053436643121,-6.5656799999999995,1.9554114292393834,0.27653693632496934,-2.27876,1.7625779478933694,0.24926616386505412,0.5521826879999998,0.006431891168764162,0.0009096067722574015,0.1270226880000001,0.9970460866079194,0.1410036097991939
VAL 123,8.7348,0.2593993831912366,0.03668461257802623,-7.636119999999997,0.1302854773182226,0.018425148900368265,-78.61594,2.099547859992863,0.2969209058453315,-29.892139999999998,2.509498125203609,0.3548966283412799,0.07416014400000005,0.010562117933902106,0.001493709042950845,-107.33523985600003,0.8266310648570583,0.11690328629997654


