#Frame       SA_00001
       1    6038.8731
       2    6060.1751
       3    6019.9951
       4    6045.5054
       5    6057.7782
       6    6039.3390
       7    6085.8769
       8    5991.1483
       9    5945.1770
      10    6073.5847
      11    6025.7461
      12    6014.4624
      13    6026.5425
      14    6043.8904
      15    6026.8241
      16    6081.8435
      17    6028.3331
      18    6069.6889
      19    6030.6997
      20    6055.7416
      21    6098.1175
      22    6070.0010
      23    6028.5734
      24    6120.0684
      25    6037.5493
      26    6027.0345
      27    6100.1167
      28    6098.1467
      29    6041.5180
      30    6075.1211
      31    6106.9967
      32    6105.8782
      33    6086.4642
      34    6021.9314
      35    6097.0659
      36    6074.9810
      37    6074.3566
      38    6069.9661
      39    6080.1089
      40    6093.2676
      41    6084.8268
      42    6075.4989
      43    6045.6610
      44    6073.9687
      45    6028.1522
      46    6061.9256
      47    6009.3400
      48    6099.1489
      49    6055.3245
      50    6094.3801
