| Run on Mon Jun 20 15:46:09 2016
| GB non-polar solvation energies calculated with gbsa=2
idecomp = 2: Per-residue decomp adding 1-4 interactions to EEL and VDW.
Energy Decomposition Analysis (All units kcal/mol): Generalized Born Solvent

Total Energy Decomposition:
Residue,Internal,,,van der Waals,,,Electrostatic,,,Polar Solvation,,,Non-Polar Solv.,,,TOTAL,,
,Avg.,Std. Dev.,Std. Err. of Mean,Avg.,Std. Dev.,Std. Err. of Mean,Avg.,Std. Dev.,Std. Err. of Mean,Avg.,Std. Dev.,Std. Err. of Mean,Avg.,Std. Dev.,Std. Err. of Mean,Avg.,Std. Dev.,Std. Err. of Mean
GLY   1,1.1640399999999993,0.002645448922491643,0.0003741229744752972,0.061059999999999996,0.024411808617961925,0.0034523510829578153,-40.08996000000001,0.5391107478047868,0.07624177311666308,-75.02467999999999,0.5295126227029233,0.07488439324742217,0.9995127840000001,0.004059840982069664,0.0005741482177921024,-112.890027216,0.007799807637522641,0.0011030593744885769
SER   2,11.244159999999995,0.007816290689196353,0.0011053904300112028,-0.5219600000000002,0.019113304266915845,0.0027030294116035932,-4.1218,0.11820845993411386,0.016717200722606042,-12.306640000000002,0.09253469835679021,0.013086382540627606,0.8380205280000002,0.010683258177592242,0.0015108408605084224,-4.868219472,0.008716643548054303,0.001232719552403033
HIE   3,27.207759999999993,0.025595749648951296,0.0036197856292653307,-1.7737599999999998,0.021427608359341772,0.0030303214351000236,-4.754060000000002,0.14763636543881253,0.020878935030303917,-23.21318000000001,0.11805078398629873,0.016694901976220023,1.3180736160000002,0.007985087383235724,0.001129261887410625,-1.215166384,0.07072207958055986,0.010001612410205708
GLY   4,3.9175999999999993,0.007748548251764322,0.0010958102026347439,-2.10758,0.029925968655992192,0.00423217107404563,-6.07028,0.0670050863740886,0.009475950189821676,-5.428719999999999,0.07469914055736784,0.010564053767384372,0.171135936,0.0025562870265876067,0.0003615135782318586,-9.517844063999998,0.04532048046929035,0.006409283813293538
GLY   5,5.6814599999999995,0.012916981071688484,0.0018267369816498409,-4.017879999999999,0.01702074028963767,0.0024070961759235757,-8.294340000000002,0.4975387265328833,0.0703626014868642,-2.6633200000000006,0.487307149136965,0.06891563793508644,0.025284960000000006,0.0012573550295758521,0.0001778168535544194,-9.26879504,0.023530734439609936,0.003327748377709604
SER   6,11.459079999999998,0.004093116178460946,0.0005788540411948203,-3.0834600000000005,0.02132248578370533,0.0030154548578823588,-2.3978199999999994,0.03440098254415942,0.0048650336072910355,-6.36844,0.019150101827481326,0.0027082333725249883,0.44032435199999986,0.0035824304140295742,0.0005066321677778486,0.0496843520000001,0.012555032864604217,0.0017755497753163213
PRO   7,18.86292,0.009632943481491116,0.0013623039317098235,-3.512659999999999,0.01831350321512084,0.002589920462138717,-0.13849999999999998,0.18897314624041167,0.026724838633750442,-2.92368,0.18138042231729726,0.025651065319008137,0.604199232,0.013875984220422164,0.0019623605075796084,12.892279231999998,0.04041231125518875,0.00571516386639308
ARG   8,13.802280000000001,0.01213266665014106,0.0017158181724381233,-5.602580000000001,0.022462493183078344,0.0031766762504222587,-195.7008,0.8444087398927553,0.11941742921427097,-12.645639999999997,0.8238261894356187,0.11650661701379986,0.5457680639999999,0.003319545344663051,0.00046945460473349566,-199.60097193599998,0.048265126220979615,0.006825719609135866
VAL   9,10.739920000000001,0.015173450495857057,0.002145849947923781,-2.3559200000000002,0.029989891630364713,0.004241211147776115,-30.392340000000008,0.023712958477386293,0.0033535187482709753,-2.7466000000000004,0.029706564930997572,0.004201142701693373,0.7162079039999999,0.005970733601615016,0.0008443892436720712,-24.038732096,0.06847161460833978,0.009683348601669785
VAL  10,11.03586,0.03390693734333177,0.004795165064947455,-4.738439999999999,0.026733619283762475,0.0037807046962415798,-21.664839999999995,0.030185002905130008,0.0042688040488706135,-1.64884,0.027343269738631763,0.0038669222903998874,0.07139505599999998,0.0017722296460860002,0.00025063112011344915,-16.944864944000003,0.02421423719535889,0.0034244102644195593
ARG  11,12.03206,0.031191928443396105,0.004411204824122187,-4.78584,0.05171087313128784,0.007313021810442174,-194.10054,0.3752201599154364,0.053064143902821166,-12.489340000000002,0.36391397939615544,0.051465208519920605,1.155012192,0.007190931326244857,0.0010169512607669023,-198.188647808,0.050632738917309,0.007160550607695441
ILE  12,14.27564,0.08814596076977377,0.012465721318902084,-7.441379999999999,0.10417233605913803,0.014732193047892082,-14.032320000000002,0.07432212052923058,0.010510735083676571,-2.5331800000000015,0.05267473398120064,0.007449332319060888,0.008352432,0.0018812829338980342,0.00026605358397796465,-9.722887567999999,0.18923390421611244,0.026761715380323743
VAL  13,11.36798,0.04579060602422899,0.006475769606874779,-2.88416,0.0399836766693407,0.005654545781932231,-21.12226,0.11563248851427098,0.016352903350783314,-2.1667199999999998,0.045761136349528414,0.006471601965510751,0.6219406080000001,0.007972318176981992,0.0011274560489441482,-14.183219392000002,0.17412504390709532,0.024624999864222487
LYS  14,10.908440000000002,0.16658081041931855,0.023558084132610166,-6.671220000000001,0.2411918978738374,0.03410968531076873,4.901359999999999,1.1704019952136124,0.16551983750596208,-44.27426000000002,1.047791635965317,0.1481801142123244,0.6797774880000002,0.015164675156273066,0.0021446089274983703,-34.455902511999994,0.21934044272013387,0.031019422887173232
SER  15,11.26092,0.034566365154526435,0.004888422240347205,-2.2269999999999994,0.04092138805075589,0.005787158197251128,-19.309739999999994,0.16368662865435818,0.02314878502221218,-4.107259999999999,0.19611943401918136,0.02773547634348616,0.41141275200000005,0.011997279833996906,0.0016966715852823658,-13.971667247999996,0.045047664310808,0.006370701782157511
GLU  16,16.000320000000006,0.01651234688762195,0.0023351984915084122,0.47455999999999987,0.013833524496674266,0.001956355795861719,-34.785999999999994,0.9243219568961992,0.13071886474418443,-47.87228000000001,0.9245712095881369,0.13075411439792406,1.3453286399999995,0.005571134262814879,0.0007878773632274237,-64.83807136000001,0.02578782343577352,0.0036469489646953654
SER  17,10.421180000000001,0.0266590997585392,0.0037701660439183435,-1.1883199999999996,0.041317521706908465,0.00584317995615547,-8.472079999999998,0.3538757318607901,0.05004558593922341,-9.40636,0.364734630107958,0.05158126605658084,0.5477093279999999,0.035302672532889025,0.00499255182840278,-8.097870671999999,0.069586015293904,0.009840948658014064
GLY  18,5.124740000000002,0.02531624774706685,0.003580258091229925,-2.8751399999999983,0.07932061774854354,0.011217629339580232,-10.95596,0.10506549576351669,0.014858504904621825,-0.8360799999999996,0.13479315116132826,0.019062630248735713,0.121521744,0.005292353912737481,0.000748451868027166,-9.420918256,0.04389106351723027,0.0062071337293046
TYR  19,11.074379999999998,0.2983436200089539,0.04219215936641477,-10.102979999999999,0.4041118404601113,0.05715004454942418,-31.6241,0.9407691587208017,0.13304485033252847,-0.8563000000000001,0.4244732853784795,0.06002958770473109,0.04067971200000001,0.007716442044793408,0.0010912696993012816,-31.468320288,0.2640618374654768,0.03734398318488372
GLY  20,6.91248,0.04974705619423167,0.007035296155801891,-3.13236,0.041461191492772144,0.005863497932122636,-14.455380000000002,0.26789616570593705,0.03788623908490862,0.7109000000000002,0.3053723792355809,0.04318617602890986,0.017151552,0.008425779056449083,0.0011915851015189473,-9.947208447999996,0.07677568025229659,0.010857720827321804
PHE  21,9.759540000000001,0.14245900603322975,0.02014674584143841,-9.79852,0.09034162717150267,0.012776235439279278,-8.772680000000001,0.3131781882571025,0.04429008412726287,-1.2761799999999999,0.2940841845458537,0.04158978422641785,0.012892895999999997,0.0034913869634264345,0.0004937566795170281,-10.074947104,0.19003207895571492,0.026874594334512687
ASN  22,18.142699999999998,0.07933807408870419,0.01122009803888069,-7.440139999999999,0.17396252584972421,0.02460201634013601,-95.29856000000001,2.7315273614581077,0.3862963040567251,-0.03123999999999998,1.8127270236855848,0.2563583141776369,0.18437112000000003,0.05014812769258689,0.007092016231047416,-84.44286888,0.8176543564985501,0.11563378802936952
VAL  23,10.955260000000003,0.04363109441627519,0.006170368546467739,-7.3631199999999986,0.10738522058466887,0.015186563534926518,-24.477459999999994,0.22729084539502015,0.03214377961608838,0.35100000000000003,0.18588985986330714,0.0262887960926323,0.0,0.0,0.0,-20.534320000000008,0.17038690559942815,0.024096347274949553
ARG  24,13.331699999999998,0.5207660991271341,0.07364744802097246,-7.7533999999999965,0.07132292759013951,0.010086585150612951,-173.17117999999994,2.152619601237034,0.3044263834699577,-36.51368000000001,2.034956505087843,0.2877863088334581,0.73894824,0.007493412340123343,0.0010597285359856344,-203.36761176,0.6515377822664269,0.09214135680796695
GLY  25,6.437060000000002,0.076989716196285,0.010887990080804178,-4.2717,0.045174882401625475,0.00638869313709884,-19.203099999999996,0.18848769190654968,0.0266561850234644,1.5329999999999995,0.08977438387425214,0.012696015122865585,0.015264575999999997,0.004263420487569117,0.0006029387075619559,-15.489475423999998,0.06361399058997257,0.008996376824901365
GLN  26,19.711059999999996,0.08153904831542025,0.011531362799066238,-7.486759999999999,0.12456653804296437,0.01761636875182243,-78.48238000000003,0.2202650121904016,0.031150176755594103,-5.07816,0.12057932824495789,0.017052492134585664,0.3169343519999999,0.004413300857472409,0.000624134992747029,-71.01930564799999,0.14738525936213004,0.020843423268380047
VAL  27,12.146600000000001,0.012453112057952447,0.0017611359966108275,-2.2457200000000004,0.12552832987018406,0.0177523866564458,-22.5486,0.21289058222510815,0.030107274868425248,-5.697620000000001,0.2162779591173953,0.03058632230261942,0.6407222399999999,0.03460225302075215,0.004893497551061309,-17.70461776,0.14310482137677283,0.020238077923201134
SER  28,11.144459999999999,0.018268234727665117,0.002583518531247917,-2.3103999999999987,0.05191531565932909,0.0073419343500303515,-8.580179999999999,0.1874436117876862,0.026508529797034316,-8.879320000000002,0.17935756911816986,0.02536499067611856,0.65602368,0.005188980807210613,0.0007338327032450939,-7.969416320000004,0.05910465369289681,0.00835866028518597
GLU  29,14.40038,0.04291987418499324,0.006069786816776433,-2.1098399999999993,0.028529535572868102,0.004034685613535574,0.6404000000000001,1.2173430740756694,0.1721583085418767,-79.2952,1.1082494304086352,0.15673013749761494,1.0012055039999999,0.016292770113815594,0.0023041456463585045,-65.36305449599999,0.1492893420082985,0.021112701218589117
GLY  30,5.013999999999999,0.025369272752754073,0.0035877569594487033,-2.1900199999999996,0.040763459127015525,0.005764823674666668,-9.220960000000002,0.08405735184958403,0.01188750470028489,-2.801359999999999,0.08928219531354803,0.012626409149086321,0.22158345600000004,0.004548984670014902,0.0006433235815362372,-8.976756544,0.023218550075362852,0.003283598841521699
GLY  31,5.41252,0.016042742907727565,0.0022687864597773105,-1.7686199999999996,0.01578212913396326,0.002231930106437439,0.09525999999999994,0.06809282194181712,0.009629779229037403,-10.854540000000002,0.06614505574851705,0.009354323492347726,0.384970752,0.0026671755879363193,0.00037719558896899763,-6.730409248000001,0.022169245659632138,0.003135204787943264
GLN  32,18.56254,0.01381334138400788,0.0019535014726953484,-1.9968399999999997,0.02263127040182966,0.0032005449536000306,-66.80498,0.07060013881360779,0.009984367381562729,-15.100620000000001,0.07403455679607615,0.010470067430529209,1.1521919520000004,0.006936232114920869,0.000980931352868891,-64.18770804800002,0.0062777713149355634,0.0008878109335058652
LEU  33,11.911539999999997,0.0056611306330100405,0.0008006047719568584,-3.1604200000000016,0.01308753605508647,0.001850857098715016,-22.967340000000004,0.026836996850802684,0.0037953244919769194,-0.7344199999999997,0.02983560959659417,0.004219392373317234,0.7897684320000002,0.003372100429158767,0.00047688701606004625,-14.160871568,0.018854540415672406,0.002666434676815557
ARG  34,11.11876,0.009364955954910568,0.0013244047722461205,-3.837119999999999,0.027878048712276473,0.003942551458139918,-151.52392,0.5799223685977233,0.08201340787944293,-55.98247999999999,0.6048132683740463,0.08553351268377747,1.220601456,0.0069826187237551915,0.0009874914100014903,-199.00415854400006,0.06267214125980597,0.008863179215258003
SER  35,10.424599999999998,0.023431602591886293,0.003313729017358216,-3.3147600000000006,0.01356548561591505,0.0019184493738204202,-12.334380000000001,0.03664799585172362,0.005182809276730047,-7.884939999999998,0.06345909233551933,0.008974470903677796,0.5843306879999999,0.005363508436878629,0.0007585146373336277,-12.525149312000005,0.02407421814073864,0.0034046085798160983
ILE  36,12.815459999999998,0.07921368821129424,0.011202507219400606,-4.340959999999999,0.0696086086630661,0.00984414384292294,-6.925520000000001,0.36176181335235696,0.05116084627915874,-4.220280000000002,0.2121623001383322,0.03000428022799006,0.23693673599999998,0.007917279194618501,0.001119672361412382,-2.434363264,0.1575498011152184,0.022280906548632563
ASN  37,19.754500000000004,0.007239475105009669,0.001023816387796706,-3.0823600000000004,0.05878903299082543,0.008314024777442463,-82.16086000000001,0.4864691155640376,0.06879712209063064,-16.944579999999995,0.49098982026128757,0.06943644628006411,0.6626574719999998,0.009098879557389732,0.0012867758872459863,-81.77064252800002,0.05892555743129384,0.008333332248973046
GLY  38,6.036440000000002,0.06728481552307107,0.009515509865449885,-1.0457999999999998,0.06901536060907511,0.009760245898542389,-8.33702,0.31726276113021123,0.044867729962628035,-6.904380000000002,0.22978197405358694,0.03249607840954453,0.538670592,0.007421228818244812,0.001049520244423587,-9.712089408,0.21746763588401108,0.03075456800443824
GLU  39,14.67348,0.0651650949512617,0.009215736107340479,-2.363479999999999,0.5107194627190204,0.07222663907451389,12.85666,4.201392633925095,0.5941666443751289,-91.41841999999998,3.5602274932375746,0.5034922006070144,0.7621799040000004,0.08265090051719716,0.011688602445376967,-65.489580096,0.27891353328544516,0.03944433015016762
LEU  40,11.189939999999996,0.054616264977454386,0.007723906265727867,-3.0579199999999993,0.09310334902679515,0.01316680188960496,-19.59478,0.3411296111448878,0.048243012260816044,-11.024479999999999,0.25152250316828356,0.03557065352226164,0.9299270880000003,0.008521421072069999,0.0012051109250813272,-21.557312911999993,0.06606111379471562,0.009342452307395919
TYR  41,9.951980000000002,0.6685762332000296,0.0945509576471799,-7.429199999999998,0.3371091217988972,0.047674429204768394,-37.25448000000001,4.166703259124563,0.5892608259438133,1.83698,2.316909626981596,0.32766050172701616,0.16339132799999997,0.01064576140598833,0.0015055380162136765,-32.731328672000004,0.8555863577246425,0.12099818308755879
ALA  42,10.465340000000001,0.04683400901060071,0.006623329072309526,-4.0393599999999985,0.03904549141728117,0.005521866351184131,7.161279999999998,0.12244133942427685,0.017315820280893984,-1.7292399999999999,0.08240717444495216,0.011654134373689687,0.10342728,0.002089187041890657,0.00029545566489758943,11.961447280000002,0.046340547895644894,0.0065535431321821
PRO  43,19.278299999999998,0.08097289670088362,0.011451296869902525,-6.43572,0.039081985620075005,0.005527027410838034,0.9873400000000002,0.06042966490060565,0.00854604516720979,-8.5035,0.05951411597257621,0.008416566996106252,0.13509388799999994,0.008619259380913494,0.001218947351409939,5.461513888,0.058141370454821824,0.008222431463216738
LEU  44,11.819360000000001,0.05620560826074008,0.007948673348376789,-8.140579999999998,0.03274635246905223,0.004631033577998335,-35.627119999999984,0.27345980618917437,0.038673056667664844,1.7271200000000002,0.23183534156810473,0.03278646842830127,0.052764335999999974,0.004485660532753978,0.0006343681961622398,-30.16845566400001,0.10669480813004519,0.015088924469230505
GLN  45,20.530540000000006,0.12332561939722989,0.017440876353962496,-8.270540000000002,0.14271162671614337,0.02018247180102965,-81.08387999999997,0.28336172219479333,0.0400733990585274,0.42396000000000017,0.2086149524842354,0.029502609511702447,0.0032113439999999992,0.0014143765399864364,0.00020002304851511504,-68.396708656,0.14985293138861072,0.021192404793113816
HIE  46,30.21732,0.2782490567818701,0.03935035898184421,-10.092919999999998,0.17789556936598988,0.025158232688346657,-14.055579999999997,3.198214208523263,0.4522957909067933,-10.649379999999997,2.1945116986701305,0.3103508207045717,0.272121264,0.009566724169240216,0.0013529391067621994,-4.308438735999999,0.5695199775907968,0.08054228763513259
VAL  47,11.572080000000001,0.08100810823597539,0.0114562765329504,-7.54736,0.025925092092343355,0.003666361684276345,-33.98154000000002,0.4154944144009915,0.05875978359361492,1.4095999999999997,0.4025124594344892,0.05692385791564049,0.0013780800000000005,0.00068698867064894,9.715486952283943e-05,-28.545841919999994,0.1171898943981169,0.016573153803088773
SER  48,13.266080000000002,0.039885255420016565,0.005640626915370242,-4.213140000000001,0.029001386173596783,0.0041014153654320125,-19.985079999999996,0.178279201255142,0.02521248643040643,-1.0981000000000003,0.12502307786964514,0.01768093323328797,0.20409335999999997,0.002073877106487417,0.00029329051306895763,-11.82614664,0.11780027729613145,0.016659474980350048
ALA  49,6.694899999999999,0.005960704659152775,0.0008429709370274351,-3.5824199999999986,0.04256716575024324,0.006019906311577749,0.9890800000000002,0.15693397847502474,0.022193816075654734,-4.451020000000001,0.1536039700007432,0.021722881760940106,0.226936656,0.024079832227290765,0.0034054025315503333,-0.12252334400000002,0.06449931419491585,0.009121580489821347
VAL  50,10.953520000000001,0.035318686272452236,0.004994816513170241,-5.803,0.019949937343363193,0.00282134719594777,-26.036820000000006,0.10529210606549452,0.014890552440864877,-0.82546,0.12021633998754155,0.01700115784292363,0.14682268799999998,0.0030325459677730516,0.0004288667636144492,-21.564937311999998,0.0324588133612621,0.004590369407403388
LEU  51,14.6615,0.012023726545117488,0.001700411715037055,-2.63808,0.06651100360087832,0.009406076333940788,-21.74802,0.16446573989778027,0.02325896799091667,-2.68368,0.16409124778610681,0.023206006808583635,0.54180504,0.04699559377616633,0.006646180609003104,-11.86647496,0.10876297215853442,0.015381407031060671
PRO  52,18.1266,0.01097087052591078,0.0015515153888782276,-2.1582000000000003,0.008323460818564176,0.001177115117549452,-7.39008,0.1735723295919593,0.024546834256164177,-3.213740000000001,0.17309740725960093,0.024479670095814667,0.9265862880000002,0.001636565676216573,0.00023144533750197728,6.2911662879999986,0.017735198818972245,0.0025081358701173847
GLY  53,5.320940000000002,0.011407734217536039,0.0016132972446387093,-1.256,0.009781615408500805,0.001383329317261948,-19.9759,0.05458397200717397,0.00771933935007388,2.94518,0.05040146426442956,0.0071278434326219175,0.3029827680000001,0.002650513307359395,0.00037483918665180243,-12.662797232,0.016787056527748725,0.002374048301386604
GLY  54,4.343679999999999,0.006275157369133002,0.0008874412657453361,-2.1533600000000006,0.015798430301694574,0.0022342354396862533,-10.590439999999996,0.14567362973474202,0.020601362285098873,-2.8324199999999995,0.13294496455301705,0.01880125719200871,0.05422910399999997,0.002386347080285513,0.00033748044054692097,-11.178310895999996,0.04876516843803449,0.006896436257647677
ALA  55,9.32392,0.04833873808842181,0.0068361298992647025,-4.593500000000002,0.021069646413051275,0.0029796979711742746,-5.1558,0.08922667762500001,0.012618557762276699,-1.5543799999999997,0.08903255359698985,0.012591104478957253,0.11187705599999997,0.008614409691584802,0.0012182615017677456,-1.8678829440000002,0.03327031294493395,0.004705132779112274
ALA  56,9.386319999999998,0.01878769810394088,0.002656981746436447,-6.239419999999996,0.022286399440928677,0.00315177283458255,-7.5961599999999985,0.10704473083727072,0.015138411013064571,-1.0818,0.07832419804887712,0.011076714314271834,0.0,0.0,0.0,-5.53106,0.0879550817178983,0.012438726944508564
ASP  57,17.11352,0.01520031578490715,0.002149649273536953,-5.380839999999998,0.019862890021830986,0.0028090368456798603,-34.48478,0.6894653664976605,0.0975051272087528,-42.989560000000004,0.682409617751791,0.09650729365184224,0.46256054400000013,0.003996441637843215,0.0005651821965470419,-65.27909945599998,0.020554524444117598,0.002906848723700041
ARG  58,13.729600000000003,0.02222521090949631,0.003143119469481215,-3.3103400000000005,0.014947387731451375,0.0021138798451867742,-167.10268000000005,0.7070396435720627,0.09999050530750501,-44.16084000000001,0.697624006467567,0.09865893313834889,1.5757284959999998,0.003961748739901714,0.0005602758798683523,-199.26853150399992,0.03275888606751647,0.0046328060964916816
ALA  59,7.544120000000001,0.019952583792191753,0.0028217214603303174,-3.3905000000000007,0.03609390530260557,0.005104449039795496,-8.875160000000001,0.03745469796928031,0.005296894184274424,-3.4540599999999997,0.03717817101469511,0.005257787367320812,0.26152113600000004,0.004615745166181892,0.0006527649414472487,-7.914078864,0.059016962465443634,0.008346258872869428
GLY  60,6.559079999999998,0.04479635699501716,0.006335161560726013,-2.17322,0.013457027903598918,0.0019031111370502768,-14.788540000000005,0.0701875231070353,0.009926014708734431,1.3690600000000002,0.057149071733489876,0.008082099232253427,0.20457806399999995,0.004598108258222995,0.0006502707060038689,-8.829041935999996,0.03906218620305861,0.005524227350430868
VAL  61,11.160260000000001,0.031762751769621594,0.004491931433088888,-5.66134,0.04759605445837583,0.006731098573048351,-20.635220000000004,0.0540252866710681,0.007640329312131891,-1.6721000000000001,0.07448523343589225,0.010533802732156474,0.02016604799999999,0.002405818717878886,0.00034023414594353717,-16.788233952000002,0.02714762372644607,0.0038392537660141652
ARG  62,11.2393,0.008902246908915,0.0012589678314181554,-5.163239999999999,0.03552720647633416,0.005024305723206102,-145.53056000000004,0.763290879276955,0.10794563135091546,-53.30801999999997,0.7484660978310902,0.10584909065291954,1.2928438080000006,0.004671131334222243,0.0006605977284483026,-191.469676192,0.03156556971897795,0.00446404568006121
LYS  63,8.95732,0.004415608680762249,0.0006244613682466342,-3.5977600000000005,0.02919147820850541,0.004128298438818701,33.0325,1.6900111035138405,0.2390036623150394,-72.08512,1.6759044917890358,0.23700868615300436,1.1741759999999994,0.0058199785435433474,0.0008230692588999415,-32.518884,0.0328123094981073,0.004640361310500687
GLY  64,6.28542,0.009925905499280041,0.001403735017591552,-2.7476600000000007,0.05383961738347368,0.007614071709668673,-15.301660000000002,0.24823775780478846,0.03510612037806195,-3.2352800000000004,0.16920035933766495,0.02392854429337269,0.165958704,0.004240887203449146,0.0005997520199612289,-14.833221295999998,0.02424089110946596,0.0034281796971016142
ASP  65,14.546080000000003,0.07218998268384055,0.01020920525789662,-6.62862,0.03762440165648015,0.005320893909876697,-60.69986,1.2060595675176708,0.17056257974133196,-11.468700000000002,1.1366437656539299,0.16074570289746135,0.01012896,0.0008645506245443729,0.00012226592185887817,-64.24097103999999,0.06464053497399025,0.009141552123926939
ARG  66,13.850080000000002,0.05752072322166006,0.008134658689758068,-8.92158,0.044190537448544016,0.006249485738828709,-177.15691999999999,0.8751094066532971,0.12375915914493647,-27.180660000000003,0.8202335182128266,0.11599853657695784,0.6457341600000003,0.01299077899113157,0.001837173583504974,-198.76334583999994,0.0910107211835358,0.012870859621911266
ILE  67,13.003020000000001,0.018042715984126594,0.002551625364679765,-8.262419999999999,0.0382220302965806,0.005405411362685961,-12.412800000000002,0.07531002589277885,0.01065044600002368,-1.2410200000000002,0.04466205996144559,0.006316169092099673,0.0,0.0,0.0,-8.91322,0.046619004708131545,0.00659292287225748
LEU  68,13.199979999999998,0.019616819315152217,0.0027742371926110757,-7.408880000000002,0.05048747963577007,0.007140007843094148,-33.787780000000005,0.07448336458446427,0.010533538436652922,-2.0173799999999997,0.0673975934288615,0.00953145906984037,0.135260208,0.006369649846195552,0.0009008045200057448,-29.878799792,0.05087354362039082,0.007194605535393595
GLU  69,15.546740000000002,0.014410843136666138,0.0020380009809104487,-6.2818999999999985,0.03940621778362081,0.005572880763142439,1.4034799999999998,0.4737560232862488,0.06699921933873568,-82.11228,0.4629513166632381,0.06547120307436327,0.38484460800000003,0.005744718024330296,0.0008124258142017075,-71.05911539200001,0.03651547366486819,0.005164067809333418
VAL  70,10.908760000000003,0.03786109348660465,0.005354367189503195,-6.63096,0.10975499259710145,0.01552169990689795,-26.209579999999995,0.12246715314792561,0.017319470892701926,-2.0184200000000003,0.04965565023236297,0.007022369400706244,0.0,0.0,0.0,-23.9502,0.03521533756969719,0.004980200799461256
ASN  71,18.5222,0.1532049607552142,0.02166645333228617,-4.060460000000001,0.08053575851754315,0.011389476195151403,-90.02945999999999,0.1572556148444274,0.022239302327230905,-7.994180000000001,0.20507897893242963,0.02900254733638682,0.34547472000000007,0.0034937572485746068,0.0004940918884573517,-83.21642527999998,0.16371916703005898,0.023153386643433548
GLY  72,6.100419999999999,0.04073577788629421,0.005760908956061528,-1.2898399999999999,0.0434287278192686,0.006141749587861938,-5.313199999999999,0.0528794856253213,0.00747828857426425,-6.345240000000001,0.04188487077673697,0.005923415231070594,0.48988454400000014,0.00964927756507962,0.0013646139199638033,-6.357975455999999,0.07950521918220478,0.011243735924691954
VAL  73,10.68292,0.023670944214774323,0.00334757703427108,-2.4146400000000003,0.040723339745133876,0.005759149937269562,-30.170740000000002,0.07368739647891599,0.010420971547644644,-0.28506000000000004,0.06710600867284525,0.009490222758186428,0.5345880479999999,0.005453762629618663,0.0007712785076770267,-21.652931952,0.02890607065342049,0.004087935715298217
ASN  74,20.431639999999998,0.016767540072974187,0.002371288257883445,-4.45524,0.03856711552605829,0.00545421378385616,-91.90812000000001,0.1269183422287122,0.01794896408937547,-5.8771,0.1278363406860157,0.01807878867623109,0.5949820799999999,0.004338843303938184,0.0006136051045441068,-81.21383792,0.04415382634648501,0.006244294004986558
VAL  75,13.476539999999998,0.029084848290023935,0.004113218691131577,-6.367940000000002,0.03137859780140734,0.0044376038579000835,-33.688959999999994,0.03177417820003153,0.004493547374374413,1.28952,0.028704173912503003,0.004059383204377773,0.019623456000000015,0.001932190926814244,0.0002732530613794944,-25.271216543999998,0.03455150589850228,0.0048863208242075915
GLU  76,15.40706,0.024634455546708022,0.00348383811358316,-5.910820000000002,0.0862831826022862,0.012202284704086741,15.977680000000005,0.42905209194203986,0.060677128738898085,-95.36856000000002,0.4247592334457115,0.06007002686821247,0.501627744,0.00370947081228429,0.0005245983931959585,-69.393012256,0.11298482930592918,0.015978467794685418
GLY  77,6.104920000000002,0.011661629388299842,0.0016492034440302296,-3.65598,0.03551365371233885,0.005022389072941121,-12.384300000000001,0.047592541431915436,0.006730601756081825,-2.52512,0.05214772861782256,0.0073748025058276235,0.05065142399999998,0.002738818235266026,0.000387327389318796,-12.409828576000002,0.026102501879304463,0.0036914512169581573
ALA  78,7.09298,0.04797936639835565,0.006785307067462252,-4.296459999999999,0.07720834410871562,0.010918908736691447,-11.47592,0.2560801312088394,0.036215199460982235,1.4992399999999995,0.1814614625753983,0.02566252614221861,0.07053825599999997,0.0026217447268699467,0.0003707706949819624,-7.109621744000001,0.10265360686961583,0.014517412306152663
THR  79,14.94652,0.10426259923870819,0.014744958189165186,-6.648860000000001,0.06786368984949155,0.00959737505778323,-33.01978,0.3060836023047751,0.04328675815994257,-3.0584399999999987,0.24190247291007383,0.03421017579610166,0.134433936,0.005460605294132029,0.0007722462065727839,-27.646126063999997,0.2596446500790415,0.0367192985539397
HIE  80,30.672140000000002,0.13491019383180902,0.019079182581932738,-11.55088,0.3234681832885734,0.045745309180288664,-13.049479999999996,1.1532424938407977,0.16309311754946265,-3.75062,0.9080619117659329,0.1284193471093823,0.028281599999999997,0.022284454932997577,0.0031514978396337194,2.3494416000000005,0.8944068458613551,0.12648822916964708
LYS  81,11.831620000000003,0.4066190792375264,0.057504621657736996,-3.8683799999999997,0.5792281032546613,0.08191522393303856,-24.447779999999987,2.791839001733569,0.3948256580213776,-17.250120000000003,2.90403806200949,0.41069300129415,1.0345991040000002,0.0669177762682537,0.009463602676241281,-32.70006089599999,0.16637577794284167,0.02352908816171411
GLN  82,20.85424,0.15446715637930317,0.021844954749281626,-5.97286,0.0937567085599517,0.013259200880894535,-77.49602,0.7067937037083586,0.09995572415842716,-9.417459999999998,0.526420182363912,0.07444705614059623,0.6179561279999998,0.015496983725405273,0.002191604456034327,-71.41414387200001,0.43350083622572755,0.06130627618905018
VAL  83,13.380600000000001,0.04145793048366749,0.0058630367557923535,-7.379120000000001,0.12383305536071272,0.017512638636121822,-27.285120000000003,0.11464757127844007,0.016213615019510606,-0.8186799999999996,0.16815533770891916,0.02378075591733814,0.0,0.0,0.0,-22.10232,0.10633201587562313,0.015037617896577747
VAL  84,13.801680000000001,0.15148378659103728,0.02142304254766765,-6.172960000000002,0.16041520626167957,0.02268613603061447,-34.22486,0.4518099162255368,0.0638955711140806,0.2779400000000001,0.3292415775688119,0.04656179042949272,0.100037664,0.015216606368435286,0.002151953109953399,-26.218162336,0.27065434768179203,0.03827630492068333
ASP  85,14.279339999999998,0.23250157934967092,0.03288068867894689,-4.48956,0.24572953912787654,0.034751404691033314,-40.31521999999999,2.7140305325476572,0.3838218787823571,-40.97199999999999,2.9468530333224003,0.4167479526044833,0.5403493439999999,0.005912048370984592,0.0008360898987652172,-70.95709065600002,0.2671796827449226,0.03778491309284103
LEU  86,12.622679999999995,0.12085221388152984,0.017091083991407352,-6.072660000000002,0.10508294057544068,0.014860971973583421,-31.65386000000001,0.19660437533167424,0.027804057401594407,-1.4192399999999998,0.1713059905549167,0.02422632551585205,0.3078100800000001,0.013003154950085787,0.0018389238084050164,-26.215269920000004,0.1891759682073187,0.026753521991385153
ILE  87,13.98682,0.08109246327531552,0.011468206137019335,-8.184999999999999,0.17833059187931016,0.025219754162174174,-8.882060000000003,0.9843057128758016,0.1392018488670276,-0.7899400000000003,0.5686876263820054,0.08042457539831956,0.0004174559999999999,0.0012239792384121553,0.0001730968039025562,-3.869762543999999,0.642956871693071,0.0909278327969319
ARG  88,13.032859999999996,0.06521196516092875,0.009222364555958722,-5.256619999999999,0.12318179898026149,0.01742053707554021,-166.7126,2.7696710707205896,0.3916906391525469,-41.086679999999994,2.666894084436105,0.37715577836221176,1.0270553759999999,0.009572384927380486,0.0013537396588557279,-198.99598462400002,0.24679770992994213,0.034902466854554524
ALA  89,8.2197,0.07642676232839378,0.010808376381307962,-2.0114800000000006,0.08757859099116744,0.012385483115323514,-5.343679999999999,0.4278251250219059,0.06050360941299443,-6.848359999999999,0.3232121136343762,0.045709095462500876,0.38519856,0.007359186885518051,0.0010407461901537844,-5.59862144,0.1265250326774273,0.01789334171921167
GLY  90,5.607419999999999,0.18658028727601791,0.026386437273721274,-0.47562,0.059852114415449166,0.008464367194303444,-5.6072000000000015,1.211053772546862,0.17126886698988736,-8.450960000000002,1.0479290426359849,0.14819954645004632,0.533274768,0.012671247038449742,0.001791984941395554,-8.393085231999999,0.09901836709663302,0.014003311767209623
GLU  91,14.472380000000001,0.1330682366306589,0.01881869049641501,-1.6639200000000005,0.10753954435461135,0.015208388211771439,8.867299999999998,1.1164225588906813,0.15788599241224768,-81.97752000000003,0.7830290988186172,0.11073703712820708,0.8651936159999998,0.021590121659092278,0.003053304286357341,-59.436566384000024,0.49003652764865047,0.06930163034589397
LYS  92,10.699920000000002,0.08528442765202957,0.012061039424472722,-2.5295999999999994,0.1431801662242439,0.020248733293715987,9.567500000000003,0.461525741427265,0.06526959629107364,-52.28914000000002,0.39889908548220815,0.05641284967071633,1.2856690080000002,0.00919748505283978,0.0013007208101449839,-33.26565099200001,0.18229859771080065,0.025780914928421113
GLU  93,15.089340000000002,0.06774115735613755,0.009580046346389967,-4.25342,0.12547415510772003,0.017744725188064303,-25.312900000000003,0.6324741971021018,0.08944535873928265,-57.68780000000001,0.6426320253450637,0.09088189258582796,0.5257690559999998,0.005994021100946982,0.0008476825934109732,-71.63901094400002,0.18678217413319345,0.026414988386869526
LEU  94,13.04672,0.12607712560189885,0.017829998093122152,-8.10014,0.16157499930373775,0.02285015553557693,-32.33486,0.07472670472987088,0.01056795193004331,0.33881999999999995,0.05402728569898783,0.007640612017371455,0.0,0.0,0.0,-27.049459999999996,0.210844986662097,0.02981798396959119
ILE  95,13.293619999999997,0.07991993243248378,0.011302385234995995,-5.140040000000002,0.05266762193205615,0.007448326523425248,-12.41442,0.05258976706536347,0.007437316182587894,-1.0461600000000002,0.03603740279209567,0.005096458378128374,0.34433755199999994,0.006556309343110254,0.000927202159213996,-4.962662448000001,0.05157681595642654,0.007294063262959946
LEU  96,11.612120000000003,0.05070291510272773,0.007170475019012918,-8.360660000000003,0.03120808228560393,0.004413489322395662,-35.374539999999996,0.043756695491271445,0.0061881312208385735,0.9015599999999999,0.041869874611704126,0.00592129445307329,0.00036388799999999993,0.0004648060587556923,6.573350321654858e-05,-31.221156111999996,0.05949881632876187,0.00841440329972808
THR  97,16.22196,0.016249258446944765,0.002297992167417486,-5.28336,0.017298277371075945,0.002446345846386721,-45.09099999999999,0.07173925007635133,0.010145462041245114,2.3639200000000002,0.07794968633675059,0.011023750360016142,0.12822235200000004,0.003344052571490371,0.0004729204499890306,-31.660257647999998,0.027570755840031002,0.0038990936833849057
VAL  98,11.95416,0.007806048935451954,0.0011039420273064213,-6.75216,0.024307496786015875,0.0034375991622124067,-27.546280000000003,0.04527473467409889,0.006402814380895408,-0.8332,0.06190799625250331,0.008755112791963292,0.0004979519999999999,0.00047841680666130466,6.765835364476439e-05,-23.176982048000003,0.022973133620947772,0.003248891713695367
LEU  99,11.5837,0.018615316273789165,0.0026326032742257223,-8.62168,0.03586945218449699,0.005072706575420889,-33.59512,0.18270617285540233,0.0258385547581393,-0.05086,0.1447542759299358,0.02047134602316125,1.9152000000000002e-05,0.000134064,1.895951270259866e-05,-30.68394084800001,0.07095071997394828,0.01003394704472933
SER 100,12.010400000000002,0.012379014498182342,0.001750657019214264,-4.90626,0.015531657992416887,0.002196508137901644,0.5222400000000001,0.18905200977508768,0.02673599162178199,-11.519459999999999,0.17108842275291095,0.024195556782218828,0.26346484800000003,0.0018617928179294509,0.00026329726534446516,-3.6296151519999995,0.031528962307337566,0.0044588686102586894
VAL 101,7.8921600000000005,0.004776442190336678,0.0006754909325465182,-2.087339999999999,0.010986555420371281,0.0015537335679252707,-52.51680000000001,1.0184503129748952,0.144030624521222,-57.96432000000001,0.9927658422806429,0.14039829184140343,1.015393248,0.005104278681160757,0.0007218540137029398,-103.66090675199999,0.02590048018367135,0.0036628810347723614
GLU 102,9.381100000000002,0.15484705357205228,0.021898680325510955,-2.924040000000001,0.3431891000600056,0.0485342679763477,-103.402,2.8709208627195917,0.40600952205579127,-61.810240000000015,2.128039393995918,0.30095021722532495,1.1068179839999999,0.030930936637097617,0.00437429500890863,-157.648362016,0.7222756984450397,0.1021452088513475
GLU 103,14.613980000000005,0.2446949521339503,0.03460509199520678,-4.123759999999998,0.4855602356042132,0.06866858705405536,-25.22712000000001,1.4385464975452902,0.20344119669328636,-52.29041999999998,1.4792843146607348,0.2092023940399,0.6677657280000001,0.061256712849315165,0.008663007409789574,-66.359554272,0.5321601449697673,0.07525880943706773
GLU 104,14.796480000000004,0.15467194186333363,0.02187391579017093,-4.00934,0.24040113227688367,0.03399785416758173,-56.4832,6.140772378129592,0.8684363580596952,-25.917379999999998,5.560524870513613,0.7863769685793249,0.5979923999999999,0.04300450267007995,0.006081755091913704,-71.01544759999999,0.6567240984042877,0.09287481267005866
SER 105,11.400019999999998,0.5292398885194401,0.07484582280930172,-4.489140000000002,0.18123851798109497,0.025630997015326454,-3.023940000000002,1.816952452982738,0.25695588011952514,-8.068800000000001,2.312070725561825,0.3269761777255335,0.21384359999999997,0.01493656569105489,0.0021123493775566486,-3.9680164000000007,0.4143805299318984,0.0586022565413041
ARG 106,12.416699999999999,0.5225115214041108,0.07389428800658933,-4.81536,0.3332848487405233,0.04713359532223135,-151.99318000000002,2.302948038405182,0.32568603493531234,-49.403499999999994,1.8899170590268517,0.26727463366360465,1.207047888,0.08454584281035162,0.011956587754466308,-192.588292112,0.30889719009288646,0.04368465956083001
PHE 107,6.253300000000001,0.08662892126759751,0.012251179535038745,-9.75148,0.11818193432152445,0.016713449434498623,-58.12658,2.079487543506589,0.29408394868129295,-19.03634000000001,2.366076681851113,0.33461377330885744,0.13765017599999996,0.015150975232117314,0.0021426714656439154,-80.523449824,0.31541841045831265,0.044606899389230945


