#Frame       SA_00001
       1    4958.6197
       2    4985.9577
       3    4877.3299
       4    4960.9147
       5    5096.5846
       6    4953.8280
       7    5253.1297
       8    5000.5941
       9    5024.9249
      10    5098.4319
      11    4992.5038
      12    4969.3869
      13    5034.7363
      14    5054.7288
      15    5185.9291
      16    5144.0465
      17    5109.8666
      18    5060.3859
      19    5062.2274
      20    4951.4874
      21    5083.9264
      22    5084.9216
      23    5088.6478
      24    5112.9655
      25    5084.4329
      26    5194.4624
      27    5039.9729
      28    5124.5990
      29    5024.2765
      30    5167.1926
      31    4990.0670
      32    4957.1078
      33    5179.4222
      34    5084.0243
      35    5038.5741
      36    4849.4067
      37    5054.8036
      38    5053.1511
      39    4987.1840
      40    5169.4673
      41    5131.0119
      42    4960.3767
      43    5091.4340
      44    5154.3049
      45    5098.8032
      46    5085.9495
      47    5063.0278
      48    5004.5087
      49    5110.4972
      50    5042.9489
