| Run on Mon Jun 20 15:45:38 2016
| GB non-polar solvation energies calculated with gbsa=2
idecomp = 2: Per-residue decomp adding 1-4 interactions to EEL and VDW.
Energy Decomposition Analysis (All units kcal/mol): Generalized Born Solvent

Total Energy Decomposition:
Residue,Internal,,,van der Waals,,,Electrostatic,,,Polar Solvation,,,Non-Polar Solv.,,,TOTAL,,
,Avg.,Std. Dev.,Std. Err. of Mean,Avg.,Std. Dev.,Std. Err. of Mean,Avg.,Std. Dev.,Std. Err. of Mean,Avg.,Std. Dev.,Std. Err. of Mean,Avg.,Std. Dev.,Std. Err. of Mean,Avg.,Std. Dev.,Std. Err. of Mean
SER   1,4.3772199999999994,0.02600176147891034,0.0036772043729065306,-1.2082400000000002,0.05774515044572426,0.008166397492161801,-104.44468000000002,0.8671327796805143,0.12263109374024642,-10.333539999999998,0.8200928047483791,0.11597863668797483,0.9651824639999999,0.00389320015973739,0.0005505816466933717,-110.64405753599998,0.045459535144030054,0.006428949113986365
ILE   2,11.850399999999997,0.06390586827560914,0.009037654563059496,-2.88696,0.05269002182576116,0.0074514943467725815,-5.202919999999999,0.055300936700937955,0.00782073346944025,-2.46712,0.039563943180614604,0.00559518650269837,0.3515840639999998,0.0043911818716217705,0.0006210068957694379,1.6449840640000009,0.08779408396370533,0.012415958423759433
HIE   3,29.501140000000007,0.23102952278818908,0.032672508443564105,-6.087640000000001,0.17539073635741265,0.024803995807125685,-30.71182,2.4695371282085117,0.3492452899496382,-0.9301400000000001,1.423187338476562,0.20126908358712225,0.784362528,0.027243081442796583,0.0038527535257237714,-7.444097472000002,0.8634362171626974,0.12210832085556075
THR   4,14.391619999999998,0.060372473860661365,0.008537957132776247,-4.322460000000002,0.19300354504511302,0.02729482309888854,-24.832740000000005,0.4743226248025879,0.06707934889362248,-7.2869399999999995,0.6649853956291225,0.09404313652787433,0.08322033599999998,0.010751666427075837,0.0015205152479282125,-21.967299664,0.08374409338170824,0.011843203262905075
LYS   5,9.221919999999999,0.0407641214799142,0.005764917345511906,-4.5296400000000006,0.2120235609549085,0.029984659544507023,-12.455479999999998,1.6642785372647402,0.23536452789662518,-22.89228,1.5139195096173952,0.21410055028421454,1.0733564159999998,0.02202900605729852,0.003115371913183063,-29.582123584,0.41319453723760197,0.05843453184598915
LEU   6,11.02246,0.04727333709458085,0.006685459445779136,-7.588720000000003,0.08381074871378014,0.01185262975036713,-28.506279999999997,0.16144275022425522,0.022831452691395377,-1.7223399999999995,0.09190138410275109,0.012996818379896974,0.039374783999999996,0.00450533958690616,0.0006371512346899089,-26.755505215999996,0.14715885721508426,0.020811405169689795
ARG   7,12.262700000000004,0.082571484181156,0.011677371279426628,-6.210019999999999,0.08322583493128265,0.01176991044996444,-148.85904,1.317992184500899,0.1863922422422914,-47.353060000000006,1.3915351006713041,0.19679278118875684,1.2036209759999998,0.017384945983123637,0.0024586026390457107,-188.95579902399993,0.24473920134450577,0.03461134977857597
LYS   8,13.42478,0.729915208500281,0.10322559872434828,-9.43822,0.4295680756295089,0.06075009985177628,-37.36342,10.74830073842374,1.5200392676743606,-4.809619999999998,8.82640864200157,1.2482426808565714,0.18106243200000002,0.041457196937088846,0.005862933016640338,-38.00541756799999,1.3289627721051116,0.18794371761999934
SER   9,11.898820000000002,0.3004785975738899,0.042494090789184244,-3.8642800000000013,0.2081526401465707,0.029437228673904667,-15.240139999999995,1.2967460662751848,0.18338758738803268,-5.099119999999999,0.9925344656988063,0.14036557025139854,0.279851472,0.03453325622665206,0.004883739930863648,-12.024868527999999,0.7450948276409698,0.10537232105039031
SER  10,11.978459999999998,0.07672162928442411,0.01085007686613934,-1.40734,0.12550754718342527,0.017749447540698116,-1.1499200000000003,0.131091088941999,0.018539079588803267,-10.568219999999998,0.1608346094598565,0.022745448599710914,0.8042683680000002,0.0202604603336961,0.002865261778383515,-0.34275163200000003,0.29500502733962586,0.04172001106319446
ARG  11,11.710279999999997,0.39795949743671116,0.056279971855017784,-4.14748,0.653839528936574,0.09246687294377387,-176.88014000000004,3.7391675758622194,0.5287981497770079,-30.83205999999999,3.593075592914888,0.5081376234131985,0.894747168,0.09770526142082087,0.01381761058165336,-199.254652832,1.2424570461101312,0.17570996052749613
GLY  12,5.296140000000001,0.28941893580067574,0.04093001842169037,-3.5163799999999985,0.2698066633721403,0.0381564242559513,-18.299080000000007,1.729704655020546,0.24461717820299317,2.3476000000000004,0.5697685143986091,0.0805774360475683,0.058243967999999986,0.010193773238471515,0.0014416172365602322,-14.113476031999994,1.384312430529621,0.1957713413816653
PHE  13,8.450099999999999,0.4460249432487065,0.06307745238990108,-10.197,0.2925980177650397,0.04137960850468029,-10.50226,0.6084311895358236,0.08604516400123569,-0.7302599999999999,0.35287498126106953,0.049904058432155625,3.8304000000000005e-05,0.0001876505102151337,2.653778965324731e-05,-12.979381695999995,0.718885548818584,0.10166576929332671
GLY  14,5.75178,0.1984233141543753,0.028061294196813486,-4.46956,0.09934971766437294,0.014050171813889406,-9.761160000000002,0.7749083651632316,0.10958859196102048,-1.91586,0.4513875501163062,0.06383583952608454,7.3152e-05,0.00035872004139161223,5.07306747631056e-05,-10.394726848000003,0.2823071888195027,0.039924265518396285
PHE  15,9.120839999999998,0.08238212427480879,0.011650591744654036,-10.64208,0.14542184705199288,0.020565754836627422,-9.618360000000001,0.33462813748989356,0.04732356503898562,-0.12176000000000002,0.3506631751410462,0.049591261810927954,0.0,0.0,0.0,-11.261359999999998,0.3443111825079796,0.04869295439795027
THR  16,15.04062,0.28975492334048875,0.040977534235249566,-5.2999,0.39592450037854127,0.055992179811112465,-38.339699999999986,0.9116670719079732,0.12892919374612233,-1.8442199999999997,0.6064373764866412,0.08576319625573667,0.073698912,0.01416570224146533,0.002003332823041922,-30.369501087999996,0.9407243484364157,0.13303851320133722
VAL  17,12.066979999999996,0.18154707268367637,0.025674633239838915,-7.461800000000002,0.31424436351342205,0.04444086407799824,-29.486800000000002,0.21265333291528143,0.03007372274926319,1.4149399999999996,0.4294239122359177,0.06072971206913485,7.6464e-05,0.0003219354704036199,4.552855084537614e-05,-23.466603536,0.26475353952211356,0.037441804627845424
VAL  18,9.95296,0.0644251379511985,0.009111090384834252,-4.8742800000000015,0.30838035216268783,0.043611567639786436,-25.82015999999999,0.5509388844512969,0.07791452424297275,-4.217860000000001,0.48940453655436933,0.06921225330821082,0.16305537600000006,0.04443758163033846,0.006284423062068616,-24.796284624,0.4705410585580448,0.06654455466661796
GLY  19,4.7934800000000015,0.15223353638401996,0.021529073180229903,-3.5157600000000016,0.3871703790322633,0.05475416009765585,-10.279060000000001,1.637317115405563,0.2315516070512141,0.9181,1.2242589799548136,0.17313636533091484,0.07270271999999998,0.038778173886164405,0.005484061943387589,-8.01053728,0.4684425915515764,0.06624778661654396
GLY  20,6.833879999999999,0.20393093340641405,0.02884018918107552,-4.125979999999999,0.11356927225270409,0.016061120508861656,-18.09872,0.6853321250314378,0.0969205985949433,3.2088200000000002,0.7787432616722912,0.11013092822636143,0.0030324959999999995,0.001217528890328276,0.00017218458692833124,-12.178967503999997,0.13328119966707666,0.018848808017853626
ASP  21,14.782619999999994,0.5981639872143183,0.08459316232416556,-3.54812,0.5001900694735897,0.07073755800138912,-32.563379999999995,6.266510776788031,0.8862184529290792,-50.11252,6.567074043255484,0.9287245177080223,0.5199552000000001,0.05638489976648574,0.007974028996281168,-70.9214448,0.7800669438103177,0.11031812514954824
GLU  22,16.001800000000003,0.41674174256963864,0.058936182434897996,-2.1217199999999994,0.31711556505476224,0.044846913294005225,43.92530000000001,7.520758297538871,1.0635958383709458,-113.42728000000001,7.758253313832815,1.0971827056748373,0.7733102400000001,0.01760494077486115,0.0024897146008583744,-54.848589759999975,0.4685404330630916,0.06626162349579874
PRO  23,18.76542,0.02991794779295178,0.004231036752716261,-3.6162999999999994,0.13239354213859741,0.01872327428630183,-6.367840000000001,0.3577611135939603,0.05059506189342801,-6.4672199999999975,0.369973636358104,0.052322173425812225,0.6337624319999998,0.03274940163135763,0.004631464794666952,2.9478224319999997,0.16611947177670788,0.023492840996087488
ASP  24,12.445579999999998,0.04551970562367307,0.00643745850482293,-1.2356000000000003,0.03165185618568275,0.004476248429207529,41.090959999999995,2.6767347194670017,0.37854745431451753,-123.49493999999997,2.654732562125815,0.37543587938318024,1.0066949280000004,0.017033223677653503,0.002408861593587211,-70.187305072,0.04519000161560458,0.006390831316845007
GLU  25,13.841740000000005,0.22436325991545716,0.03172975650706793,-4.51584,0.1577705118201808,0.022312119755864435,40.73562000000001,8.040423533346878,1.1370876008082957,-120.04298,8.262326385443734,1.16846940310476,0.5377304159999999,0.0494348639979492,0.0069911455119969195,-69.443729584,0.3603279495807962,0.05095806731992508
PHE  26,9.54726,0.10094053893280937,0.014275147915202843,-2.7097599999999993,0.13482144636520993,0.01906663179484367,-3.1767400000000006,0.8083438825153535,0.11431708817145367,-3.499120000000001,0.797818892731926,0.11282862984189752,0.7570880640000002,0.02884788413590656,0.004079706899076671,0.9187280640000001,0.1447529592692286,0.02047115981921833
LEU  27,12.633359999999998,0.07919867675699921,0.011200384279175109,-7.869940000000001,0.12059177583893205,0.01705425249020738,-28.07242,0.13018388379412965,0.01841078140640611,-3.4000399999999997,0.10378708204782733,0.014677709903116658,0.012549744000000005,0.003239861593843752,0.0004581856206225546,-26.696490255999997,0.1296227543415529,0.01833142571819801
GLN  28,20.817360000000004,0.10481197641406871,0.014822651854390492,-6.9174,0.14547577117853508,0.020573380859736933,-86.22696,3.193402999685722,0.4516153832278473,-1.03362,2.6411083574136067,0.373509125875125,0.4001545439999999,0.06224810408107371,0.008803211302346644,-72.96046545600001,0.7469316661006542,0.10563208923654772
ILE  29,13.53984,0.07600114735927678,0.010748185335140535,-8.538279999999997,0.1795416430804985,0.025391022665519052,-8.045179999999998,0.34520757175939376,0.04881972298160181,-0.75688,0.34900525153641987,0.04935679600622384,0.004257359999999999,0.0012395131973480572,0.0001752936374430061,-3.796242639999999,0.25726722594410184,0.03638308000842522
LYS  30,12.262819999999994,0.5394348779974667,0.07628761204810933,-5.134960000000001,0.44628950066071077,0.06311486645790935,-20.339279999999995,3.7726704867507546,0.5335361768727623,-21.90394,3.4138798421151293,0.48279551730313364,0.7856742240000003,0.03127870579021441,0.004423476994199907,-34.329685776,0.5959388495321571,0.08427848033533958
SER  31,10.690659999999998,0.18073401561425761,0.025559649606383385,-3.300080000000001,0.46398275140353445,0.06561706997420626,-14.712060000000001,1.5706303882199641,0.22212067964959928,-5.894540000000002,0.335240821499985,0.047410211642637666,0.35225294399999996,0.014053242750798086,0.0019874286493500033,-12.863767056000002,1.2030419718785974,0.1701358272734784
LEU  32,10.67442,0.04958269456191018,0.007012051910845608,-5.595440000000002,0.07327186636069026,0.01036220671476771,-26.86828000000001,0.24854561271451864,0.0351496576369203,-3.344240000000001,0.19182539560755957,0.027128207607579505,0.421388928,0.009549710065696397,0.0013505329491638705,-24.71215107200001,0.11387094012026894,0.016103782787825892
VAL  33,11.108740000000003,0.039510408754728464,0.005587615591584166,-3.8056600000000014,0.19235775107851763,0.027203494040282748,-24.702839999999995,0.3523265167426719,0.049826493836115794,-4.0161,0.32996461931546944,0.04666404397392122,0.24231556800000004,0.02913209848813129,0.004119900878230401,-21.173544432000007,0.2075352822509161,0.029349921083017382
LEU  34,12.667539999999999,0.13650380361020537,0.019304553038106586,-0.6819399999999999,0.10982921469263252,0.01553219649631073,-36.53238,1.9191392329895176,0.2714072731376075,2.1973999999999996,1.2729266593170254,0.18001901455124136,1.1216039040000003,0.049595803277321035,0.00701390576315754,-21.227776096,0.6930401960275198,0.09801068444918268
ASP  35,12.208619999999998,0.17252986871857334,0.0243994080256256,-3.22376,0.2654099139067705,0.037534629983523034,-16.23652,3.012255966812915,0.4259973241606104,-64.85875999999999,2.8533767123184273,0.40352840451202726,0.6614892,0.024380887252895805,0.003447978141573456,-71.44893080000001,0.6422467437977425,0.09082740554687259
GLY  36,6.4589599999999985,0.08327471645112101,0.011776823340794922,-2.3818400000000004,0.15523651116923157,0.02195375794710097,1.92244,0.38731052967870727,0.0547739803921535,-4.64418,0.3645559320598083,0.051555994336254546,0.0006167519999999999,0.0031965965156860194,0.00045206701459177484,1.355996752,0.23091465736449943,0.032656264019561135
PRO  37,20.258319999999998,0.14043453136651218,0.019860441888403135,-7.42202,0.2634514368911251,0.03725765950781087,-5.69446,0.22029709122000532,0.03115471341546744,-5.30752,0.2229119323858736,0.031524507799489676,0.13519814400000002,0.013318192501449064,0.0018834768461844923,1.9695181440000002,0.29112372707037176,0.04117111231515231
ALA  38,9.540760000000002,0.040133058691918654,0.0056756715901626785,-6.066060000000002,0.04109034436424171,0.005811052228249149,-3.6828200000000004,0.16447257400549292,0.023259934479698065,-3.9988199999999994,0.12624811919390763,0.017854180238811922,0.0,0.0,0.0,-4.2069399999999995,0.09033037362929343,0.012774643948077574
ALA  39,8.76274,0.017427346326482678,0.002464598953108474,-4.07362,0.046424515075551225,0.006565417884643875,2.0332999999999997,0.13536192226767674,0.01914306662998411,-6.831659999999999,0.12304708204597706,0.01740148522398557,0.29827958400000004,0.010690300668835409,0.0015118368191713203,0.18903958399999993,0.05177324923848375,0.007321843124118623
LEU  40,12.092440000000005,0.029633872508388,0.004190862440699752,-3.14688,0.12170220047312773,0.017211290247974652,-27.91768,0.20756439386333053,0.029354038086727284,-6.8204199999999995,0.20784918474703123,0.02939431359974426,0.931890672,0.022584576024743414,0.0031939413714638376,-24.860649327999994,0.1362419223303086,0.019267517432330426
ASP  41,16.904899999999998,0.05291360883636312,0.007483114325048956,-4.686259999999998,0.06818410665260391,0.009642688836640602,-7.567839999999998,0.7982718424196363,0.11289268660104078,-75.07068,0.7957303673974438,0.11253326775655907,0.38983190399999984,0.006604466624616325,0.0009340126272772862,-70.03004809599999,0.10924451442793899,0.015449507391885458
GLY  42,7.1100200000000005,0.05063851893561486,0.007161368025723331,-2.19042,0.043574804646720484,0.006162407970915027,-0.9843799999999999,0.0627569565865,0.008875173913788784,-6.883860000000001,0.045620613761557995,0.006451729070537997,0.35197776,0.004399241243672588,0.0006221466630952856,-2.59666224,0.0512840060088688,0.007252653683056556
LYS  43,10.439760000000003,0.04083457358635031,0.005774880777953875,-2.448819999999999,0.10013145160239671,0.01416072568762146,-29.593220000000002,0.6538731464129589,0.09247162717287749,-12.281519999999999,0.6775175935723357,0.09581545695763795,1.100086128,0.016489980214988754,0.00233203536633011,-32.78371387199999,0.03844446806434439,0.005436868813481517
MET  44,10.771240000000002,0.033931436750038645,0.004798629804270951,-9.67332,0.08386475779501996,0.011860267787885197,-11.72944,0.15888991912636238,0.02247042785528659,-2.34618,0.1556915784491904,0.022018114179011974,0.01224432,0.0014512606911234636,0.00020523925519257534,-12.965455679999998,0.09500041346052124,0.013435087314692066
GLU  45,15.133140000000001,0.012582543464363941,0.0017794403616452432,-5.053559999999999,0.03784767364079834,0.005352469336708771,24.83194,0.7968481765054637,0.11269134983662966,-103.60292000000003,0.8233842320543202,0.11644411480153753,0.6827510879999998,0.004571303125243452,0.0006464798877437805,-68.00864891200001,0.05517070656959592,0.007802316147642896
THR  46,13.419399999999998,0.013186356588943583,0.0018648324326371838,-3.01908,0.08932767544271594,0.012632841010635094,-19.5445,0.16958328337419606,0.023982697929954788,-17.039700000000003,0.17845596095378508,0.025237484026716633,0.66204144,0.009300477758039424,0.001315286178196867,-25.521838560000006,0.08755688809344742,0.012382413862093669
GLY  47,6.1570399999999985,0.03145470394110996,0.004448366891394815,-1.79502,0.0748378219886233,0.010583666283477448,-12.750720000000001,0.147347893096435,0.020838138880407933,-3.310799999999999,0.19094365661107113,0.02700351088284879,0.31590345599999997,0.0047133609265628,0.000666569894670453,-11.383596544000001,0.050210069221120535,0.007100776086020056
ASP  48,12.858560000000004,0.059419242673522665,0.008403149885483392,-6.5214599999999985,0.04616501272649137,0.006528718710493063,-4.5805000000000025,1.2802972818841647,0.1810613779909995,-69.86743999999999,1.2474348746132273,0.17641393178552073,0.004695552,0.0013600495911899608,0.0001923400577360826,-68.10614444800001,0.07984323634924324,0.011291538770886027
VAL  49,11.557679999999998,0.048867346971139515,0.006910886484377729,-5.6744200000000005,0.05400484793046468,0.007637438837715972,-28.593360000000004,0.20670982172982982,0.029233183336605004,-0.14855999999999997,0.19591999999999998,0.027707272114013675,0.21956356799999996,0.0068443785344019055,0.0009679412949366461,-22.639096431999995,0.079533909469745,0.011247793344066732
ILE  50,13.37708,0.06823337599754728,0.009649656574223417,-7.59884,0.06409691412218509,0.009064672525785772,-8.630899999999999,0.13691563095572856,0.01936279421984609,-1.9581000000000006,0.11893918614148292,0.01682054101389032,0.0,0.0,0.0,-4.810759999999999,0.0846984202923523,0.01197816546890212
VAL  51,12.705780000000003,0.03932952580270712,0.0055620348791890995,-6.092539999999999,0.04809499350271016,0.0068016592093778595,-31.73165999999999,0.08734680532612142,0.01235270367221634,0.8061799999999997,0.07211315829999795,0.010198340649341503,0.175950144,0.00906289911964533,0.0012816874849421608,-24.136289855999998,0.06817462485244163,0.009641347907602082
SER  52,11.500879999999997,0.03889145921857273,0.005500082908738569,-5.9784999999999995,0.06302832696507311,0.008913551480769225,-16.375740000000004,0.156477066689972,0.022129198991331766,-0.49539999999999984,0.13749967272688396,0.019445390199222125,0.02515967999999999,0.0095230075383778,0.0013467566415355109,-11.323600319999999,0.07616971147503138,0.010772023901003493
VAL  53,11.218920000000002,0.08529286957266548,0.012062233292338301,-5.83564,0.12559836941619895,0.01776229174403347,-27.002859999999995,0.09993618163633591,0.014133110344188729,-1.31182,0.0701223758867299,0.009916801500483751,0.022192703999999997,0.006343560633743806,0.0008971149481976557,-22.909207295999998,0.1329453619382652,0.01880131339076945
ASN  54,18.444060000000004,0.3549731488434715,0.05020078413727207,-3.13554,0.06767753246090151,0.00957104842741523,-88.47705999999998,0.3171599854990109,0.04485319529347554,-10.634239999999998,0.08278950658152642,0.011708204302977128,0.607078512,0.020531204345396386,0.002903550763711299,-83.195701488,0.10203024814251395,0.014429256069543551
ASP  55,13.825920000000002,0.11354203450707157,0.016057268509933456,-2.31322,0.2048824336052234,0.02897475162965121,24.927000000000003,1.4544164190491042,0.2056855425157354,-106.8256,1.1632537642330263,0.16450892498599004,0.7842055679999997,0.049907138064074284,0.007057935150944038,-69.60169443199999,0.5255362829483426,0.07432205388646905
THR  56,15.087039999999996,0.05573543217849875,0.007882180409155875,-2.2807999999999997,0.09863285456682695,0.013948792062397974,-31.6092,0.30858878787121696,0.04364104490037491,-9.289639999999999,0.21237135023355416,0.030033844375977885,0.64182168,0.03713889877604907,0.005252233434069013,-27.450778320000005,0.20564906397540683,0.02908316953633526
CYS  57,10.48708,0.034510195594746565,0.004880478665023883,-4.48364,0.03742285932407454,0.005292391519888665,3.4255400000000003,0.14240873709149146,0.020139636739521165,-6.051980000000001,0.12140354031074958,0.01716905332275708,0.5689375200000001,0.004593405268575266,0.000649605602829517,3.9459375200000006,0.07343657255046131,0.010385499687505812
VAL  58,13.031559999999999,0.050436161631012034,0.007132750381261874,-5.979120000000002,0.07822880287968649,0.011063223400066406,-27.4905,0.11121281401007871,0.015727866988272984,-1.7490400000000002,0.07752237354468047,0.010963319205424035,0.013049135999999996,0.0036842629746401253,0.0005210334666085108,-22.17405086399999,0.0665868706985777,0.009416805561791223
LEU  59,11.657840000000004,0.040513385441362765,0.0057294579148823915,-3.349040000000001,0.1635052243813564,0.023123130583897027,-28.056700000000006,0.08738724163049223,0.012358422229221686,-4.41344,0.1007674868199418,0.01425067465070138,0.6720455520000002,0.025855071783537433,0.0036564593172408563,-23.489294447999995,0.17231731618238946,0.0243693485576868
GLY  60,6.8288400000000005,0.048912722271361654,0.006917303520874819,-1.7325799999999996,0.061977766981402636,0.008764979863069901,-9.38742,0.11843734039553626,0.01674956930787662,-2.8158,0.10514047745755126,0.014869108917485165,0.25838092799999995,0.012129243822614797,0.0017153341115271929,-6.8485790720000015,0.06591709157309222,0.009322084489485627
HIE  61,28.148179999999993,0.10100290887080125,0.014283968356422093,-7.31068,0.09943046615604166,0.014061591375095314,-4.37868,0.3435752866549038,0.048588883008358875,-21.78762,0.29703877793968475,0.04200762683130323,0.48047918400000006,0.011590084757157055,0.0016390855052625187,-4.848320816000001,0.08956037779661795,0.012665750093123531
THR  62,14.411219999999998,0.04581628094969964,0.006479400589656129,-5.39434,0.08472534685676722,0.011981973460160488,-39.3665,0.4563272181226672,0.06453441407490615,-0.7353200000000001,0.45445987457640274,0.06427033181803245,0.20344521600000004,0.006898446818330506,0.0009755877049792527,-30.881494783999994,0.13277511835812708,0.018777237312775624
PHE  63,11.64262,0.18892812284025692,0.026718471363438145,-7.17926,0.2431174045600458,0.03438199307777633,-9.17846,0.3366525336307775,0.04760985788679101,-0.89208,0.24828885113915217,0.03511334606670235,0.11344953600000002,0.04585345698540847,0.006484658075045599,-5.493730464000001,0.37079395993794056,0.05243818469902616
ALA  64,9.13478,0.02547963108120887,0.0036033639839308626,-3.2648800000000007,0.05141775568803821,0.007271568744080999,-4.878720000000002,0.31326621522274106,0.04430253302012893,-1.3397600000000005,0.3114697776671101,0.044048478384615966,0.457253568,0.033931513605929546,0.004798640673335276,0.10867356800000003,0.0886165330537669,0.012532270289512083
GLN  65,20.56802,0.051283716715278954,0.007252612770764728,-6.0086,0.041990951406339946,0.0059384172975795535,-71.22609999999999,0.2841552568617981,0.040185621807356534,-11.224639999999999,0.2583286093331199,0.0365331822867879,0.6529968,0.00731990754040102,0.0010351912518952206,-67.23832320000001,0.0733728367598363,0.010376486085554767
VAL  66,12.558919999999999,0.02924848030309555,0.004136359752344006,-6.152720000000001,0.14513566618851073,0.02052528275078461,-28.397120000000015,0.20215633949809228,0.02858922370379019,0.7743200000000001,0.13248795265985436,0.01873662595026106,0.0026758079999999996,0.0013786153894164996,0.00019496565810090796,-21.213924192,0.19507370938732074,0.02758758854779767
VAL  67,13.202740000000004,0.04539595136056445,0.00641995700909396,-5.007020000000001,0.17079806673377146,0.024154494240200455,-24.493859999999998,0.4990531438634397,0.07057677243966078,-1.5517199999999998,0.4180342588831686,0.05911897184491625,0.10684137600000002,0.03783457498533613,0.005350616907088419,-17.743018623999994,0.3687815147744,0.05215358197464504
LYS  68,11.39192,0.05859038829012282,0.008285932174459746,-4.45744,0.10987686926736834,0.015538935870900782,10.737659999999998,1.7184116341552156,0.2430201038762019,-50.257280000000016,1.7499064779576037,0.24747414740121784,1.2031306560000004,0.016301606687851165,0.0023053953266431067,-31.38200934400001,0.13704094852269963,0.019380516800127496
ILE  69,14.520259999999999,0.059555624419956474,0.008422437177030074,-4.421020000000001,0.18018174047331711,0.025481546106935427,-15.45508,0.1814375749395037,0.02565914792035309,-1.84306,0.22048649935993772,0.031181499771499064,0.404688528,0.032324085907515177,0.0045713160681721,-6.794211471999998,0.1709434497609257,0.024175054505074494
PHE  70,10.612440000000001,0.15461502643633826,0.02186586673329442,-8.316899999999999,0.2015897070786163,0.028509089778539866,-11.4515,0.8848993671598936,0.12514366863728904,0.08249999999999998,0.5108600689034131,0.07224652379180606,0.0005304959999999999,0.0013545574452137495,0.0001915633510034735,-9.072929503999998,0.8844354167774257,0.1250780561449736
GLN  71,20.613879999999998,0.5232230361902805,0.07399491139263234,-3.488559999999999,0.18878264326999541,0.02669789744530694,-73.70066000000001,1.4406648133406013,0.20374077178599817,-12.853839999999998,1.039375492495413,0.14698989178852281,0.845302032,0.056793891128442874,0.008031869109378491,-68.58387796800001,0.7602722796053571,0.1075187368914206
SER  72,11.277540000000002,0.07958397074796367,0.011254873077927389,-2.110180000000001,0.09049457221290216,0.012797865134463767,-8.212839999999998,0.1678114847084585,0.023732127759666724,-9.276979999999998,0.27090872927987836,0.038312279911286516,0.6760334880000002,0.01686793720111557,0.0023854865559075305,-7.646426512,0.1640648556223748,0.023202274392994618
ILE  73,13.678080000000001,0.09837313454410829,0.013912062104543115,-3.6856600000000004,0.28185213215442695,0.03985991078765645,-2.4976199999999995,3.041629154844489,0.4301513202490491,-0.6373800000000002,1.3692067760568527,0.19363507923927423,0.20641809600000002,0.011827562149098067,0.0016726698801065158,7.0638380960000005,1.446390176430188,0.20455046039907857
PRO  74,18.31424,0.03403501726132313,0.004813278300656557,-3.43394,0.058721515647990136,0.008304476383249158,-5.826080000000001,0.22034970751054114,0.031162154482635193,-2.2245599999999994,0.17925056875781922,0.025349858540039894,0.6862370399999999,0.005263215808473549,0.0007443311178039767,7.515897040000001,0.0793352519113438,0.011219698922730842
ILE  75,11.666820000000003,0.10769265341664813,0.015230041102976901,-2.1969000000000003,0.0606591295683995,0.00857849637173774,-5.49528,0.12339368541382353,0.017450502342342838,-5.956979999999998,0.17813079351988156,0.025191498407209793,0.9042367679999999,0.011676996862110182,0.0016513767330184293,-1.0781032320000004,0.19997802277739773,0.028281163198835158
GLY  76,6.506940000000001,0.044873782991645586,0.00634611125017723,-1.7753,0.10600740540169629,0.014991711043106178,-16.511960000000002,0.22013232020732432,0.031131411275385497,-0.08283999999999998,0.16608989854894848,0.02348865871010944,0.25081243200000003,0.005516976480261351,0.0007802182961678984,-11.612347567999997,0.06553044129112504,0.00926740388222029
ALA  77,7.308,0.10469135589906568,0.014805593537568721,-2.41728,0.13057688003624265,0.0184663594679619,-8.943039999999998,0.5793291278712377,0.08192951097132814,0.17063999999999996,0.37910118754759925,0.05361300409415611,0.26460676800000005,0.004667884642848915,0.0006601385769510027,-3.617073232000001,0.27979415962366233,0.039568869521256586
SER  78,10.488419999999998,0.25342889259125323,0.03584025769997447,-3.89738,0.24206353628747543,0.03423295359737396,-4.95388,1.3256645524415331,0.18747727892200752,-9.424420000000001,1.237989807550911,0.17507819759181562,0.333480816,0.0325466294003626,0.004602788470752369,-7.453779183999999,0.5398489715074649,0.07634617371390234
VAL  79,12.960159999999998,0.4160200168261675,0.05883411500142493,-5.8268,0.2273987686862052,0.03215904227429737,-35.310100000000006,0.16278909668386474,0.023021854833678655,2.79978,0.1013594179146615,0.014334386348915675,0.0050646239999999985,0.0031514106668957013,0.0004456767705731141,-25.371895375999998,0.2960827851452261,0.04187242903375779
ASP  80,13.208979999999999,0.23119606311520224,0.032696060802478506,-5.5908799999999985,0.1413483130426753,0.019989670132350926,3.191239999999999,1.6653611687558971,0.23551763511040982,-80.05171999999999,1.6704504906157804,0.23623737391016272,0.303942816,0.00915927007640768,0.0012953163963493794,-68.93843718400001,0.273700859392471,0.0387071467386004
LEU  81,10.492840000000003,0.0718496652738096,0.010161077108218872,-7.273279999999999,0.09427725918815093,0.013332817856724653,-33.867740000000005,0.1435402117856525,0.020299651425317613,-1.3082799999999997,0.14590846993920725,0.020634573705313394,0.002861712,0.002689621349159766,0.00038036989896299625,-31.953598288000002,0.09960657443027797,0.014086496846082425
GLU  82,14.701140000000002,0.04530166001174784,0.00640662219866287,-5.285420000000001,0.10387378687612973,0.014689971817527507,5.271179999999999,1.0315178852545457,0.14587865831573926,-87.441,1.0318175226267277,0.1459210334392926,0.3028114080000001,0.013938177459104705,0.0019711559597428837,-72.451288592,0.15318515693089785,0.021663652648592664
LEU  83,10.892919999999997,0.034681314855415285,0.004904678582945979,-8.04804,0.042702206031991305,0.006039003891369229,-33.82674,0.08582722411581616,0.012137802436542238,0.9276599999999999,0.07113581657646358,0.010060123657291961,0.0,0.0,0.0,-30.0542,0.04710753655390079,0.006662011708451283
CYS  84,10.17822,0.038358461909114225,0.00542470570636411,-3.8232999999999997,0.01633554406810281,0.0023101947969854353,5.449839999999999,0.09478762788470536,0.013404994889972448,-6.270960000000001,0.06900868351142758,0.009759301614337346,0.49734388799999996,0.005876822283682942,0.000831108177724084,6.031143887999998,0.061645127393602256,0.00871793752142495
ARG  85,8.863539999999999,0.025977074508238118,0.0036737131080326743,-4.07298,0.06337491301768748,0.008962566150382885,-239.72464000000002,0.5239081888839883,0.07409180661580614,-57.726560000000006,0.5474700415544573,0.07742395577592755,1.2654240479999996,0.0072783904514483674,0.0010293198488685114,-291.39521595199994,0.06364015682998095,0.00900007729005098
ARG  86,6.6879,0.8999572045380798,0.127273168421313,-2.8265600000000006,1.1541608754415462,0.16322299632098392,-235.78518000000003,17.047188728572827,2.410836550028145,-58.373540000000006,16.987409734518057,2.4023825236144174,1.6860785759999999,0.2249802393144331,0.03181701057044158,-288.6113014239999,1.3132894950906573,0.18572718152793216
ARG  87,11.00712,0.3747873338307931,0.05300293305091603,-3.9192999999999993,0.5810901565161882,0.08217855803066978,-160.57832,7.854964248015277,1.1108596971498983,-44.490759999999995,6.944012202063006,0.9820316233441764,1.2710404800000001,0.09575373806893889,0.01354162350250143,-196.7102195200001,1.5906925827939415,0.22495790241534794
GLU  88,14.823360000000003,0.24651326617429584,0.03486224043285779,-2.9824600000000006,0.47661893416019097,0.06740409607731512,-45.02652000000001,4.6326313094824885,0.6551530027344366,-41.9783,4.471490665315124,0.6323642742913342,0.6879885120000001,0.07656563375681388,0.010828015767057745,-74.475931488,0.3124243964838543,0.04418348187236958
THR  89,15.529179999999998,0.4198957342008112,0.059382224208939544,-4.7612999999999985,0.27234795758371594,0.03851581752995035,-32.395520000000005,0.43577219920479104,0.061627495422056554,-4.749719999999998,0.3022543988100467,0.04274522700840943,0.23478652800000002,0.028224870215319112,0.003991599425472471,-26.142573472,0.29799973347479336,0.04214352646636204
GLN  90,20.087099999999992,0.3240001388894418,0.045820539062821505,-5.195239999999999,0.5671341132395508,0.08020487546278113,-64.04906,2.34355635229885,0.3314289177606653,-9.80866,2.563294743957467,0.362504619126432,0.6728556960000001,0.06241384474389867,0.008826650571667021,-58.293004304000014,0.603935536972887,0.08540938271861347
VAL  91,8.890199999999998,0.2227025819339111,0.03149490117464425,-6.405660000000001,0.4151855782658923,0.0587161075685341,-77.9017,8.717659716345954,1.2328632603010037,-31.131619999999995,9.182214240345312,1.2985611911311705,0.033446880000000005,0.01742945377126889,0.0024648969908083354,-106.51533312,1.3062082711220309,0.1847257452304689


