#Frame       SA_00001
       1   11129.1003
       2   11041.6968
       3   11104.8894
       4   11172.7553
       5   11114.8824
       6   11070.6265
       7   11072.2988
       8   10984.1762
       9   10789.6809
      10   11080.4955
      11   11315.0174
      12   10992.3086
      13   11028.6505
      14   11027.6397
      15   11131.3911
      16   11111.4827
      17   11168.3136
      18   11162.8243
      19   11010.4653
      20   11105.1314
      21   11039.2131
      22   11168.8860
      23   11029.5022
      24   10812.9581
      25   11055.3005
      26   11066.6936
      27   11161.1628
      28   11060.2354
      29   11106.5115
      30   11062.6186
      31   11037.5795
      32   11180.9624
      33   11143.0092
      34   11047.0839
      35   11052.4575
      36   11028.0558
      37   11197.6440
      38   11085.4574
      39   11080.0841
      40   11173.8455
      41   11154.0684
      42   11159.1809
      43   11149.7280
      44   11186.6798
      45   11263.4677
      46   11012.1651
      47   11088.4705
      48   10987.9691
      49   11157.3169
      50   11121.1057
