| Run on Mon Jun 20 15:50:12 2016
| GB non-polar solvation energies calculated with gbsa=2
idecomp = 2: Per-residue decomp adding 1-4 interactions to EEL and VDW.
Energy Decomposition Analysis (All units kcal/mol): Generalized Born Solvent

Total Energy Decomposition:
Residue,Internal,,,van der Waals,,,Electrostatic,,,Polar Solvation,,,Non-Polar Solv.,,,TOTAL,,
,Avg.,Std. Dev.,Std. Err. of Mean,Avg.,Std. Dev.,Std. Err. of Mean,Avg.,Std. Dev.,Std. Err. of Mean,Avg.,Std. Dev.,Std. Err. of Mean,Avg.,Std. Dev.,Std. Err. of Mean,Avg.,Std. Dev.,Std. Err. of Mean
GLY   1,0.9792599999999996,0.0013085870247531957,0.00018506215179514264,0.099,0.02239285600364546,0.0031668280660623197,-19.57758,0.6204570602386542,0.08774587894596451,-95.73577999999996,0.6121038895536267,0.0865645622188062,1.0053849599999998,0.014073584938610433,0.0019903054691392595,-113.22971503999993,0.023295379082236188,0.003294464103872092
SER   2,9.8842,0.026623298067101977,0.003765102920159702,-1.7427599999999999,0.038321043827123154,0.005419413990461134,-3.1614400000000007,0.06933055891881074,0.009804821670988909,-8.030380000000001,0.09314931883799152,0.013173303002650323,0.5038652159999999,0.0069003634107083255,0.0009758587520726781,-2.546514784000001,0.05562489330644926,0.007866547851953693
LEU   3,11.205200000000001,0.038115613597825594,0.005390361768821732,-1.01116,0.03455335584280309,0.004886582445839576,-29.85304,0.07466028663148279,0.010558558992490563,-1.39546,0.052892422897811965,0.007480118180885892,0.984926448,0.007403327603674218,0.0010469886303807183,-20.069533552,0.01691260192035718,0.0023918031010786373
GLN   4,18.45984,0.0317662462370023,0.004492425625405194,-2.64832,0.050093688225182675,0.007084317327734275,-65.8608,0.07619186309117865,0.010775156612601889,-12.422400000000003,0.08453685586731918,0.011955316808794234,0.9610823520000003,0.006175782716158913,0.0008733875675461285,-61.510597648,0.04682036927250767,0.006621400122049687
ARG   5,12.410480000000002,0.01846644524439075,0.002611549731343754,-4.26384,0.021608664928812,0.003055926700710178,-123.86698000000003,0.6412979803439821,0.0906932301324934,-75.26702000000003,0.6270078305699704,0.08867229777061839,1.1930664960000001,0.006431213216783023,0.000909510895368765,-189.79429350400002,0.050210879036902696,0.007100890611266272
ARG   6,13.611779999999996,0.03251663574379056,0.004598546727161436,-5.16758,0.07419786789383287,0.010493163107462568,-158.41922000000005,0.9142119073723336,0.12928908782889298,-46.41864,0.8851002374868577,0.12517207599135616,0.35433763199999996,0.008515791489354408,0.0012043147818586381,-196.03932236800003,0.0481439169676244,0.006808578032137859
ARG   7,11.55022,0.11806833445077698,0.016697383986709134,-3.6935,0.05959001594227787,0.00842730087275983,-131.80070000000003,2.699572242039088,0.38177716772976217,-74.56783999999999,2.1358898975374485,0.302060446083314,1.391101344,0.014285480009300798,0.0020202719574162913,-197.12071865599998,0.5287332373432395,0.07477417151282419
VAL   8,11.135500000000002,0.04196391306731604,0.005934593499004389,-4.65704,0.0868283271748888,0.01227937978888961,-34.81216,0.09261325174922588,0.0130974916679229,-0.37868,0.06448083126015067,0.00911896660811961,0.121935744,0.004624416062775871,0.0006539911914033627,-28.59044425600001,0.0858201687538519,0.012136804657684507
THR   9,15.72588,0.18597200219391302,0.026300412772431076,-4.510580000000001,0.15352329986026747,0.021711473280266173,-29.844920000000013,0.19171018126072767,0.027111913838392544,-7.533839999999999,0.14064129692240626,0.019889682953740835,0.48821457600000007,0.015822540987774025,0.0022376452056114215,-25.675245424,0.09298477099647255,0.01315003242373679
VAL  10,11.422699999999997,0.06461710299966823,0.009138238342339,-5.57928,0.18786250716951022,0.026567770550053414,-22.8319,0.11724457343458657,0.016580886586584062,0.61092,0.10927155897121577,0.015453332067874477,0.0018538559999999999,0.0021778090976171446,0.00030798871621096774,-16.375706144000006,0.10733335184803858,0.015179228187845945
ARG  11,12.271939999999999,0.28417194865090384,0.04018798238280989,-3.851319999999999,0.20933365137981788,0.02960424888424198,-144.02030000000002,1.3417275021372221,0.18974892305314353,-54.63828,1.3541413964577127,0.19150451282413394,1.170182736,0.030951810135406432,0.00437724696734888,-189.06777726400003,0.3111203146235789,0.043999056847044964
LYS  12,11.451720000000002,0.19634541400290034,0.027767434739266187,-7.501180000000001,0.28114364228980937,0.03975971519012184,3.14278,2.978831376832197,0.42127037331386125,-41.51056000000001,3.101647769557141,0.4386392341411969,0.245689488,0.03097533428582531,0.004380573784605448,-34.171550512,0.4320659769428805,0.06110335644326026
ALA  13,7.731959999999998,0.31635833859725343,0.04473982530140556,-1.7732399999999993,0.11234492600915318,0.01588797180259463,-9.67576,1.0705441898399064,0.1513978112391313,-2.22506,0.5758002573809772,0.08143045332060968,0.47419185599999997,0.02383696528533862,0.0033710559592342528,-5.467908144000001,0.9333059445761598,0.13198939246630373
ASP  14,13.352119999999998,1.134413621921052,0.16043031294615365,-1.8162000000000007,0.41325585295310424,0.058443203197634144,-50.891659999999995,6.758598167105433,0.9558101190550444,-29.557719999999996,7.221707526728037,1.021303672779065,0.8054868960000001,0.06454122497353881,0.009127507568975169,-68.107973104,0.36300151050167345,0.051336165931338607
ALA  15,7.347600000000003,0.11371174081845313,0.01608126860665107,-1.0890999999999997,0.5574380414001188,0.07883364383307427,0.27094000000000007,0.4353951497203431,0.06157417257259735,-6.3189,0.6382840198532476,0.09026699175224805,0.6282953280000001,0.10983302296435035,0.015532735067261987,0.8388353280000002,0.33983713112496616,0.0480602279834891
GLY  16,6.172339999999998,0.20736302563382794,0.029325560318607922,-2.6620999999999997,0.14394460740161122,0.02035684160178292,-8.936840000000002,1.0397185457612936,0.1470384068466453,-3.1275800000000005,0.8485714133766225,0.12000612014393254,0.125933328,0.028109235973217326,0.0039752462741269624,-8.428246672000004,0.9072123833066997,0.12829920564251535
GLY  17,4.94462,0.17258967408280246,0.02440786578134515,-3.642739999999998,0.1354467880756641,0.019155068467647855,-4.84504,0.9290394170324519,0.13138601435464872,-2.06022,0.6171599238447033,0.08727959344543258,0.063992736,0.024616739166979505,0.003481332639134338,-5.539387264000001,0.543096774439477,0.076805482409339
LEU  18,11.309499999999998,0.3141612484060029,0.04442910982678322,-7.6322399999999995,0.5295973021079493,0.07489636872372632,-29.623299999999986,0.5546900125301449,0.0784450138633033,-0.7314799999999999,0.3820945558366411,0.05403633029731016,0.0013381920000000002,0.0022696752715611105,0.000320980555122456,-26.676181807999992,0.38559162539908004,0.0545308906176865
GLY  19,5.85154,0.20715841378039881,0.029296623832793744,-3.9630200000000007,0.18789257462709097,0.02657202273068309,-11.824859999999996,1.163563921922682,0.1645527879071086,-0.31396,0.7036667097426167,0.09951350043084606,0.000263376,0.0010475948931834291,0.00014815229058127993,-10.250036624,0.4601923019354533,0.06508101946968123
ILE  20,14.305119999999997,0.18689907864977806,0.02643152118215519,-7.779679999999998,0.4109423531348828,0.0581160249156865,-12.461539999999996,1.3478241459478748,0.19061111868934183,-1.23726,0.7998070719867383,0.11310980084855596,0.00066816,0.0010485830439216535,0.0001482920361988465,-7.17269184,0.8995951979027025,0.12722197295197102
SER  21,11.42496,0.6433149760420405,0.09097847639963763,-5.551619999999998,0.48498853141081677,0.06858773587165869,-20.27268,3.1729953699304305,0.44872930855026505,1.4394799999999999,1.8651885721288346,0.26377749750879054,0.025495200000000003,0.023592607336231405,0.003336498526664143,-12.934364800000004,1.2818657669509643,0.18128319527638428
ILE  22,15.6137,0.2427145030691174,0.0343250142024992,-8.994580000000001,0.3077076593131537,0.04351643450467418,-6.191179999999999,0.6590851140786002,0.09320871070881748,-1.8178800000000002,0.3926560143433428,0.05552994608317199,1.9152000000000002e-05,0.000134064,1.895951270259866e-05,-1.389920848,0.4205845019052835,0.05947963067183848
LYS  23,9.18846,0.2861891828843181,0.04047326238394767,-6.8003,0.39266872806477526,0.055531744074899796,37.963559999999994,6.680953192950879,0.9448294615050966,-75.58547999999999,6.489344386731337,0.9177318842625172,0.614667744,0.05259520749609161,0.0074380855756799825,-34.619092256,0.4923455454279825,0.06962817477182316
GLY  24,5.396739999999999,0.38917609433265365,0.05503781107566298,-4.091179999999998,0.26442123137149537,0.03739480915849629,-6.738620000000001,1.139867937789276,0.16120166969358454,-7.62046,0.8926129779473326,0.1262345379363354,0.04113792000000001,0.030871958329487293,0.004365954216657797,-13.012382080000002,0.4570574305793151,0.06463768171086667
GLY  25,6.3095799999999995,0.2850073044677974,0.0403061195353757,-5.45856,0.29563931808876015,0.041809713321185805,-10.213259999999998,1.1041717042199701,0.15615345992964955,2.7065600000000014,0.6387653140238537,0.09033505702660428,0.00039412800000000005,0.0014886339519223659,0.00021052463242176678,-6.655285872000002,0.7073019919758994,0.1000276069745823
ARG  26,14.894459999999999,0.18703852116631056,0.02645124133196036,-5.753320000000002,0.1408392615713848,0.019917679382886425,-186.78100000000003,2.6964621191457723,0.38133732993212477,-26.697500000000005,2.6954766350313357,0.3811979614321108,0.8460570239999999,0.03910591641328272,0.005530411736069303,-203.49130297599996,0.23059916302907466,0.03261164638276018
GLU  27,16.82972,0.43362389417568425,0.06132367921122884,-7.126540000000002,0.6002346944320917,0.08488600454727345,-76.67663999999999,6.086966291216168,0.8608270282745762,-0.7305799999999998,6.532201240286462,0.9237927586163468,0.20688940799999997,0.04793980451966761,0.006779712172922893,-67.49715059200001,1.3589782097351208,0.19218854151769163
ASN  28,18.950060000000004,1.2197513092428942,0.172498884425364,-6.250920000000003,1.2109789897434033,0.17125829110439902,-90.20519999999996,4.33582332665932,0.6131780152615239,-0.08755999999999994,4.042333584255511,0.5716722978490387,0.07554657599999998,0.07287453150263834,0.01030601508026165,-77.518073424,1.4062209435886437,0.1988696730116151
LYS  29,10.25288,0.353594549731821,0.05000582078119491,-1.32204,0.3155380141916342,0.04462381391140832,53.44204000000003,2.4358241230426807,0.34447755103625094,-92.36114000000002,2.461927675703442,0.3481691508561478,1.5340252319999998,0.05709380179514117,0.008074282882613,-28.454234767999996,0.36543710101240373,0.051680610444604806
MET  30,12.95308,0.46293346562977605,0.06546867855700084,-6.711080000000001,0.38457149348330816,0.054386622178617075,0.25934000000000007,1.3204270462240617,0.18673658368943136,-5.745420000000001,1.1528724663205359,0.1630407877557021,0.285062256,0.05094281162651375,0.007204401510763353,1.0409822560000002,0.7162931320970307,0.10129914620463237
PRO  31,18.636559999999996,0.2744739084142867,0.0388164723797035,-5.5547,0.2575449669475178,0.03642235851781101,-8.58054,0.9527100127530926,0.1347335421044068,0.9679400000000001,0.3878200309421885,0.05484603475183963,0.22553726399999988,0.020058038140136167,0.0028366349572377376,5.694797263999999,0.5675720104980222,0.08026680348696677
ILE  32,13.161599999999998,0.2596445262278624,0.03671928103873798,-8.433440000000001,0.19988608355758236,0.02826816102967747,-12.3076,0.1977666301477976,0.02796842505398392,1.2350199999999998,0.22143879425249804,0.03131617460674281,1.9152000000000002e-05,0.000134064,1.895951270259866e-05,-6.344400847999999,0.27876801422840164,0.03942375064776215
LEU  33,11.626499999999998,0.21910492920063937,0.030986116245834097,-7.964040000000004,0.2195226603335408,0.031045192349191564,-30.740919999999996,0.41117961233533484,0.05814957843359421,-1.3752999999999997,0.22594160750070058,0.03195296856318694,0.014963184000000003,0.015567072315620042,0.0022015164795192604,-28.438796815999993,0.34400653782830803,0.048649871134180636
ILE  34,12.997239999999998,0.10432901034758288,0.014754350138251467,-8.122980000000002,0.14614643204664407,0.020668226629280195,-16.327440000000003,0.4634465302490984,0.06554123685130278,0.23924,0.27366341078046946,0.03870185070510194,0.004879152,0.0016183771775751153,0.00022887309535618187,-11.209060848000004,0.3732288405125859,0.05278252881216838
SER  35,12.822519999999997,0.5526126759313877,0.07815123410414565,-3.83498,0.7804507541158544,0.11037240412349508,-12.384840000000002,3.389801188034479,0.479390281386679,-1.8273400000000002,1.139718888322905,0.16118059091590392,0.209350512,0.017198055174148456,0.002432172287372153,-5.015289488000001,1.5406713743914109,0.21788383528243296
LYS  36,9.51494,0.7881625824663345,0.11146302134788932,-5.9174,0.3997365632513602,0.056531286912648415,35.203700000000005,2.2526992897410296,0.31857978875000026,-69.3239,2.4088578725197825,0.34066394731466765,0.858706992,0.03434325300349895,0.0048568694173558745,-29.663953008,1.0666452877318966,0.15084642321518005
ILE  37,12.524059999999999,0.09989542732292897,0.014127346813914199,-6.189460000000001,0.14220368630941893,0.020110638179822945,-15.93308,1.3955781431363794,0.19736455373749281,-1.10432,1.0277891503611043,0.1453513355700594,0.2246294880000001,0.012316641079783926,0.001741836085791203,-10.478170511999998,0.3723020718238246,0.05265146392728548
PHE  38,10.166939999999999,0.21949554984108172,0.03104135834657974,-5.43044,1.0134470318669848,0.1433230537213048,0.7836000000000002,1.0086999157331182,0.1426517101194374,-5.251519999999999,0.8583858628845249,0.12139409290406271,0.42684552000000003,0.12398299141262217,0.017533842795931724,0.69542552,0.9232881922674102,0.13057266834835093
LYS  39,9.454059999999997,0.08108080167375159,0.011466556937510263,-1.79214,0.16782705502987488,0.023734329735638483,32.53936000000001,1.0831095006506364,0.15317481453552806,-70.14784,1.15924752076526,0.16394235660136167,1.6024754880000003,0.031082769486373125,0.004395767416374548,-28.34408451199999,0.0741578062359493,0.010487497533471557
GLY  40,6.402660000000001,0.06434768371889778,0.009100136702255963,-1.3463800000000001,0.014859192441059307,0.002101407147605785,-19.01432,0.09838809684055962,0.013914178092799687,0.2776399999999999,0.11380118804300805,0.016093918354459287,0.32292187200000005,0.005989793301772719,0.00084708469231785,-13.357478127999999,0.05272641768160643,0.0074566414980676374
LEU  41,11.38734,0.29582546273090743,0.041836038148934586,-4.238339999999999,0.2576388643042957,0.03643563760935365,-28.57945999999999,0.5413533489327873,0.07655892480968422,-3.508359999999999,0.4304526807908288,0.06087520191342467,0.3961051200000001,0.04182988369173281,0.005915638882933769,-24.54271488,0.4513570175710194,0.0638315215721207
ALA  42,10.94862,0.3842315390490207,0.05433854536146125,-5.613620000000001,0.09486177101438807,0.013415480311927856,-3.9675800000000008,0.15344980808068276,0.02170107997312501,-2.7651600000000007,0.24852294541952366,0.03514645199731988,0.04246228799999999,0.009981238047469719,0.0014115602216006027,-1.3552777119999997,0.2558950675632495,0.03618902750923269
ALA  43,9.373980000000001,0.10314639887055072,0.014587103619267771,-4.97992,0.08229188052291499,0.011637829350869272,-8.742000000000003,0.22897222538977088,0.03238156265529631,-1.7950000000000004,0.25919058624880337,0.036655084231249115,0.0,0.0,0.0,-6.142940000000002,0.115661300355732,0.016356977960478428
ASP  44,17.271860000000004,0.07363097445955585,0.010412992269145086,-5.038559999999999,0.042009122818920004,0.0059409871233913735,-44.597379999999994,1.3566853708949513,0.19186428513928128,-39.12907999999999,1.3323729784114713,0.18842599362089377,0.357865488,0.008222089954087328,0.0011627791124121877,-71.13529451200002,0.077370576764804,0.010941851898941446
GLN  45,19.904220000000006,0.10182362986983413,0.014400035833197761,-3.4194400000000007,0.035486989164863786,0.005018618136473744,-73.96893999999999,0.2879613453254769,0.04072388399984917,-14.502480000000002,0.2534290622639525,0.035840281695317715,0.946917936,0.008888844019821233,0.0012570723766650168,-71.039722064,0.08903257782664535,0.012591107905547995
THR  46,15.320619999999998,0.05654764009300683,0.007997043953972284,-3.733260000000001,0.08198897730789485,0.011594992367392483,-39.312999999999995,0.1253471978176619,0.01772677071592007,-3.9006000000000016,0.11179928443413027,0.01581080643103543,0.244989648,0.00579508773918731,0.0008195491675900731,-31.381250352000002,0.055269366492952395,0.007816268767810238
GLU  47,16.0499,0.017609372505222473,0.0024903413421765506,-0.9438200000000002,0.040473047821971926,0.005723753314040755,-17.921339999999997,0.6842693507678415,0.0967702996172114,-63.46777999999998,0.6839189510478867,0.09672074561359022,1.1469732480000001,0.01331953851948583,0.0018836672018807715,-65.13606675199999,0.037868104983358956,0.005355358764883442
ALA  48,7.635139999999999,0.02044212317758787,0.0028909527841446156,-2.3605199999999997,0.0662541289279427,0.009369748769311218,-9.568500000000002,0.06011231155042519,0.008501164626020815,2.3580800000000006,0.06576772460710376,0.009300960810578487,0.23530334400000005,0.004851469097256177,0.0006861013394773641,-1.7004966560000003,0.07486798807768102,0.010587932412704368
LEU  49,10.3782,0.07531825807874726,0.01065161020692813,-7.788459999999999,0.04863916528922617,0.006878616721453033,-26.080760000000005,0.1094697328024467,0.0154813580798579,-3.9584800000000007,0.07822614396732756,0.01106284737307449,0.05362559999999997,0.006368225431186055,0.0009006030773032569,-27.395874399999993,0.1696740877084367,0.023995539602055322
PHE  50,8.831820000000002,0.049128276989534904,0.00694778756146223,-4.356040000000001,0.16002811752933116,0.022631393417101575,-5.382539999999999,0.10691982229695084,0.015120746277886912,-3.462639999999999,0.17208285911155385,0.0243361913207498,0.7598054879999997,0.014622728090010634,0.002067966038378706,-3.609594511999999,0.03852436433220888,0.005448167852041211
VAL  51,10.1316,0.06519079689660313,0.009219370911308603,-3.2099600000000006,0.10227178692091769,0.014463414811169311,-20.213660000000008,0.2230046286505419,0.031537617030957206,-6.88284,0.2141134615104976,0.030280216115479538,0.6089450399999999,0.007884322744093277,0.001115011615482337,-19.565914960000008,0.09941880754508033,0.014059942598521318
GLY  52,6.56976,0.10263480111540554,0.014514752770887178,-3.27564,0.07862003815822034,0.011118552423764545,-17.563380000000006,0.18214355766749354,0.02575898895522553,0.023380000000000005,0.13225972780858122,0.018704350082266955,0.039501503999999986,0.0024514685525997143,0.00034669000748176567,-14.206378495999997,0.09753335409582939,0.013793299214605937
ASP  53,15.041459999999999,0.13786619745215625,0.019497224622964642,-7.252180000000001,0.053753396171541394,0.007601878188940784,-91.85774,1.2677537270292756,0.179287451451384,15.29946,1.2772115284478047,0.18062498655501555,0.0,0.0,0.0,-68.76900000000003,0.26966994640800673,0.03813708955746288
ALA  54,8.42068,0.05675083787924595,0.00802578046048664,-5.249239999999999,0.12032531903143048,0.01701656980711185,-6.18506,0.21076208482550343,0.029806259879425565,0.019359999999999992,0.15606405864259715,0.022070790833135092,0.0,0.0,0.0,-2.9942599999999997,0.1346935499569562,0.019048544511330548
ILE  55,12.934979999999996,0.14670357732557265,0.02074701887024749,-7.984939999999998,0.14671324548251918,0.020748386154115183,-6.95734,0.18027685486489306,0.025494997313189785,-1.2555600000000005,0.1189316038738161,0.016819468719313526,0.00032544,0.0004919323270532239,6.956973686884262e-05,-3.26253456,0.22341039254747008,0.031595000711572924
LEU  56,12.007320000000002,0.06322450157944577,0.008941294760793137,-7.03974,0.1110149197181095,0.01569988050911108,-27.25268000000001,0.19747773950377576,0.027927569747302077,-5.55896,0.12958101095455032,0.018325522311794167,0.19904328,0.007851238308037746,0.0011103327696650172,-27.645016720000005,0.13361320312087438,0.01889576039656517
SER  57,9.639880000000002,0.047978178373010764,0.006785139055306734,-6.08664,0.07664117953155392,0.01083869955297948,-14.490820000000003,0.20933864335073454,0.029604954855539312,-1.7272199999999995,0.1970526112488809,0.02786744753292005,0.16726104,0.008129527779644093,0.001149688844166151,-12.497538960000004,0.05740522852395486,0.008118325272970382
VAL  58,11.684479999999997,0.12142705464631702,0.017172378751984047,-5.42678,0.20382730827835702,0.02882553437492543,-24.7568,0.24181439163098656,0.034197719222154026,-3.52768,0.16158668757047775,0.022851808506111366,0.026260416000000005,0.0029964614789686848,0.00042376364626860565,-22.000519584,0.22873982920007138,0.03234869687096462
ASN  59,19.295060000000007,0.11430737683833596,0.01616550426040669,-2.4005599999999996,0.08566566640143045,0.012114954725463211,-88.75255999999999,0.19596889141192847,0.02771418640379696,-11.510120000000002,0.11468193231698717,0.01621847440418366,0.583905168,0.009924200062097861,0.0014034938323522707,-82.78427483200001,0.1479229316300523,0.020919461609720802
GLY  60,6.217739999999999,0.026232659034289698,0.003709858218340159,-1.0166799999999998,0.022365544929654806,0.0031629656969382634,-9.277799999999996,0.07783803697468862,0.011007960755810307,-5.901699999999998,0.07781934206882031,0.011005316896867682,0.5168881439999999,0.007203612844128598,0.0010187446982251687,-9.461551856,0.05449128316281653,0.007706231167996782
GLU  61,15.422599999999994,0.07449026782117743,0.010534514701751325,-4.0548399999999996,0.38048066232070343,0.05380809128746366,-40.37514,5.903634439936127,0.8348999892250561,-39.12590000000001,5.1448955140021075,0.7275981012894276,0.6514918560000001,0.04186692771224532,0.005920877698555131,-67.48178814399996,0.5475272759067928,0.07743204993565819
ASP  62,16.919259999999998,0.06260696766311555,0.00885396227682318,-2.4796599999999995,0.03726908101900306,0.005270643983425582,-43.55316,1.5412886732860511,0.21797113452931677,-38.77001999999999,1.5313915957720323,0.21657147640449845,0.673719696,0.012599041391738166,0.001781773520909611,-67.20986030400002,0.07098244031120683,0.010038432977844739
LEU  63,12.353179999999998,0.16227368116860044,0.022948964072484226,-7.746080000000001,0.34344797801121535,0.04857087884730773,-31.79613999999999,0.2178833642123696,0.03081336086846097,0.28497999999999996,0.1947869081843028,0.027547028732696384,0.010053647999999997,0.0048920395861947,0.0006918388730462609,-26.894006352000005,0.2323530937362297,0.032859689642112305
SER  64,11.592060000000002,0.0731569299517225,0.010345952251930446,-2.04572,0.1690189385838119,0.023902887524313198,-25.10614,0.17498125728127267,0.02474608672082717,0.0361,0.2280955282332383,0.03225757895441008,0.33530299199999997,0.01405840568400022,0.0019881587983656118,-15.188397007999999,0.08964450037343384,0.012677646822027011
SER  65,10.930720000000003,0.053830489501307595,0.007612780832193171,-0.9835000000000003,0.09857022877116295,0.013939935437439729,-13.628439999999998,0.24581962167427718,0.0347641442869186,-5.680179999999999,0.13793124229130535,0.019506423352333345,0.548656992,0.011612023727772475,0.0016421881442414017,-8.812743008,0.10335759277710525,0.01461697094796177
ALA  66,8.360059999999999,0.09813713058782379,0.01387868610496799,-5.4066,0.09485188453580895,0.013414082152718786,-9.64182,0.371344028631164,0.052515976159645504,2.310760000000001,0.36607193609999217,0.05177038968367859,0.022708656,0.004703863648880975,0.0006652267767801269,-4.354891344000001,0.17491709135592837,0.024737012288640756
THR  67,15.15526,0.13984674611846704,0.019777316501448306,-6.8404,0.3358519316603723,0.04749663567033004,-33.3486,1.3109162902337606,0.18539155967844087,-2.013,0.8537442005659546,0.12073766272377487,0.105346368,0.06698230338994748,0.009472728189305307,-26.941393632,0.7951120353410736,0.11244582239854219
HIE  68,30.614699999999992,0.43499159762048134,0.06151710168732248,-11.441960000000002,0.5059543046560401,0.07155274395856207,-25.530739999999994,2.584510876819894,0.36550503340994733,0.3478,1.1725777927284826,0.1658275417414128,0.018101232000000002,0.01651920096020918,0.0023361678037494477,-5.992098768,1.4854383050659414,0.21007269970927572
ASP  69,15.241200000000006,1.4947610511381846,0.2113911351026684,-5.245959999999999,0.8117386022606096,0.11479717404187335,-66.33516000000002,9.109290860127258,1.2882482677993243,-14.97812,8.304937961574423,1.1744955899925713,0.2329807680000001,0.1235992843546876,0.01747957842340079,-71.08505923199999,1.3511495238245523,0.19108139813866312
GLU  70,17.671180000000003,0.2613089887466989,0.036954671585558,-5.59724,0.20624020558562092,0.029166769584580046,-66.97015999999999,3.878160457536606,0.5484547116107316,-15.310539999999996,3.9043954472363787,0.5521648994349453,0.5425047359999999,0.03244548326367771,0.004588484246924229,-69.664255264,0.391531927411714,0.05537097618477241
ALA  71,9.502180000000003,0.08213420481123293,0.011615530637877512,-6.24664,0.21183047561669746,0.029957353154107677,-6.473840000000001,0.4195673180789777,0.05933577915557965,0.31873999999999997,0.36791693682134285,0.05203131218795082,0.0,0.0,0.0,-2.8995600000000006,0.27772289498706043,0.03927594846722197
VAL  72,12.998199999999997,0.20635057547776467,0.02918237824441478,-5.227479999999999,0.3081111643547051,0.04357349873489896,-32.30463999999999,0.4715795483272484,0.06669141929821731,1.1688,0.40348918201111633,0.057061987347094695,0.133275888,0.03146028916841435,0.004449156761815095,-23.231844111999997,0.42848162375516546,0.06059645235422007
GLN  73,21.37249999999999,0.6916772440959249,0.09781793393853028,-5.535400000000001,0.5085882420976588,0.07192523896380001,-80.50582000000003,7.034394619837211,0.9948136274458115,-6.9724,6.238170411266431,0.8822105200007534,0.5201131679999998,0.15160078024869103,0.021439587949404208,-71.12100683200002,1.0083887587559561,0.14260770587772442
ALA  74,9.247199999999996,0.08241456182055712,0.011655179106366775,-5.528020000000001,0.18684480083748473,0.02642384514032707,-6.008600000000002,0.3548870242766896,0.05018860428423243,1.3949200000000002,0.3279860265316188,0.04638422869898771,0.036017856,0.00979939639667992,0.0013858439287254781,-0.8584821439999999,0.2716857553456558,0.0384221679913405
LEU  75,13.06002,0.16059931382183013,0.022712172771464503,-6.769820000000001,0.2968834579426619,0.04198566126667348,-28.5475,0.32292019137920375,0.04566781142125853,-0.78684,0.3777557602472795,0.053422731940626196,0.013649904,0.007281190473019093,0.0010297158317165373,-23.030490096000005,0.27683232509874395,0.03915000286579214
LYS  76,11.864180000000001,0.5202618452279595,0.07357613575066324,-4.704679999999999,0.4261965480855169,0.060273293853913494,57.18968000000002,4.462346783655265,0.6310711341457236,-89.10123999999996,4.310631376307258,0.6096153354764725,0.8907011999999999,0.06660757633922695,0.009419733781573602,-23.861358799999998,0.7149169239190267,0.10110452097763417
LYS  77,10.78302,0.11044518821557577,0.015619308307331638,-3.02224,0.13102252630751393,0.018529383368047183,20.760260000000002,8.895392458593369,1.2579984657574093,-65.39574000000002,8.405295232911035,1.1886882514132708,1.2307299839999997,0.0644324033839432,0.009112117872186657,-35.643970016000004,0.6212218469754117,0.08785403612350907
THR  78,14.361680000000002,0.2909554220150328,0.04114731038596468,-3.8631,0.12446160050391637,0.017601528342730058,-42.83271999999999,0.8015958842215444,0.11336277710085613,-2.2138800000000005,0.5953592743881625,0.08419651603243442,0.09550137599999997,0.007925372629487526,0.0011208169459481778,-34.45251862399999,0.2920322966578374,0.04129960345844767
GLY  79,5.470440000000001,0.07532971790724785,0.010653230871416931,-2.3406800000000003,0.15839424737028232,0.02240032928329322,0.9106199999999995,0.6374586697190656,0.0901502696169014,-4.7268599999999985,0.3054686897212262,0.04319979638840969,0.30398183999999995,0.014158881208005271,0.0020023681832390607,-0.3824981600000001,0.3792532173251301,0.05363450435148299
LYS  80,10.42674,0.10696425758154042,0.01512703037609836,-2.6893599999999998,0.19682151914869836,0.027834766174696504,32.257760000000005,3.005931306999497,0.42510288219205716,-75.37684000000002,3.0104234875507556,0.42573817245807904,1.272716064,0.05598325231711369,0.007917227469261717,-34.10898393600001,0.20921034981448777,0.029586811409646814
GLU  81,15.45124,0.1792934533105527,0.02535592333164909,-3.7017599999999993,0.0933911259167857,0.013207499687681177,-74.36488,1.3573125305548748,0.19195297890896498,-11.712,1.36903438963381,0.19361070011753062,0.617986656,0.015983506840393225,0.0022604092147967235,-73.709413344,0.16751415698777425,0.023690079270160612
VAL  82,12.46792,0.20144397136681813,0.028488479636525163,-5.777079999999999,0.19825174299362255,0.028037030370568622,-28.92434,0.22818673142847545,0.0322704770339737,0.33041999999999994,0.07492291772214964,0.010595700637522753,0.0,0.0,0.0,-21.903080000000003,0.18269393421749264,0.025836823953367612
VAL  83,11.92872,0.05551397661841413,0.007850861863502414,-4.10988,0.0594298376238966,0.008404648237734541,-28.704220000000007,0.11504578045036933,0.016269930300670976,-1.2962399999999996,0.11087588736962183,0.015680218365827094,0.35461656,0.012539726477399238,0.0017733851252786997,-21.827003440000002,0.1232224002143193,0.01742627895712557
LEU  84,11.485320000000003,0.12983750459696358,0.018361795990570497,-6.7952200000000005,0.1029174989979666,0.014554732288844378,-38.2681,0.1186147124098823,0.01677465349870398,1.6650200000000002,0.1071859113876375,0.015158376957971773,0.0005916959999999998,0.0009071013546368455,0.00012828350381744334,-31.912388304,0.09272495904052933,0.01311328946456063
GLU  85,15.616819999999993,0.07122406615908433,0.010072604032953566,-5.831739999999999,0.05150254750992062,0.007283560118529442,-83.25923999999999,2.773252030090941,0.39219706328333276,0.8643200000000003,2.4089664293219197,0.34067929956485465,0.232272144,0.01383500325771008,0.0019565649242529546,-72.37756785600001,0.39415699398237486,0.05574221665940849
VAL  86,11.52706,0.02407190063072913,0.0034042808344074593,-6.592760000000003,0.03546015228336302,0.005014822828294726,-26.122220000000013,0.06452171416922152,0.009124748324567337,1.0271600000000003,0.06261257381707903,0.008854755106719972,0.0,0.0,0.0,-20.160760000000003,0.057135824138505376,0.008080225739403837
LYS  87,9.41302,0.02354271861974148,0.0033294431967171995,-7.37302,0.071399857142706,0.010097464632271631,45.77596,0.6189017679720894,0.08752592740428153,-84.87572,0.5882844223686734,0.08319598086466,0.5998890239999999,0.005800918748851337,0.0008203737968849927,-36.459870976,0.05647375906064903,0.007986595598176032
TYR  88,10.569299999999998,0.04418291525068399,0.006248407797269835,-4.19746,0.08853004235846879,0.012520038658081115,-28.53675999999999,0.08663568779854061,0.01225213646702174,-5.9231,0.08379624096583803,0.011850578044977208,0.7595187839999997,0.012806396459019955,0.00181109795574728,-27.328501216,0.08592439586907218,0.012151544597675661
MET  89,12.9811,0.03735411624029551,0.0052826697797487,-6.802800000000002,0.07620551161145468,0.010777086804849957,-1.7019600000000004,0.29515283905122525,0.0417409147959166,-2.124059999999999,0.3071390831528988,0.04343602569296672,0.516842928,0.011662169972883461,0.001649279894235206,2.869122928,0.0667601296043891,0.009441308071231263
LYS  90,7.292060000000001,0.03306261332696845,0.004675759617449622,-4.2503,0.22297455011725206,0.031533363283985726,-2.6531000000000007,1.1437148989149326,0.1617457121533671,-110.17298,1.2281669184618513,0.1736890312946721,1.2752213759999997,0.046289829845909077,0.006546370516802749,-108.509098624,0.13477320984878258,0.01905981012127035
GLN  91,15.86328,0.9217529395667838,0.13035555082926134,-2.9439600000000006,1.0631963498808668,0.1503586697467092,-74.53485999999997,7.259591024321142,1.0266612083876947,-92.54754000000001,6.780515051852574,0.958909634620482,1.0849435200000002,0.14620516955158996,0.02067653336689164,-153.07813648,1.2920386308407026,0.18272185548448863
PRO  92,18.07902,0.36195449935045887,0.051188096194338256,-5.721020000000001,0.7024557919185945,0.09934225078988092,-6.0261000000000005,1.0879724858653381,0.15386254449995315,-1.2946800000000003,0.6994069041695251,0.09891107294939219,0.26033817599999987,0.05948122194178159,0.008411915077659165,5.297558176,1.3510261304616784,0.1910639476819348
ASN  93,19.8262,0.5694150331700351,0.08052744625281893,-6.335380000000002,0.556272159648471,0.07866876325454392,-93.20872000000001,3.52048429645644,0.4978716638170201,-3.94644,3.3032440246521295,0.4671492499490928,0.18518860799999995,0.06084776241290676,0.008605173084438858,-83.47915139199999,1.4767906941834392,0.20884974285005975
VAL  94,10.463540000000002,0.17754832694220724,0.025109125193832186,-5.82318,0.5445490130373996,0.07701085996143738,-27.620879999999993,1.718100889238059,0.24297615790857377,-1.2060599999999997,0.9564080386529592,0.13525652194256663,0.11009951999999996,0.04280452556649597,0.006053474058708449,-24.07648048,0.9394456644916942,0.1328576799836758
ILE  95,14.179480000000003,0.430463017691277,0.06087666377190534,-7.338020000000001,0.3814246709377746,0.05394159426638957,-16.526420000000005,1.0510127704266083,0.14863565141646295,2.16998,0.6494513527586208,0.09184629111727946,0.018162576,0.009719011265978865,0.0013744757545204214,-7.4968174240000005,0.5154485377114938,0.07289543127369742
SER  96,10.542160000000003,0.9219209588679197,0.13037931234670203,-4.953959999999999,0.9092145172620276,0.1285823501418466,-11.21298,5.391537864060681,0.7624785969402683,-3.9063399999999997,3.1448725418369503,0.44475214006005637,0.036781632,0.04545218402341274,0.0064279095085388,-9.494338368,1.6291518207313154,0.23039686000430473
VAL  97,11.405339999999997,0.3114442877949386,0.04404487357232315,-6.201739999999997,0.5849261084957911,0.08272104356208641,-22.271559999999994,1.8468107770965674,0.26117848481067607,-0.15277999999999994,1.4103808179353545,0.19945796808350372,0.016831584,0.012749735444837429,0.0018030848782758058,-17.203908416,0.7988723834318718,0.11297761592546725
ARG  98,12.933339999999996,0.8133395259054668,0.11502357883496143,-6.434879999999998,0.7309995797536529,0.10337895197766489,-127.06881999999997,9.055969062867085,1.28070742691378,-75.77914000000001,7.988128734590882,1.1296919994440655,0.9313097759999998,0.2250144687657967,0.03182185134587669,-195.41819022400006,1.635160227216628,0.2312465769982827
LEU  99,11.137299999999998,0.22171984575133594,0.031355921290880995,-6.7567999999999975,0.3653020120393903,0.051661505978828536,-34.69706000000001,0.4479464436727674,0.06334919358588234,-1.5575400000000001,0.41851294890361423,0.059186668836824934,0.06622847999999998,0.012088398182720537,0.0017095576657369658,-31.807871519999996,0.3371812974811588,0.04768463638764119
PHE 100,9.4052,0.1137926183897103,0.016092706422467438,-6.323859999999999,0.24948410851197936,0.03528238098542021,-3.1264800000000004,0.40796657902333017,0.057695186904974854,0.030019999999999998,0.37088297291733413,0.052450773035294725,0.517957632,0.030185018994920557,0.004268806324310614,0.5028376320000001,0.37657782386567007,0.053256146579977716
LYS 101,11.913899999999998,0.18520294274140592,0.0261916513416304,-8.7021,0.3999488092243777,0.05656130302600845,39.39084,5.246219234305822,0.7419274392337887,-68.97948,4.585206740115628,0.6484461558156048,0.3789072,0.06795612268426153,0.00961044703463726,-25.997932799999994,0.48673589045688986,0.06883484975778788
ARG 102,12.078559999999998,0.1512221094947946,0.021386035817820767,-6.72466,0.3095644430486002,0.043779023378780396,-129.27006,1.7656505816273202,0.24970069989492996,-71.00118000000002,1.7575645500506714,0.24855716234278258,0.6480269280000002,0.009620814347038195,0.0013605886130655068,-194.26931307200005,0.13918738255690016,0.019684068412318057
LYS 103,10.805079999999998,0.03210348267749293,0.0045401180601920225,-1.6863399999999995,0.15133969869139058,0.02140266544148223,43.5462,1.4679270826578508,0.2075962388869504,-84.30479999999997,1.481197218470328,0.2094729194910042,1.42124328,0.031005609389884642,0.004384855330881745,-30.218616720000004,0.13945562861060606,0.01972200413303845
VAL 104,9.93712,0.03274241286159208,0.004630476433368278,-0.07494,0.07672950149714254,0.010851190165138568,-28.459059999999994,0.12286731217156742,0.01737606192453595,-2.9210000000000003,0.14480027624283007,0.020477851449798093,0.9783410400000002,0.01806257467838706,0.0025544338081551826,-20.539538960000005,0.05515285902036529,0.007799792123025189
GLY 105,5.235759999999999,0.03029294307276513,0.004284069093770055,-1.77672,0.31322777910012894,0.04429709733154062,-10.121859999999998,0.12561305823850114,0.017764369057204975,-3.535440000000001,0.29387113910691,0.041559655051502255,0.25462036800000004,0.03037775123872982,0.004296062779620779,-9.943639632000002,0.06322533525106988,0.008941412659764876
GLY 106,5.6952,0.24300255142691526,0.034365750391920906,-3.19914,0.15955187369629067,0.022564042368333335,-6.008279999999998,0.4013110035870246,0.0567539464002328,-2.1314400000000004,0.16018141714942538,0.022653073257285963,0.14922071999999995,0.010346257627413528,0.0014631817856494292,-5.49443928,0.2376357579769675,0.03360677118358379
LEU 107,10.667220000000004,0.13276976914921804,0.01877648082039691,-6.965880000000001,0.16857955273396485,0.023840748981516346,-28.62218,0.13393127939247007,0.018940743174281138,-2.5932799999999996,0.2793742321689714,0.039509482811092914,0.13772779199999996,0.016920384139231217,0.0023929036730263396,-27.376392208000013,0.2912337212150622,0.04118666783627259
GLY 108,5.87538,0.08044349321105056,0.01137642791037357,-4.29104,0.12217904239270816,0.01727872587895252,-9.812640000000004,0.15812586885116428,0.022362374829134585,-3.6831400000000003,0.08947022074407841,0.012652999960479031,1.9152000000000002e-05,0.000134064,1.895951270259866e-05,-11.911420847999999,0.18715946735056968,0.02646834570537001
PHE 109,8.851520000000002,0.1383296410751675,0.019562765448670423,-8.435860000000002,0.2709334981134104,0.03831578275331703,-6.674099999999999,0.17497945593696254,0.02474583197227178,-1.00772,0.25834550818622765,0.036535572145513256,0.12348907199999999,0.0099079494633964,0.0014011956506442419,-7.142670928000001,0.26620336550388246,0.03764684098449527
LEU 110,10.38252,0.05170076982031482,0.0073115929865018815,-3.9219200000000014,0.056160783470187985,0.007942334165703857,-30.258339999999997,0.12504776847474017,0.01768442501214683,-0.6027999999999999,0.09273855724562517,0.013115212541167678,0.681977088,0.009110546105969798,0.0012884257863687877,-23.718562911999996,0.1192534116974279,0.016864979218176483
VAL 111,12.157380000000003,0.17612108221307998,0.024907282308556458,-5.145459999999999,0.19746495486543753,0.02792576172640928,-20.295079999999995,1.1512831074936682,0.16281601847485874,-4.42354,0.5103930332596585,0.07218047497765512,0.25452864,0.047534870342416775,0.006722445832389241,-17.45217136000001,0.5197270378441123,0.07350050256511384
LYS 112,9.724200000000002,0.05338314340678607,0.007549516540798473,-5.8871,0.1466232246269199,0.02073565528262669,11.231259999999997,0.8958669055166973,0.12669471278629293,-53.932760000000016,0.9089761396199388,0.12854863845240574,0.891209376,0.0053462753072990735,0.0007560775047762736,-37.973190624000004,0.23670382719322045,0.03347497626822698
GLU 113,15.220099999999997,0.04062228452504011,0.005744858570989043,-4.09136,0.11358710490193387,0.016063642426301032,-42.00453999999999,1.060341382952096,0.14995491645162978,-37.627259999999985,1.1139832280607433,0.15754101893796638,0.7561101600000002,0.028942247848452386,0.004093051943284489,-67.74694983999998,0.09401992216497287,0.01329642490589674
ARG 114,12.66544,0.09963335987503716,0.014090284880007688,-9.03206,0.09864854991337181,0.013951011719592963,-134.26539999999997,1.8613809067494171,0.2632390123067355,-68.15414000000001,1.8497422199859677,0.26159305343982725,0.47286518399999994,0.01082964491767732,0.0015315430718264127,-198.31329481599997,0.1848062632692824,0.02613555239269119
VAL 115,12.592079999999996,0.023338243295144376,0.0033005260189956126,0.344,0.0202701751349116,0.002866635658746987,-28.6626,0.11332113659789003,0.016026028828027016,-6.7227,0.09969739214242382,0.01409934041010446,1.223686944,0.0069361967832615445,0.0009809263562177112,-21.225533056,0.05686833812679573,0.00804239750485335
SER 116,10.238740000000002,0.03682434520798463,0.005207748841864056,-2.3612200000000003,0.05528952522853757,0.007819119643536723,-4.475180000000001,0.33843094953032277,0.04786136387525869,-5.645620000000003,0.15098753458472633,0.02135286191589967,0.46319241600000005,0.005018159727037795,0.0007096749544131318,-1.7800875840000001,0.19255233300068522,0.027231012079614952
LYS 117,11.388159999999996,0.05343907184889813,0.0075574260169342005,-4.182059999999998,0.10726442280649877,0.015169480149307248,33.62160000000001,1.239299753893151,0.1752634519801333,-59.31536,1.0987324289377647,0.15538423024229198,0.9406254239999999,0.008936527821544107,0.0012638158845752166,-17.547034576,0.1255002396219436,0.01774841409544259
PRO 118,20.539780000000004,0.07560536753319216,0.010692213615364283,-5.677480000000002,0.31669425255280637,0.04478733070857889,-2.7110399999999997,0.4636145795809289,0.06556500261572502,1.0425799999999994,0.34449627516128734,0.048719130452010616,0.13914691199999998,0.024844134749857215,0.003513491230867277,13.332986911999999,0.23150269091161974,0.032739424521307924
PRO 119,19.416559999999997,0.06991485106941157,0.009887453059365694,-8.511899999999997,0.14910630436052144,0.021086815786197997,-8.054599999999999,0.07912825032830015,0.011190424478113538,-1.9020199999999996,0.041311736831090386,0.005842361851171613,0.03385785599999999,0.00294026217253919,0.00041581586413375033,0.9818978560000005,0.21144200672799693,0.029902415357011644
VAL 120,11.3927,0.43385786843155777,0.061356768167819084,-7.496100000000001,0.15096850664943465,0.021350170959484324,-28.376379999999997,0.23381470355841258,0.03306639248545518,0.7244600000000001,0.12128086576208083,0.017151704521708545,0.00018532799999999998,0.000403160938107848,5.7015566649117855e-05,-23.755134672,0.5030685783196107,0.07114464062633451
ILE 121,13.793299999999999,0.06690508201954562,0.009461807438372572,-7.807499999999999,0.08685372761152535,0.01228297195308777,-14.918739999999998,0.1609701599676752,0.02276461833636529,0.54888,0.10420895163084566,0.014737371271702378,0.21988814399999998,0.011572383883784064,0.0016365822237435254,-8.164171856000003,0.2129583503457446,0.030116858727955307
ILE 122,12.928200000000002,0.08911430861517779,0.012602666384508597,-8.517019999999997,0.1416038827152795,0.020025813142063732,-15.845180000000001,0.18271548264973955,0.025839871361880762,-0.3886800000000001,0.18688653670074779,0.02642974748271347,0.003018240000000001,0.0010425828726772738,0.00014744348384381024,-11.819661759999999,0.17868662215590644,0.025270104446751967
SER 123,12.493920000000003,0.09713986617189055,0.013737651618739504,-4.546080000000001,0.086866297261914,0.012284749570093163,-9.37584,0.14814146752331922,0.020950367252133142,-9.32058,0.21501321726821696,0.030407460795018538,0.3419504639999999,0.01094072745555769,0.0015472525149877367,-10.406629536000002,0.1000631325086215,0.014151063908722866
ASP 124,15.10008,0.15383898595627776,0.02175611803610921,-3.21366,0.10468230222916633,0.01480431315529263,-43.78445999999999,0.8130945138183626,0.11498892889330863,-37.41407999999999,0.8994978118932674,0.12720820049043818,0.5669750879999998,0.006161153583451047,0.0008713186957580065,-68.74514491200001,0.06451073914944011,0.009123196222385119
LEU 125,10.76996,0.0805533264367849,0.011391960674116838,-6.00762,0.2431933296782592,0.03439273051096655,-25.058220000000006,0.13940219366812498,0.019714447291002312,-6.159439999999997,0.11324524890705515,0.01601529668786743,0.294649488,0.02735297546830753,0.0038682948878539067,-26.160670511999992,0.2920091879846852,0.04129633539854965
ILE 126,12.975179999999998,0.10222909370669549,0.014457377078911877,-3.786020000000001,0.276709485923393,0.03913263078301494,-5.483520000000001,0.07700967211978767,0.010890812274570894,-1.9321400000000002,0.10563787389000524,0.014939451395550408,0.41859172799999994,0.02195576909952475,0.0031050146432880016,2.192091728,0.3191843269660207,0.04513948040922749
ARG 127,11.409919999999998,0.08872019837711079,0.012546930780134153,-1.9232800000000003,0.08890760147478063,0.012573433580369695,-136.87777999999997,0.7533337186200945,0.10653747618654945,-69.05335999999998,0.7316009502472529,0.1034639986084709,1.8103716000000003,0.01823427349841231,0.002578715688147499,-194.6341284,0.06552704930594645,0.009266924183075998
GLY 128,5.370160000000002,0.03598352956534457,0.005088839553336353,-2.15406,0.10083281410334602,0.014259913323719703,-21.112819999999996,0.650622369428099,0.09201189788285358,2.16542,0.26285974130703005,0.037173981115828515,0.251313696,0.014624064431052939,0.0020681550255413047,-15.479986303999999,0.4273607886250197,0.060437942329996434
GLY 129,4.61114,0.030757769750135427,0.004349805512899044,-3.169500000000001,0.28363330199395076,0.0401118062420509,-6.7854399999999995,0.315731731696387,0.04465120970365737,-5.281560000000001,0.35225724463804325,0.0498166972811298,0.015723503999999996,0.006638486007425498,0.0009388236945325157,-10.609636496,0.2472450243530742,0.03496572666693837
ALA 130,10.27844,0.07949117183682815,0.011241749330057258,-5.660379999999999,0.5317284604006148,0.07519776001983147,-3.51246,2.3473112210356772,0.33195993638992044,-4.474620000000001,0.23558012564728922,0.03331606087159542,0.06241449599999997,0.008509498970373492,0.0012034248852902081,-3.306605504,1.8382789962550743,0.2599719087929526
ALA 131,9.31936,0.103190456922958,0.014593334368792383,-5.836,0.527574942543701,0.07461036389135083,-6.6927200000000004,1.696124205829274,0.23986818553530542,-2.6137599999999996,0.2887998310248872,0.040842463784645365,0.0005702400000000002,0.0007965803552686945,0.00011265347419409661,-5.822549760000003,0.9411298740757468,0.13309586318724043
GLU 132,17.20862,0.12986868598699988,0.018366205705038795,-7.513499999999998,0.1200566949404602,0.016978580623848816,-45.89660000000001,1.439333706962686,0.20355252491673725,-32.34226,1.6472960609435525,0.23296284306301485,0.493284672,0.01681373571538661,0.002377821308285664,-68.05045532800001,0.22025141786177038,0.03114825422720194
GLN 133,20.34892,0.3702450453415173,0.05236055645234153,-3.48346,0.11080148193954072,0.015669695848993602,-79.87690000000002,1.1749194738352702,0.16615870545940997,-8.45902,0.7762602782572244,0.10977978134428794,0.9088575839999998,0.021599769708697907,0.0030546687266176137,-70.561602416,0.716780659630296,0.10136809300958978
SER 134,11.48304,0.18703132999571065,0.026450224346861187,-2.9724800000000005,0.21071898253360916,0.029800164294848937,-12.431680000000004,2.2083598116248795,0.31230923961995977,-5.886979999999999,1.1465094764545116,0.1621409250991247,0.3344604479999998,0.07936518497322745,0.011223932096938762,-9.473639551999998,1.2114090097285342,0.17131910511390536
GLY 135,5.883539999999999,0.16397599946336722,0.023189708234477725,-2.011780000000001,0.4516355738867306,0.06387091538407705,-7.630900000000004,1.4730714748442904,0.2083237658069733,-2.45058,0.7368237534173293,0.10420261451614363,0.32804928000000005,0.0930570985191003,0.01316026108008009,-5.881670719999999,1.2460866776737523,0.17622326794586518
LEU 136,10.916159999999996,0.667568973515175,0.09440850961646459,-5.808679999999998,0.4709599320536967,0.06660379232446492,-31.601980000000005,0.587913071465297,0.08314346391626457,0.03355999999999999,0.2744210021117189,0.03880899029864086,0.13382208,0.041675941750376755,0.005893868204805391,-26.32711792,0.8406469291010883,0.11888542883020527
ILE 137,11.55086,0.19434639281466826,0.027484730451679287,-6.503119999999999,0.320516747768379,0.04532791316617581,-9.956359999999998,0.18788195868688032,0.026570521410020767,-2.5124199999999997,0.597538788364406,0.08450474585489295,0.014275008,0.014972030526549695,0.002117364862691057,-7.406764991999999,0.8058783087406746,0.11396840338433543
GLN 138,18.540540000000004,0.13906030490348628,0.01966609691822481,-5.606299999999999,0.41055095907818356,0.058060673437364874,-74.18942,1.337023815644755,0.1890837213300637,-10.791539999999998,1.1901171238159869,0.16830797773130285,0.667767744,0.059794982996597176,0.008456287591565633,-71.378952256,0.429386681385138,0.06072444683172372
ALA 139,7.1649400000000005,0.05166407262296157,0.0073064032190820775,-2.9976600000000007,0.1526497441858205,0.021587933852037087,0.4563000000000001,0.1503606663991611,0.021264209366915015,-5.278719999999998,0.189380151019117,0.026782397801550017,0.43100409599999984,0.01809724343713176,0.002559336711035922,-0.22413590399999997,0.09313036552544378,0.013170622599484632
GLY 140,6.255839999999999,0.08505042269150855,0.012027946125589582,-2.6277799999999996,0.1709796818338406,0.024180178493965407,-11.142720000000004,0.1483638823969335,0.020981821465207023,-2.5371400000000004,0.396543112914596,0.056079664834946724,0.1668915359999999,0.018607587611657986,0.002631510276345231,-9.884908464000002,0.18312883886012957,0.025898328757763232
ASP 141,13.345,0.14515164484077644,0.020527542473458872,-7.04036,0.1782426166773665,0.025207312589800048,-79.43176,2.501512722814407,0.3537673219052983,3.70842,2.388709459854839,0.33781453146956236,0.008774352000000001,0.0049360892942587635,0.0006980684425025382,-69.40992564799998,0.4921650974698856,0.06960265557685885
ILE 142,12.599679999999996,0.05128993663569297,0.007253492400345367,-6.76626,0.1792958237104886,0.02535625855682285,-11.592480000000002,0.25671581486142214,0.03630509870526837,-1.1215400000000002,0.20145443256478468,0.02848995907332946,0.15410246399999994,0.020330470097445378,0.002875162654122791,-6.726497536,0.15375112199652616,0.02174369219575676
ILE 143,13.838500000000002,0.10665256677604175,0.01508295063965804,-8.861419999999999,0.14818665122076943,0.02095675719190637,-9.564799999999998,0.19212985192319437,0.027171264232651596,0.28822,0.16053389548628047,0.022702921221728282,0.0,0.0,0.0,-4.299500000000001,0.19680520826438513,0.0278324594673155
LEU 144,13.0473,0.5314814107755558,0.0751628219267977,-6.535380000000001,0.18498550105345005,0.02616090044321715,-33.151440000000015,0.2880215380814555,0.04073239654103532,-1.0131199999999998,0.20290959957577212,0.028695750765575092,0.20611425599999994,0.043931895609801326,0.006212908259214007,-27.446525743999988,0.4379046624693586,0.06192907126905794
ALA 145,7.02366,0.05109505259812988,0.007225931635444193,-5.842440000000002,0.09582508231141722,0.01355171310203244,-5.771119999999997,0.22792925569140043,0.03223406446603835,0.5795199999999998,0.14088708102590566,0.019924442074999292,0.07585704,0.015971915599476496,0.0022587699657858062,-3.9345229600000016,0.15327457030539934,0.021676297609280422
VAL 146,11.264219999999998,0.254355993835384,0.03597136961528874,-5.6062,0.22060761546238827,0.031198628174969798,-27.478580000000008,0.35541609924078865,0.05026342678320652,-1.4672999999999998,0.17216715714676867,0.02434811286321802,0.010693584,0.009651671762329256,0.0013649525105859466,-23.27716641599999,0.6820122847257246,0.09645110227641805
ASN 147,21.812719999999995,0.9076537013642647,0.1283616174407482,-4.0383,0.3153720501249403,0.04460034304800981,-94.18774000000003,1.781730662136048,0.25197476668887936,-5.47158,0.5968609583479187,0.08440888621466297,0.5363697600000001,0.0465731977682586,0.0065864447926955675,-81.34853024000002,0.6819344723797699,0.09644009794892114
ASP 148,14.079399999999998,0.2862512183380885,0.040482035521954673,-0.94146,0.05708317090001398,0.008072779447006096,-53.68252,2.1143498787101147,0.29901422740737527,-23.55038,2.007194767729342,0.283860206284715,0.807343056,0.016971444898910577,0.0024001247549107017,-63.287616943999986,0.15479456653346796,0.02189125753732948
ARG 149,15.0086,0.15922097851745373,0.022517246723369827,-4.169719999999999,0.14937697814591375,0.021125094840026063,-153.70205999999996,1.6018073468447227,0.2265297674216671,-43.12712,1.5048371691315743,0.21281611337490072,1.0591735679999996,0.019660872670424583,0.0027804672778604976,-184.93112643199999,0.14766518383130534,0.020883010566454828
PRO 150,19.245420000000003,0.09690388846719128,0.013704279331699166,-4.5960399999999995,0.1529420753095937,0.021629275716031467,-1.1435999999999997,0.2575697187170893,0.03642585894663309,-6.368880000000001,0.3006692295529791,0.04252105022220924,0.5924924639999999,0.014420001453173598,0.002039296162451784,7.729392463999999,0.13749993154443754,0.01944542680155157
LEU 151,11.884300000000001,0.07814454555510733,0.011051307614951494,-8.817079999999997,0.17613447589852518,0.024909176461717135,-29.87939999999999,0.3830349331336354,0.054169319730025874,-0.4425,0.20232708666908636,0.028613371000285857,0.0,0.0,0.0,-27.254679999999997,0.25502097482413344,0.03606541212858971
VAL 152,13.435820000000009,0.19940568597645975,0.028200222552221984,-3.046539999999999,0.3764367256259764,0.053236192275557544,-30.40863999999999,0.32291229521418435,0.04566669473489242,-1.6502400000000004,0.21708593321539577,0.030700587095363264,0.5872783679999999,0.04581875791411924,0.006479750885323701,-21.082321632,0.4360883910156531,0.0616722116967798
ASP 153,13.146119999999998,0.059319352660413265,0.008389023304354898,-1.89718,0.047999454163565124,0.006788147906461952,-58.01944000000001,1.643217735541908,0.2323860807535372,-24.506059999999998,1.5444026082599356,0.2184115114365583,0.7417287359999999,0.010029599032414701,0.0014183994976804941,-70.53483126399999,0.15615873437407407,0.022084180003483316
LEU 154,11.433720000000001,0.03067509739153289,0.004338113875822136,-6.89522,0.1660060589255921,0.02347680199686795,-31.982920000000007,0.10831931314299939,0.015318664171376797,1.5411000000000001,0.17738706266241586,0.025086318980671457,0.288955728,0.009913929276145239,0.0014020413238732276,-25.614364271999992,0.29253747011284686,0.041371045773590194
SER 155,11.441120000000002,0.08020090772503544,0.011342121141937824,-3.7277600000000013,0.07459800533519192,0.010549751087100892,-10.884739999999999,0.16287145974677808,0.023033502729739717,-5.216559999999999,0.23168574923806562,0.032765312878104434,0.43281043199999986,0.007226417319521051,0.0010219697380634497,-7.955129568000001,0.14256337414434866,0.02016150572126077
TYR 156,11.155479999999995,0.26796926988013625,0.03789657757637048,-7.888819999999999,0.3206225625248549,0.04534287763254654,-25.804959999999998,1.722449209236705,0.2435911032201361,-3.4720400000000002,0.821907366069922,0.11623525441104318,0.440129376,0.030414695458204962,0.004301287481244084,-25.570210624000005,0.977185791773119,0.1381949399683836
ASP 157,13.778559999999995,0.0364368824152418,0.005152953328222869,-3.9060000000000015,0.12038720862278172,0.017025322317057712,-35.50619999999999,0.8858736704522587,0.1252814559302818,-42.77134000000001,0.9884973770320059,0.13979463969688935,0.72222552,0.013592271691456805,0.00192223749695181,-67.68275448,0.07298698282140387,0.010321918098272145
SER 158,13.416519999999998,0.03813462468808786,0.005393050342990172,-5.2741999999999996,0.039705918954188915,0.00561526490915009,-6.765920000000001,0.43653663488872446,0.06173560295323461,-9.437779999999998,0.25564548030432405,0.0361537305405759,0.34435915200000006,0.010646518013662344,0.001505645016697075,-7.7170208480000015,0.1578944969444012,0.02232965390028494
ALA 159,9.229359999999998,0.050328425368016357,0.007117514172833086,-6.566240000000001,0.13842478968733196,0.019576221494446818,-5.244020000000001,0.33790954351718,0.04778762592972975,-0.07500000000000001,0.14874326875526162,0.02103547479853972,0.0,0.0,0.0,-2.6559,0.24754831851580336,0.035008618938770386
LEU 160,13.41608,0.07873368783442614,0.0111346249151095,-5.5399199999999995,0.10518913251860784,0.014875989782207596,-39.141659999999995,0.3361298326541396,0.0475359368057683,2.703919999999999,0.2320359317002546,0.03281483615683772,0.16349673599999995,0.021571696286734682,0.003050698545209352,-28.398083263999997,0.2599378590488026,0.03676076456410426
GLU 161,17.56582,0.2118729515537214,0.029963360158729052,-3.93494,0.17567838910917605,0.02484467604940546,-29.25856,3.396134986480951,0.48028601575311286,-53.439679999999996,3.400924970886581,0.4809634218441126,0.9343218239999999,0.031130419474430193,0.004402506142310269,-68.133038176,0.3118651434848443,0.044104391554769806
VAL 162,13.058480000000005,0.07507655825770705,0.010617428690434309,-5.539439999999998,0.27899019050859575,0.03945517111863096,-25.5733,0.6092190821043678,0.0861565888368485,-1.6650599999999995,0.6931056026320958,0.09801993433990869,0.22609598399999997,0.04009494363412638,0.005670281306996631,-19.493224016,0.16781274740200777,0.023732306331500974
LEU 163,13.242959999999997,0.16379462262259803,0.023164057675666108,-6.944259999999999,0.47773657218180154,0.06756215396211368,-27.426759999999994,1.9225856086010573,0.27189466425069464,0.3877599999999999,0.8903937681722621,0.12592069428016986,0.14673167999999998,0.010878028018938016,0.0015383854756256673,-20.593568319999996,0.7385176323782622,0.1044421651761006
ARG 164,11.615239999999998,0.22583857597866352,0.03193839770560526,-3.5727800000000003,0.26055857613979694,0.036848547216952354,-146.84842000000003,3.685083722738615,0.5211495379177283,-61.507760000000005,3.1747533923754925,0.44897793046874135,1.3825519200000003,0.03329548850128976,0.004708693140436141,-198.93116808000002,0.448958128128926,0.06349226737375649
GLY 165,5.638840000000001,0.25391253297145666,0.035908654778473964,-1.45582,0.15762559309959676,0.022291625153855268,-13.358919999999998,0.3500558721119869,0.04950537619291136,-3.8339999999999987,0.1907365722666021,0.02697422473399846,0.4671761759999999,0.017974291297013258,0.0025419486526280836,-12.542723823999996,0.21729358932227075,0.030729954103628485
ILE 166,12.511800000000004,0.23326559969240124,0.03298873747200871,-3.8688199999999995,0.15543431924771925,0.021981732233835396,-17.629740000000005,0.26199067235278556,0.03705107620565552,2.1478800000000002,0.4526783246412382,0.06401838260999698,0.13130884800000003,0.05597512163436259,0.007916077617079922,-6.707571151999999,0.40162204683318814,0.0567979345579537
ALA 167,8.18138,0.10961585469268607,0.015502022835751512,-2.2406800000000002,0.0941106667705533,0.013309258131089144,-7.011700000000001,0.3163096742118115,0.04473294311801591,-1.5337800000000004,0.12954077196002423,0.01831983165861466,0.470413152,0.009997680069017603,0.0014138854745871874,-2.1343668479999995,0.2979977192863777,0.042143241617104574
SER 168,11.05576,0.0212175022096339,0.0030006079384545374,-3.0497199999999993,0.12867681065369554,0.0181976490789371,0.17604,0.2916071988137467,0.041239485544802806,-16.4298,0.30839798961723,0.04361406195252836,0.515117232,0.029899492297264317,0.004228426751486108,-7.7326027680000005,0.11803413257908632,0.016692547111628785
GLU 169,16.65574,0.06330112479262286,0.008952130919519902,-2.2754600000000003,0.1730981467260609,0.024479774672164327,-51.33228,1.5512364106092618,0.2193779570330577,-30.001400000000004,1.6861704658781855,0.238460514131789,0.8541125279999997,0.020136326891032418,0.0028477066585676104,-66.099287472,0.17481553226929844,0.024722649664871327
THR 170,14.503399999999994,0.07292324732385452,0.010312904537768256,-4.330540000000001,0.11231299301500276,0.01588345579525316,-36.05868,0.2452471765369292,0.034683188319223394,-2.53468,0.24510760412520574,0.034663449799464154,0.3669708959999998,0.010923111878823558,0.0015447612962350935,-28.053529104000003,0.15182495132537943,0.02147129052709866
HIE 171,28.949000000000005,0.2929877130524155,0.04143471974074027,-6.56456,0.3419414078464089,0.04835781765133413,-14.113760000000005,2.652810234901821,0.3751640212600312,-10.334160000000004,1.9674857494782259,0.27824450306879006,0.841912272,0.0719251459586572,0.010171751689039742,-1.2215677280000004,0.9284311400735614,0.13129999100215453
VAL 172,11.27484,0.5033781226871392,0.071188416810606,-5.3038,0.4010450348776396,0.05671633274463488,-31.005919999999996,0.7879908080682905,0.11143872877955108,0.5830200000000001,0.42082117294641896,0.059513101011457945,0.0013266720000000003,0.002339785013631808,0.00033089556993154195,-24.450533327999995,0.6754648022021903,0.09552514841799975
VAL 173,11.34584,0.5362558851891159,0.07583803457368371,-4.239139999999999,0.3371233608043376,0.047676442904229246,-30.29708,0.3955127224251325,0.05593394561447278,0.6286,0.2691558656243624,0.03806438755582436,0.31885329600000006,0.05457084878742071,0.007717483446538173,-22.24292670399999,0.4001786227465776,0.05659380356599964
LEU 174,11.168560000000003,0.2850815434221015,0.04031661850897904,-7.7167600000000025,0.34225835621642825,0.048402640919679475,-29.984560000000002,0.7273016474613895,0.10285598537761925,-1.5317399999999994,0.32462839124143633,0.04590938736249985,0.0,0.0,0.0,-28.064500000000002,0.6535982328617047,0.0924327485256111
ILE 175,13.593059999999998,0.4611645871053113,0.06521852135705197,-6.357240000000001,0.6091566156580647,0.08614775474729298,-14.185080000000003,0.3502389949733218,0.04953127367631939,0.29634000000000005,0.24629605031343882,0.03483152147121914,0.3289811039999999,0.07196965601258651,0.01017804636123262,-6.3239388960000005,0.5094236677755722,0.07204338599620601
LEU 176,11.083659999999998,0.22066242181230783,0.03120637896330584,-8.861619999999998,0.209760138253308,0.029664563236308363,-27.246779999999998,0.30793618105133264,0.043548752358817146,0.26287999999999995,0.2169530492986904,0.030681794471640662,0.0012444480000000006,0.0009507319711127837,0.00013445380477294044,-24.760615552000004,0.2089557216387058,0.029550801547691494
ARG 177,10.886479999999999,0.33184973949070395,0.0469306402257732,-7.447959999999998,0.42762586264166436,0.06047542945693359,-122.21924000000001,4.11969825380434,0.5826133143414854,-83.58630000000001,3.56768394480223,0.5045467021000059,0.8622715679999999,0.0773626314506257,0.010940728261834622,-201.504748432,0.5377246873577506,0.07604575456841632
GLY 178,6.385839999999999,0.08338065962806814,0.011791805968562875,-2.6645999999999996,0.25427457600004383,0.035959855394593024,-8.488959999999997,0.9771521060715468,0.13819017609078146,-0.014159999999999982,0.8094400869737056,0.1144721148926672,0.02324664,0.008723331648676438,0.0012336653926636669,-4.75863336,0.5285098409769288,0.07474257849572204
PRO 179,17.717839999999995,0.0772984760525033,0.010931655318422205,-4.459039999999999,0.4142214847156115,0.058579764151113746,-9.51214,1.3926420359877059,0.19694932548246935,-1.3843800000000002,1.0443053555354387,0.14768707970570744,0.33022785600000004,0.0446382294730428,0.006312798952109954,2.6925078560000006,0.44510944163781335,0.06294798091045112
GLU 180,14.335180000000005,0.1928490279982754,0.02727297108856298,-1.0487600000000001,0.11175644231989401,0.015804747641136062,-33.66702000000001,5.594307490619339,0.7911545525319265,-45.40358000000001,5.616069757721961,0.7942322018603779,1.30707144,0.060161605695005525,0.008508135870801924,-64.47710856000002,0.31114461443377883,0.04400249335915975
GLY 181,6.061399999999999,0.08346376459283343,0.011803558785390036,-2.1342399999999997,0.07587478105406373,0.010730314440874609,-5.182139999999999,0.9099985496691843,0.1286932290682007,-6.615740000000001,0.7491479642900801,0.10594552113232264,0.30974846399999995,0.013516217246048349,0.00191148177413427,-7.560971536,0.2265099300534056,0.03203334150937073
PHE 182,8.684980000000001,0.29272563878142605,0.04139765684190203,-5.256799999999999,0.2676405051557115,0.037850083223159345,-8.511439999999999,0.8897377177573376,0.12582791474073118,-2.6738999999999997,0.9436592446428972,0.13345357020327356,0.6343738559999998,0.023471696857729075,0.0033193992028110416,-7.122786143999999,0.4482706952136437,0.0633950496785551
THR 183,14.820020000000007,0.20629789043974694,0.029174927454884897,-4.743840000000002,0.35419911688197364,0.05009131948750602,-30.100740000000005,1.0188103024605044,0.14408153472250804,-9.57432,0.788932707903525,0.11157193353168965,0.2208924,0.03639274107427474,0.005146710799917174,-29.377987599999994,0.5536119544547443,0.07829255342817756
THR 184,14.611939999999999,0.49356516935461986,0.06980065564162768,-7.592419999999997,0.3967069996862207,0.056102841924459246,-33.65609999999999,2.978577185503281,0.4212344252313822,-1.8138199999999998,0.9743489455015604,0.13779374932122304,0.0074805120000000025,0.00516627268163963,0.0007306212893292383,-28.442919487999998,2.3027262733306175,0.32565467261770137
SER 185,10.535300000000001,0.28679569383099035,0.04055903598459883,-4.680859999999999,0.46190436282850067,0.06532314144313685,-8.505299999999998,1.3252629965407048,0.18742049034190728,-6.07326,0.7717816999644388,0.10914641472810721,0.108214848,0.08683863534480545,0.012280837584259546,-8.615905152,0.9785603423601738,0.1383893307766217
ILE 186,12.665200000000002,0.5193556007206858,0.07344797342336197,-6.770279999999999,0.5332729522486739,0.07541618415168144,-13.646519999999999,0.8073480597611274,0.11417625756697905,0.06724000000000001,0.6295422006505996,0.08903071182462823,0.045814032000000005,0.01703192027052074,0.0024086772639827663,-7.638545968000001,0.6627698036536765,0.09372980450583826
GLU 187,15.1878,0.5472806227156911,0.07739716790685233,-4.9155,0.9373609603562526,0.13256285829748815,-66.86273999999999,7.310923013710476,1.0339206479454937,-16.37712,5.92058237892185,0.8372967897418443,0.29494728000000003,0.05985899705006736,0.008465340545825635,-72.67261272,1.9995004863179804,0.2827720705722487
SER 188,12.498920000000005,0.8132513225318773,0.1150111049942437,-5.6062600000000025,0.7325511534356942,0.10359837763208128,-19.207579999999993,2.123597985401249,0.30032210719826286,-0.6216799999999999,0.49227920695475264,0.06961879309496828,0.000512928,0.001408589834272561,0.0001992046847449126,-12.936087071999996,1.0725431393277598,0.1516805053867534
ASP 189,15.48248,2.1894071730950158,0.30962893177479095,-5.711120000000002,1.0742842945887163,0.1519267419251776,-59.61306,4.668559321289717,0.6602339908911249,-19.29624,3.647225255231714,0.5157955420978363,0.2276964,0.04236467575576605,0.005991269901934299,-68.9102436,2.035128568076218,0.2878106422146324
VAL 190,13.408760000000003,0.2735985789435182,0.03869268209879293,-5.57362,0.19104490466905277,0.027017829520524946,-33.121680000000005,0.6716045693707028,0.094979229055579,0.48956000000000016,0.5119208985771141,0.07239654776299764,0.074793456,0.014881203539017476,0.0021045199869313014,-24.722186544000007,0.6000815480583419,0.08486434637939493
THR 191,13.360460000000003,0.37617826678310384,0.05319964067546698,-4.50186,0.6305187708546035,0.0891688197073394,-32.78918000000001,3.847840572009103,0.5441668322784721,-7.481120000000001,2.1623645172819494,0.3058045227134484,0.27426556799999996,0.07556783551876409,0.010686905786981546,-31.137434432000006,2.0792993143286798,0.2940573290556696
GLY 192,5.24548,0.14457416643373525,0.020445874693937344,-2.964760000000001,0.14757961376827886,0.02087090913208831,-8.762880000000001,0.7734221005375961,0.10937840240193558,-3.05458,0.5428680535820802,0.07677313639548619,0.21685348799999993,0.021597990060565623,0.0030544170463651208,-9.319886512000004,0.4100027430552607,0.057983143983892094
ASP 193,13.203939999999996,0.3148005978394796,0.04451952749077505,-1.3630999999999998,0.2500822464710383,0.03536697046680735,-35.62278,4.343631463602803,0.614282252577758,-47.593379999999996,3.787419870518715,0.5356220547288918,0.91417104,0.03945841628805567,0.0055802627464331764,-70.46114896,1.0671694801107405,0.15092055521232542
GLY 194,5.002579999999999,0.13474287958926515,0.019055520774834366,-0.9255399999999999,0.08561359938701217,0.012107591337668951,-3.2804799999999994,0.667566453321318,0.09440815320723137,-9.764059999999999,0.6283871230380147,0.08886735918209711,0.415136016,0.032795076689035516,0.004637924223269976,-8.552363984,0.15006170495848478,0.021221929834511908
THR 195,15.806040000000003,0.09368307424426038,0.013248787416103861,-0.18863999999999997,0.1979213742878722,0.027990309180143044,-13.186859999999994,1.0047814092627987,0.1420975496199801,-16.774659999999997,1.1578607793686118,0.16374624175229727,0.7345851840000002,0.042768337042062406,0.006048356228502827,-13.609534815999996,0.31053459214975676,0.043916223180418365
PRO 196,18.85224,0.39987925977727407,0.056551467248873506,-5.5027800000000004,0.35883981328721504,0.050747613067020865,-3.892859999999999,1.8796988802465153,0.2658295649622142,-1.5041,1.0612089756499428,0.15007761258762087,0.11781748800000001,0.036241349047918356,0.00512530073422634,8.070317488,0.8021160062265219,0.11343633346020891
LYS 197,11.134379999999998,0.32252397678318573,0.04561177821572865,-3.4193200000000004,0.3364588795083278,0.04758247105815322,26.90984000000001,3.7215785809787305,0.5263106902657338,-66.08834,3.511730306330562,0.4966336626609304,1.1645910720000006,0.065277660637558,0.009231655299362285,-30.298848928000012,0.862824800163411,0.12202185343429513
THR 198,14.655020000000002,0.6856220967850253,0.09696160679360616,-3.8227399999999996,0.644597511940595,0.09115985436583425,-39.898379999999996,2.97598089973726,0.4208672549771719,-4.90798,1.031434117915436,0.14586681182503397,0.36650188799999994,0.05213316192484328,0.007372742464350602,-33.60757811199999,2.0676417971617718,0.29240870716756573
ILE 199,14.128540000000001,0.5995759571563155,0.08479284502832911,-3.1413599999999993,0.32782316940693323,0.04636119722354177,-5.2480400000000005,0.33676216889667315,0.047625362654785404,-0.8877999999999996,0.31440127226205805,0.044463054326035846,0.6635456639999999,0.07128525207763521,0.010081257028537656,5.514885663999999,0.3138748595989676,0.0443886083332811
ARG 200,12.635,0.32344674986768895,0.04574227803683838,-8.67804,0.3514722156871412,0.049705677422207675,-180.08464000000004,4.1615364506854915,0.5885301288869415,-27.130819999999993,3.629784316953315,0.5133290209524539,0.250949232,0.028840437965366648,0.004078653851540142,-203.00755076799996,0.8259908317357516,0.1168127436636533
VAL 201,11.142759999999999,0.24500992306441147,0.03464963561136793,-2.5069199999999996,0.39283649728608366,0.055555470225712104,-35.07523999999999,1.1145642118788095,0.15762318245746923,-1.1772400000000003,0.3625598190643845,0.051273701329238794,0.4057767359999999,0.04776703400204736,0.006755278732003216,-27.210863264,0.9434902084237222,0.1334296648719046
THR 202,14.916020000000001,0.533081550609316,0.0753891158722574,-3.8226000000000004,0.4676021385750908,0.06612892861675568,-37.095119999999994,2.0844219499900887,0.29478177913841563,-3.7771599999999994,0.6596220238894416,0.0932846412224438,0.410030784,0.028115391507311446,0.003976116798106918,-29.368829215999995,1.176378271888902,0.16636501065863094
GLN 203,20.20476,0.12885131896870727,0.018222328281520747,-3.113860000000001,0.12679037976121196,0.017930867463674113,-64.1378,0.3239931480745929,0.04581955041230437,-12.403739999999996,0.2792032814995348,0.03948530673557151,0.82434456,0.02054548194234499,0.0029055699208355803,-58.62629543999999,0.1503501142068702,0.021262717061569958
PRO 204,18.16538,0.10285930001685643,0.014546501710004149,-3.5166799999999996,0.15726912475117066,0.022241212916565174,0.53634,0.5249132732175857,0.07423394700539636,-2.610099999999999,0.6317613552600412,0.08934454767919572,0.742234032,0.027740855637829184,0.003923149427485216,13.317174032000002,0.23432039051533216,0.03313790742073427
LEU 205,9.226679999999998,0.2413499898488852,0.03413204289229022,-2.51782,0.43634627029459006,0.06170868133415256,-49.60572000000001,2.6327339405261223,0.37232480448120037,-58.71101999999999,2.8976155472391354,0.4097847205448723,1.2322087200000003,0.05183851296366672,0.007331072808647097,-100.37567128,0.6001417162128251,0.08487285544140424


