#Frame       SA_00001
       1    6673.4128
       2    6613.6319
       3    6768.5776
       4    6753.4206
       5    6681.7123
       6    6762.0588
       7    6695.6498
       8    6634.6031
       9    6754.3546
      10    6783.5269
      11    6700.4108
      12    6797.6156
      13    6589.9955
      14    6673.6283
      15    7000.0939
      16    6848.0610
      17    6955.2731
      18    6935.1429
      19    6961.4083
      20    6939.0360
      21    6842.7707
      22    6859.9487
      23    6781.7876
      24    6850.8276
      25    6781.5936
      26    6890.4978
      27    6448.8271
      28    6263.9647
      29    6519.0063
      30    6501.2089
      31    6492.2560
      32    6534.7951
      33    6505.6179
      34    6708.2433
      35    6687.4954
      36    6704.4965
      37    6659.6433
      38    6744.2698
      39    6627.1380
      40    6791.0364
      41    6775.2482
      42    6803.5272
      43    6746.1331
      44    7086.3183
      45    7063.9944
      46    6848.9124
      47    6663.9020
      48    6576.2031
      49    6652.4253
      50    6515.7124
