| Run on Mon Jun 20 15:46:19 2016
| GB non-polar solvation energies calculated with gbsa=2
idecomp = 2: Per-residue decomp adding 1-4 interactions to EEL and VDW.
Energy Decomposition Analysis (All units kcal/mol): Generalized Born Solvent

Total Energy Decomposition:
Residue,Internal,,,van der Waals,,,Electrostatic,,,Polar Solvation,,,Non-Polar Solv.,,,TOTAL,,
,Avg.,Std. Dev.,Std. Err. of Mean,Avg.,Std. Dev.,Std. Err. of Mean,Avg.,Std. Dev.,Std. Err. of Mean,Avg.,Std. Dev.,Std. Err. of Mean,Avg.,Std. Dev.,Std. Err. of Mean,Avg.,Std. Dev.,Std. Err. of Mean
GLY   1,1.0740599999999998,0.08325320654485463,0.011773781380678193,0.12518000000000004,0.4019511258847275,0.05684447336373168,-60.708780000000004,8.828176886062016,1.248492748329758,-55.602959999999996,9.215176471365073,1.3032227545465926,1.01866824,0.11857656661510772,0.01676925886867221,-114.09383176,0.5943640801846065,0.08405577431844803
SER   2,10.242240000000002,0.5015927256250146,0.07093592353665823,-0.4664400000000001,0.2281536464753519,0.03226579811503191,-3.637960000000001,2.4755492478236008,0.35009553205946503,-10.62672,1.9533372165604106,0.2762435983547844,0.8719562879999999,0.06375413914418837,0.009016196823513262,-3.616923712,0.760356775697363,0.10753068644334882
HIE   3,28.896299999999997,0.6177865731787813,0.0873682150441431,-3.0513200000000005,0.6936122098117912,0.09809157941434078,-11.834060000000004,2.277476334981301,0.32208379209143256,-15.981979999999998,2.4297804797141858,0.3436228508001206,1.1537733599999997,0.16254142236454305,0.02298682839553503,-0.8172866399999998,1.315757563755378,0.1860762191457838
MET   4,10.593079999999997,0.801541984926577,0.1133551545894616,-1.875399999999999,1.525769432122693,0.21577638239622077,-4.621099999999999,1.7611886128407768,0.24906968221764844,-7.485179999999999,2.021911775424442,0.2859415054727109,1.264390704,0.2761015254649642,0.03904665219044528,-2.1242092960000005,1.1868182884304062,0.1678414519570704
GLY   5,5.407780000000002,0.6069317684880104,0.08583311384308318,-0.9547599999999999,0.36761276147598626,0.05198829529807654,-3.866319999999999,3.403868983612619,0.4813797681166088,-7.2305800000000024,2.4419252002467142,0.3453403736489539,0.38124979200000003,0.09083621571891201,0.012846180822433348,-6.262630208000002,1.0323003821253027,0.14598932008445317
HIE   6,29.086000000000002,0.61571077625747,0.08707465302825802,-1.94506,0.8226017605135554,0.11633345661502548,-14.37704,3.350261804456484,0.47379856813629173,-17.41472,3.493364968279133,0.49403641164594064,1.4261112,0.19183353901867267,0.02712935925982352,-3.2247088,1.13508985979632,0.16052594742361306
GLU   7,15.261499999999998,0.6526789792846156,0.09230274643801317,-0.98422,0.6832399077922781,0.09662471439543825,11.0232,10.628566482832952,1.5031062868606466,-90.70659999999998,10.745184076599221,1.519598505132204,0.9832458239999999,0.16600547562184934,0.02347671950526155,-64.422874176,0.9422851812937068,0.13325924830087507
LEU   8,12.908019999999997,1.5994390327861865,0.22619483723551304,-1.2708199999999998,0.6231783272868208,0.08813072422260013,-25.454399999999996,1.9117945287085913,0.27036857509703693,-6.351339999999999,1.2341886826575705,0.174540637354172,0.8981631359999998,0.13681342629251286,0.019348340297760346,-19.270376864,1.6081165173584053,0.22742201887244454
ALA   9,8.342299999999998,0.6487361944581497,0.09174515246050248,-2.494759999999999,0.9932852875181449,0.14047175249138197,1.30828,2.3949661963376436,0.33869936762858005,-2.57292,1.670658143846312,0.23626674051165153,0.322933104,0.15962716736899757,0.02257469050164363,4.905833103999999,1.0497150708716445,0.14845212898541144
LYS  10,10.5568,0.7173577350248267,0.1014497037945355,-3.6395,0.5540893880954624,0.07836007274116122,-40.75019999999999,9.994473084660397,1.4134319385099596,0.44876000000000027,9.729116801765718,1.375904893096903,0.9368710559999998,0.14616611296648122,0.020671009931655562,-32.44726894400001,1.059023809157714,0.14976858337868554
GLN  11,19.522819999999996,0.6531277268652547,0.09236620892947536,-3.8371799999999996,0.3784915687303997,0.053526790974239964,-82.6812,2.3538417533894553,0.3328834931323434,-9.018820000000003,2.1829557548424927,0.308716563455865,0.6254069760000001,0.13728504539083133,0.019415037310271964,-75.38897302400001,0.5035978686962526,0.07121949358924255
GLU  12,15.338259999999998,0.32943568780585547,0.04658924176247496,-4.06344,0.46334424179005795,0.06552677107869785,6.650100000000001,13.172451594521045,1.8628659694674763,-84.12328000000001,12.1606918619624,1.719781535902735,0.7581369600000001,0.07344307048169448,0.010386418633753544,-65.44022304000002,0.9123504342051043,0.12902583576898405
ILE  13,14.110919999999997,0.4766558439797798,0.06740931591405985,-2.9154600000000004,0.5588444223574173,0.07903253613544176,-3.0030200000000002,0.43258324008218313,0.061176508497952004,-3.4199800000000007,0.3680358401025518,0.05204812765124046,0.6043423680000002,0.1541744503337606,0.021803559863342137,5.376802367999999,0.6494097317142487,0.09184040501273635
ARG  14,11.665079999999998,0.25467672371078176,0.03601672766925331,-4.644080000000001,0.4557549271264073,0.06445347990605267,-187.296,8.586370369370412,1.2142961427922119,-18.258599999999998,7.302012662273334,1.032660533960702,1.232306352,0.022914038024113983,0.003240534334243479,-197.30129364800004,0.9802438270787411,0.13862741146872626
VAL  15,11.556299999999998,0.16923087779728993,0.02393286025532313,-4.9464,0.22536725582923609,0.03187174297085126,-26.837940000000003,0.49415440542406,0.06988398620571185,-1.14688,0.2492556631252335,0.03525007392900046,0.103956624,0.025578635125952764,0.0036173652702115237,-21.270963376000005,0.24767432773496917,0.03502643933344322
ARG  16,12.668299999999999,0.49102738212852753,0.069441758330272,-4.517999999999999,0.27933771675161323,0.039504318751246555,-196.5747,4.8864048184733,0.6910419965530182,-10.420499999999995,4.696945348841105,0.6642483814056318,1.197250704,0.055874364773073254,0.007901828445106169,-197.64764929599994,1.1977933621892498,0.1693935617728506
VAL  17,11.41888,0.2811730883281689,0.039763879488802466,-6.01366,0.3934296181021569,0.05563935017593376,-38.96252000000001,0.5521395200479733,0.07808431975740152,1.8368600000000002,0.3938617021239822,0.055700456084308764,0.004039055999999998,0.004853687738623489,0.0006864151027485336,-31.716400944000007,0.4814099239337533,0.0680816443488114
GLU  18,15.320460000000002,0.2695661113714763,0.038122405065771796,-5.126880000000001,0.39414492968956977,0.05574051051075795,36.276599999999995,4.283217286106339,0.6057383976602466,-108.16217999999999,3.9330195051131605,0.556212952520895,0.6883668000000001,0.03335118627829598,0.004716569995599764,-61.003633199999975,0.5030535382694056,0.07114251364203661
LYS  19,11.882039999999996,0.46554127464715966,0.06583747844504712,-7.274559999999999,0.8949294756571661,0.1265621401841807,-61.44426000000002,8.953735919290674,1.2662494770968002,21.49012,10.353944470857464,1.4642688694744543,0.37901131200000004,0.1105063850937864,0.015627962852845675,-34.967648688000004,1.368913043922717,0.19359353924249428
ASP  20,18.88256,0.22365135009630044,0.03162907725492413,-1.8326799999999994,0.4439491160031753,0.0627838860855237,35.46245999999999,2.9375631411767955,0.4154341634579535,-116.57959999999999,2.8532477565059624,0.4035101674061338,0.7446441600000001,0.07512790809441616,0.010624690653984276,-63.32261583999998,0.3666014003965469,0.05184526724257659
PRO  21,19.714740000000003,0.3548324004367581,0.05018087930670642,-2.35144,0.22756881684448343,0.03218309071546673,-8.108839999999999,1.937982304975982,0.27407208593361054,-3.8175799999999986,1.9130217781300893,0.2705421343746666,0.9438098399999997,0.055502936640667626,0.007849300574876674,6.380689839999999,0.28924299138503173,0.04090513612380762
GLU  22,14.59066,0.3275335469841299,0.046320238427712185,-3.77994,0.4620369426788382,0.06534189106538132,26.54986,9.48482543225758,1.3413568763039923,-101.19966000000002,8.85200416314847,1.2518624341707665,0.5845065119999999,0.0692169908482033,0.00978876072041835,-63.254573488000005,0.9339636221440224,0.1320824021199177
LEU  23,11.21896,0.42594595713542904,0.060237854941891274,-8.590340000000001,0.4395818290147907,0.06216625843654879,-31.072799999999983,1.258704778731353,0.1780077369105705,0.5253999999999999,0.7901603128479688,0.11174554308785652,0.002996784,0.005263896372207948,0.0007444273640503014,-27.915783215999994,1.1766690103798785,0.16640612729033522
GLY  24,5.877080000000001,0.3065558898471706,0.04335354970472212,-3.1520400000000013,0.30085710628135265,0.04254762000394126,-16.11864,1.6749528084098582,0.23687409779881255,1.4691000000000005,0.6682554975456604,0.09450559877594535,0.02354817600000001,0.03220888353772331,0.0045550239927943815,-11.900951824000003,0.9706576173886972,0.137271716693185
PHE  25,9.40008,0.21091361644037498,0.02982768968591353,-9.664559999999998,0.30867317084584733,0.043652978455090474,-5.2621400000000005,1.24969458684912,0.17673350335462673,-3.8859399999999993,0.9924226198550745,0.14034975286048848,0.000936144,0.001786118144822453,0.00025259525044085847,-9.411623856,0.6581906551108683,0.09308221510850222
SER  26,11.017879999999998,0.3363486667136887,0.04756688461526065,-5.739599999999999,0.32801018276877986,0.04638764490680861,-18.016339999999996,1.5919101684454622,0.22513009502952108,-1.4933,0.8433475025160149,0.11926734758516261,0.000324864,0.0012179605126209966,0.00017224562753835005,-14.231035136000001,0.9228516504758398,0.13051093201613279
ILE  27,14.66642,0.21712725208971403,0.03070643046660755,-9.408460000000002,0.24673242267685172,0.034893233842677465,-15.88114,0.9496694163760678,0.1343035368409977,1.18398,0.3842151735681458,0.054336230932960444,0.000210528,0.00043993958450678204,6.221685270342755e-05,-9.438989472000001,0.8458024477418101,0.11961452926848289
SER  28,10.024499999999996,0.19482753912137477,0.027552774814922295,-6.530319999999998,0.3860466002959308,0.05459523378465306,-16.72376,0.9422031322385074,0.13324764481221077,-1.7021600000000003,0.48477369400576864,0.06855735327446627,0.002401056,0.006778576232695477,0.0009586354441857865,-14.929338943999996,0.6765084863819195,0.09567274765018048
GLY  29,4.76326,0.4946265989612751,0.06995076445615131,-4.452960000000001,0.3840057791231649,0.054306618086562695,-11.800160000000004,1.3985344523464296,0.19778263899543497,1.9046600000000005,0.5495249078977215,0.07771455776107836,0.0022563360000000003,0.0023668882259844887,0.0003347285429808459,-9.582943664,0.73393412656332,0.10379395956742987
GLY  30,5.44292,0.22950928870091408,0.03245751487714348,-4.442960000000001,0.3183559617786248,0.04502233188096619,-9.830080000000002,1.5783818275689765,0.22321689871512784,-1.5387000000000006,1.5424236285793855,0.21813164144616884,0.04028385599999999,0.017148026283490044,0.002425097133804192,-10.328536144,0.34252434381407076,0.04844025724648038
VAL  31,10.68546,1.3746134178015113,0.1943996938474931,-3.138759999999999,0.365332317760154,0.051665791854960695,-29.1947,0.6633965706875009,0.09381844274980654,-0.042780000000000006,0.7361707217758664,0.10411026189574206,0.44417016,0.05317277525934456,0.007519765992078164,-21.24660984,1.1557859653164717,0.1634528187351034
GLY  32,5.106399999999999,0.12999738458913118,0.01838440643589805,-0.9104800000000002,0.2114273624675846,0.02990034434584304,-9.99366,1.228402435849103,0.17372233848299473,-3.93402,0.9531511420546089,0.13479592720850325,0.616640832,0.05717486985914462,0.008085747638171902,-9.115119168,0.3706464562788465,0.05241732453150711
GLY  33,4.8177200000000004,0.47744914032804836,0.0675215049595301,-1.7639799999999999,0.22916836518158448,0.03240930101066669,0.5353200000000001,2.9082340926410994,0.4112864096368855,-5.306560000000001,2.2318283371263066,0.31562819032526146,0.21637195200000003,0.04183207694723349,0.00591594905610125,-1.5011280480000002,0.5010087715377033,0.07085333995765035
ARG  34,11.97428,0.8703227686324738,0.12308222630421457,-4.62776,1.6276250496966413,0.23018094197391728,-178.84321999999997,6.2992575190748274,0.8908495416356316,-27.82719999999999,6.401725548631451,0.905340709346494,1.069637616,0.24057851562911772,0.03402293996182859,-198.25426238399993,1.6890367011068441,0.23886586100512106
GLY  35,4.6798399999999996,0.25135173442807235,0.03554650317541803,-1.7352800000000002,0.4043966884137402,0.057190328133347804,-14.708660000000002,0.7254863364667583,0.10259926163476601,-0.19218,0.7748374975438399,0.1095785697661728,0.23025470399999995,0.050403305055541504,0.007128103759797518,-11.726025295999996,0.46475278750198556,0.06572596952360091
ASN  36,21.163419999999995,0.24581367659281575,0.034763303525435385,-6.836659999999998,0.4711318121290607,0.06662809983783306,-85.6948,0.8927609982522511,0.12625547116860764,-1.63162,0.9585782365566203,0.13556343427340575,0.063766944,0.04243047394222298,0.006000575170700994,-72.93589305600001,0.7523296767107568,0.10639548321801183
PRO  37,18.907980000000002,0.11794651160597089,0.01668015563477597,-4.808660000000001,0.5247976985467739,0.07421760227870348,-5.9701200000000005,0.3938771199244663,0.05570263649056342,-5.22576,0.3410911643534582,0.0482375750634291,0.541034784,0.09082871476958176,0.012845120028005998,3.4444747839999996,0.6032311072489387,0.0853097613116788
PHE  38,10.47304,0.11223617242224578,0.015872591722838513,-6.277540000000001,0.19795617797885884,0.027995231165324437,-3.9749199999999996,1.326103115749299,0.1875393011397877,-1.1689599999999998,0.9713395690488477,0.13736815922185178,0.41704991999999996,0.03270100181951589,0.004624620027634663,-0.53133008,0.5087598788300821,0.07194951206327946
ARG  39,15.946219999999999,0.3861781086494382,0.05461383187436261,-3.0069600000000003,0.37225233162466453,0.052644429600860757,-220.18758000000003,8.339926865601614,1.1794437682533538,19.744840000000003,7.944803074614242,1.1235648258502926,0.817291008,0.06558523397083887,0.009275152737297298,-186.686188992,1.0211939526208618,0.14441863376098105
PRO  40,19.546939999999996,0.23164821691559456,0.03276000500615784,-3.2410200000000007,0.4669953528676672,0.06604311615906641,-8.3662,0.3205565784694306,0.0453335460779384,-6.529320000000001,0.29738651213526707,0.04205680387285257,0.8076431519999998,0.07255095777404315,0.010260254844720955,2.218043152000001,0.4886301772182397,0.06910274236068036
ASP  41,12.976880000000001,0.7387933307765899,0.10448115481750456,-0.4293000000000001,0.19470369796180004,0.027535261030177234,22.632899999999996,9.03941649720822,1.2783665406290963,-105.82198000000002,8.406759110358465,1.1888952749472514,1.0573233119999994,0.09150960587760062,0.012941412571951949,-69.58417668799997,0.42986871923847536,0.0607926172787004
ASP  42,15.819459999999998,0.15856345228338659,0.02242425847158644,-3.2860800000000006,0.18644815257865793,0.02636775060561462,-5.56924,3.540578244072569,0.5007133771410545,-79.10609999999998,3.5736755770495696,0.5053940468584998,0.31058179199999997,0.019321443808948777,0.002732464787924503,-71.83137820800002,0.35484507050559944,0.050182671125025585
ASP  43,12.529660000000003,0.350043632137288,0.049503645199089126,-3.4596399999999994,0.7971614581751938,0.11273565455524717,33.263639999999995,4.3917775251485835,0.6210911338990474,-112.60799999999999,4.079597651730508,0.5769422328102716,0.5318352000000002,0.040334269803428593,0.005704127138442431,-69.74250480000002,0.3567856074984444,0.05045710449838239
GLY  44,4.773699999999999,0.1307205033650286,0.018486670873906125,-3.2564599999999997,0.30755755298806,0.04349520626459962,-6.9327999999999985,0.8069710775486469,0.1141229442312127,-2.99322,0.5749433464264067,0.0813092678112397,0.010616544,0.008173608739061585,0.0011559228332312145,-8.398163455999999,0.44017326026064557,0.06224989944545871
ILE  45,12.585120000000003,0.13229779136428124,0.018709733081937265,-8.739020000000002,0.25158080133419913,0.035578898127951564,-11.27848,0.22280082944196625,0.03150879547048034,-1.1893,0.21790091785029253,0.030815843327742933,0.00017236800000000003,0.0003678979061859418,5.2028620849682344e-05,-8.621507632,0.38592594772749383,0.05457817093479119
PHE  46,8.88784,0.2576202134925924,0.03643299998626764,-10.582240000000002,0.22172411325780725,0.031356524807433915,-11.8205,0.9921784768881023,0.14031522583098346,1.77624,0.2611465917832343,0.03693170518673602,0.033716303999999996,0.013459814932114943,0.0019035052824028851,-11.704943695999996,0.7833054840273816,0.11077612389927449
VAL  47,11.565800000000001,0.25617798500259764,0.036229038077208495,-7.738080000000001,0.36461913498880233,0.051564932580191056,-29.889879999999994,0.5305441975937855,0.07503027996754826,-0.4626800000000001,0.3333195127801549,0.047138497557728726,0.0,0.0,0.0,-26.524839999999994,0.8958631449057112,0.126694180955587
THR  48,17.04626,0.5255073666467905,0.07431796450388618,-6.516380000000001,0.41013026662268653,0.058001178539749676,-30.493599999999997,2.1248110127726845,0.30049365517428417,-1.8042600000000004,0.8176985950825639,0.11564004430991877,0.09192196799999999,0.03827660718162697,0.005413129699788427,-21.676058031999993,1.6390089961934144,0.23179087512682392
ARG  49,12.96224,0.8429395128952482,0.11920964913966303,-5.685239999999998,0.5785256626978917,0.0818158838368241,-200.53744000000003,8.176695301060072,1.156359339015151,-6.253340000000001,6.550907813761387,0.9264382676077234,0.9128580479999997,0.06693164984916443,0.009465564696869546,-198.600921952,2.143265289073803,0.3031034839571664
VAL  50,11.272980000000004,0.2774334147140192,0.039235009774404535,-5.079599999999999,0.32868519893662823,0.04648310660874784,-30.886659999999996,1.687190002459791,0.2386046983778932,-2.5355000000000003,1.3944072324826775,0.19719896196481357,0.21192623999999996,0.04169756157290725,0.0058969257094292635,-27.01685376,0.35745502315055994,0.05055177416779105
GLN  51,24.66808,0.7679936676822543,0.10861070606528997,-2.7555000000000014,0.48957615342252114,0.06923652359845806,-61.24213999999999,4.393368466268367,0.6213161269499008,-15.777859999999993,3.690094974441751,0.5218582359300323,0.9315478080000003,0.09556340798912896,0.013514706764481956,-54.17587219200001,1.2444171714023131,0.17598716410471155
PRO  52,19.364839999999997,0.6678972783296101,0.09445493892858124,-4.6226400000000005,0.6973076153320021,0.09861418867485586,-10.10236,3.539715925099077,0.5005914268223142,-1.44524,1.5752856447006682,0.22277903233473295,0.34189488000000007,0.059045383335058,0.008350278190795736,3.53649488,2.0937628242714563,0.29610277824772885
GLU  53,15.889280000000007,0.9629516507072395,0.13618192843397375,-1.24308,0.8528288653651449,0.12060821477826462,13.82174,5.8664516662459665,0.8296415509411287,-94.28239999999998,6.237966405809264,0.882181669272321,1.186951104,0.11040508283877587,0.015613636550552187,-64.627508896,0.7773689493809562,0.10993657111822723
GLY  54,9.273159999999997,0.8625691707915857,0.1219857019818375,-1.5462999999999996,0.3512339533701157,0.04967198204219369,0.3746400000000001,1.2648175957030325,0.17887221977713585,-2.2196000000000002,1.4909782828733622,0.21085617088432576,0.28906732799999996,0.09834410301771042,0.01390795642670629,6.170967328000001,0.9240973099322135,0.13068709486586297
PRO  55,20.218579999999996,1.1394470078069272,0.16114214120459983,-4.928699999999999,0.981103241254462,0.13874895098702628,-8.990840000000002,1.2300205097476855,0.17395116868822447,-0.624,0.7383138357094495,0.10441334397480045,0.30942446399999995,0.13271249772474927,0.018768381417874895,5.984464464,0.7216464351850009,0.10205621758768249
ALA  56,9.268059999999998,0.503090266652043,0.0711477078197216,-5.434960000000001,0.2918675014453963,0.04127629789600284,-4.75574,0.719989216863698,0.10182185152510252,-1.4521600000000001,0.38612155391793296,0.0546058338275315,0.001076976,0.005286695220061773,0.0007476516080344373,-2.3737230240000007,0.7538162472883869,0.10660571604524276
SER  57,12.1608,0.4120866899088198,0.0582778585742489,-4.12918,0.32416962781852227,0.04584450841703927,-0.5435599999999998,2.223878541287721,0.31450391941595895,-9.189159999999998,1.841812882569795,0.2604716757883689,0.2923450560000001,0.0391608407785324,0.005538179214293388,-1.408754944,0.5354659907311412,0.07572632662815258
LYS  58,10.155140000000001,0.3504715686043165,0.049564164554639696,-1.9462599999999997,0.9878860017228726,0.13970817817150172,-14.729580000000004,3.418190445776811,0.4834051287191702,-22.005500000000005,3.413547018864645,0.4827484489876628,1.4104738079999999,0.14418531389405614,0.020390882640399604,-27.115726192,1.0604530588129417,0.14997070980332955
LEU  59,11.833739999999999,0.23038201405498068,0.032580936880338265,-4.595759999999999,0.3727045779166291,0.052708386884823676,-29.98262,1.050053063230621,0.14849992832321574,-2.9311400000000005,0.8964306110346739,0.12677443278516365,0.46636329599999987,0.047368260799996925,0.006698883684938148,-25.209416704,0.38800978001209135,0.054872869322650064
LEU  60,10.71224,0.0752147751445784,0.010636975510030554,-7.436499999999999,0.1840507810360976,0.026028711070661004,-31.186679999999992,0.6664378572684639,0.09424854562279267,-1.0636400000000001,0.6932494719796037,0.09804028053815425,0.003730464,0.0038551606848877245,0.000545202052569577,-28.970849536000006,0.45416919411394896,0.06422922339280054
GLN  61,20.24124,0.24953192661445903,0.03528914348632558,-3.7597400000000003,0.2372860560589144,0.03355731586405392,-65.13799999999998,1.2147120975786208,0.17178623227743559,-11.71558,1.2401796174748243,0.17538788348115736,0.807019056,0.07425469951193843,0.010501200311972216,-59.565060943999995,0.1861484834257468,0.026325370987587443
PRO  62,17.533760000000004,0.05157889490697098,0.007294357270965491,-4.49162,0.18545941766328686,0.02622792237292366,-3.6370599999999977,0.5030207315807345,0.07113787407563109,-6.600919999999999,0.4570655900415266,0.06463883563307879,0.5562257759999999,0.022171601957701067,0.003135538018811871,3.3603857760000007,0.24503024813489524,0.034652510010401365
GLY  63,6.330500000000002,0.12660825407526125,0.017905111002161314,-3.2275,0.09797514991055761,0.01385577857790477,-12.66516,0.30570497935095003,0.04323321278831005,-2.6367200000000004,0.2807482174475874,0.039703793672644885,0.16111223999999996,0.012559873516051282,0.0017762343468090375,-12.037767760000001,0.1781548970899503,0.025194907166779076
ASP  64,12.874040000000004,1.0622610029554405,0.15022639171596303,-6.8763200000000015,0.43237601413581156,0.06114720232356857,7.826200000000001,7.895591770095511,1.1166052964230464,-77.67732000000001,7.724619189163855,1.0924261221482985,0.08581406400000001,0.02484174575667143,0.0035131533762109016,-63.767585936,2.0742672426626427,0.2933456866559753
LYS  65,10.843739999999999,0.1468725719800435,0.020770918323479614,-7.925200000000001,0.19449154223249768,0.02750525767920578,-63.695199999999986,4.036334361769478,0.5708238796686945,23.89882,3.9757930061309716,0.5622620390458518,0.36723600000000006,0.034400283932968075,0.004864934808748872,-36.510604,0.5251827240858283,0.07427205311262255
ILE  66,13.275379999999995,0.07595996050635029,0.010742360634540525,-9.04434,0.23538450331319782,0.03328839569579791,-12.326660000000002,0.23577044852982407,0.03334297659176649,-1.4734800000000001,0.28368857855049434,0.04011962352764542,0.00026136,0.00064152,9.072462845335879e-05,-9.568838640000001,0.25798790649924896,0.03648499962994798
ILE  67,14.479479999999997,0.33055530490382085,0.04674757953093571,-6.20976,0.23526500462244998,0.03327149602888377,-13.507779999999995,0.518269554961664,0.07329438335918535,-0.08903999999999998,0.38939578631515775,0.05506888021378317,0.23541451199999996,0.04047099662184112,0.0057234632305363424,-5.0916854879999995,0.21801282114124113,0.030831668842916302
GLN  68,19.16276,0.19493153259545404,0.027567481713066413,-6.59454,0.4606273205097489,0.06514254038644654,-74.87031999999999,1.1188954632141819,0.15823571389552224,-10.095979999999999,1.126906979124729,0.1593687133411086,0.45550296,0.017807830448246454,0.0025184075336350687,-71.94257704,0.40693351052251836,0.057549088956504006
ALA  69,7.730240000000002,0.09746621158115207,0.013783803829119087,-4.721799999999999,0.3861227266038748,0.05460599967036784,-5.556360000000001,0.4371916174859672,0.06182823148044851,-0.48613999999999996,0.18110571608869783,0.02561221599159277,0.0012038399999999999,0.0015502086569233193,0.00021923261071291384,-3.03285616,0.32595087449442217,0.046096414737738234
ASN  70,18.707919999999998,0.2737267864132399,0.03871081337304073,-4.3720799999999995,0.16317375279130564,0.02307625342207791,-88.20072000000003,0.9229751467921953,0.13052839703268207,-7.771559999999999,0.4888500449013195,0.06913383634661426,0.39977049600000003,0.009540496699036718,0.001349229982355347,-81.23666950400002,0.26998418218609177,0.038181529207377954
GLY  71,6.4055599999999995,0.18573735865465582,0.026267229164877,-1.59574,0.09154055057732753,0.012945788813355685,-9.803959999999998,1.1603109576316184,0.16409274928527484,-3.7446000000000015,0.8849481340733973,0.12515056532033625,0.45976031999999994,0.008464655740201546,0.0011970830948612296,-8.278979679999997,0.14040192502394155,0.019855830655214856
TYR  72,9.03212,0.09068641353580129,0.012824995594530519,-2.7801200000000006,0.09044017691269161,0.012790172477335054,-26.241219999999995,0.5537075867281851,0.0783060778739876,-7.8395399999999995,0.25104335960150476,0.0355028923892154,0.9542462399999998,0.00812415878843404,0.001148929554147599,-26.87451376,0.31434532321179315,0.04445514193546719
SER  73,10.470200000000002,0.07253192400578011,0.01025756306339889,-4.2858600000000004,0.09451116547792535,0.013365897201456988,-5.2112,0.2505385399494519,0.03543150010936683,-8.315619999999997,0.20698047154266566,0.029271459000201623,0.4811041439999999,0.015884683828497562,0.002246433530426983,-6.8613758559999996,0.1487972058560643,0.021043102656486744
PHE  74,11.378160000000003,0.4770907402160723,0.06747081952961884,-9.22568,0.285788554004576,0.0404166049044267,-5.44602,0.4088495317350904,0.0578200552749654,-2.24002,0.37044813348159966,0.052389277452547685,0.0,0.0,0.0,-5.53356,0.5562250681154218,0.0786621035060728
ILE  75,12.552140000000001,0.18966960853021972,0.02682333327534324,-3.2654199999999998,0.7739314980022469,0.10945044208225034,-7.750060000000001,0.45918141992026634,0.06493805916409759,-3.22876,0.6111978259123612,0.0864364254698211,0.5327174880000001,0.09148130673298611,0.01293741046854021,-1.1593825119999999,0.6662320193349874,0.09421943574307533
ASN  76,18.567420000000006,0.07592525008080117,0.010737451839083794,-3.0858000000000008,0.5234379428356303,0.07402530378188212,-80.33664000000002,1.1006585257923707,0.15565662147171475,-15.20326,1.393207835321073,0.1970293415915523,0.7773904799999998,0.05474292500461903,0.007741818698550546,-79.28088951999999,0.3310627025298887,0.04681933639136581
ILE  77,14.74264,0.13419936810598365,0.018978656643738146,-6.667620000000002,0.2623934366556582,0.03710803567961174,-13.559479999999999,0.5452047776753921,0.07710359908591476,-1.9791999999999996,0.4198083848614754,0.05936987114690424,0.20805336000000005,0.015341185979498977,0.002169571327509543,-7.255606640000001,0.2424211813981058,0.03428353225397095
GLU  78,15.079419999999997,0.07039832100286242,0.009955826033054274,-4.511219999999998,0.28178036056478006,0.039849760752109276,6.805959999999999,2.4892265944264707,0.35202980096577063,-87.20128000000001,2.823883857668146,0.3993574850080747,0.6680311200000001,0.02835108040912778,0.004009448242251867,-69.15908888,0.6869621907473197,0.09715112469923926
PHE  79,9.983920000000001,0.20320027952727282,0.028736859118547318,-8.573900000000002,0.3673896160753219,0.05195673777287647,-6.877899999999999,1.392308661899368,0.19690217926676223,-1.6624400000000006,0.7289171738956342,0.10308445531698736,0.1191024,0.04634980502638603,0.006554852288166378,-7.011217600000001,0.5947880435196934,0.0841157317882909
GLY  80,6.272380000000001,0.05954221695561772,0.008420541075239584,-1.67196,0.42653482671406784,0.06032113367634927,-13.465199999999998,1.695537696425555,0.23978524057998554,-0.8218199999999998,0.6389232407730997,0.0903573912416688,0.34940059199999995,0.021068592610649913,0.002979548941009468,-9.337199408000004,0.9890636248254907,0.13987471922781036
GLN  81,20.75736,0.14175016895997855,0.020046501141187938,-5.474339999999999,0.11697001496115245,0.016542058154904563,-75.92272,0.4588378816091393,0.06488947551021854,-8.752360000000001,0.2807012475924599,0.03969715113203049,0.6975391679999998,0.01059004109978629,0.0014976579749406257,-68.694520832,0.19929098659197436,0.02818400160970848
ALA  82,9.558659999999996,0.06051565417378797,0.008558205886845095,-6.965980000000002,0.1271470786135718,0.017981312299143133,-4.781580000000001,0.5069322278174803,0.07169104317834882,-0.31749999999999995,0.3575934702983262,0.050571353551195346,0.0,0.0,0.0,-2.5063999999999993,0.28602328576534475,0.040449800988386596
VAL  83,12.802579999999994,0.09121602710131888,0.012899894263247695,-5.406960000000001,0.35724002911206687,0.05052136941928442,-27.367739999999994,0.5417269352732194,0.07661175789661986,-2.0360599999999995,0.3929913693708825,0.055577372445987656,0.18927259200000005,0.028931785649999476,0.004091572364990055,-21.818907407999994,0.4775661450670948,0.06753805192841224
SER  84,13.4444,0.9435368355289512,0.1334362589403635,-3.5094399999999997,0.5412213654319319,0.07654025952399231,-13.203800000000001,3.005246246150214,0.42500599995764654,-4.21302,1.243103865169762,0.17580143455614924,0.4136048640000002,0.01812282722585308,0.0025629548051345798,-7.068255135999999,0.5861954096312505,0.08290054985013665
LEU  85,13.800900000000006,0.15117886757037796,0.021379920486223458,-7.115540000000001,0.1403037005926245,0.019841939622922362,-28.73994,0.5827924642613581,0.08241930070072499,0.04096000000000001,0.3785061669246618,0.053528855470671134,0.250709184,0.011235863339278436,0.0015889910319378216,-21.762910815999998,0.39804205735230064,0.056291647590251286
LEU  86,12.440940000000003,0.2183847439724142,0.030884266674116416,-8.760719999999997,0.309512716378592,0.0437717081229542,-26.651779999999995,3.048342843513531,0.43110077920598006,-1.6861199999999998,1.560622332789071,0.22070532687726419,0.0009540000000000003,0.001469373241079338,0.00020780075657225112,-24.656726,1.3850136007483886,0.19587050182495663
LYS  87,11.88352,0.8706439740789944,0.12312765161409232,-4.353840000000001,0.47375041361458264,0.0669984260113606,-25.979479999999995,19.5601712131975,2.76622594120437,-18.40812,17.99518688276396,2.544903734704321,1.0152288,0.18221057180187167,0.025768466184996355,-35.8426912,1.0932239768303076,0.1546052174744871
THR  88,16.287640000000003,0.23384890506461284,0.03307122930884738,-2.269859999999999,0.2989805351523834,0.042282232769806645,-39.1754,1.055417036057324,0.14925850863518816,-7.856780000000001,0.7446056752402439,0.10530314445447292,0.8144511839999997,0.034297355049883536,0.004850378466507065,-32.19994881599999,0.4180656522306145,0.05912341153468888
PHE  89,10.12932,0.1267740415069599,0.017928556885599235,-6.437499999999997,0.19949097723966133,0.028212284558339146,-5.280120000000002,2.0229252545756546,0.2860848330687937,-4.592899999999999,1.1165209760680748,0.15789991070295173,0.14375462399999997,0.01813936042623984,0.0025652929527562184,-6.037445376000001,1.13285360780211,0.16020969363370352
GLN  90,19.415779999999998,0.550884099970246,0.07790677654736178,-1.8294599999999994,0.2762950024882861,0.03907401397348422,-63.309940000000005,1.17603357792189,0.16631626357032928,-18.037460000000003,1.184089071142788,0.16745548234678914,1.1188008000000003,0.018486264428086558,0.0026143525871815316,-62.64227919999999,0.30947211770562555,0.04376596660356185
ASN  91,18.497759999999992,0.3386515944155578,0.04789256777417546,-2.3030399999999993,0.23429997524541413,0.03313502026557451,-81.45197999999998,1.5796514361114715,0.22339644847709797,-16.454700000000003,1.3423701464200617,0.18983980667920086,0.8210134080000002,0.024410398725026743,0.0034521516939867727,-80.890946592,0.41563657132129284,0.05877988761808245
THR  92,14.18814,0.19535639329173485,0.027627566088946374,-3.782199999999999,0.16071676950464361,0.022728783513425763,-28.612940000000002,0.7365612645259122,0.10416549298112218,-7.997319999999998,0.5465262094355945,0.07729047775761763,0.49674024000000006,0.024156218348938874,0.003416205160471517,-25.707579759999994,0.22948332916954395,0.03245384364500983
VAL  93,11.43258,0.2512100388121363,0.035526464389239475,-6.358479999999999,0.28066216275090733,0.0396916237007298,-32.249819999999985,0.35573134188739364,0.050308008825833236,-0.24946000000000004,0.31205750816155664,0.04413159602824262,3.816e-05,0.00026712,3.777647267811011e-05,-27.425141839999995,0.29368442527860567,0.0415332497286752
GLU  94,15.96178,0.4880397233833182,0.06901923957855023,-4.581379999999999,0.22880304980487665,0.03235763761463833,-39.52554,6.553992274057082,0.9268744761660008,-42.67190000000001,6.033601436124174,0.8532800980920591,0.31868870400000004,0.045407241284046086,0.006421553645384549,-70.49835129600002,0.7799874828417718,0.11030688767160854
LEU  95,11.860340000000006,0.4862156562677242,0.06876127753319505,-7.97242,0.2932776902527613,0.041475728709691066,-32.03926000000001,0.5674541676639574,0.08025013799355048,0.8507399999999999,0.4207076804623374,0.059497050750436396,0.0,0.0,0.0,-27.30060000000001,0.44860526077961277,0.06344236439464475
ILE  96,13.264640000000004,0.41090445410080495,0.05811066518288713,-5.947520000000003,0.4264014652882342,0.06030227352263813,-15.40882,0.5282864635782423,0.07471098816104703,0.01614,0.3613105041373694,0.05109702151789281,0.23052859200000003,0.09151490787019963,0.01294216238693606,-7.845031408,0.4060075021001014,0.057418131589518626
ILE  97,14.341860000000004,0.16968264613643635,0.023996749946550294,-7.424020000000001,0.2569804264919634,0.03634252044093568,-14.459019999999995,0.29235598095495224,0.041345379330738376,0.38342000000000004,0.3114484926918092,0.04404546823454143,0.017031456000000004,0.018276315669982935,0.0025846613490701784,-7.140728544000001,0.28498304905305194,0.040302689301726306
VAL  98,11.61904,0.20220088624934204,0.028595523565767896,-5.12528,0.3242354107743387,0.045853811531868134,-20.95342,0.5555027305063414,0.07855994954173544,-3.0261399999999994,0.45516067536640986,0.06436944001620744,0.150789312,0.03341992355371648,0.004726290914313789,-17.335010688,0.48974924961830124,0.0692610030972248
ARG  99,11.561920000000002,0.4080382746752217,0.05770532620130167,-4.478039999999999,0.6722571519887384,0.09507151817447848,-202.03892000000005,9.764982686803984,1.380977095201666,-8.10536,9.506855098843147,1.3444723416299789,1.063743696,0.24233282047611204,0.03427103613254421,-201.99665630399994,1.154998193052358,0.1633414109131063
GLU 100,15.28054,0.3304982426579378,0.046739509710732985,-2.4309600000000007,0.38723914884731825,0.05476388561816911,-21.798160000000003,12.11549591615629,1.713389863950407,-63.65602,11.820907279037414,1.671728739356955,0.60850872,0.13984107060471185,0.019776513862595706,-71.99609127999999,0.7776413534721388,0.10997509487424686
VAL 101,11.299619999999999,0.37821115213596224,0.05348713407914318,-2.6524,0.42778415117907276,0.06049781483657071,-23.15018,1.9815275086660327,0.2802303076970874,-5.520600000000001,1.738588922085951,0.2458736033005572,0.43189934399999996,0.06749724226287272,0.009545551543093707,-19.591660656,0.5374203995108285,0.07600272176841807
SER 102,10.528220000000001,1.1061640256309004,0.15643521672564392,-0.7175999999999999,0.28272764279426216,0.039983726689742136,-2.0311799999999995,3.5966766865538524,0.5086468949595583,-10.444959999999998,3.3381736441353698,0.4720890441092658,0.8559894239999999,0.08729245181825726,0.012345016925417935,-1.8095305760000013,1.314651110009572,0.18591974295643804
SER 103,7.076380000000001,0.2572372360292919,0.036378838793999356,-1.3412,0.732454039513743,0.10358464364952942,16.246879999999997,7.544892266003547,1.067008896922609,-111.26086,7.132056755270683,1.008625139091845,1.0699673760000001,0.23779058203605027,0.03362866661199743,-88.20883262400001,0.8096160178850949,0.11449699528075993
THR 104,7.587900000000001,0.44646008780181007,0.06313899112276027,-0.40974000000000005,0.9673935250972067,0.13681010433443866,-95.18832000000002,7.034276646364968,0.9947969434773669,-53.19788000000001,7.36589344652761,1.0416946411074446,1.229548464,0.2606845022763736,0.03686635586197275,-139.97849153599998,1.2338555885858744,0.17449353073879814
GLY 105,5.4504399999999995,0.7992893133277784,0.11303657871680224,-1.4472399999999999,0.31147915243238977,0.044049804176636224,-5.796460000000001,4.157570560844396,0.5879692673669259,-2.65904,3.2713654944686326,0.46264094497569064,0.390257856,0.0998264269160269,0.014117588682789181,-4.062042143999999,1.4288223922882866,0.20206600053964655
TRP 106,12.420399999999997,0.6521923642607842,0.09223392868137749,-6.256439999999999,1.1208313014901112,0.15850948276996027,0.8946799999999999,3.4136434989026023,0.4827620933254806,-7.565639999999999,3.105009144978483,0.4391146044121058,0.9310528799999999,0.1449875364581774,0.020504334043421807,0.42405287999999997,1.7617530334074099,0.24914950333966993
GLU 107,15.376679999999995,0.8106398075595574,0.11464178100502419,-4.032399999999998,0.5930049578207692,0.0838635653904617,-42.93332,13.085070854129908,1.8505084666523415,-38.232600000000005,12.252210017788634,1.7327241576200185,0.28768492800000006,0.10273283784529058,0.014528617258188591,-69.53395507199998,1.7170833831758052,0.24283226082127016
THR 108,15.139779999999998,0.48216935987273185,0.0681890448092771,-5.17312,0.3404369921145476,0.04814506113818956,-32.52852,1.3498015297070884,0.19089076298237145,-3.75272,1.3055826444924894,0.18463726826402094,0.2662289279999999,0.05715940064096938,0.008083559960357627,-26.048351071999996,0.9704189230627628,0.1372379602178852
TRP 109,11.772960000000001,0.3160474622584364,0.044695860747947964,-8.72436,0.6997498055734084,0.09895956653098505,9.497480000000001,4.099926244409763,0.5798171299573674,-5.66474,2.839315613382917,0.40153986483038046,0.7110992159999998,0.10782696496407138,0.015249035624171828,7.592439216000002,1.5416752994098606,0.21802581172010269
VAL 110,8.685559999999999,0.7520523428592174,0.10635626228859661,-6.418679999999998,0.8539871296454213,0.12077201808366254,-22.266319999999997,9.454676230183681,1.3370931352572288,-86.91706,9.877625253895669,1.3969071598098242,0.13879944,0.06559064667451302,0.009275918209191806,-106.77770056,2.033397362973025,0.2875658128410139


