#Frame       SA_00001
       1    6010.2319
       2    6133.4873
       3    6010.0629
       4    6077.1628
       5    6083.5432
       6    6003.8186
       7    6017.7198
       8    6031.9471
       9    6026.8454
      10    6082.8939
      11    6039.0544
      12    6021.5316
      13    6068.1604
      14    6084.6650
      15    6047.4754
      16    6039.5260
      17    6015.8674
      18    6082.6733
      19    6067.8933
      20    6027.6882
      21    6064.7165
      22    6051.8767
      23    6141.7440
      24    6003.7681
      25    6047.9624
      26    6036.3396
      27    6059.6930
      28    6045.1949
      29    6039.4422
      30    6014.2073
      31    6026.4251
      32    6005.9261
      33    6059.0776
      34    6046.6846
      35    6055.9334
      36    6016.1114
      37    6038.8891
      38    6067.8219
      39    6054.8633
      40    6061.8147
      41    6049.1724
      42    6024.0172
      43    6059.5890
      44    6004.8285
      45    6042.0731
      46    6049.9081
      47    6063.7919
      48    6011.2748
      49    6097.6969
      50    6094.1564
