| Run on Mon Jun 20 15:46:05 2016
| GB non-polar solvation energies calculated with gbsa=2
idecomp = 2: Per-residue decomp adding 1-4 interactions to EEL and VDW.
Energy Decomposition Analysis (All units kcal/mol): Generalized Born Solvent

Total Energy Decomposition:
Residue,Internal,,,van der Waals,,,Electrostatic,,,Polar Solvation,,,Non-Polar Solv.,,,TOTAL,,
,Avg.,Std. Dev.,Std. Err. of Mean,Avg.,Std. Dev.,Std. Err. of Mean,Avg.,Std. Dev.,Std. Err. of Mean,Avg.,Std. Dev.,Std. Err. of Mean,Avg.,Std. Dev.,Std. Err. of Mean,Avg.,Std. Dev.,Std. Err. of Mean
GLY   1,1.1644999999999994,0.0023345235061203737,0.00033015148040342217,0.051119999999999985,0.031785304780668724,0.0044951209104984085,-19.476419999999997,0.3312335182317277,0.046843493379586515,-95.38119999999998,0.31450437199706505,0.04447763483038824,0.9997161120000001,0.0058940604114904645,0.000833546017137616,-112.64228388799997,0.00925492944313956,0.001308844673729404
SER   2,11.239399999999998,0.010168579058623388,0.0014380542414768234,-0.51046,0.0204814159666717,0.002896509623667197,-4.40108,0.11458758047880746,0.0162051310392648,-12.03274,0.08770286426343181,0.012403058010031191,0.8374282560000001,0.010565095237939295,0.0014941300973257152,-4.867451744,0.008767729463655853,0.001239944191872029
HIE   3,27.207620000000006,0.02278235281358981,0.0032219112331747547,-1.7660800000000003,0.02002782065027858,0.0028323615588399906,-5.445920000000001,0.09323729725813998,0.013185745030147335,-22.54436,0.07131781264110021,0.010085861787582728,1.3249399679999996,0.008109171532174615,0.0011468100360411152,-1.223800032,0.06529450628939913,0.00923403763429236
GLY   4,3.9208000000000003,0.008392854103131559,0.0011869288099667329,-2.1074800000000002,0.029422603555715073,0.00416098449888191,-5.546000000000001,0.06714908785673607,0.009496315074797864,-5.93512,0.07388251213920194,0.01044856506894542,0.171162432,0.0022176155033212775,0.0003136181920925788,-9.496637568,0.041434682835369815,0.005859749041840768
GLY   5,5.6800999999999995,0.01467276388414494,0.0020750421682455907,-4.011840000000001,0.01504574358380925,0.0021277894632211014,-8.088680000000002,0.44471921208778376,0.06289279411824206,-2.8762799999999995,0.44814564775305216,0.06337736529708421,0.022398911999999997,0.0013552717880395573,0.00019166437433471766,-9.274301088000001,0.016979355652807386,0.002401243504455648
SER   6,11.463180000000001,0.005054463370217793,0.0007148090648680025,-3.091640000000001,0.023100441554175438,0.003266895774272192,-2.943739999999999,0.04774717164405282,0.006752469770397557,-5.794200000000001,0.028777074208249685,0.00406969286307237,0.4379065920000002,0.0023033144399717967,0.0003257378519417905,0.07150659199999997,0.010147409669937487,0.0014350604378181486
PRO   7,18.852719999999998,0.007782133385973933,0.0011005598578640791,-3.4859800000000014,0.013927655940374697,0.00196966799229441,0.35680000000000006,0.1592409495073423,0.02252007104784527,-3.3808399999999996,0.1521691637619232,0.021519969516708426,0.6121038239999999,0.012110241966248157,0.001712646843228796,12.954803824000003,0.037187940179484326,0.005259168935854608
ARG   8,13.776619999999998,0.018851938892225382,0.0026660667658413954,-5.65936,0.030883497211360234,0.00436758606098173,-171.9768,0.47908095348337326,0.06775227818908203,-36.09871999999999,0.48592415210681644,0.06872005261941065,0.547509024,0.00623613922827955,0.0008819232673479826,-199.41075097600003,0.052113008186726546,0.007369892295372881
VAL   9,10.741620000000001,0.008783826042178906,0.0012422205918375395,-2.2661,0.024308229059308056,0.003437702721294523,-30.18262,0.04038360558370102,0.005711104271399583,-2.8975799999999996,0.03738828158665244,0.005287501489366814,0.7300827359999998,0.0074920584388226494,0.0010595370654274787,-23.874597264,0.03763908357803718,0.005322970247135461
VAL  10,11.01166,0.03614891976291477,0.0051122292593850874,-4.69008,0.049506298589106226,0.0070012478887606045,-21.734039999999997,0.024891733572590582,0.0035202227209335294,-1.569,0.02490783009418409,0.0035224991128479863,0.06875711999999998,0.002564321417607949,0.0003626498127064963,-16.912702880000005,0.03066714865265081,0.004336989754389056
ARG  11,11.97756,0.0272427311403943,0.0038527039854829473,-4.744500000000002,0.07756809911282546,0.01096978577728582,-175.47475999999997,0.45701127164737154,0.06463115385210876,-30.772820000000007,0.42179377378030686,0.05965064754046391,1.1340754560000001,0.01032345844735301,0.0014599574946841719,-197.88044454400003,0.09344571696047464,0.013215220027118078
ILE  12,14.121919999999998,0.04953901089136563,0.007005874106911774,-7.379359999999999,0.10369199776270285,0.0146642629545575,-13.96626,0.14330538161555142,0.020266441424176482,-2.5999000000000008,0.10601759287965898,0.0149931517700563,0.008181216,0.001495165972774931,0.00021144839966970693,-9.815418783999998,0.13449009059598982,0.019019771012563504
VAL  13,11.451240000000002,0.13605742317108516,0.019241425311008403,-2.8665200000000004,0.029362724669144136,0.0041525163455330685,-20.811320000000002,0.10096938942073026,0.014279227990332724,-2.291359999999999,0.11418524598214781,0.01614823234908614,0.6457976640000002,0.010871216710953938,0.0015374222112128088,-13.872162335999999,0.1360501412995492,0.019240395498859843
LYS  14,11.279079999999999,0.20602017765261488,0.02913565293588424,-6.140800000000001,0.22456865319980507,0.03175880350390245,23.290220000000005,3.8400396940135497,0.5430636215324992,-62.48657999999998,3.74201341039853,0.5292006115567599,0.688876992,0.036093229204845,0.005104353425133248,-33.369203008000014,0.2613865596091791,0.03696564176213445
SER  15,11.173139999999998,0.043249050856812334,0.0061163394281467725,-2.2911399999999995,0.042707849395635974,0.0060398019835095984,-19.777500000000003,0.17499739998037042,0.024748369643226905,-3.4958200000000006,0.1970614817766173,0.02786870201498307,0.3866349600000001,0.007643599249772688,0.0010809681724373349,-14.00468504,0.041084985186993196,0.005810294326134348
GLU  16,15.92384,0.017757657503166234,0.002511312007695404,0.4528200000000001,0.013612773413225655,0.001925136878249561,-55.175119999999986,0.5682165305593263,0.08035795238815854,-27.745359999999994,0.5600176697215603,0.07919845836888072,1.348102512,0.004246783687199002,0.0006005859086901648,-65.19571748799999,0.025157452619302384,0.0035578010688975975
SER  17,10.38534,0.027241593199492355,0.0038525430563372764,-1.2267999999999994,0.02910738737848222,0.0041164061995897,-8.511320000000001,0.09320975056281833,0.01318184933913509,-9.21978,0.09483149055040667,0.01341119800764411,0.508489056,0.020836224899649095,0.002946687184173973,-8.064070944000001,0.01797691527401193,0.0025423197390139715
GLY  18,5.226319999999999,0.025106525048504587,0.0035505988227655014,-2.8084600000000006,0.051257081461956025,0.007248845977116076,-11.288519999999997,0.22210053939610827,0.03140975950243562,-0.8387,0.22276851213760065,0.031504225113467024,0.13683124800000004,0.007689400798767307,0.0010874454896139237,-9.572528752000004,0.03867624810041257,0.005469647460531011
TYR  19,10.31836,0.04002587163301801,0.005660513050921861,-9.454039999999999,0.11812365724105808,0.01670520781074152,-32.91212,0.3013033448207771,0.042610727663392016,-0.24152000000000004,0.2600866194174548,0.03678180245719342,0.048579119999999996,0.006199047510319621,0.0008766777062889176,-32.240740880000004,0.18308384958369303,0.02589196631327344
GLY  20,6.5587800000000005,0.10811018268407416,0.01528908865824506,-3.148580000000001,0.08222337623813449,0.011628141382007545,-14.296840000000005,0.12428344378809758,0.01757633317835618,0.6379200000000003,0.12468950878081023,0.017633759440346095,0.013319135999999999,0.005937186470838194,0.0008396449629397426,-10.235400864,0.14445427936545271,0.020428920102145514
PHE  21,9.49004,0.20833175082064656,0.029462558748349053,-9.22502,0.10594800422856332,0.014983310448639627,-7.111580000000001,0.7164557792355395,0.1013221479835484,-3.0639600000000002,0.49733976153128817,0.07033446358649487,0.002257776,0.0018857810777033479,0.0002666897175754626,-9.908262224,0.22658767903247107,0.03204433687543624
ASN  22,17.32516,0.10050997164437657,0.014214256505321255,-6.518299999999999,0.11349277510049045,0.01605030217784731,-80.8689,0.6394290969288908,0.09042893010528177,-11.6726,0.4380518234181978,0.06194988297002795,0.273536928,0.013012723361248812,0.0018402769860887279,-81.461103072,0.4019299063653356,0.05684147247052058
VAL  23,10.621839999999997,0.09249159096945614,0.013080286235446974,-7.36588,0.11571735219922863,0.01636490488820532,-26.30694,0.56312277204881,0.07963758615125599,1.9343599999999999,0.3556147780956254,0.05029152421631321,0.0,0.0,0.0,-21.11662,0.6437860790666954,0.09104510042831183
ARG  24,12.00754,0.4189671686421171,0.059250905208273766,-9.078679999999999,0.33312750952149484,0.047111344196487034,-87.94503999999998,2.9332592927327457,0.4148255073739561,-115.11691999999995,2.5166138983988793,0.3559029506372321,0.6448494239999999,0.046201542815948314,0.006533884845287534,-199.48825057600004,0.8356552058155818,0.11817949255320759
GLY  25,6.301840000000002,0.21105623516015207,0.02984785901868923,-4.32888,0.08895046711512325,0.012579495697362929,-19.773939999999996,0.25163421150600507,0.03558645146688523,2.07538,0.16054431039435677,0.02270439411215352,0.033738623999999995,0.011913690802812715,0.0016848503111257349,-15.691861375999997,0.3969614301988356,0.0561388238326214
GLN  26,19.61182,0.19880841933878737,0.02811575629428706,-7.633119999999998,0.10970809268257131,0.015515067257377686,-79.16226000000002,0.26133968775996946,0.03695901308164987,-4.349520000000001,0.19956364799230683,0.028222561754737058,0.34515172800000005,0.019278643353835258,0.002726411889514775,-71.18792827200002,0.29752803854887844,0.04207681873020889
VAL  27,12.170079999999999,0.03706957782386471,0.005242429970995439,-1.9675199999999997,0.12125068907021079,0.01714743689301753,-22.00894,0.252773923496998,0.035747631082371376,-6.410399999999999,0.23200681024489675,0.03281071776112541,0.665783568,0.02028415616218139,0.002868612874585071,-17.550996431999998,0.13219976834061553,0.01869587053298798
SER  28,11.118680000000001,0.027015876813058375,0.003820621938842798,-2.1723000000000003,0.06357019741985176,0.008990183535388949,-11.225299999999997,0.17951838345998428,0.025387733258440365,-6.3684199999999995,0.18593494453708623,0.026295172028343656,0.6629843520000002,0.0068388869197778075,0.0009671646633485736,-7.984355648000001,0.09819510491686642,0.013886884913208148
GLU  29,14.524280000000001,0.09498906042235376,0.013433481752637009,-2.1628199999999995,0.07497431293451176,0.01060296901815911,-29.851139999999997,1.429205667635067,0.2021202038590006,-49.927919999999986,1.0883212915318443,0.1539118730703737,0.927026928,0.026215487120817428,0.0037074297430477205,-66.49057307200002,0.33580999234057274,0.04749070455484431
GLY  30,4.85056,0.042366099655381156,0.005991471271749014,-1.9558000000000004,0.07152901509177252,0.01011573032459745,-10.161179999999998,0.18370037452345467,0.025979156106408656,-1.8612799999999996,0.16445802382371424,0.023257876773257424,0.23526129599999998,0.005576940915483206,0.0007886985479229774,-8.892438704000002,0.0586975118071408,0.00830108172752134
GLY  31,5.3342399999999985,0.027502407167609294,0.003889427721434008,-1.6650600000000002,0.04280439697039414,0.006053455872473321,0.34757999999999994,0.06517057311394535,0.009216510836536889,-11.215919999999999,0.08595390392528907,0.01215571766700578,0.39741825599999997,0.0070506610889002706,0.0009971140535619016,-6.801741743999998,0.036611378337052324,0.005177630778143192
GLN  32,18.53926,0.021950681085381507,0.0031042950894273097,-1.9763600000000003,0.025220436157972294,0.0035667082863569213,-67.71759999999999,0.0809787626488984,0.011452126440226394,-14.196100000000007,0.0847146386394575,0.011980459089545663,1.1407658399999998,0.006497558970114539,0.000918893601785494,-64.21003416000002,0.015838779694916295,0.0022399417055990216
LEU  33,11.896800000000006,0.01256662245196634,0.0017771887904793036,-3.2108399999999993,0.01736359409816149,0.0024555830265161407,-22.94084,0.02286076114182263,0.0032329998452937407,-0.7164400000000001,0.029026305310871588,0.004104939463621679,0.7765381439999999,0.004084667367842235,0.00057765919893853,-14.194781856000002,0.02066233654636118,0.0029220956574181234
ARG  34,11.133039999999996,0.011956521238759107,0.0016909074494655088,-3.927539999999999,0.02334969807097069,0.0033021459689283644,-121.29124,0.5580358253760552,0.07891818325368814,-85.74400000000001,0.5436782504367292,0.07688771553348986,1.2172773600000002,0.008229889664139801,0.0011638821579860663,-198.61246264000002,0.06980101039836813,0.009871353557271763
SER  35,10.42718,0.025200547612555402,0.003563895621290477,-3.3320800000000004,0.01384751241202264,0.0019583339858212185,-13.054780000000001,0.024240701309920107,0.0034281528553924264,-7.141220000000001,0.03797751439978502,0.0053708315929395485,0.582597936,0.0032831658598189333,0.0004643097686476259,-12.518302063999997,0.023999987809945132,0.003394110825761336
ILE  36,12.829560000000006,0.07618297972532101,0.01077390031495435,-4.38622,0.06656043569573168,0.009413067087836601,-6.796060000000001,0.3282242166568538,0.04641791386954078,-4.3917399999999995,0.194024514945933,0.027439210046939975,0.22546972800000004,0.006438789688722021,0.0009105823703058721,-2.518990272000001,0.14222659802727128,0.02011387838603535
ASN  37,19.763160000000003,0.014394943554938384,0.0020357524404989035,-3.055540000000001,0.050912556407918454,0.00720012277671635,-81.43211999999998,0.4010725939332263,0.056720230183652576,-17.66454,0.40376350553257323,0.05710078255154692,0.6717853439999999,0.012253694129237734,0.0017329340426739577,-81.717254656,0.054226837685502655,0.0076688329299442306
GLY  38,6.05764,0.05985173681689843,0.008464313793804286,-1.03308,0.06043305056009995,0.008546523971767231,-7.85626,0.2893095096950786,0.04091454323342906,-7.347779999999999,0.21098106929298205,0.029837228959811293,0.5366885760000002,0.003779483989444725,0.0005344997516644702,-9.642791423999997,0.1967191903914199,0.02782029470306011
GLU  39,14.716399999999997,0.06001166553316791,0.008486931129760407,-2.6303,0.4495254942714588,0.06357250506311661,-3.8368599999999997,4.231883982388932,0.5984787722283891,-74.60095999999999,3.660841230974495,0.5177211318538747,0.8042083199999999,0.07498377691344166,0.010604307426894777,-65.54751167999999,0.25673668683575074,0.036308050448185275
LEU  40,11.173720000000001,0.05171925753487005,0.007314207544168011,-3.1628799999999995,0.08289382124141567,0.011722956623654099,-19.209440000000004,0.31453153482564433,0.044481476234445164,-11.347380000000003,0.23448811398429403,0.03316162710118768,0.9218833919999999,0.009176682178044999,0.0012977788393778711,-21.62409660799999,0.059913621960410564,0.008473065674730712
TYR  41,9.586899999999998,0.5837720188567137,0.08255783064010867,-7.597719999999998,0.3153959441718127,0.0446037221765245,-35.34856,3.7333811493604334,0.5279798254933579,0.86798,2.100431055664527,0.29704580857504115,0.172933056,0.009322799689967444,0.0013184429760839645,-32.31846694400001,0.7458224846051855,0.10547522728514522
ALA  42,10.44612,0.058523376526016725,0.008276455279896008,-4.073860000000001,0.04117815440251906,0.0058234704429535825,7.073020000000001,0.12115337221882747,0.017133674211910154,-1.7508000000000004,0.06674039256701406,0.009438516832637578,0.102062592,0.002976015206671168,0.00042087210671029347,11.796542592000002,0.05859095549803575,0.008286012389772062
PRO  43,19.318520000000003,0.10817878535123056,0.015298790540475815,-6.374939999999999,0.06051988433578904,0.008558804122092388,1.64004,0.0931695143273833,0.013176159076149984,-9.09748,0.07487916666214298,0.010589513303279792,0.14190667199999998,0.00871494648077752,0.0012324795508471243,5.628046671999999,0.08449188794202167,0.011948957383811482
LEU  44,11.891119999999999,0.04778896943870775,0.006758380871205385,-8.192120000000001,0.0993200161094172,0.014045971379705207,-36.811339999999994,0.40543910072972433,0.05733774749683276,3.2249999999999996,0.25693508907893414,0.036336108762496794,0.049901904,0.005278813878626885,0.0007465370180397462,-29.837438096,0.16182770844011599,0.0228858940043771
GLN  45,20.637220000000006,0.21664286648711825,0.03063792799774663,-8.335219999999998,0.26346197372683333,0.037259149641407176,-82.87598,0.48741729513996246,0.06893121493221445,1.9437800000000007,0.12293417588285702,0.017385517881269585,0.0006887519999999998,0.0006053973221744545,8.561611036434676e-05,-68.62951124800001,0.4421177173795637,0.0625248872083614
HIE  46,29.733620000000002,0.30002999116711204,0.04243064826272097,-10.184599999999996,0.33871510152350476,0.04790154903551202,-14.071799999999998,1.7552214789023428,0.24822580204322545,-10.384600000000002,1.3130779413271514,0.18569726330778005,0.243802944,0.015215011328081292,0.002151727537183284,-4.663577055999999,0.511409629169371,0.07232424334995197
VAL  47,11.398180000000002,0.05151065520802413,0.007284706720191202,-7.458739999999999,0.10776062546227896,0.015239653801856238,-33.91922000000001,0.3984300837031735,0.05634652280304754,1.6384999999999996,0.3063820001240287,0.04332895798423967,0.001236096,0.0015404072740622856,0.00021784648585570533,-28.340043903999998,0.15540399051618375,0.02197744310348869
SER  48,12.49332,0.20773622120368548,0.029378338142238933,-5.088419999999999,0.16770856746154383,0.023717573063027842,-11.235739999999996,1.4380556012894936,0.2033717734790198,-6.519100000000002,1.0384300120855432,0.1468561806666632,0.18931176,0.02807264467051141,0.0039700714824718025,-10.160628240000003,0.4287872923298131,0.06063968041860587
ALA  49,6.78192,0.055422681277590514,0.007837950752584992,-3.3348000000000013,0.04878565362882174,0.00689933330111159,-0.47024,0.20295709497329714,0.02870246762910811,-3.16478,0.1671587616608892,0.023639818781032124,0.26004283199999995,0.007375821188655427,0.0010430986358635347,0.07214283200000013,0.11923379780836875,0.01686220539538465
VAL  50,10.887319999999997,0.04690860901850258,0.006633879106602322,-5.70302,0.0391113743044747,0.005531183598443869,-26.435499999999998,0.11575184663796785,0.016369783138514466,-0.45154000000000005,0.1050876224871417,0.014861634095885963,0.15149951999999997,0.006268640377754054,0.0008865196239859385,-21.55124048000001,0.030637601822110755,0.004332811201541568
LEU  51,14.651920000000002,0.010644886097317665,0.0015054142288743449,-2.6190800000000003,0.041792745782021946,0.0059103867893746396,-21.380539999999996,0.06235517941698155,0.008818354041570296,-3.07372,0.062243406076482814,0.00880254690416579,0.49797144000000004,0.020154798884790992,0.002850318992977355,-11.923448560000002,0.05960752844772864,0.008429777515031793
PRO  52,18.132240000000003,0.009784804542517001,0.001383780328919741,-2.156240000000001,0.004523538437524059,0.0006397249408262523,-7.554039999999999,0.04731044704932762,0.006690707585909329,-3.040840000000001,0.04095087789038679,0.005791328690366951,0.9285429600000004,0.0024126327645364785,0.00034119779766331816,6.30966296,0.010422886666667856,0.0014740187683079382
GLY  53,5.306959999999999,0.00897766116557373,0.0012696330178744617,-1.24688,0.010862117657241576,0.0015361354106963306,-19.743980000000004,0.02798391680693485,0.003957523467668766,2.71822,0.024119112753178205,0.00341095763679505,0.307685376,0.0017263256928543662,0.00024413932079077747,-12.657994624000002,0.012843800983758721,0.0018163877543652483
GLY  54,4.337479999999999,0.00391019181255335,0.0005529846292793182,-2.1475200000000005,0.01735539109318033,0.0024544229464264836,-9.957180000000001,0.11832509285843679,0.016733695108945713,-3.4458800000000007,0.08359776073555132,0.011822508701623768,0.068659632,0.004397072813108211,0.0006218400007039649,-11.144440368,0.029924065761860894,0.004231901964176806
ALA  55,9.368599999999999,0.03156517067934591,0.0044639892473352545,-4.551280000000001,0.036688984722810354,0.005188605978469769,-4.696460000000001,0.07672188996617428,0.010850113732105994,-1.9764399999999998,0.065926674419404,0.009323439708607653,0.11021011199999994,0.0103939142104728,0.0014699214442593072,-1.7453698879999997,0.048697408047405175,0.00688685349130571
ALA  56,9.402679999999998,0.014166778040547827,0.0020034849640072076,-6.2222,0.03861450504678368,0.005460915674148581,-7.037439999999997,0.11582731284131252,0.01638045567134155,-1.4857999999999998,0.0679982352712209,0.009616402653799714,0.0,0.0,0.0,-5.342759999999999,0.08611447265129192,0.012178425514006401
ASP  57,17.10426,0.010682340568096497,0.0015107110909290378,-5.3488,0.018499729727327722,0.002616256868062358,-56.84166000000001,0.48068041815548535,0.06797847665226578,-20.9664,0.4728298213947018,0.06686823461108354,0.4601298240000001,0.0028878861053986157,0.000408408769684354,-65.59247017599999,0.012422205787960761,0.0017567651899923669
ARG  58,13.720580000000005,0.029017298286902544,0.004103665678076315,-3.2692800000000006,0.019070437855385307,0.002696967185547918,-147.20864,0.4038720470667455,0.05711613264251764,-63.81358,0.4097965392729839,0.057953982365341244,1.5719607359999999,0.005278141522216568,0.0007464419324843243,-198.99895926399998,0.021993469109942883,0.0031103462298914947
ALA  59,7.525099999999997,0.016923652089839026,0.0023933658310334124,-3.3804000000000003,0.009873196037442277,0.0013962807740119168,-8.59602,0.02491785705088479,0.003523917138663532,-3.7119000000000004,0.02474772716822907,0.003499857139921866,0.262256544,0.0019264209131070495,0.0002724370582155151,-7.900963455999999,0.029924724107797642,0.004231995068352054
GLY  60,6.514220000000003,0.044350102592352635,0.006272051657874325,-2.1415800000000003,0.014333303875894933,0.0020270352734905466,-14.85326,0.11346555600683365,0.016046452816706816,1.4017,0.07319788248303787,0.010351743814450415,0.20533247999999993,0.005801940667331141,0.0008205183179823705,-8.873587520000003,0.03003616977343204,0.0042477558655328405
VAL  61,11.1122,0.04578296626446068,0.006474689181687017,-5.62698,0.0607481654044144,0.00859108794042069,-20.03798,0.03645023456445047,0.005154841607272642,-2.3456199999999994,0.06691722947046923,0.009463525347357015,0.023264207999999995,0.0020224978192167316,0.00028602438458063097,-16.875115792,0.056483456406016756,0.007987967009909837
ARG  62,11.21598,0.018654211319839884,0.0026381038643891277,-5.09908,0.07237591864701852,0.010235500573982537,-123.07684000000003,0.3651732388754802,0.051643294703341405,-75.56272000000001,0.37121072397871174,0.05249712403490296,1.2866551199999996,0.006172267558748093,0.0008728904492177027,-191.23600487999994,0.047718269798354786,0.006748382432181179
LYS  63,8.938979999999997,0.008728092576791106,0.0012343386895745916,-3.4739200000000006,0.06234351289424351,0.00881670414610211,67.68491999999999,1.4200553910326772,0.2008261593319441,-106.23246,1.3068219956831955,0.18481253899026492,1.1763335519999998,0.00635153958921401,0.000898243342901609,-31.906146448000005,0.0809015509914182,0.011441207062908213
GLY  64,6.291419999999999,0.02390488653008319,0.003380661473783356,-2.8805199999999997,0.050475435609840316,0.007138304560612605,-14.053199999999999,0.13971413672210586,0.0197585627007651,-4.2474,0.08818979532800031,0.012471920461576545,0.15273792,0.004366071688646904,0.0006174557796377653,-14.736962080000007,0.04929159609770423,0.006970884371239004
ASP  65,14.672639999999996,0.0780071176252056,0.011031872370719906,-6.66666,0.0402823087720007,0.005696778738906409,-91.61578000000002,0.7957759556545343,0.1125397149097053,18.8407,0.7687510455277256,0.10871781546738062,0.009653759999999997,0.001315197021894458,0.00018599694655558469,-64.75944624,0.04009415038179717,0.005670169124176397
ARG  66,14.144840000000004,0.2763304080262001,0.03907902107267434,-9.213239999999997,0.17778656417191213,0.02514281702596327,-137.95,1.2544178729622917,0.17740147688264832,-65.61996,1.1619377429096414,0.16432281146559974,0.599871024,0.020880067982290244,0.0029528875323827086,-198.03848897600005,0.1458361969170229,0.020624352756496715
ILE  67,13.105960000000003,0.03891938334397061,0.005504031976424077,-8.42164,0.09492981828698302,0.013425103649506484,-12.424820000000004,0.08316482188951767,0.011761281902849873,-1.03126,0.04393031299683219,0.006212684443941513,0.0,0.0,0.0,-8.771759999999999,0.06536652354231612,0.009244222411872366
LEU  68,13.214060000000002,0.039804728361898654,0.005629238669597407,-7.465539999999999,0.07870278521127015,0.01113025462423149,-34.016059999999996,0.08543732439671185,0.012082662289469961,-1.7865999999999997,0.07384849355268792,0.010443754114303332,0.13097491199999994,0.004731172311749997,0.0006690888049200915,-29.923165088000005,0.04758492188095983,0.006729524188851764
GLU  69,15.457520000000004,0.02426622343697382,0.0034317622292144236,-6.162059999999999,0.05089927700863695,0.007198244786059943,-19.857420000000005,0.4310581905031514,0.060960833918156196,-61.18022,0.4438766625993693,0.06277363962689345,0.4031628480000001,0.0023314295351940014,0.0003297139268388558,-71.33901715200001,0.04892247902599516,0.0069186833343475645
VAL  70,10.86336,0.013317297023361603,0.0018833502064588828,-6.442179999999999,0.037230466019468195,0.005265182997820258,-26.13366,0.05805776778272601,0.008210608259943885,-2.23012,0.048411007012877746,0.006846350268575072,0.0,0.0,0.0,-23.9426,0.027124158974606186,0.003835935348985197
ASN  71,18.304820000000003,0.04337680947127927,0.006134407224675686,-4.1663000000000014,0.03488739027193572,0.0049338220478374675,-89.28345999999998,0.12771502812211782,0.018061632488916027,-8.66488,0.1390228240253738,0.019660796321609178,0.34262726400000004,0.006753741026413345,0.000955123215630934,-83.467192736,0.07947160006542132,0.011238981463600937
GLY  72,6.1646,0.012521980673682355,0.0017708754896495372,-1.1949000000000003,0.010469479452176127,0.0014806079832253918,-5.046619999999999,0.02755350431460227,0.003896653949261612,-6.658339999999999,0.02490430484894742,0.0035220005678855476,0.5140261439999999,0.0029907923785075985,0.00042296191439275327,-6.221233855999999,0.020913524474175202,0.002957618994840022
VAL  73,10.73112,0.012654864677506029,0.0017896681256925249,-2.3456999999999995,0.023359152381926502,0.0033034830104060244,-30.64778,0.05698536303242125,0.008058947325720453,0.045120000000000014,0.04937920209966944,0.006983273730851454,0.5204822399999998,0.0027647643748398725,0.0003909967275664519,-21.69675776,0.017653793399388888,0.0024966234052748388
ASN  74,20.463980000000003,0.01833083740311318,0.0025923718865138667,-4.391680000000002,0.03499910855982209,0.0049496213996268685,-92.38266000000002,0.1391913229892788,0.019684625673609204,-5.396900000000001,0.13749316346630808,0.019444469650763383,0.5997329280000003,0.002153671798755065,0.00030457518666998716,-81.10752707199998,0.02821341729138818,0.003989979737437276
VAL  75,13.429239999999998,0.033957950468604156,0.004802379410309379,-6.311440000000001,0.04617322167648842,0.00652987963133493,-34.59489999999999,0.05095968995816107,0.00720678846731594,2.1284799999999997,0.054925855478104225,0.007767688974207955,0.023063328000000004,0.001613365974977697,0.00022816440428847503,-25.325556671999998,0.060367633351950827,0.008537272581469524
GLU  76,15.29518,0.031286859862017534,0.0044246301540931616,-5.9676599999999995,0.08244794964099511,0.011659900857214923,-6.3596,0.7100318584401637,0.1004136683923053,-73.25972000000002,0.7380330897721249,0.1043736405035859,0.5031313919999999,0.00410591797541556,0.0005806644886824164,-69.78866860800001,0.12424758903943968,0.01757126255117343
GLY  77,6.1468,0.013030732903754514,0.0018428239200150975,-3.705100000000001,0.04008453567137538,0.0056688093987887185,-12.227800000000004,0.13121676722083583,0.01855685318144594,-2.6988399999999997,0.12429100691524025,0.01757740276605409,0.03724804800000001,0.004081145104905579,0.0005771610757370037,-12.447691952000003,0.03421130637011304,0.004838209345511492
ALA  78,7.160919999999999,0.03296169898562084,0.004661488174432448,-4.680720000000001,0.15754936242331985,0.0222808445082293,-13.162900000000002,0.22951342008687695,0.03245809914334949,3.3229800000000007,0.2920663958759988,0.04130442581612669,0.06686251200000001,0.001660792778480872,0.00023487156716189443,-7.292857487999999,0.09488776035904736,0.013419155760297292
THR  79,15.372099999999998,0.17765812674940024,0.025124653231480016,-6.7992799999999995,0.06113396437341187,0.008645648153851267,-32.12874,0.12976853393616525,0.018352042066179814,-4.72372,0.18742188132657434,0.026505456645752216,0.11895537599999999,0.0072045987683019745,0.0010188841289589148,-28.16068462399999,0.1268229105062422,0.0179354680057557
HIE  80,30.98674,0.22507703658995423,0.03183069977242586,-12.4465,0.17240002900226134,0.02438104591685129,-8.32896,1.7384152088612141,0.24584903654071857,-7.433219999999999,0.5937805079320293,0.08397324473902609,0.033482879999999986,0.013419896338675678,0.0018978599407796185,2.8115428799999993,1.2159217988440472,0.17195730987103416
LYS  81,11.56958,0.02340178625571757,0.0033095123506592075,-3.572139999999999,0.04561009098878068,0.0064502409257404525,12.276440000000003,1.1653652330492514,0.1648075317696334,-53.66223999999998,1.1706570900150886,0.16555591335875594,1.077889968,0.016603873240047543,0.002348142272399894,-32.31047003199999,0.14677141871686422,0.02075661309181297
GLN  82,20.7374,0.09109511512727377,0.012882794727892905,-6.084320000000002,0.06740636171740938,0.009532699093098694,-80.21335999999998,1.2381461587396287,0.17510030898897339,-7.669640000000002,0.7123982526648546,0.10074832707295323,0.5443119359999999,0.021297815056442113,0.003011965890173434,-72.68560806400001,0.6026895467019971,0.08523317308464572
VAL  83,13.322679999999998,0.08613905966561458,0.012181902642917738,-7.424940000000004,0.11245379673416046,0.0159033684481797,-25.64837999999999,0.12630722703183775,0.017862539349416253,-2.54452,0.09103696831507586,0.012874571526851002,0.0,0.0,0.0,-22.295160000000006,0.2400390268263454,0.03394664472366568
VAL  84,13.085299999999997,0.10379696527405274,0.014679107602373457,-6.15858,0.24165331282646912,0.034174939239158084,-32.9176,0.21441772314798704,0.030323245208904278,-1.1721200000000003,0.18922786686954718,0.026760861570584406,0.09339696000000001,0.017431763202797334,0.002465223593747225,-27.06960304,0.18167462845519738,0.025692672350043314
ASP  85,14.333999999999998,0.03277560068112148,0.0046351698998166845,-4.328440000000003,0.09810385517383435,0.013873980250792247,-72.82038,1.4870898545822535,0.21030626408176564,-9.076020000000003,1.544542113249076,0.21843124042132442,0.5172289919999998,0.00934296910691838,0.0013212953623836815,-71.37361100799998,0.06979156536038734,0.009870017827190809
LEU  86,12.606700000000005,0.0229392676394284,0.0032441023406585895,-5.984580000000001,0.08406095169573996,0.011888013795410508,-31.102279999999997,0.12429256454103492,0.017577623047606482,-1.9453200000000004,0.12998652853276546,0.01838287115768342,0.34169385599999996,0.008030451143794764,0.0011356772919529088,-26.083786144,0.08905029073076715,0.0125936128884718
ILE  87,14.471499999999999,0.04824531065245693,0.006822917264560774,-7.564019999999998,0.1537936916781376,0.02174971245786484,-9.021379999999999,0.3915682259837101,0.05537610957805358,-1.42616,0.26560130722569875,0.03756169708626063,2.376e-05,0.00016632000000000002,2.3521199969389318e-05,-3.5400362399999996,0.16462427437515065,0.02328138815171676
ARG  88,13.38176,0.3522388712224408,0.04981409888777658,-4.10058,0.20880096647286053,0.029528915862252928,-131.74589999999998,1.5591330058750823,0.22049470424520717,-76.18504,1.3775073569319762,0.19480895864419165,1.2662843039999998,0.03928698002110799,0.005556017997053174,-197.38347569600003,0.4821704890666522,0.06818920450141276
ALA  89,8.412860000000002,0.17707964422814582,0.025042843448764635,-2.0099600000000004,0.25497952545253105,0.03605955030224252,-5.2657799999999995,1.0490368590283174,0.1483562153467119,-6.956740000000001,0.7365118548943924,0.10415850540402147,0.37718582399999995,0.011430743568231993,0.001616551258220271,-5.442434176000001,0.28535425688128824,0.04035518601624139
GLY  90,5.94708,0.7124015676568853,0.10074879588362212,-0.51944,0.09788874501187539,0.013843559079947583,-7.29724,4.933144034224016,0.6976519198339527,-7.179999999999998,3.9862448595137785,0.5637401543264419,0.5346214560000001,0.04801145521648682,0.006789845111642414,-8.514978543999998,0.4419717946964996,0.06250425062461669
GLU  91,14.80984,0.4216152919428066,0.0596254063969409,-1.28478,0.1984310751873301,0.028062391772619755,-15.742820000000004,2.51875706402977,0.35620604002739387,-58.959259999999986,1.7887396659103374,0.2529659895085118,0.8771610239999998,0.048834007783113545,0.006906171611191245,-60.299858975999996,0.8753642025244921,0.12379519272260453
LYS  92,10.797659999999997,0.14078232985728756,0.019909628022665878,-2.8394600000000003,0.15025248217583353,0.02124890980732855,28.105379999999997,0.8712682914005704,0.12321594341643205,-70.63440000000003,0.9620144697436389,0.13604939103106156,1.2826193760000002,0.01815481512468507,0.0025674785771705815,-33.28820062399999,0.16366191733339497,0.023145290313687148
GLU  93,15.094420000000005,0.08869229729744746,0.01254298497160768,-4.173760000000001,0.03574943915635562,0.005055734170214989,-44.70377999999998,1.0672972461321653,0.15093862405635633,-38.62662,1.095555710860831,0.1549349744634684,0.5202482400000001,0.022162608269457963,0.003134266119222956,-71.88949176,0.07131190940607397,0.01008502694407913
LEU  94,12.887319999999999,0.05607796001992232,0.007930621161039033,-8.282459999999999,0.04700902466578238,0.0066480800236280784,-32.132540000000006,0.05913889075625651,0.008363502137119882,0.06330000000000002,0.04401783729353358,0.006225062248684739,0.0,0.0,0.0,-27.464380000000006,0.07591703102401703,0.01073628948892639
ILE  95,13.11354,0.08129113358750965,0.011496302362013919,-5.053780000000001,0.059918708263709174,0.008473784986641435,-12.821319999999998,0.07969728728180114,0.011270898455826794,-0.6521000000000001,0.046700428263558226,0.006604437901895585,0.36356616000000025,0.005363869963510766,0.0007585657649202604,-5.050093839999999,0.08620819701286445,0.012191680140332464
LEU  96,11.536380000000001,0.02321197104930107,0.0032826684267333217,-8.224619999999998,0.06631286149798822,0.009378054809022358,-34.68614,0.042698014001230425,0.006038411048693636,0.27200000000000013,0.03358094697890342,0.004749063065489703,6.537599999999999e-05,0.00034770510871139066,4.9172928044606e-05,-31.102314624000005,0.07501607875678744,0.010608875597389702
THR  97,16.254179999999998,0.022295012896728562,0.0031529909611836596,-5.284199999999999,0.014259032225622154,0.002016531675978987,-45.30919999999999,0.09801632517378601,0.01386160163947396,2.6056999999999992,0.0920089669543318,0.013012032892675395,0.13675723200000003,0.00195479265943185,0.0002764494290595893,-31.596762767999998,0.04588007950914725,0.006488423068459197
VAL  98,11.912460000000003,0.02643498439439202,0.0037384713451670314,-6.69744,0.016798999969855857,0.0023757373591675366,-26.71846,0.058165697794556305,0.008225871868595636,-1.7132200000000006,0.06446124106778058,0.009116196136545681,0.00026812799999999996,0.0004299613336289672,6.080571493141085e-05,-23.216391872000003,0.023297915349213376,0.0032948227861877856
LEU  99,11.567199999999993,0.01892722906809181,0.0026767144046237713,-8.6531,0.04383662851983117,0.006199435458145645,-34.27736,0.1748258287548071,0.024724105807816442,0.7006599999999998,0.14355411662505574,0.020301617866564283,0.0,0.0,0.0,-30.662599999999998,0.05291464825819588,0.0074832613214942485
SER 100,11.987240000000002,0.023708698824562283,0.0033529163423915037,-4.902259999999999,0.010727180431195008,0.0015170524051819245,0.04177999999999999,0.15759483367166577,0.022287275113840183,-10.952739999999999,0.13610272737915693,0.01924783229355717,0.261242064,0.0031847448016906394,0.00045039092912481154,-3.5647379360000007,0.03305143925585225,0.004674179365157677
VAL 101,7.881740000000001,0.007140896301683761,0.001009875239734105,-2.088919999999999,0.01554585475306093,0.0021985158630461006,-77.74641999999999,0.5992895490508506,0.08475234080561692,-33.03492000000001,0.5715676281940818,0.08083186916054931,1.0221384959999995,0.004270733258436415,0.0006039728895358619,-103.96638150399998,0.04558910853407336,0.006447273558538555
MET 102,5.639539999999998,0.20115140665681955,0.028447104738449986,-4.4338,0.4245916626595496,0.06004632878036771,17.305899999999994,1.153557198408565,0.16313762349625038,-114.29729999999999,1.20672923640818,0.1706572852240577,1.2442741920000002,0.025121562582133355,0.003552725451165746,-94.54138580800002,0.46836654507629066,0.06623703202087199
GLN 103,18.123760000000008,0.2083010859302819,0.029458222077964814,-4.67166,0.17673693558506318,0.02499437712766564,-70.98673999999997,0.9260591084823452,0.13096453507748698,-10.31354,0.6690521417647638,0.09461826128184955,0.662192352,0.02354730161188267,0.0033300913296814313,-67.18598764800001,0.7364039232512767,0.10414324156467113
THR 104,14.319640000000001,0.4431113070097451,0.06266540200140498,-3.73762,0.41834573692102867,0.059163021491468556,-30.7975,1.5537464175341043,0.219732925616534,-6.896099999999999,1.6002282118498057,0.22630644400900415,0.5601494880000001,0.041589045512761345,0.005881579221029901,-26.551430511999992,0.6892515575732698,0.09747489006068984
SER 105,10.53484,0.5964698268982012,0.08435357187457684,-4.10826,0.20803565175229508,0.029420684016522182,-6.5695,0.7416292672218439,0.10488221679579518,-4.849780000000001,0.8309122045077918,0.11750873087562459,0.30074256,0.039104469624021386,0.005530207129169777,-4.69195744,0.28052841660084005,0.03967270913879577
LYS 106,10.476960000000002,0.13092012221167124,0.018514901241928852,-4.085499999999999,0.22652984350855254,0.032036157697204984,60.85282000000002,1.444660467929215,0.20430584267697574,-88.28566,1.3599076823080154,0.19231998878953577,1.077252336,0.062452198362813745,0.0088320745924706,-19.964127664000003,0.21526110933376402,0.03044251802712867
LEU 107,9.012580000000002,0.19332884833875996,0.027340827931864552,-7.621240000000001,0.22427639733147317,0.031717472282634634,-109.10154,1.5156112589974173,0.2143397997759509,4.923260000000001,1.4869183812166675,0.2102820140858459,0.136202688,0.02928171479558286,0.00414105981934542,-102.65073731200003,0.19824025451451519,0.028035405654272153


