#Frame       SA_00001
       1    6011.8308
       2    6043.5699
       3    6033.9589
       4    6031.6870
       5    5938.2861
       6    6012.5241
       7    6018.1005
       8    5998.7380
       9    6033.5366
      10    5961.6454
      11    6041.9157
      12    6039.3053
      13    6030.1811
      14    6010.8689
      15    6039.3604
      16    6023.7328
      17    6033.2757
      18    6048.6549
      19    6014.6949
      20    6025.5991
      21    6024.8308
      22    6016.0258
      23    5999.9634
      24    6039.9903
      25    6047.1436
      26    6031.1048
      27    6020.7106
      28    6044.8043
      29    6039.9714
      30    5991.1951
      31    5989.4001
      32    5991.6584
      33    6043.1938
      34    5989.6938
      35    6045.1322
      36    5965.9652
      37    5997.7688
      38    6011.2920
      39    6050.7876
      40    6008.7778
      41    6015.7140
      42    5998.4687
      43    6037.0583
      44    6047.7785
      45    5949.3130
      46    6026.0001
      47    6027.3107
      48    6027.7903
      49    6004.5384
      50    5985.5821
