| Run on Mon Jun 20 15:46:07 2016
| GB non-polar solvation energies calculated with gbsa=2
idecomp = 2: Per-residue decomp adding 1-4 interactions to EEL and VDW.
Energy Decomposition Analysis (All units kcal/mol): Generalized Born Solvent

Total Energy Decomposition:
Residue,Internal,,,van der Waals,,,Electrostatic,,,Polar Solvation,,,Non-Polar Solv.,,,TOTAL,,
,Avg.,Std. Dev.,Std. Err. of Mean,Avg.,Std. Dev.,Std. Err. of Mean,Avg.,Std. Dev.,Std. Err. of Mean,Avg.,Std. Dev.,Std. Err. of Mean,Avg.,Std. Dev.,Std. Err. of Mean,Avg.,Std. Dev.,Std. Err. of Mean
GLY   1,1.1639199999999996,0.003205245700488313,0.00045329019403686233,0.04912,0.03625886925981009,0.005127778466353633,-33.406960000000005,0.360002053327149,0.05091197862974163,-81.61627999999999,0.3476845719956756,0.04917002371441692,1.0026362880000004,0.005326108196815919,0.0007532254446603582,-112.807563712,0.008465356774949123,0.0011971822361460014
SER   2,11.240339999999994,0.0134753256020642,0.0019056988223832584,-0.51976,0.014808862211521969,0.002094289378284879,-4.2053400000000005,0.10915944485016285,0.015437476736821821,-12.220339999999998,0.08600176974925475,0.012162486916748424,0.8364493439999999,0.00875820054057016,0.0012385965986457693,-4.868650656000001,0.010313797821154868,0.001458591275825129
HIE   3,27.202419999999993,0.023120631484461876,0.003269751061595637,-1.7738800000000006,0.019488088669688174,0.002756031930140246,-5.00254,0.11073991331042096,0.015660988729961814,-22.98214,0.08973316220823235,0.012690185498950705,1.322969472,0.00874021728584663,0.0012360533823732066,-1.2331705280000003,0.06175046029272955,0.00873283384287594
GLY   4,3.9192400000000003,0.00826452660497427,0.0011687805611347883,-2.10874,0.03237456408972124,0.004578454761160075,-5.95948,0.06799801173562858,0.009616371041093082,-5.53348,0.07822921193514697,0.011063281249244404,0.179263296,0.0031146995083924612,0.00044048502874854305,-9.503196703999999,0.04097130021588986,0.005794216843337115
GLY   5,5.682060000000002,0.013307757135607575,0.0018820010625943565,-4.026859999999999,0.014200014084759335,0.0020081852504555625,-8.442219999999999,0.4419671159713307,0.06250358895295784,-2.5169000000000006,0.4387003647137731,0.062041600559624106,0.02228414400000001,0.0014709714466513398,0.00020802677697178963,-9.281635855999998,0.01789454950468567,0.0025306714602083224
SER   6,11.46638,0.006486570746506149,0.0009173396323001568,-3.08908,0.022622855699478386,0.0031993549349811803,-2.5416599999999994,0.0394814437426356,0.005583519320290563,-6.207600000000001,0.020628136124695655,0.0029172589874022973,0.4423829760000001,0.002094706006913714,0.00029623616441617643,0.07042297600000008,0.010433283815531155,0.0014754891472011872
PRO   7,18.850639999999995,0.007463939988189266,0.0010555605160036138,-3.4941199999999997,0.01673157494078515,0.0023662020201120175,0.12622000000000003,0.16251095839973376,0.02298252014031533,-3.1498399999999993,0.15293859682893218,0.02162878378457867,0.6120112320000001,0.012097408988790413,0.001710831986152159,12.944911231999999,0.03309284053544943,0.00468003439026827
ARG   8,13.73094,0.016361430256683396,0.002313855656882317,-5.697320000000001,0.020327754425694827,0.002874778600140733,-189.07356,0.7024161205448015,0.0993366404103953,-19.215159999999997,0.6907710578767436,0.0976897798544101,0.54635976,0.004372618329928878,0.0006183816145266611,-199.70874023999997,0.03763668835270149,0.005322631511119994
VAL   9,10.752260000000003,0.008594905464973088,0.0012155031875879573,-2.25704,0.0172313203209385,0.002436876689546634,-30.275579999999987,0.01807107082823611,0.0025556353451896305,-2.7879600000000004,0.01688189562804437,0.0023874605755747407,0.7324587360000001,0.004789812733796842,0.0006773818129362845,-23.835861264000002,0.029755085497032062,0.004208004545947373
VAL  10,10.973980000000001,0.029836548058104113,0.004219525091816747,-4.672880000000001,0.0345940110422944,0.004892331959289734,-21.76298,0.021023310872808898,0.0029731451362312094,-1.55072,0.03263313653327519,0.004615022426813069,0.06770606399999997,0.00279439073386449,0.00039518652744008673,-16.944893936000003,0.024542044093267112,0.0034707691605056854
ARG  11,11.986300000000002,0.022729056291894135,0.003214373966793821,-4.713220000000002,0.07654627097367378,0.010825277456005544,-188.60497999999998,0.4920327017676564,0.0695839319970896,-17.806219999999993,0.467154505062545,0.06606562367831419,1.131972048,0.006057772552081518,0.0008566984100925159,-198.006147952,0.08325085606893957,0.011773448973186483
ILE  12,14.115179999999993,0.04909651311694475,0.006943295471521182,-7.321759999999999,0.07782738849540052,0.01100645483342752,-14.113240000000001,0.09585104276951659,0.013555384465225395,-2.3910800000000005,0.07125667407335476,0.01007721548841376,0.010015776000000002,0.0014076932396740027,0.00019907788712078943,-9.700884224,0.0954273191755499,0.013495460899896878
VAL  13,11.39948,0.07502699247606225,0.010610419030371139,-2.82756,0.038304652458900856,0.005417095900936551,-20.630399999999995,0.07847904178928229,0.01109861252604479,-2.50364,0.07230512015066025,0.01022548815460799,0.6399167039999999,0.009864613761471021,0.0013950670569044588,-13.922203295999998,0.08498915745973037,0.01201928191342132
LYS  14,10.99316,0.26506877296289344,0.037486385368571865,-6.261939999999998,0.19573649736323165,0.027681320922248776,9.4738,3.5911256675310095,0.5078618623208487,-48.70175999999999,3.5327824136791235,0.49961088023381744,0.7081793279999998,0.03556014059575917,0.005028963311041669,-33.788560672,0.2703848203367755,0.03823818799800806
SER  15,11.172419999999999,0.030852610910974156,0.004363218078491978,-2.297,0.03035523019183106,0.0042928778226244725,-19.393860000000004,0.1468437278192633,0.020766839143142552,-3.86588,0.1699704256628129,0.024037448117467795,0.383252112,0.004278439494239395,0.0006050627158546039,-14.001067888000001,0.03265177575923726,0.004617658411427839
GLU  16,15.92648,0.012974189761699735,0.0018348275121797919,0.4767800000000002,0.008640115739957668,0.0012218968859921385,-36.4627,0.36810842152859397,0.05205839221494898,-46.28096000000001,0.3682089059203029,0.05207260285390514,1.348897536,0.003701569686807072,0.0005234810053151691,-64.99150246399999,0.016054018809109897,0.002270381113043598
SER  17,10.387319999999997,0.014192166854947378,0.0020070754845728494,-1.0959200000000002,0.01577192442281843,0.002230486942347327,-7.110359999999999,0.10465538877676357,0.014800507018352803,-10.698419999999997,0.10847932337569194,0.015341293035496025,0.5908246560000001,0.005062911293232627,0.0007160037815981487,-7.9265553440000005,0.013943615072359887,0.0019719249543841254
GLY  18,5.233560000000001,0.020774176277368776,0.0029379121838584337,-2.7967799999999996,0.03900527656615716,0.005516179112397292,-11.477399999999998,0.1174090286139006,0.0166041440610829,-0.6367400000000001,0.0921177094808589,0.01302741140825753,0.13503355199999997,0.004662561368272025,0.0006593857522407152,-9.542326448,0.021798307179634702,0.0030827461650214205
TYR  19,10.3617,0.03697526200073592,0.005229091699373928,-9.38976,0.0957855020344293,0.01354611560558056,-33.65496000000001,0.26735601433146444,0.037809850144957254,0.71884,0.19715865286616208,0.027882444082253547,0.04320763199999999,0.0049453286686101,0.0006993750873540885,-31.920972367999994,0.2129127541125935,0.03011041044682377
GLY  20,6.330979999999999,0.04237899951615193,0.005993295587554489,-3.2126,0.030760364107070712,0.004350172410375396,-15.804960000000001,0.07641517126837445,0.010806737157879802,2.27172,0.05363433228819336,0.007585040013078824,0.05009255999999999,0.0027204829136021178,0.00038473438326203877,-10.364767440000003,0.05227020189768952,0.007392122843169241
PHE  21,9.30958,0.032644809693621345,0.0046166732609807986,-8.937520000000003,0.034928635815520935,0.004939655048550033,-5.556020000000001,0.4837567359737552,0.0684135336903425,-3.4903199999999996,0.15263334367037767,0.02158561446890017,0.003255551999999997,0.001441494203975864,0.00020385806533448753,-8.671024447999997,0.40969550565110274,0.057939694053509246
ASN  22,17.426460000000006,0.06652855326577291,0.00940855823135169,-6.0364400000000025,0.10681969106850529,0.015106585583758434,-80.65102000000002,1.9297279237227325,0.27290474014187616,-12.929740000000002,1.7355900530943076,0.24544949918058098,0.39547079999999996,0.0275795092127486,0.003900331597226279,-81.79526919999998,0.1205754673068654,0.017051946115484277
VAL  23,10.565979999999998,0.026814540833243465,0.003792148731518006,-7.147760000000001,0.06834048873098293,0.009664804602256173,-25.698420000000002,0.17530340441598552,0.024791645205526222,2.09204,0.1122153215920243,0.015869642970149915,0.0,0.0,0.0,-20.188159999999996,0.19396240460535527,0.02743042631833911
ARG  24,12.380740000000005,0.6577633863326733,0.09302179017841203,-7.182920000000001,0.17864913545825956,0.025264803027129884,-144.26704000000007,1.1665533671406538,0.1649755593042313,-64.58036000000003,0.9525895812980475,0.13471651052470068,0.7751077919999996,0.006855444980716417,0.0009695063267831718,-202.87447220799993,0.6204506837363986,0.08774497717236747
GLY  25,6.525120000000002,0.05288729147886994,0.007479392488659689,-4.460159999999999,0.061161870475028794,0.00864959467258923,-19.5248,0.36410718202208736,0.05149253149730851,2.6607600000000007,0.20324011021448193,0.028742492028352294,0.021921696,0.007988350315627378,0.0011297233357347634,-14.777158304,0.16926770407878508,0.02393806827799735
GLN  26,19.75216,0.11873404903324562,0.016791530245828804,-8.027780000000002,0.21218928248133534,0.03000809610753202,-78.41326,0.14001340080071614,0.019800885032635274,-4.820979999999997,0.11830054775875172,0.016730223907659273,0.33694718400000007,0.009166619853517669,0.001296355811796316,-71.17291281600002,0.13464346777979294,0.0190414618219128
VAL  27,12.230799999999997,0.13715115748715656,0.019396102701350507,-1.6847999999999999,0.06735131773024515,0.009524914697781219,-22.306020000000004,0.26176932516985035,0.037019772986845514,-6.0394,0.2279106842602956,0.03223143806906423,0.6639197759999999,0.021226458748224458,0.003001874584289206,-17.135500224,0.12476384403683737,0.0176442720330697
SER  28,11.12154,0.020762668421762734,0.002936284727311244,-2.1676200000000003,0.058673295458810254,0.008297657018697318,-9.9625,0.15379040932383198,0.021749248262867286,-7.695499999999999,0.17849809522798274,0.02524344271291774,0.6641411039999998,0.01078236669518665,0.0015248569214812927,-8.039938896,0.1114191348385053,0.01575704515964908
GLU  29,14.51108,0.03417299518610951,0.004832791325910656,-2.168,0.03930903204099285,0.005559136623613063,-14.05666,0.9008626223791877,0.12740121384036393,-65.68204,0.9118810659284037,0.1289594570707183,0.9153983520000001,0.009245894695190045,0.0013075669674211215,-66.480221648,0.1486368996378569,0.02102043193369458
GLY  30,4.8225,0.0177867928530307,0.0025154323683876855,-1.9546199999999998,0.02715650198388414,0.003840509341222081,-9.289560000000002,0.10708821783917213,0.015144561003852164,-2.69788,0.09417996389890725,0.01331905822496431,0.23648342399999997,0.003246870424426482,0.0004591768189492018,-8.883076576,0.0341110016625234,0.004824024117727178
GLY  31,5.34062,0.010419001871101296,0.0014734693752502105,-1.6612399999999996,0.014047861047193041,0.001986667561527311,0.13550000000000004,0.06859365859902791,0.009700608228353514,-11.00488,0.06569798779300597,0.009291098535749108,0.40240828799999995,0.0024222580500593014,0.0003425590185961271,-6.7875917119999984,0.01676634265637968,0.0023711189176046686
GLN  32,18.548579999999994,0.012584260019370788,0.0017796831191823675,-1.9508200000000002,0.02495651417964164,0.0035293840822405663,-67.00399999999999,0.05194227565516155,0.007345747069205131,-14.93126,0.05328670002956344,0.007535877387591542,1.1529979200000005,0.007333014748691159,0.001037044891068097,-64.18450208000002,0.010716220262466358,0.001515502403255729
LEU  33,11.896919999999996,0.007039431797792973,0.000995525991983924,-3.189020000000001,0.015213796370229918,0.0021515557161961713,-22.969840000000005,0.028605845552580625,0.00404547747436096,-0.70534,0.031953472424759224,0.00451890340680092,0.771915024,0.005038757556822036,0.0007125879274367644,-14.195364975999997,0.0189744262421525,0.0026833890929900024
ARG  34,11.1396,0.014256226710421056,0.002016134916214303,-3.8636599999999977,0.0314474863863404,0.004447346175010586,-140.98596000000006,0.461703626133604,0.06529475298749797,-66.38886000000001,0.4952803250680918,0.07004321528878506,1.214671248,0.00559240525547197,0.0007908855358575033,-198.884208752,0.05982854425360563,0.008461033870048798
SER  35,10.423080000000002,0.020246323121452196,0.002863262474654567,-3.321279999999999,0.012935285076418217,0.0018293255588232938,-12.539279999999998,0.020058953114211818,0.0028367643541124385,-7.649140000000002,0.04084409871652538,0.005776227834781572,0.578610576,0.00236162330769525,0.00033398397109590317,-12.508009423999999,0.024452570149580827,0.0034581156340416706
ILE  36,12.799439999999999,0.06119286232934853,0.008653977582659435,-4.370019999999999,0.06516148862636267,0.009215226095982227,-7.039599999999998,0.32787265820747286,0.04636819599683264,-4.1655999999999995,0.19250651937014457,0.027224533053849736,0.23064566399999997,0.0066938199248502235,0.0009466490921806438,-2.5451343360000003,0.13488775937432523,0.01907600987052893
ASN  37,19.753359999999997,0.008803999097206892,0.0012450734926390471,-3.069619999999999,0.04960761635075751,0.007015576384024257,-81.77054,0.4184699850662235,0.059180592832671984,-17.325740000000003,0.42049917051046687,0.05946756299025389,0.6622030080000001,0.013867073177732515,0.0019611002958369495,-81.750336992,0.05988768721618162,0.008469397948028187
GLY  38,6.05636,0.057867006143473405,0.00818363049020273,-1.0258200000000002,0.05987543402765438,0.008467665085488433,-8.08626,0.2819310419234139,0.039871070314206954,-7.1194999999999995,0.2059513777569852,0.0291259231613353,0.5341726079999998,0.002568115459440404,0.0003631863712480631,-9.641047391999997,0.19372242875978843,0.02739648860879485
GLU  39,14.717559999999999,0.06875410096910504,0.00972329820592775,-2.6423999999999994,0.44753359650422075,0.06329080817938773,8.88624,3.7918635237043996,0.5362504821890596,-87.15656000000003,3.2369181402061713,0.4577693534171063,0.7925578560000001,0.07554812222194737,0.010684117905809818,-65.402602144,0.25071008009604506,0.03545575954954719
LEU  40,11.159500000000001,0.04830952287086177,0.006831998243574593,-3.1443600000000003,0.08351568954393407,0.011810902082397243,-19.300000000000004,0.3046233740206351,0.04308025069558341,-11.258679999999996,0.22113963371602852,0.03127386691794261,0.9262402559999998,0.009199675769525628,0.0013010306242698282,-21.617299744,0.057347318182609124,0.008110135513957102
TYR  41,9.595159999999998,0.5917936248389627,0.08369225703731964,-7.643559999999999,0.2887429417319058,0.04083441842367655,-35.263960000000004,3.6869109561257107,0.5214079477414935,0.7856000000000001,2.0648061313353367,0.2920076834605555,0.16657804800000003,0.00733219032012178,0.0010369282992616947,-32.360181951999984,0.7490659718243563,0.10593392564661873
ALA  42,10.523960000000002,0.022359749549757734,0.003162146106453309,-4.0771999999999995,0.026518672666699338,0.0037503066541378894,7.017859999999998,0.09199587164676093,0.013010180936518378,-1.76496,0.0686504071364435,0.00970863368347931,0.10966607999999996,0.003159601194076013,0.0004468350860352523,11.809326079999995,0.04506488298187862,0.006373136869972922
PRO  43,19.460660000000004,0.044746669149837964,0.0063281346382722614,-6.4223,0.039073904335222544,0.0055258845445740595,0.8912800000000002,0.05653354402476049,0.007995050468883273,-8.37228,0.04451698102979186,0.006295651832823744,0.12723984000000005,0.008815842533620253,0.0012467484074791348,5.684599840000001,0.03433662806333574,0.004855932509333002
LEU  44,11.864619999999997,0.037697156392275256,0.005331182983285528,-8.095459999999997,0.021082893540716397,0.002981571397934925,-35.57674,0.15585696134620733,0.022041502852606563,1.8770000000000002,0.14293578977988314,0.020214173245522035,0.05513803200000002,0.0030032605650152032,0.00042472518223847847,-29.875441967999997,0.057117158714302514,0.008077586049798323
GLN  45,20.664640000000006,0.0680313927516915,0.009621091829657279,-8.48728,0.11041757831058373,0.01561540367712208,-81.62798,0.15512104822006229,0.021937429020234295,1.16884,0.1285463900698887,0.01817920482309387,1.9152000000000002e-05,0.000134064,1.895951270259866e-05,-68.28176084799998,0.26628745105661167,0.037658732477402194
HIE  46,29.763340000000003,0.15708642334757073,0.022215375036281612,-9.994679999999999,0.19779165199781482,0.027971963677948918,-15.025439999999994,1.2146678914008422,0.17177998057982008,-9.846939999999998,0.7935919205738247,0.11223084570652149,0.31810190400000005,0.03468550196536236,0.004905270729713409,-4.7856180959999985,0.23782180005279796,0.033633081506264935
VAL  47,11.4039,0.03594954798029296,0.005084033831491261,-7.414900000000001,0.07945092825131628,0.011236058027614317,-33.858300000000014,0.3140484835162343,0.044413162463136195,1.39294,0.21778056938119994,0.030798823484022773,0.00016632000000000002,0.0005824835599396777,8.237561503260538e-05,-28.476193680000005,0.18969025488146604,0.026826253110337848
SER  48,12.672320000000003,0.11274243921402133,0.015944188659149323,-4.48844,0.05464180084878802,0.007727517583284571,-14.480420000000004,1.276605751044481,0.1805393166930596,-4.77788,0.7220170812383944,0.1021086348552374,0.2501141760000001,0.013161254713719515,0.0018612824913988963,-10.824305824000003,0.5017486377434517,0.07095797283990143
ALA  49,6.779959999999999,0.08319470175437636,0.011765507553862378,-3.3374799999999993,0.03265960195729777,0.004618765202971739,-0.30901999999999996,0.7907250467766908,0.1118254085259696,-3.7081399999999998,0.06254150941578646,0.008844705082708983,0.2561715359999999,0.01476176581835427,0.0020876289424892175,-0.3185084640000001,0.6516359278577538,0.09215523669060112
VAL  50,10.953120000000006,0.025503442902880244,0.00360673148404611,-5.687840000000002,0.02551419996735744,0.0036082527626936068,-26.567720000000005,0.16702922378998772,0.023621499359645144,-0.37100000000000016,0.18980094836433206,0.02684190753281139,0.15337195199999998,0.0022798263591989375,0.0003224161357034813,-21.520068048000006,0.026161410315568658,0.0036997821279084585
LEU  51,14.671600000000002,0.007944809622397145,0.001123565751846631,-2.3648799999999994,0.036347016383763024,0.0051402443521714756,-22.648999999999997,0.018130637056764,0.0025640592820139864,-1.8522799999999997,0.018212127827444722,0.0025755838173244774,0.6624224640000002,0.014635739755942371,0.0020698061658216793,-11.532137536000002,0.03916172567478954,0.005538304357522201
PRO  52,18.139200000000002,0.006672330919814601,0.0009436100879443157,-2.137620000000001,0.004551439332081098,0.0006436707231747429,-6.833999999999999,0.021107344693920043,0.002985029313182551,-3.7626800000000005,0.024251548404162312,0.0034296868661713932,0.9315934559999998,0.0035465014764322175,0.0005015510486946648,6.336493456,0.008676330787015877,0.0012270184670633082
GLY  53,5.294200000000001,0.007183313998113168,0.0010158740078916144,-1.23298,0.014275139228729805,0.0020188095502033892,-19.94372,0.04886882032582815,0.006911094848196014,2.91294,0.029289185717593622,0.004142116367268525,0.3062059200000001,0.0026685185463018565,0.00037738551196242216,-12.663354079999998,0.017140855687240292,0.002424083058357522
GLY  54,4.33776,0.004913491630651136,0.0006948726502673531,-2.1386200000000004,0.011958076768336108,0.0016911274345679556,-10.83106,0.03539684166672107,0.005005869355025001,-2.585419999999999,0.034532355842094124,0.0048836125972583294,0.07246670399999998,0.002844397590842069,0.00040225856497502115,-11.144873295999998,0.014021945244874073,0.0019830025136153844
ALA  55,9.405940000000001,0.017839742149605518,0.0025229205297211074,-4.522220000000002,0.023584138737554012,0.0033353008859537568,-5.151999999999999,0.04462958659905491,0.006311576665148798,-1.48966,0.033217230468537064,0.0046976257833077914,0.10927929600000003,0.0071870689153492465,0.0010164050333796994,-1.6486607039999999,0.03492538669899695,0.004939195554084639
ALA  56,9.354400000000002,0.01070887482265962,0.0015144636011961007,-6.25242,0.03301762559599252,0.004669397391520966,-7.694500000000002,0.07311203731236768,0.010339603473987814,-0.7384999999999999,0.03915673632978306,0.005537598757584649,0.0,0.0,0.0,-5.33102,0.03854736826293949,0.005451421099123924
ASP  57,17.085199999999997,0.01171494771955342,0.0016567437947484207,-5.327240000000001,0.014350693363072594,0.0020294945183514826,-38.21719999999999,0.644640644080812,0.09116595417160116,-39.364779999999996,0.6301212356367059,0.08911259973767222,0.45498787199999996,0.0015044220799958633,0.00021275741090636912,-65.36903212799999,0.022514207489563454,0.003183989757782255
ARG  58,13.695879999999997,0.027893827275207467,0.003944782883909095,-3.2267000000000006,0.015004332707603558,0.0021219330809451173,-164.31419999999997,0.4025436125613879,0.05692826363309753,-46.93678,0.3879693436348433,0.05486715075533832,1.5783841439999995,0.0035918728236001224,0.0005079675261454637,-199.20341585600008,0.03526769598941155,0.0049876053981877016
ALA  59,7.559639999999997,0.015518711288851506,0.0021946771975246255,-3.4004399999999997,0.012798687432832804,0.001810007734808624,-8.93362,0.021850299769530367,0.0030900990275987555,-3.31948,0.022985421466656244,0.0032506294775006936,0.25902086399999996,0.0022507451699195287,0.0003183034344745934,-7.834879135999999,0.025129146125900087,0.003553797926210322
GLY  60,6.53174,0.01762136203605701,0.00249203691788782,-2.15796,0.015984942915059527,0.0022606123064236898,-15.03482,0.06642038542567613,0.009393260988703944,1.5953000000000004,0.045198340677500025,0.006392010638288008,0.21282609600000002,0.003689894756274947,0.0005218299208053397,-8.852913904,0.021838581854838043,0.0030884418642106943
VAL  61,11.111119999999998,0.017376581944429193,0.002457419785349921,-5.687820000000003,0.02192413282146222,0.003100540597938098,-20.28818,0.02840189430682151,0.0040166344125794175,-2.0175799999999997,0.03535538997099222,0.00500000719999669,0.021417984000000008,0.0013000066386538002,0.00018384870195592637,-16.861042016,0.019317705520985457,0.002731936114170725
ARG  62,11.21032,0.027760000000459344,0.0039258568492126725,-5.111260000000002,0.02572221607815943,0.0036376706832024347,-139.57026000000002,0.5940040339796405,0.08400485609583364,-59.23983999999999,0.6202472526357372,0.0877162076702111,1.2898455839999996,0.004703463976294938,0.0006651702545409586,-191.42119441600005,0.026542230182036,0.0037536381899063815
LYS  63,8.931799999999999,0.014448529338632493,0.002043330614703964,-3.522219999999999,0.04318948483147659,0.006107915520058126,42.217699999999994,0.7688150687914194,0.10872686972416293,-81.07069999999999,0.8075796493226978,0.11420900927686672,1.174180032,0.008238684895376535,0.0011651259915159858,-32.269239967999994,0.021725324663857154,0.003072424878658549
GLY  64,6.28764,0.013561356864417909,0.0019178654801841276,-2.8482199999999995,0.035052126896976454,0.004957119324772686,-14.733999999999995,0.1474221150308767,0.020848635447039236,-3.6250999999999993,0.1068809150410018,0.015115243960983127,0.158993712,0.0029317042754427158,0.00041460559471982766,-14.760686287999997,0.024997747145759443,0.003535215304230633
ASP  65,14.566920000000003,0.041748695787342034,0.00590415717938476,-6.57662,0.0319617834295542,0.00452007876037072,-69.89513999999998,0.8161801519287878,0.11542530401974249,-2.6658600000000003,0.7929699618522748,0.11214288746059627,0.009012239999999994,0.0005863475065182257,8.292205959817214e-05,-64.56168775999998,0.0676826233281292,0.009571768384762994
ARG  66,13.867299999999998,0.05662411147263449,0.008007858640192567,-9.006940000000002,0.052780833642453145,0.007464337077051536,-165.19887999999995,0.808368570407687,0.1143205795666701,-38.768919999999994,0.7925050874285505,0.11207714428911315,0.615969072,0.012494826463317354,0.0017670353043921655,-198.49147092800004,0.067647451595381,0.009566794350616529
ILE  67,13.091000000000003,0.024357339753967967,0.0034446480223390844,-8.4171,0.027454872063389486,0.003882705242526361,-12.331540000000002,0.04906127189501014,0.006938311610119729,-1.0944200000000002,0.039690850331024256,0.005613133884025515,0.0,0.0,0.0,-8.75206,0.03481345142327145,0.004923365515580741
LEU  68,13.222079999999997,0.021360561792553162,0.003020839618693723,-7.50242,0.0409585595450832,0.005792415040392265,-33.93402000000001,0.06879229316804272,0.009728699398499203,-1.8881000000000006,0.05852461020800375,0.008276629748875778,0.13327315200000003,0.004520773382784132,0.0006393339030348615,-29.969186848,0.037410615443186565,0.00529065997364788
GLU  69,15.455920000000008,0.011183630885171424,0.001581604247438405,-6.11726,0.01763497660888068,0.0024939623092411346,-5.42558,0.3626201367822816,0.051282231542708945,-75.51446,0.3555720017094588,0.050285474721766595,0.405671616,0.0032396950384398363,0.0004581620661314442,-71.19570838400001,0.026986094529140192,0.003816410087859244
VAL  70,10.851659999999999,0.01311428229061286,0.0018546395876174004,-6.49976,0.028991419420158742,0.0041000058536435225,-26.265859999999993,0.058872068085686596,0.008325767713173024,-2.05474,0.043240171137512086,0.006115083646200325,0.0,0.0,0.0,-23.9687,0.022840534147463835,0.0032301393163189154
ASN  71,18.387040000000002,0.04350538357393644,0.006152590348650459,-4.109899999999999,0.02064776016950923,0.002920034246434695,-89.73144,0.10973461803644834,0.015518818508897648,-8.341519999999997,0.1340349566345293,0.0189554053504641,0.33545678400000006,0.0049329247275531314,0.0006976209051871243,-83.460363216,0.029457479735955635,0.004165916735591907
GLY  72,6.160279999999999,0.009204433714077136,0.0013017034992412043,-1.2043400000000004,0.013942180604158385,0.00197172208994559,-5.2447,0.030792369184603416,0.0043546986118465515,-6.45322,0.02939611538980728,0.004157238506534992,0.514817856,0.003150997470776841,0.00044561833581759286,-6.227162143999998,0.022040399789101238,0.0031169832301872072
VAL  73,10.706600000000003,0.010695793562425133,0.0015126136316324463,-2.37132,0.011700324781703894,0.0016546757990455669,-30.39474,0.05379212210111851,0.00760735486242313,-0.16522000000000003,0.050504768091735604,0.007142452799984043,0.5135081760000002,0.0026381700337932677,0.0003730935841636725,-21.711171824000004,0.011574267508617895,0.001636848608522168
ASN  74,20.470459999999992,0.010377302166202073,0.0014675721464286668,-4.4157399999999996,0.029354938255691156,0.004151415180382324,-92.03584000000001,0.0793035585438124,0.011215216803710822,-5.751080000000002,0.07769654818573857,0.010987951219384617,0.5892217919999999,0.0030790391542600453,0.000435441893103234,-81.14297820800002,0.024347033893254415,0.003443190553539781
VAL  75,13.431939999999999,0.01689071934591942,0.0023887084377236857,-6.261599999999998,0.022294393914463594,0.003152903423872261,-34.17684,0.03321707994609377,0.0046976044962197165,1.68756,0.020450095354333727,0.002892080220192178,0.024018191999999994,0.002157228146287799,0.0003050781301613176,-25.294921807999998,0.035216993318575036,0.004980434957713149
GLU  76,15.289099999999998,0.02254262629115864,0.003188008783246485,-6.004440000000001,0.05611885957487809,0.007936405231570381,8.25264,0.2940002557822092,0.04157791490683591,-87.72605999999998,0.2924788135985262,0.041362750489782815,0.4946201280000001,0.004819994827828116,0.0006816502056082692,-69.69413987200001,0.10040901824117511,0.014199979538123733
GLY  77,6.14626,0.012610804891292774,0.0017834371309707205,-3.7206799999999993,0.033232177178216436,0.004699739567261933,-12.574840000000004,0.0547091802161769,0.007737046464803119,-2.33664,0.05147417216429045,0.00727954723866672,0.040400064,0.0030623879909481796,0.00043308706300474104,-12.445499936000001,0.03172510903599876,0.004486607946647467
ALA  78,7.185500000000003,0.026073933342880034,0.0036874110157912995,-4.595180000000002,0.03549574058935866,0.005019855774794817,-12.487160000000003,0.13518836636298245,0.01911852211855925,2.45552,0.08914330933951663,0.01260676770627646,0.07012483199999997,0.0017141917257355237,0.00024242331870429185,-7.371195168000001,0.07763231848741783,0.010978867768337385
THR  79,15.34622,0.05488726263935684,0.0077622311226112515,-6.64618,0.04714432733625485,0.006667214710788826,-32.26270000000001,0.15149326717517148,0.02142438330473383,-4.587059999999999,0.17317221601635446,0.024490249651653178,0.11169475200000005,0.0018690053733692563,0.00026431727471669923,-28.038025248000004,0.09771410522428349,0.013818861284333342
HIE  80,30.596519999999995,0.07315770362943998,0.010346061666482541,-11.620359999999998,0.3462457370134935,0.04896654171983504,-5.9172400000000005,0.20124527919927693,0.028460380320717755,-8.001380000000001,0.5556258413716596,0.07857736004727629,0.040110768000000005,0.010966570175755742,0.0015509072275270066,5.097650767999999,0.13633771375514694,0.019281064385546966
LYS  81,12.333639999999997,0.40993300720979897,0.057973281846048545,-4.37544,0.442043308285504,0.06251436417336309,-6.168880000000001,1.615270944950102,0.2284338077255639,-35.44623999999999,1.6706075010009749,0.23625957853178026,0.9963456480000003,0.046612093821002024,0.0065919455252268205,-32.66057435199998,0.04826781473797352,0.006826099822855411
GLN  82,20.545339999999992,0.042681897806110106,0.006036131874522336,-6.188040000000001,0.07173784496336043,0.010145263328260275,-81.22564,0.752355069364543,0.10639907428154874,-6.810260000000003,0.5632167188569297,0.07965087223627444,0.5337519839999998,0.007702931134992607,0.0010893589681132522,-73.144848016,0.25135581828400205,0.03554708071986229
VAL  83,13.21536,0.04983804169531634,0.007048163448763216,-7.473239999999999,0.039065872574448386,0.005524748682072404,-26.26166000000001,0.06394829473438211,0.009043654570399516,-2.0889799999999994,0.04495975533741674,0.00635826957591509,0.0,0.0,0.0,-22.608519999999995,0.07125341816484759,0.01007675503341689
VAL  84,12.895840000000003,0.07195564189056772,0.010176064465090248,-5.910640000000001,0.2111851093235418,0.029866084577659754,-32.6561,0.26316643022976827,0.03721735347922511,-1.4112799999999992,0.1923872178706324,0.02720766127398758,0.063676944,0.01027467331280481,0.001453058234792146,-27.018503056000004,0.126993599662206,0.0179596070976871
ASP  85,14.726300000000002,0.23606738444758169,0.03338496967197135,-4.377399999999999,0.14111229570809203,0.019956292240798642,-59.6454,2.1805947353876487,0.3083826648824583,-21.98216000000001,2.3060362994539925,0.32612278100125,0.525928752,0.008928722480307667,0.0012627120426316643,-70.752731248,0.24618518653780055,0.03481584296571078
LEU  86,12.44344,0.07540932568314886,0.010664489111051887,-6.026119999999999,0.0691380184848851,0.009777592341692625,-31.565699999999996,0.12361945639837116,0.017482431181176598,-1.5593600000000003,0.0932938926189636,0.01319374882283175,0.34507324799999994,0.008174319956016134,0.0011560234144975057,-26.362666752,0.16264890844346866,0.02300202922259332
ILE  87,14.406959999999996,0.042782688089410346,0.006050385773082199,-7.599180000000001,0.050897815277107336,0.00719803806600457,-9.208260000000001,0.3534913187052825,0.04999122170941606,-1.21664,0.21755070765226098,0.030766316126569174,2.376e-05,0.00016632000000000002,2.3521199969389318e-05,-3.6170962400000004,0.16418221025659444,0.02321887084452669
ARG  88,13.185740000000003,0.1287670470262607,0.018210410429127202,-3.802459999999999,0.24208892663648637,0.03423654433496642,-148.52334,2.1707185133952005,0.30698595617378555,-59.83227999999999,2.101836302284605,0.29724454045790044,1.314751968,0.03710300890300291,0.00524715783954764,-197.65758803200004,0.33035085098282985,0.046718665380141126
ALA  89,8.42964,0.14636731329082356,0.020699463954399443,-2.0394400000000004,0.20807394454856204,0.029426099435704376,-5.407300000000001,0.8815100056153546,0.12466434053088177,-6.748360000000002,0.5965549684647475,0.08436561271038999,0.37889136,0.01055353817204399,0.0014924956813926772,-5.386568639999999,0.2645030756175879,0.03740638368277891
GLY  90,5.843839999999999,0.6707986392353602,0.09486525332280633,-0.46284,0.09879582177400018,0.013971839105858617,-6.921359999999997,3.8655584888085746,0.5466725241019532,-7.437680000000001,3.1485745945745034,0.4452756893790632,0.5390179200000003,0.035418396991029104,0.005008917738222778,-8.439022079999999,0.26076425593824604,0.03687763473299964
GLU  91,14.624900000000002,0.39614256272197695,0.05602301848346543,-1.4927199999999994,0.18245865723500887,0.025803550763413338,0.7202999999999998,2.8347878527325463,0.4008995427784871,-74.35068,2.179858247134717,0.30827850971487586,0.873483696,0.04295971767650978,0.006075421537383932,-59.624716304000025,0.6804862133036729,0.0962352831861965
LYS  92,10.746560000000004,0.08266054923564414,0.011689966980225692,-2.765520000000001,0.17881579795978367,0.025288372664129328,15.724820000000001,0.5909078334223613,0.0835669872138405,-58.40119999999998,0.6780413851701949,0.09588953227579292,1.2771056159999998,0.01783987495525547,0.0025229393112762397,-33.418234384,0.2087114561989701,0.02951625719792217
GLU  93,15.152339999999997,0.06413785465849153,0.009070462391955312,-4.137079999999999,0.03943543584145298,0.005577012820507685,-30.489540000000005,1.0156566784103684,0.1436355449322752,-52.71952,1.00430710920555,0.14203047346262057,0.5345229600000001,0.014510429233840081,0.002052084581835168,-71.65927704000002,0.06020453812044915,0.008514207432634719
LEU  94,12.835359999999998,0.04489488166868959,0.006349095053699606,-8.280400000000002,0.04450258419415272,0.006293615812802131,-32.30824000000001,0.051208421174954784,0.007241964373333463,0.23999999999999996,0.040265121383152476,0.005694348075065314,0.0,0.0,0.0,-27.51328000000002,0.07624435453731743,0.010782580024105693
ILE  95,13.07224,0.09125668413853015,0.012905644036590704,-5.04394,0.055254107539677216,0.0078141108259433,-12.619279999999996,0.07885278435231204,0.011151467706192065,-0.8951999999999998,0.044409458452008235,0.006280445844047452,0.37069718399999985,0.00310913875763433,0.00043969861983463043,-5.115482815999999,0.09890727691158238,0.013987601242575108
LEU  96,11.521759999999999,0.017924910042697653,0.0025349650886700714,-8.18276,0.016491888915279862,0.002332305297313929,-35.00404,0.02751723822800519,0.0038915251501096333,0.6065799999999999,0.02249452377802389,0.0031812060606005456,0.0013358880000000004,0.0009149239305297459,0.00012938978310948662,-31.057124111999993,0.020196792792271233,0.002856257828326915
THR  97,16.237000000000002,0.01823184028142875,0.0025783715793016647,-5.299600000000002,0.010875660898913075,0.0015380507143013635,-44.95349999999999,0.06472503380496807,0.009153502063204288,2.253439999999999,0.06850873229016476,0.009688597834573858,0.13278844799999998,0.0026539056859084835,0.00037531894142708486,-31.629871551999987,0.01740976966220177,0.0024621132374077403
VAL  98,11.89106,0.007821534380583046,0.0011061319999587987,-6.665959999999997,0.017299664737867728,0.0024465420496800135,-27.31685999999999,0.03194308063932108,0.004517433786410531,-1.12394,0.0394098515602337,0.005573394656759298,0.0,0.0,0.0,-23.2157,0.01165032188443224,0.0016476043214976146
LEU  99,11.564040000000002,0.017361981454179873,0.0024553549642171327,-8.642619999999999,0.0322011738915951,0.004553933684182821,-33.72657999999999,0.15969371809963598,0.0225841021962291,0.11218,0.12355981385547649,0.01747399645187099,0.0005554079999999999,0.0004726316264661096,6.684020561548268e-05,-30.692424591999995,0.05872950846371519,0.008305606738089149
SER 100,11.99614,0.014835107009047893,0.002098000953145169,-4.90968,0.01042389562488285,0.0014741614565470893,0.24497999999999998,0.15462515836693594,0.021867299604660845,-11.180799999999998,0.14060099572913293,0.019883983504330138,0.26390620800000003,0.0032974952241828738,0.00046633624678999293,-3.5854537920000014,0.030211366743393038,0.004272532458633392
VAL 101,7.88898,0.0042260619941577714,0.0005976554187567408,-2.08526,0.009081431605297622,0.0012843083741975565,-60.24729999999999,0.7722460294499345,0.10921208083368698,-50.29076,0.7543636141818193,0.10668312541367136,1.0162728,0.003529182071315124,0.0004991017149337819,-103.7180672,0.02224786564617722,0.003146323333067829
GLU 102,9.304400000000001,0.06741602183437041,0.009534065239940734,-2.7826200000000005,0.24085887071062165,0.03406258815768289,-95.35148,0.9478594672226625,0.13404757137700254,-66.73122000000002,0.9316637438461945,0.13175715021185813,1.0477877760000003,0.016206354071614117,0.0022919245724697113,-154.51313222400003,0.29152110381057006,0.041227309872688314
ILE 103,13.496620000000002,0.3357640772922945,0.0474842111864451,-2.6164200000000006,0.21866953057067434,0.030924541581080576,-10.054120000000001,0.7048474058971809,0.0996804760823287,-1.2067599999999998,0.40583575791199145,0.05739384329351024,0.594752832,0.02257691797876596,0.003192858360215578,0.21407283200000016,0.47841138410048284,0.06765758677885869
SER 104,10.045940000000003,0.2577845154386117,0.036456235790306116,-3.5688,0.1735438849398078,0.024542811574879208,-9.074879999999999,1.5120132226935117,0.2138309606020615,-7.121039999999999,1.3541243659280429,0.1915021043435306,0.4347604799999999,0.028627135641780776,0.004048488347650059,-9.284019520000001,0.6040608736177298,0.08542710799691335
VAL 105,10.57658,0.32478781319503647,0.04593193303139198,-3.2481600000000004,0.14642231523916488,0.020707242404529567,-28.041220000000003,0.19219461907060148,0.02718042369047753,-1.4531399999999999,0.20976014969483753,0.029664564854384984,0.4866405119999998,0.01765455809156185,0.0024967315490790434,-21.679299487999998,0.30736981179037803,0.043468655649801825
GLY 106,6.293679999999999,0.10568868245941936,0.014946636812345428,-2.5085800000000003,0.0364478202365619,0.005154500169748239,-2.2297,0.31765265621429717,0.04492286945420972,-2.07072,0.30818507686129143,0.043583951541823304,0.368041824,0.00682998692035341,0.000965906013359464,-0.14727817600000007,0.11657396869238097,0.016486048754442175
LEU 107,9.093340000000001,0.09329900535361894,0.013194471872700791,-7.32596,0.061758549205709286,0.008733977787920021,-72.92865999999998,1.4420711024094808,0.2039396510933808,-30.019520000000007,1.5914923969656842,0.2250710132202536,0.20784887999999999,0.009373626244564563,0.0013256309363679586,-100.97295111999996,0.1518398249052197,0.021473393968931772


