#Frame       SA_00001
       1    6026.3181
       2    6063.3622
       3    6048.2809
       4    6028.8618
       5    6002.3358
       6    6041.2119
       7    5955.0275
       8    5959.0899
       9    5939.8809
      10    6028.5582
      11    5958.4575
      12    5998.8783
      13    6054.9554
      14    5902.7410
      15    5987.2589
      16    6020.2498
      17    5983.3387
      18    6070.9115
      19    5986.0217
      20    5982.0177
      21    5958.5095
      22    5907.3723
      23    5985.0612
      24    6021.8338
      25    5923.7755
      26    5960.2465
      27    6023.4811
      28    5999.1617
      29    5974.0171
      30    6086.1036
      31    5955.7923
      32    5896.4828
      33    6046.0292
      34    5968.5116
      35    6040.7660
      36    6070.8239
      37    6074.1949
      38    5990.3032
      39    5990.5085
      40    5975.7141
      41    6026.4968
      42    5938.3114
      43    6048.8696
      44    5905.5917
      45    6054.8447
      46    5884.3827
      47    6060.0028
      48    6098.0598
      49    6111.3555
      50    6060.7720
