| Run on Mon Jun 20 15:45:51 2016
| GB non-polar solvation energies calculated with gbsa=2
idecomp = 2: Per-residue decomp adding 1-4 interactions to EEL and VDW.
Energy Decomposition Analysis (All units kcal/mol): Generalized Born Solvent

Total Energy Decomposition:
Residue,Internal,,,van der Waals,,,Electrostatic,,,Polar Solvation,,,Non-Polar Solv.,,,TOTAL,,
,Avg.,Std. Dev.,Std. Err. of Mean,Avg.,Std. Dev.,Std. Err. of Mean,Avg.,Std. Dev.,Std. Err. of Mean,Avg.,Std. Dev.,Std. Err. of Mean,Avg.,Std. Dev.,Std. Err. of Mean,Avg.,Std. Dev.,Std. Err. of Mean
ARG   1,7.7720400000000005,0.023560950744547834,0.003332021608534402,-1.9211599999999995,0.0482146699667523,0.006818584017232384,-261.58065999999997,0.6782816114353434,0.09592350540001404,-43.17074,0.6608519595186434,0.09345858038721011,1.558031616,0.00882624938906713,0.001248220159090598,-297.34248838400003,0.022327243863521574,0.003157549108220367
MET   2,9.781160000000002,0.017603817767063313,0.002489555783572539,-4.20958,0.0252032458227445,0.0035642772058348325,-4.653260000000001,0.035851811669408484,0.005070211829852347,-3.5495799999999993,0.03504630651012647,0.004956296197770534,0.531363312,0.006626022923971854,0.0009370611483676027,-2.0998966879999994,0.020626984996097306,0.0029170961932347152
LEU   3,12.228180000000002,0.014927411027027849,0.0021110547125540472,0.5109000000000001,0.014373934743130494,0.0020327813458400974,-15.468800000000005,0.026509620892304308,0.00374902653992659,-6.658520000000001,0.028431137859464797,0.004020770075455428,1.2143832479999999,0.003784106736490847,0.0005351535068212747,-8.173856751999999,0.009574930540449358,0.001354099662908383
PRO   4,18.30466000000001,0.015381300325896102,0.0021752443527815976,-4.55502,0.028183321308869778,0.003985723522772228,-0.2675,0.03887582796545917,0.005497872315723561,-4.582559999999998,0.04105565003777105,0.0058061457095459285,0.45575222400000004,0.004098428177265387,0.0005796052712700753,9.355332224,0.024356113435390906,0.0034444745947027375
ARG   5,12.908400000000004,0.03131197853685908,0.004428182471156138,-5.07648,0.03533227419794778,0.004996738136022272,-233.99749999999992,0.32823474835592026,0.04641940327670624,26.473460000000003,0.33142602251479836,0.046870717596379854,0.663393456,0.004879591549315607,0.0006900784547883274,-199.028726544,0.04525381122178031,0.006399855357891347
LEU   6,12.389759999999997,0.009140153173458062,0.0012926128580071875,-3.47684,0.03984036144408174,0.0056342779484066545,-31.281979999999997,0.034764056148977804,0.00491637996889842,-6.088499999999998,0.031092282000894037,0.004397112689079322,0.8706540960000001,0.003291718010308049,0.0004655192253685422,-27.58690590400001,0.04554755996213965,0.0064413977031459665
CYS   7,10.639920000000002,0.016027276746949995,0.0022665992143443624,-5.478340000000002,0.03864433205501786,0.005465133850105559,-4.529340000000001,0.07428017501313658,0.010504803091902484,-1.3585999999999996,0.07017235923069282,0.009923870212776261,0.04483296000000001,0.0025881227000276313,0.00036601582234647496,-0.6815270400000003,0.030317032016842056,0.004287475784911738
CYS   8,10.069800000000003,0.023876348128643362,0.003376625534346891,-4.073599999999999,0.040456890636915516,0.0057214683430171,4.167880000000002,0.034436399346946096,0.004870042299574716,-7.25234,0.06006217112279525,0.00849407369874307,0.6229805759999999,0.011400775184365223,0.001612313088729592,3.534720576,0.036032775834293554,0.005095804027480746
LEU   9,13.228059999999994,0.17134869827386748,0.02423236529938787,-7.288319999999996,0.15509151362998702,0.021933252198449937,-33.39938,0.14777386643099252,0.020898380607101984,0.20682000000000003,0.08381543771883544,0.011853292875821455,0.02077531200000001,0.0023789655137171064,0.0003364365293916609,-27.232044687999995,0.0747657343761681,0.010573471555556125
GLU  10,15.536399999999999,0.13401716308041628,0.018952888961909154,-4.186020000000001,0.23436932307789887,0.03314482753009662,-5.4799000000000015,1.8007906624591277,0.25467025778445285,-68.39201999999999,2.071813326437293,0.2929986504952936,0.8865891359999998,0.056662504189683785,0.008013288190307312,-61.63495086399999,0.1446396929830947,0.020455141547417312
LYS  11,10.03102,0.2498287805678184,0.035331124975014075,-5.98608,0.40376665736536427,0.057101228288014866,10.755499999999998,2.3139304937702976,0.3272391886678627,-49.1347,2.308285963653632,0.32644093156344156,0.8473678560000001,0.07258886562378883,0.01026561582424403,-33.486892143999995,0.5471813260212842,0.07738312523365942
GLY  12,7.075860000000001,0.1371219909424046,0.019391977929034927,-1.3881799999999997,0.05408648259963507,0.007648983723346033,-4.51724,0.13124641861778355,0.01856104652221662,-2.68736,0.19518716761098487,0.02760363396366453,0.16965302399999999,0.01194606041870763,0.0016894280661064744,-1.3472669759999996,0.15834264285936547,0.022393031303371395
PRO  13,18.642800000000005,0.20849949640209312,0.02948628155598004,-1.1152400000000002,0.07825127730586359,0.011066401763897027,-6.071999999999999,0.2155032250339002,0.030476758357808276,-4.76384,0.21688700837071942,0.03067245487403984,1.1650128479999997,0.0122224000004332,0.0017285083845361554,7.856732848,0.12544822977100697,0.017741058791785433
ASN  14,18.970180000000006,0.29375007676567355,0.04154253425101533,-2.4097000000000004,0.35129749500956814,0.04968096818702259,-92.39025999999998,3.663988437809502,0.5181662141128407,-6.055880000000002,2.62863273691856,0.3717448067048135,0.533187504,0.06298593946723324,0.008907556983337204,-81.352472496,1.1386831427205493,0.16103411436810194
GLY  15,5.824760000000003,0.1946316068884135,0.027525065812806306,-3.137419999999999,0.08605418990383784,0.012169900246103734,-10.962560000000002,0.3611412000866405,0.05107307830942226,-1.17914,0.2270003533036881,0.03210269783055599,0.09516024000000003,0.011550088409427521,0.001633429167522069,-9.359199759999997,0.22436476381801196,0.03172996919100688
TYR  16,9.468279999999998,0.21620721912099425,0.03057631815638816,-11.13854,0.35055853776506996,0.04957646385130427,-31.298740000000006,0.31321965519414724,0.04429594843773874,0.23832,0.5366995971677266,0.07590078492347757,0.023285088000000002,0.010562660900826828,0.0014937858300697313,-32.707394912,0.9938338259595257,0.14054932754171034
GLY  17,7.05856,0.16878034956711213,0.02386914594198819,-4.16476,0.10268623276760218,0.014522026304894351,-13.649579999999998,0.5263611342034762,0.07443870546966408,-0.9983199999999997,0.2421997886043678,0.03425222258481935,0.017215199999999996,0.0061479927713685555,0.0008694574758641161,-11.736884799999999,0.37644631894493163,0.05323754897573501
PHE  18,10.093660000000002,0.10030326216013595,0.014185023369712833,-9.791879999999999,0.18728722754102284,0.026486413724777034,-5.76856,0.37961444440377573,0.05368558957485469,-1.3524799999999997,0.29626280495533136,0.04189788767945246,0.0063325440000000024,0.0020381363624801855,0.0002882360085785245,-6.812927456,0.11313590395055195,0.015999832975821037
HIE  19,29.54717999999999,0.16436188001096114,0.023244279984864055,-10.166299999999998,0.3204284787593326,0.04531543004320274,-29.169379999999997,2.0470590601152634,0.28949786857937265,1.7245800000000002,1.6149275041313764,0.22838523785919249,0.18674121600000007,0.03481152305562799,0.004923092803213279,-7.877178784000002,0.6421617866105475,0.09081539078623736
LEU  20,11.283240000000003,0.12051349467980359,0.017043181862515605,-9.0938,0.1916432101589018,0.02710244269434362,-35.525000000000006,1.0130409468522974,0.14326562462778006,2.8530200000000003,0.49005887360601447,0.0693047905414908,0.0,0.0,0.0,-30.48254,0.7591294806552921,0.10735712071399581
HIE  21,28.35942,0.16947366639113148,0.023967195747543153,-10.04716,0.5311600271104522,0.07511737141300623,-19.5633,4.279638915843269,0.605232339684524,-6.456960000000001,2.074250534144798,0.293343323714721,0.327157344,0.05543909584542714,0.007840272123030496,-7.380842656000001,2.0779405429655924,0.29386516976668536
GLY  22,5.316340000000001,0.3765012940216646,0.05324532362564584,-2.51548,0.08431399409349567,0.011923799394486661,-8.482739999999996,3.3220255917738046,0.46980536464370215,-5.142379999999999,2.977641327561129,0.4211020749319576,0.17754364800000005,0.023837136477238306,0.0033710801694248832,-10.646716351999999,0.38061911255798053,0.05382767110779077
GLU  23,15.522739999999997,0.2870592141007634,0.04059630337854616,-4.673419999999999,0.1987602666530849,0.02810894647616855,-26.284700000000008,2.206577850428027,0.3120572322507386,-45.643199999999986,2.3971603951345455,0.33900967419829214,0.6103344959999999,0.05218235664967704,0.007379699649056313,-60.46824550400002,0.3740499570577041,0.052898652227607895
LYS  24,9.64348,0.0416457632899335,0.005889600326000353,-1.0546400000000002,0.02801553854559156,0.003961995456836179,42.721180000000004,1.5369053281186118,0.21735123591088124,-79.59901999999998,1.5080029905818315,0.21326382813800127,1.60324992,0.007455628751201784,0.0010543851295968345,-26.685750080000002,0.038184455059617886,0.005400097421713756
GLY  25,6.402200000000001,0.018127327436859544,0.002563591231078468,-1.1831800000000001,0.004169844121737093,0.0005897050109942325,-4.945379999999999,0.15827417856367526,0.022383348989821052,-6.204819999999999,0.16067117849830603,0.02272233597147728,0.632494944,0.004031379013898832,0.0005701230876522001,-5.298685056,0.018227846954416,0.002577806837579622
LYS  26,9.788200000000002,0.04246787020757348,0.006005863801265072,-4.573139999999999,0.07264847142240824,0.010274045357124395,14.010460000000002,0.9985394576079277,0.14121480435138056,-50.222879999999996,1.0146873142011825,0.14349845613112422,0.8863964639999997,0.014030711134522625,0.001984242197618109,-30.110963536000003,0.06231791168500525,0.00881308358837032
LEU  27,11.081499999999998,0.04649870966045573,0.0065759105834665346,-2.698859999999999,0.03358631268846518,0.004749821891413103,-27.294559999999997,0.11722596299564955,0.016578254673069417,-6.75082,0.09573080799827213,0.01353838070080912,0.8806646879999999,0.007022831460006727,0.0009931783497001958,-24.782075311999996,0.1507931267794854,0.02132536850041938
GLY  28,4.9979400000000025,0.022081132216811697,0.0031227436653568585,-3.5639200000000013,0.026240304876071954,0.003710939503654581,-6.982200000000001,0.2455534157774717,0.034726497087954,-3.3321199999999997,0.16739207149683447,0.023672813774455008,0.005959872000000001,0.0021566222678104734,0.00030499244600533924,-8.874340127999998,0.11528397667852841,0.016303616334307845
GLN  29,18.965079999999997,0.09238935869554568,0.013065828408619334,-8.886900000000002,0.1305059768745384,0.01845633224667217,-79.53110000000001,0.39822452209443093,0.05631745200154884,-3.065720000000001,0.3737810075431773,0.05286061702250414,0.100028016,0.005017330999141575,0.0007095577545900968,-72.418611984,0.12384855474631777,0.017514830580254933
TYR  30,8.881799999999998,0.07817569954941626,0.011055713455078874,-8.7274,0.2429226214249892,0.03435444658264447,-26.585820000000002,0.5066098573850886,0.07164545311458917,-2.3551400000000005,0.16988537429690068,0.024025420037950652,0.20620080000000002,0.013251586288500683,0.001874057305215501,-28.580359200000007,0.26492275341069205,0.03746573508546238
ILE  31,12.711339999999998,0.06548484099416821,0.00926095502637983,-8.77092,0.1448842075590109,0.02048972113036317,-6.29958,0.31680253092422284,0.044802643582715775,-1.28638,0.4001745064343799,0.056593221431545944,0.0006652800000000003,0.0008285395111882108,0.00011717318136843424,-3.644874719999999,0.1952065976859527,0.02760638179121827
ARG  32,13.823640000000001,0.3417659292557622,0.048333001231054266,-7.823239999999998,0.6341830196402495,0.08968702274019637,-154.03196000000003,2.803663752733039,0.3964979303448911,-48.87726,3.5153107334061438,0.497140011513868,0.8021321280000001,0.12820413332428057,0.018130802409948604,-196.10668787199995,0.853228455272574,0.12066472532491197
LEU  33,11.779079999999999,0.05223287853462753,0.007386844522545677,-5.087019999999999,0.3146927701743716,0.04450427835613557,-35.63699999999999,0.2132332056706289,0.030155729140769492,0.17034000000000005,0.17679486531005353,0.025002569627940233,0.5840743680000002,0.060964128794552506,0.008621629775951628,-28.190525631999993,0.2947166034576834,0.04167922176663893
VAL  34,11.120740000000001,0.05306177908769712,0.007504068762946634,-6.454860000000002,0.03836874248626661,0.005426159599527902,-28.95672,0.08634211950170538,0.012210619640335025,-3.2227000000000006,0.06456322482649522,0.009130618818017286,0.130323744,0.0035661364476514993,0.0005043278529541761,-27.38321625600001,0.07639483278459645,0.010803860861920107
GLU  35,16.911179999999998,0.08860241306001877,0.012530273420846158,-4.14256,0.13144415696411832,0.018589010947335404,-24.577619999999996,3.7866257374607426,0.5355097473548005,-46.64122000000002,3.4981137733925163,0.494707994105582,0.35966275200000003,0.018129940401823672,0.0025639607601274958,-58.09055724800001,0.5925143433979152,0.0837941820333921
PRO  36,17.84922,0.026952024044817897,0.0038115917937587233,-1.6472200000000004,0.017487469799820965,0.002473101696249672,-8.358160000000002,0.1273246810323478,0.01800642907407746,-2.2291399999999997,0.1320730116261565,0.018677944426516997,0.9909133919999998,0.014753608880431736,0.0020864753772654697,6.605613392,0.031831768819651635,0.004501691917907635
GLY  37,6.208539999999999,0.012146126954981813,0.00171772174700407,-1.6053400000000002,0.04805980024926564,0.006796682131745333,-19.567920000000004,0.45209980491018587,0.06393656756502152,3.916420000000001,0.25816375345891274,0.03650986814547384,0.31589352000000004,0.008550558883625797,0.0012092316339093352,-10.732406480000002,0.19743003482042962,0.027920823286284396
SER  38,12.604779999999998,0.017264170992399405,0.002441522476057941,-4.821699999999999,0.05533832306821678,0.007826020700205608,-4.88608,0.21505132782664602,0.030412850441878535,-2.5598799999999997,0.18314023479291025,0.025899940386032664,0.010635408000000006,0.006638588198460265,0.0009388381465272478,0.3477554079999999,0.1718128328249925,0.024298003837084567
PRO  39,19.38932,0.022345863152875886,0.0031601822733730287,-7.8859,0.07593056038239271,0.010738202829136899,-7.480619999999999,0.11945206402571351,0.016893072899862333,-1.8039400000000003,0.0786329218584699,0.011120374454127193,0.12884630399999997,0.010063754760306645,0.0014232298470422454,2.3477063040000004,0.11979240328583013,0.01694120413960883
ALA  40,9.58684,0.05017025413503023,0.0070951453825464595,-6.997180000000001,0.03471869237151981,0.004909964561966263,-7.479959999999998,0.10267871444475331,0.014520963053480435,-1.5760600000000005,0.09126738957589707,0.012907158014062246,0.0,0.0,0.0,-6.466360000000001,0.12734940282544888,0.018009925263586433
GLU  41,17.474059999999998,0.02460846196051454,0.003480162065370207,-5.857479999999999,0.036820776743812844,0.005207244184821197,1.8215600000000007,0.776224430432332,0.1097747116962735,-77.12650000000001,0.7628158952183984,0.10787845846116328,0.589432608,0.004429437837182011,0.0006264171063031349,-63.09892739199999,0.0303467988090429,0.004291685445035616
LYS  42,11.391800000000003,0.22393731265659694,0.031669518468034355,-3.6434200000000003,0.05197964601642876,0.007351032036378617,-11.375300000000003,1.4600283730119588,0.2064791926563036,-31.6265,1.3876195191766887,0.19623903434333062,1.3238694719999995,0.009054025342916286,0.0012804325434021924,-33.92955052799999,0.1763026971201383,0.024932966535025556
ALA  43,7.335940000000001,0.008191239219587245,0.001158416159698269,-3.9630800000000006,0.030231003952804595,0.004275309579421091,-8.315080000000004,0.06653054636733294,0.00940884009847743,-3.2090200000000006,0.05600410342109145,0.007920176260665298,0.17512905600000003,0.003073896545566706,0.0004347146184072242,-7.976110943999996,0.02772049817220347,0.003920270447086874
GLY  44,6.197519999999998,0.024508969787291,0.0034660917472979363,-2.1023799999999992,0.015897031169493217,0.0022481797081365133,-11.338200000000002,0.0723895020011728,0.010237421550349289,-1.4884599999999997,0.06257162615755937,0.008848964233175957,0.2747147039999999,0.003275970785280278,0.00046329223144814073,-8.456805296,0.02856851660058526,0.0040401983633428585
LEU  45,10.31732,0.019893154601919663,0.0028133169036419535,-7.45506,0.025592506716525895,0.0036193270093635445,-27.674980000000005,0.08041405100801235,0.011372264154089292,-1.9157400000000007,0.07983453137582854,0.01129030770173971,0.004972031999999998,0.0009430143866219732,0.00013336237350737397,-26.723487968000004,0.04237823943197606,0.005993188095419482
LEU  46,10.776180000000002,0.01491668863963371,0.0021095383379866666,-3.47668,0.012376493849143588,0.0017503005456086052,-31.765819999999998,0.09074595087608074,0.012833415445939602,-0.4442999999999999,0.08492614438440096,0.012010370518847551,0.8672330879999999,0.0051590573868278925,0.0007296008925513104,-24.043386912000006,0.024580103621720167,0.0034761515906372694
ALA  47,6.99958,0.01315612404968388,0.001860556905932579,-3.3963200000000007,0.024721197381859815,0.00349610526155284,3.6966600000000005,0.18685016564081028,0.026424603838089318,-9.36388,0.12416338268595373,0.017559353974459648,0.41528736000000016,0.0054752594923651214,0.0007743186231614782,-1.6486726400000002,0.07670301682272983,0.010847444666563618
GLY  48,6.142199999999999,0.016225905213973595,0.002294689521538177,-2.6531599999999997,0.040371950658893874,0.005709456016126512,-10.559540000000002,0.21440487028040764,0.030321427538939662,-3.434420000000001,0.15497239625169346,0.02191640645726023,0.2113359840000001,0.004359592161442064,0.0006165394361126803,-10.293584016000002,0.05971337617603439,0.00844474664432343
ASP  49,12.090720000000001,0.035189793974539044,0.004976588389590813,-8.443019999999999,0.04154683622193246,0.0058756099258750645,5.821039999999999,0.7244536689119725,0.10245322038862593,-71.64905999999999,0.6734980448371881,0.09524700692405143,0.013130064000000004,0.0023169671104924976,0.00032766863112308915,-62.16718993599999,0.19136257413725435,0.027062754767553196
ARG  50,13.256000000000006,0.030932183884119724,0.004374471396274059,-8.6904,0.035679686096888874,0.005045869597943501,-186.16382000000002,0.7439663887463474,0.10521273569148187,-18.6902,0.7365894107302897,0.10416947345551819,0.4316325119999999,0.00645171683002113,0.0009124105441606634,-199.856787488,0.06336117582401932,0.008960623417823438
LEU  51,12.839579999999998,0.05329281002276929,0.007536741471117314,-8.757259999999999,0.05661300557308476,0.008006288028816009,-32.67443999999999,0.11049473472000451,0.01562631524118477,-0.8067200000000001,0.08182176727497206,0.011571345297760056,0.0,0.0,0.0,-29.39884000000001,0.04448836251904043,0.006291604564219785
VAL  52,12.556279999999997,0.02375713787539128,0.0033597666586545885,-6.46316,0.025755279070555873,0.0036423464964284035,-32.36086,0.03790620529647739,0.005360746962837717,-0.38545999999999997,0.03947870818555257,0.005583132454097816,0.05847307200000003,0.0022300443711306063,0.0003153758994346683,-26.594726927999996,0.0405086095369521,0.005728782500003376
GLU  53,15.460820000000002,0.014923391034208805,0.002110486199717514,-7.895919999999997,0.02183651987031562,0.0030881502555629927,-10.538039999999999,0.49112425963292394,0.06945545887833261,-66.67614000000002,0.5016944891027457,0.0709503150656944,0.3217073760000001,0.004399150056923342,0.0006221337673415363,-69.32757262399997,0.01903806501570785,0.002692388974655479
VAL  54,11.366159999999997,0.024700898770341012,0.0034932346043821164,-6.8772199999999994,0.040659704868676365,0.005750150606736948,-25.54182,0.06114693450953567,0.008647482408092478,-2.58724,0.0546437773218552,0.007727797098786298,0.0017832959999999998,0.0009727084778000034,0.00013756175215400533,-23.638336704000004,0.035535444064361266,0.00502547069407702
ASN  55,17.393,0.0605917486126751,0.008568967265594628,-4.49262,0.06285471820006154,0.008888999493766604,-89.77528000000002,0.22347787719512696,0.031604544481969754,-7.43054,0.17350794909743944,0.024537729479313947,0.40358404800000003,0.005891982139086772,0.0008332521050356552,-83.90185595199999,0.10386447051399299,0.01468865428495893
GLY  56,6.066559999999999,0.012995630035191007,0.0018378596247350264,-2.098579999999999,0.011648330352684253,0.0016473226763768249,-7.832759999999997,0.05078722674098049,0.007182398485241213,-6.6697799999999985,0.0476270049446723,0.006735475632796602,0.33040353599999994,0.0021682450110475917,0.00030663615011713053,-10.204156464,0.030860457526114257,0.004364327757446963
GLU  57,13.849020000000001,0.014393734743589763,0.0020355814887585465,-3.435659999999999,0.03928389491900922,0.005555581697730236,-13.24566,0.7776726717585022,0.1099795239487794,-67.72172000000002,0.7594375297535104,0.10740068543525352,0.7098513119999998,0.004218209628224915,0.0005965449265168447,-69.844168688,0.04763940153911566,0.006737228775995506
ASN  58,20.3723,0.01249999999672582,0.0017677669525033297,-4.9613000000000005,0.02618262782822371,0.0037027827373241184,-92.82578000000001,0.1650824387917822,0.02334618238489647,-3.97516,0.1344470691387377,0.019013686859731604,0.5702567040000002,0.003625244383727485,0.0005126869774384302,-80.81968329600004,0.021725955383514777,0.0030725140758879354
VAL  59,12.84996,0.023849494754671078,0.003372827893780183,-6.65886,0.06180453381440964,0.008740480993648466,-31.745660000000008,0.09355909576116732,0.013231254210880597,0.4188000000000001,0.05559856113246037,0.007862823920195508,0.0,0.0,0.0,-25.135759999999987,0.07988981412438982,0.011298125863017773
GLU  60,16.733900000000002,0.02321055794036193,0.003282468582950637,-5.20978,0.03229383222831056,0.004567037551827814,-45.46754000000001,0.5449474914150484,0.07706721331403572,-32.96570000000001,0.5353590664210677,0.07571120524720724,0.39049862400000007,0.0029866491620181347,0.0004223759750976285,-66.51862137600001,0.03106928922242992,0.004393861019165263
LYS  61,9.4581,0.024313165158363684,0.003438400791117492,-1.8326199999999997,0.09716725580154202,0.013741525097311653,13.686059999999998,0.6168109405645137,0.08723023975664403,-56.02536,0.60139250943097,0.08504974431468672,1.3301012159999996,0.010939185271025345,0.0015470344171596045,-33.38371878400001,0.14587469452907856,0.02062979714100552
GLU  62,15.69714,0.08227101798351624,0.011634878942252947,-4.545999999999999,0.15558997397005905,0.022003745135773432,-54.99135999999999,1.2490748538020704,0.17664585986660788,-31.896259999999998,1.1769975328779296,0.16645258738756408,0.29629396799999996,0.006899192145099207,0.0009756931101017225,-75.44018603199999,0.0512606891318874,0.007249356178690628
THR  63,14.723919999999998,0.05451159142855026,0.007709103190479674,-3.9711399999999997,0.06947719338028778,0.00982555891540212,-28.492480000000004,0.6256889399692706,0.08848577847313877,-7.485620000000001,0.45473437917095666,0.06430915263008763,0.5228172,0.020588682206842283,0.002911679360830598,-24.702502799999998,0.26886754064228546,0.038023612245821944
HIE  64,30.864879999999992,0.1881774311670854,0.026612307528902174,-11.582060000000004,0.25080912343840367,0.03546976639334982,-8.61684,0.7280316026107837,0.10295921662483899,-10.992799999999999,0.6986932946579563,0.09881015332444229,0.06087182399999999,0.019226863557872,0.00271908912054396,-0.26594817599999987,0.8765210070965972,0.12395878959409316
GLN  65,20.602459999999997,0.32976738528872285,0.04663615087036257,-3.3902400000000013,0.8295292776026589,0.11731315547712363,-75.96066000000002,5.496258831641391,0.7772883782020157,-12.2334,6.10859930917064,0.8638863990132039,0.760221648,0.19833801656041053,0.02804923129539121,-70.22161835200001,0.5424388069572058,0.07671243175563616
GLN  66,20.996720000000003,0.039994019550610056,0.005656008486228745,-6.1508400000000005,0.0484261747405158,0.006848495309188684,-74.26132,0.5224864568578346,0.07389074334446147,-10.050119999999998,0.5064731242623084,0.07162611613092304,0.6815921760000002,0.005126611362134342,0.0007250123317346392,-68.78396782400003,0.06298445548448552,0.008907347116484388
VAL  67,12.7588,0.06283152075163634,0.008885718879149067,-6.930499999999999,0.09002982839038773,0.012732140432780863,-27.62514,0.28578005598741785,0.04041540310331487,-1.1477000000000002,0.18773579839764076,0.026549851223688473,0.0,0.0,0.0,-22.944539999999993,0.18601314039713696,0.02630623059292417
VAL  68,12.84044,0.0998895710272696,0.014126518608639524,-5.120019999999999,0.4400277486704743,0.062229320999028434,-29.78688,0.37124512872250837,0.052501989600431676,-2.97774,0.43740543252227715,0.0618584694928674,0.079555104,0.03456470132343087,0.00488818693909712,-24.964644896,0.5353513741193009,0.0757101173914588
SER  69,14.197399999999998,0.1809490536037365,0.025590060570498032,-3.4136400000000005,0.5378458425980387,0.07606288850681313,-10.169540000000001,1.1590712697673002,0.16391743094619202,-4.4069400000000005,0.4212623130544592,0.059575487643827675,0.4229314560000001,0.023070738670896016,0.003262695152234658,-3.3697885440000004,0.4993145213424725,0.07061373679723548
ARG  70,13.994320000000002,0.1422087817259776,0.020111358780543265,-7.070399999999999,0.1258699328672355,0.017800696615583544,-197.74389999999997,1.2963146878807148,0.18332658127043525,-11.020480000000004,1.289139251438698,0.1823118213172106,0.6703613279999998,0.01037769265036321,0.0014676273692283241,-201.170098672,0.19604873341766024,0.027725477768532254
ILE  71,14.198700000000004,0.10448392220790452,0.014776257983635398,-7.300319999999999,0.1550458564426019,0.021926795297087954,-8.316520000000002,0.5896629627168057,0.08339093591032073,-2.0742199999999995,0.5770274617381744,0.08160400622518485,0.0005739839999999998,0.001209047908291479,0.00017098519494646315,-3.4917860160000007,0.1928871791108127,0.027278366470639966
ARG  72,12.742259999999996,0.14375712991051015,0.020330328280727436,-2.935599999999999,0.17348867398192247,0.024535003566335905,-134.21490000000003,2.0754681616427786,0.29351552224687727,-75.04016,2.018922528082979,0.28551876205955246,1.42570368,0.05372015111341832,0.007597176627732831,-198.02269631999997,0.22095015434028556,0.03124707048764604
ALA  73,8.47544,0.03124558208754623,0.004418792595244973,-1.8152000000000004,0.23915208550209008,0.033821212278686584,-10.41616,0.17933514546794757,0.025361819493092335,-3.388499999999999,0.3200095779816742,0.04525618852709742,0.5873567039999998,0.014690627019664818,0.0020775683970974627,-6.557063296000003,0.12303400528942679,0.017399635891339048
ALA  74,7.998880000000002,0.7179198740806225,0.1015292022622001,-3.4264199999999994,0.1317745180222892,0.018635731056229923,-0.031600000000000045,1.5442375335420386,0.21838816634607283,-3.7195400000000003,0.9707259594756894,0.13728138172381554,0.094847904,0.01026433317574915,0.0014515959185860548,0.916167904,0.30767051538453066,0.04351118155991232
LEU  75,12.33906,0.4023310283833719,0.05689819969032792,-0.86194,0.5275484209056075,0.07460661316532201,-23.960519999999995,0.9870619684701623,0.13959164227131876,-5.924160000000001,0.6011850084624303,0.08502039924629527,1.140678432,0.09339231158501479,0.013207667366490185,-17.266881568000002,0.6396425267122675,0.09045911363470834
ASN  76,19.883079999999996,0.5255273100421628,0.0743207849259077,-3.087660000000001,0.2699936747407185,0.03818287165732742,-84.34395999999998,2.222379724169632,0.31429195466636717,-15.944140000000003,1.1398125637138539,0.16119383861673797,0.7307475840000001,0.09424466710606205,0.013328208640273046,-82.76193241600002,0.8977434716199085,0.12696009930967803
ALA  77,8.09934,0.5049711916535484,0.07141371078441516,-2.9603400000000004,0.1597627753889854,0.022593868371746966,-3.399000000000001,0.45322104982005046,0.06409513554084875,-2.0446199999999997,0.4520981260744177,0.06393633014179029,0.417382128,0.026236501123611287,0.0037104015718228025,0.11276212800000007,0.687242593864735,0.09719077968839729
VAL  78,10.954779999999996,0.07851223853718006,0.01110330725515516,-6.9519400000000005,0.28295981410791865,0.04001656067179884,-20.78774,0.2099780759986241,0.029695384287826265,-1.6840399999999998,0.09964737026134299,0.014092266247840468,0.0028474559999999986,0.0012014867103984186,0.00016991588008564786,-18.466092544000002,0.10559937486311935,0.014934006810954388
ARG  79,12.582059999999998,0.07278719942398658,0.010293664459255695,-7.0338,0.03220434753258397,0.004554382504795677,-173.45472,0.5127832696140513,0.07251850544462107,-30.954740000000005,0.5108928188963908,0.07225115534022973,0.8425954079999998,0.007543719247915361,0.0010668430071136869,-198.01860459200006,0.07517482738628081,0.010631326043873469
LEU  80,11.189,0.06536268048355286,0.009243678921289966,-7.728640000000001,0.12410781764244914,0.017551495890647844,-35.04106,0.08143645620551405,0.011516854083744057,-0.11395999999999999,0.06225751681524086,0.008804542463978464,0.0013335840000000005,0.0001905119999999919,2.694246541948116e-05,-31.693326416000005,0.09987858646053106,0.01412496515631368
LEU  81,13.641200000000001,0.032510306058177195,0.004597651574437438,-7.157999999999999,0.023921538412148318,0.0033830164055289103,-35.773759999999996,0.03404911746455167,0.004815272370520358,1.22522,0.036972038082857046,0.0052286357685351,0.24151579199999998,0.0035069611736561765,0.0004959592054500432,-27.823824207999998,0.051589131213009426,0.007295804903248309
VAL  82,11.987159999999996,0.01587496142144411,0.0022450585744355923,-6.588100000000001,0.023860637040751587,0.0033744036509892727,-32.498360000000005,0.033932733453984336,0.004798813185901588,0.4935599999999998,0.037098334194411366,0.00524649673591861,0.0,0.0,0.0,-26.605740000000004,0.025154570158083693,0.0035573934273227486
VAL  83,11.344780000000004,0.036725081346850166,0.0051937108119970675,-4.972460000000001,0.01969894413372533,0.002785851395834428,-32.17282,0.05899955592953824,0.008343797216954293,-0.552,0.045998695633680295,0.006505197921662274,0.22823899199999992,0.0023144988838118205,0.00032731957115840666,-26.12426100799999,0.03784542764664039,0.0053521517051688524
ASP  84,13.990120000000001,0.017190276320616583,0.0024310721913557037,-3.8830199999999997,0.03171087510625622,0.00448459496499869,5.550880000000001,0.295512073526625,0.04179171822263483,-75.92702,0.2952916178996832,0.04176054108888258,0.37803225599999996,0.00335469047325321,0.0004744248764838506,-59.89100774399999,0.029206451641254925,0.004130416001985666
PRO  85,18.0368,0.012517188181658057,0.0017701977289277045,-3.7247399999999997,0.03403927731316513,0.004813880762965694,-4.439919999999998,0.0862433394530538,0.01219665003188553,-7.597040000000001,0.08588176989319862,0.012145516374356685,0.628449552,0.004963953331368448,0.0007020090124208366,2.903549551999999,0.028081615236369224,0.00397134011206163
GLU  86,14.619979999999996,0.008983295615686115,0.0012704298494510067,-2.2352999999999996,0.014437797616061742,0.0020418129199432453,-8.092380000000002,0.4016563650684034,0.05680278788932151,-71.98048,0.3963881047678516,0.0560577433726063,0.7336735200000001,0.0033639328497231443,0.0004757319458990845,-66.95450647999998,0.03137634577021517,0.004437285372594598
THR  87,13.217939999999997,0.007770225229305592,0.001098875790197756,-1.9534399999999996,0.01027649745785721,0.0014533162078594298,-31.25438,0.05446499426029375,0.007702513355748019,-8.68816,0.0517100995937305,0.007312912415711714,0.5660298720000001,0.0029853328352411144,0.0004221898183795708,-28.112010128000016,0.010793949843944797,0.0015264950260881684
ASP  88,12.77282,0.01294401792445775,0.001830560570036859,0.15991999999999998,0.010283656937102604,0.0014543287111242664,-18.211959999999998,0.36373743057335917,0.05144024074595866,-67.01289999999997,0.35783366247873205,0.05060532185510593,0.9444136320000002,0.0027388774106340908,0.00038733575797960355,-71.34770636799999,0.013720958065060542,0.0019404364984361119
GLU  89,14.993259999999998,0.010273869771022445,0.0014529445968234907,-1.4605199999999994,0.015916331235642307,0.002250909149666787,18.267699999999998,0.6227046250029851,0.08806373260316737,-98.56945999999999,0.615716857329757,0.08707551302174824,1.0018571039999997,0.0030936162809939182,0.0004375034101359815,-65.767162896,0.011682822670946965,0.0016522006268053064
GLN  90,19.66194,0.007223323327279034,0.001021532181484396,-1.3875600000000006,0.006248711867183223,0.000883701306993222,-66.5661,0.0317044160833959,0.004483681521225817,-10.717039999999999,0.037982606545583025,0.00537155173110446,1.2537053279999997,0.003144952025385873,0.00044476338073134357,-57.75505467200001,0.01478170350081399,0.0020904485565829
LEU  91,8.344520000000001,0.008005598039729871,0.0011321625322693448,0.045759999999999995,0.006866032333160179,0.0009710036045247311,-10.95126,0.37735011912014343,0.05336536562228098,-96.25085999999996,0.3744001608040619,0.0529481785163772,1.4840557919999997,0.00957858320755133,0.0013546162280438274,-97.32778420800001,0.009483181460349778,0.0013411243835671747
GLY  92,1.0438400000000003,0.06168415031431552,0.008723456195796562,-0.031380000000000005,0.1692497432789781,0.023935528237329542,-15.699739999999997,2.4422391513527333,0.34538477304015935,-98.25616,2.2584555019751065,0.3193938400909332,0.9913243679999997,0.0327588427705643,0.004632799973377985,-111.95211563199999,0.38037482074361123,0.053793123028084984
MET  93,10.014479999999997,0.31571507661192577,0.044648854319024614,-4.3429400000000005,0.34229404961230775,0.04840768872813347,-1.86118,1.5543254831598172,0.2198148178626727,-5.945100000000001,1.1464369542194583,0.1621306689062861,0.7024632479999997,0.0618356194146097,0.00874487716138821,-1.4322767520000002,0.8505674958164275,0.12028840882973126
ASN  94,19.527739999999994,0.6091556388971552,0.08614761661244046,-4.3815,0.40432404083853224,0.057180054214734544,-81.13746000000003,2.906987362957629,0.41111009543418775,-8.8791,1.9397234055400832,0.27431831473673124,0.626440752,0.054497206897125214,0.007707068910536705,-74.24387924799998,0.8929691259855793,0.12628490487492552
LYS  95,13.241539999999997,0.6782647922457099,0.09592112680740526,-5.15594,0.36535568477855473,0.05166909645039414,50.38232,5.089109923906116,0.7197088274795538,-78.52556000000001,4.721275756233162,0.6676892206168228,0.8429778720000002,0.12129750552318358,0.017154057739291163,-19.214662127999997,1.6363587029971056,0.2314160670685754
PRO  96,18.91436,0.343695432614493,0.04860587421291041,-4.71402,0.29639247561298887,0.04191622587972257,-5.657520000000002,1.9270459905253878,0.2725254575117698,2.02356,1.2374554401674427,0.17500262663171653,0.5700371039999999,0.04331914092766571,0.006126251661025626,11.136417104000001,0.5481797302451683,0.07752432091307417
VAL  97,8.414800000000003,0.17106770589422043,0.024192626975965838,-6.519400000000001,0.1812698540849976,0.02563542860963956,-77.25702,3.1622667850133537,0.4472120575207849,-34.5768,3.1811274290728813,0.44987935538319246,0.18380678399999995,0.032697165838667934,0.004624077538020644,-109.75461321599994,0.3977861209264026,0.056255452713790254


