#Frame       SA_00001
       1    6884.4678
       2    6757.3305
       3    6839.8627
       4    6835.3225
       5    6694.4737
       6    6783.4442
       7    6765.8848
       8    6792.3706
       9    6793.0329
      10    6774.6349
      11    6833.1918
      12    6827.9442
      13    6637.1856
      14    6919.1652
      15    6856.3329
      16    6903.7910
      17    6919.2037
      18    6816.0062
      19    6782.6073
      20    6959.8561
      21    6874.7418
      22    6733.6092
      23    6886.9192
      24    6751.6341
      25    6772.5593
      26    6869.3168
      27    6620.3044
      28    6585.7619
      29    6685.2030
      30    6514.0875
      31    6567.3835
      32    6560.6897
      33    6709.6177
      34    6802.1050
      35    6694.1737
      36    6719.7801
      37    6724.6572
      38    6538.6547
      39    6708.7047
      40    6586.3678
      41    6592.4167
      42    6681.4206
      43    6722.7949
      44    6908.8605
      45    7024.2740
      46    6858.5244
      47    6847.1773
      48    6923.0817
      49    6542.3581
      50    6626.1741
