| Run on Mon Jun 20 15:46:20 2016
| GB non-polar solvation energies calculated with gbsa=2
idecomp = 2: Per-residue decomp adding 1-4 interactions to EEL and VDW.
Energy Decomposition Analysis (All units kcal/mol): Generalized Born Solvent

Total Energy Decomposition:
Residue,Internal,,,van der Waals,,,Electrostatic,,,Polar Solvation,,,Non-Polar Solv.,,,TOTAL,,
,Avg.,Std. Dev.,Std. Err. of Mean,Avg.,Std. Dev.,Std. Err. of Mean,Avg.,Std. Dev.,Std. Err. of Mean,Avg.,Std. Dev.,Std. Err. of Mean,Avg.,Std. Dev.,Std. Err. of Mean,Avg.,Std. Dev.,Std. Err. of Mean
GLY   1,1.0928599999999995,0.0830638332850153,0.011746999957436636,0.11829999999999999,0.37875724415514483,0.05356436315312635,-59.892099999999985,8.95144408964292,1.2659253634397498,-56.39825999999998,9.22434114896031,1.3045188356815889,1.0190100959999997,0.11033469292681815,0.015603681913737701,-114.06018990399998,0.6170574127650087,0.08726509618951282
SER   2,10.369279999999998,0.510074035410593,0.0721353618692035,-0.49145999999999995,0.2259265553227422,0.031950839863765734,-3.4247400000000003,2.6408089276583415,0.37346678011303763,-10.87612,2.0470151209993475,0.2894916546500079,0.878399856,0.06347637478297709,0.008976915010836372,-3.544640144,0.8117071800495969,0.11479273027017596
HIE   3,28.78568,0.6179731528146645,0.08739460138929597,-3.07254,0.6983782702805087,0.09876560214973584,-11.81432,2.3778906067353045,0.33628451458846553,-15.883299999999995,2.4784117030873056,0.3505003443650268,1.143833616,0.15230221333331395,0.0215387855675413,-0.8406463840000002,1.3159206696855195,0.18609928580763474
MET   4,10.468499999999999,0.7673082626950108,0.1085137751624222,-1.6966199999999996,1.4609127268937052,0.20660425918165393,-4.371020000000001,1.5993917280016143,0.22618814732872233,-7.74804,1.894074549324811,0.2678625915800855,1.2948248160000002,0.2591706826511599,0.03665226943747637,-2.0523551840000005,1.1185093331321048,0.15818110685563086
GLY   5,5.3924199999999995,0.5821136002534202,0.0823232948320217,-0.93732,0.37714423978101536,0.05333624988692025,-3.6818199999999996,3.2722351669157277,0.46276393523264103,-7.36438,2.350132276192131,0.33235889383616635,0.39180455999999997,0.10266079045484112,0.014518428218517869,-6.199295440000001,1.0081980112858813,0.1425807301118076
HIE   6,28.98530000000001,0.5821839314161619,0.08233324116044238,-1.96924,0.7948006683439564,0.11240178845552233,-14.739119999999996,3.5752935859311097,0.5056228678689312,-17.089380000000002,3.712147819739937,0.5249769792209934,1.4041844639999996,0.19896057682136548,0.02813727461183491,-3.4082555360000013,1.1534290461200496,0.1631195000258036
GLU   7,15.182520000000002,0.6940045025790232,0.09814705798952482,-0.9795599999999998,0.6127761144170032,0.08665962917068133,10.410360000000003,10.980596047136968,1.5528907852801497,-90.05308000000002,11.133598365020921,1.5745285805827502,0.9695010240000002,0.15702826385105673,0.022207150041406522,-64.47025897600003,0.9244001820262386,0.13072992744816644
LEU   8,12.94116,1.5506203450232483,0.21929083220235257,-1.1835200000000001,0.590563061493013,0.08351822909999951,-25.570119999999996,1.7626344560345482,0.24927415532301808,-6.331639999999998,1.1975643909201807,0.16936118034543945,0.914327136,0.11954755968593811,0.016906578025646074,-19.229792863999993,1.6466244199828037,0.23286785868744123
ALA   9,8.385220000000002,0.6711796269256156,0.09491913311867198,-2.4783,0.9476512491417923,0.13401812489361276,1.13878,2.420517261165472,0.34231283386983896,-2.4570600000000002,1.646827257607792,0.23289654425946302,0.317822688,0.14286879550457565,0.020204698824247917,4.906462688000001,1.088408637205839,0.1539242256140515
LYS  10,10.420880000000002,0.7328186307675142,0.10363620463911,-3.66574,0.5252643452586476,0.07428359608958034,-40.80494,11.310421556087132,1.5995351560775426,0.62438,10.834558888833454,1.5322380122918242,0.945853632,0.14138930286529627,0.01999546696865791,-32.47956636800001,1.1148970171917505,0.15767024823618833
GLN  11,19.441439999999997,0.6248372959419571,0.0883653378197647,-3.7969800000000005,0.4223256795412654,0.059725870374569105,-82.84611999999998,2.1282706185075666,0.3009829173093576,-8.900180000000002,2.019866745010656,0.2856522944980468,0.6270780960000001,0.1341116427020658,0.018966250398139615,-75.474761904,0.4904909132399916,0.06936589017247612
GLU  12,15.2976,0.32690536857022157,0.046231400584458265,-4.064399999999999,0.45431161112171453,0.06424936419919001,6.85978,12.432500527713641,1.7582210860503291,-84.32111999999998,11.469396271190696,1.6220175758949287,0.7644183840000001,0.0739960650860377,0.010464623880691679,-65.46372161599999,0.8544739678837424,0.12084086740759409
ILE  13,14.138700000000005,0.45437699105467483,0.06425861031797996,-2.92274,0.509929791638026,0.07211496271925828,-2.9328999999999996,0.38433929021114,0.05435378367694431,-3.4509400000000006,0.36506324986226346,0.05162773990792109,0.6006487679999999,0.1480882864433694,0.020942846311680478,5.432768768,0.5558494697644529,0.07860898587787829
ARG  14,11.6653,0.2751194831340785,0.03890777043212898,-4.5709800000000005,0.45407028046326925,0.06421523489017103,-189.02104,8.00094763127578,1.1315048651987096,-16.79082,6.699604500834363,0.9474671547615786,1.232315424,0.020706948741494553,0.0029284047745586086,-197.48522457599995,1.0067840985703183,0.1423807726579715
VAL  15,11.540999999999999,0.18676155921397164,0.026412072997034457,-4.927720000000001,0.2047619144274604,0.02895770764407936,-26.860040000000005,0.41915386005601507,0.05927730736122508,-1.1292000000000002,0.177028698238448,0.02503563859780672,0.10573171199999999,0.02516594942327145,0.003559002698438585,-21.270228288000002,0.29524988024610355,0.041754638493307177
ARG  16,12.588480000000002,0.36012921236682593,0.05092996163359058,-4.506139999999999,0.2552584580381435,0.03609899732679861,-197.037,3.7976309246676268,0.5370661158552436,-10.057880000000003,3.5758824513118355,0.5057061460097146,1.2029868000000001,0.05245237962195994,0.00741788666401179,-197.8095532000001,1.095854363227773,0.15497721028624487
VAL  17,11.356920000000004,0.2280575225681041,0.0322522041417021,-6.130980000000001,0.4084928146246819,0.05776960785741837,-39.03396,0.6849816336224444,0.09687103162453392,1.8598399999999995,0.45987178039101506,0.06503569087816351,0.003518351999999999,0.003798730537968704,0.0005372216246596185,-31.944661648000007,0.4963946202607203,0.0702008004261753
GLU  18,15.303320000000001,0.25794119019639605,0.03647839294704013,-5.211180000000001,0.4316499827406351,0.061044525978991855,36.255539999999996,4.929236156687976,0.6970992624927966,-107.89284000000002,4.695109329333982,0.6639887290368564,0.685192464,0.04237061852907949,0.005992110336996097,-60.859967536000006,0.5402207020606093,0.07639874435288287
LYS  19,11.933680000000004,0.5407725747482912,0.07647679093684517,-7.302739999999997,0.7752716378148086,0.10963996647209043,-62.379760000000005,9.04533438753924,1.2792034567057726,22.690520000000006,10.516327427842842,1.4872332874811514,0.368302896,0.10689740381534629,0.015117575825813617,-34.689997104,1.6361406689817106,0.23138523240241238
ASP  20,18.918779999999998,0.20876803299382257,0.029524258364981765,-1.80394,0.46495218721928866,0.06575416890205524,35.366299999999995,3.461913853636523,0.48958855235800763,-116.51138000000005,3.3287219222386133,0.4707523687798486,0.7451362079999998,0.06983080468305831,0.009875567105420771,-63.285103791999994,0.3652630330357115,0.0516559935152635
PRO  21,19.67222,0.3384861763795711,0.0478691741311801,-2.321599999999999,0.21219641844292172,0.030009105284897624,-8.16914,1.7999262208212898,0.2545480072756418,-3.8143599999999998,1.7812105407278507,0.25190121041392405,0.9491729759999998,0.048594120286253685,0.00687224639604095,6.316292976,0.312540222314124,0.04419986211837364
GLU  22,14.50312,0.3424257957572392,0.04842632044662871,-3.8816799999999994,0.41132826015240787,0.05817060040948639,27.04276,8.903247170690022,1.2591092897949716,-101.48069999999998,8.232358403884076,1.1642312905088985,0.579264624,0.08940469166725085,0.012643732749561098,-63.23723537599998,1.0270783387833995,0.1452508116327112
LEU  23,11.079779999999998,0.35929137423552276,0.05081147342875435,-8.68646,0.4858362773609994,0.0687076252536782,-31.081099999999992,1.4722393725207203,0.2082060887678458,0.5547600000000003,0.699965015125756,0.09899000175775327,0.0018977759999999999,0.004117834305484377,0.0005823497122421201,-28.131122223999995,1.386017251150597,0.19601243942602506
GLY  24,5.87552,0.2903394041462455,0.04106019230349436,-3.0561000000000003,0.32864450398568196,0.04647735147359301,-16.03826,1.4473633380737392,0.2046880862385477,1.4678399999999998,0.8042802834833145,0.11374240848513809,0.02501481600000001,0.03235783810478913,0.004576089349686571,-11.725985183999999,0.7511692879284071,0.10623137946264936
PHE  25,9.36048,0.21278254063709798,0.03009199548051882,-9.65156,0.3208946344206759,0.04538135440904761,-5.246540000000001,1.2075047860774621,0.17076696451011697,-3.9151400000000014,0.9163741814346335,0.12959487955934018,0.00092808,0.001782158247519002,0.000252035236393644,-9.45183192,0.6114154525636664,0.08646720252600207
SER  26,11.075600000000001,0.3428171524296443,0.04848166663801275,-5.9244200000000005,0.353658710623678,0.05001489450153872,-17.8811,1.083162282393568,0.15318227900119802,-2.0867400000000007,0.6451534952241955,0.09123848227584631,0.00011476800000000001,0.0006799185496631195,9.615500342426284e-05,-14.816545232000001,0.8670857228065553,0.12262443889331084
ILE  27,14.431979999999996,0.22077712653300324,0.031222600660473408,-8.958999999999998,0.2771257476309963,0.03919149907825385,-16.943459999999995,0.8255487195800747,0.11675021956298846,2.0086,0.4914503026756642,0.06950156832762869,0.00021038399999999998,0.0006968994370380853,9.85564635469435e-05,-9.461669616,0.7661913395756265,0.10835581838006604
SER  28,9.894940000000002,0.2798681410949713,0.03957933208126554,-6.254340000000001,0.38816592380060844,0.05489495138899018,-16.5367,1.0140992308448544,0.1434152885852917,-2.1219,0.5594495240859526,0.07911811044255276,0.0018825120000000002,0.004881701778054043,0.000690376886198488,-15.016117488000004,0.7992153687637205,0.11302612137626679
GLY  29,4.8558200000000005,0.41672761799524705,0.05893418491843126,-4.233600000000001,0.32977434709205894,0.046637135418032216,-11.10084,1.2624110322711901,0.1785318803127336,1.0898400000000001,0.7854001364909476,0.11107235249151781,0.002568672,0.002782543027307215,0.00039351100871045524,-9.386211328,0.40509729793473753,0.05728940928200002
GLY  30,5.464660000000001,0.3316322427026487,0.046899881535029164,-4.2799000000000005,0.3899484709548092,0.05514704162509421,-9.3495,1.6765492208700508,0.23709986461404714,-2.2951,1.5745530064116615,0.22267542163427026,0.04045564799999998,0.016238456904943206,0.002296464598698171,-10.419384352000002,0.3472797437157157,0.049112772350021774
VAL  31,10.63104,1.2064055364594632,0.17061150713829623,-3.047460000000001,0.37739884525524886,0.05337225653839179,-28.616159999999986,1.0889239341664763,0.1539970996090898,-0.39059999999999995,0.8359282265840772,0.11821810352056915,0.4492270079999998,0.05334549870853658,0.007544192776516885,-20.973952991999994,0.9984117629933332,0.1411967456058004
GLY  32,5.1758999999999995,0.169972850773283,0.0240377910798795,-0.9068400000000001,0.2130294214422029,0.030126909698805715,-10.17592,1.0698052316192816,0.15129330676536784,-3.8006,0.8243127319167136,0.11657542451134335,0.6134706719999999,0.054974048379471625,0.007774504479680344,-9.093989328000001,0.3043149906880166,0.04303663870644352
GLY  33,4.68108,0.4074909981827831,0.05762792961750421,-1.5936200000000003,0.28347958586113103,0.04009006749807198,1.47644,3.1339011098629133,0.4432005452704227,-6.3862,2.4137443940898127,0.34135500582238415,0.22406255999999997,0.03835516921774174,0.005424240049484543,-1.5982374400000003,0.40970105520698996,0.05794047887922933
ARG  34,12.733799999999997,1.275275656475919,0.18035121291524966,-4.83054,1.7865716242009433,0.2526593821095902,-178.0172,6.851739781982998,0.9689823325531628,-28.334559999999993,7.029563221594945,0.9941303645538677,0.9884028959999998,0.2580285377733079,0.03649074575983105,-197.46009710400006,2.342006933025761,0.3312097967856848
GLY  35,4.730440000000001,0.2626537766718774,0.0371448533177883,-2.02318,0.4106453793725207,0.05807402648344636,-14.829899999999999,0.5572005832732517,0.07880006218272317,0.15783999999999998,0.765648048648986,0.10827898544038912,0.21279585600000003,0.05323500810056526,0.0075285670448860965,-11.752004143999995,0.3738390960415958,0.05286883197673228
ASN  36,21.169659999999993,0.34221108164454317,0.048395955285607944,-6.97522,0.5259465862613806,0.07438007953746753,-85.55239999999999,1.4227304874776434,0.20120447509925682,-1.36838,0.8535333359629255,0.12070784196563206,0.05525899200000001,0.04510552740764192,0.006378884859787855,-72.67108100800003,1.451748538145935,0.20530824718012958
PRO  37,18.96224,0.1737472371002235,0.024571569913198983,-4.9408,0.639753483773242,0.09047480533275547,-5.926439999999999,0.33262382115540573,0.04704011190463376,-5.26416,0.2622104010141502,0.03708215053094992,0.535964544,0.09825141095819039,0.013894847789936536,3.3668045440000003,0.7790917041743896,0.1101802054375789
PHE  38,10.462820000000004,0.15514427994582938,0.02194071448240001,-6.1787800000000015,0.3617000022117408,0.05115210486382223,-4.119640000000001,0.9762445955804296,0.13806183472632808,-0.9944000000000004,0.752579670201102,0.10643083763646694,0.413621856,0.02469285296874501,0.0034920967562083933,-0.41637814399999984,0.5696764434621956,0.08056441525087067
ARG  39,15.852559999999997,0.47293065707370197,0.06688249492956486,-3.06166,0.37852453606074393,0.05353145325880877,-219.41412,6.900114838581503,0.9758235986653802,19.318360000000006,6.326995286105381,0.894772254268087,0.8232693119999999,0.05306830561992842,0.007504991753986311,-186.48159068799995,0.9291726662318821,0.13140485863714968
PRO  40,19.504020000000004,0.2045130303909124,0.028922510126084926,-3.2624000000000013,0.51043048498301,0.07218577145116492,-8.284160000000002,0.26035470881084455,0.03681971602279943,-6.60076,0.2916692345791746,0.04124825872688484,0.8021413440000003,0.07982097003003359,0.011288389837824986,2.1588413439999994,0.5681433344068543,0.0803476008890046
ASP  41,12.865519999999997,0.6264426626596706,0.08859237095824199,-0.3984400000000001,0.19619451164596802,0.02774609392328941,24.521739999999994,7.429790944057595,1.0507311118683051,-107.54221999999999,6.8735534224739085,0.9720672471758606,1.0659587039999998,0.07483200255273077,0.010582843290960993,-69.487441296,0.5289764911375625,0.07480857279432722
ASP  42,15.71874,0.17351355105570726,0.024538521715849766,-3.17364,0.185947708778572,0.026296977164685913,-4.980379999999999,4.855376207422037,0.6866538882959886,-79.79158,4.806983969559432,0.6798101923861005,0.31894632000000006,0.014278116535284135,0.0020192306049342367,-71.90791368,0.36223373295435096,0.0512275857893077
ASP  43,12.482940000000003,0.3801837666181447,0.05376610389454677,-3.4969599999999996,0.6160297707091761,0.08711976565625049,34.26494,4.99591421627708,0.7065289641111598,-113.63578000000001,4.6518126629944145,0.6578656557625605,0.5300530560000002,0.03216341563172405,0.004548593859862696,-69.85480694399998,0.4953101141596988,0.0700474281025212
GLY  44,4.747880000000001,0.1317720213095065,0.018635377967722057,-3.331200000000001,0.3041862587297357,0.04301843325831235,-6.6296,1.0699284275127956,0.15131072929571143,-3.2857000000000003,0.5128069909819849,0.07252186015264604,0.009304272,0.007534675821852986,0.0010655640735349138,-8.489315728000001,0.7014533024150544,0.0992004773646766
ILE  45,12.638620000000003,0.13714632915214137,0.01939541987166429,-8.934959999999998,0.2590917181231879,0.03664110216683593,-11.60108,0.3179380971195203,0.044963236894151985,-0.9936000000000003,0.194663915505672,0.027529634941277158,0.00024868799999999995,0.0004988310690564492,7.054536631927004e-05,-8.890771311999998,0.4673218507323998,0.06608928992990548
PHE  46,9.103700000000002,0.3434619775171202,0.048572858676419445,-10.535299999999998,0.2549385220009594,0.03605375153851084,-12.41376,1.2912991064815411,0.18261727094664548,1.7883799999999999,0.276495633961912,0.03910238754858829,0.03728563199999999,0.019066435712439187,0.002696401197064622,-12.019694368,1.0132459927310304,0.14329462249404137
VAL  47,11.704839999999999,0.30126369578835543,0.04260512044345345,-7.599319999999998,0.4142442004422323,0.058582976639980376,-29.68767999999999,0.5270620244340996,0.07453782631665232,-0.4490999999999999,0.3023083359750439,0.04275285487543493,0.0,0.0,0.0,-26.031259999999996,1.0015785702580622,0.14164459978412053
THR  48,16.80906,0.5497277657168658,0.0777432461889851,-6.319280000000003,0.4902941582355991,0.06933806481290845,-31.464119999999983,2.251275555235493,0.3183784422853054,-1.7285599999999999,0.8367998843212153,0.11834137453992997,0.09973295999999995,0.03881820328948791,0.005489722955894969,-22.603167040000002,2.043755567128967,0.28903068412093014
ARG  49,12.897559999999991,0.554283254663402,0.07838748961412832,-5.494000000000001,0.5626790204015016,0.0795748301914611,-202.85205999999994,7.002414467626797,0.9902909509475392,-4.87524,5.829095465198695,0.82435858632515,0.9120360960000002,0.06012584926172129,0.008503079147512659,-199.41170390399998,1.6557869063304302,0.2341636299332284
VAL  50,11.14776,0.24730277475198784,0.03497389380667598,-5.159299999999999,0.30322006859704703,0.04288179333936441,-30.449060000000003,0.7163461009874285,0.1013066371369508,-2.95136,0.8020038344047976,0.11342046996904906,0.21744273600000003,0.03861537029992971,0.00546103803942198,-27.194517264,0.35202641466261936,0.049784052992945124
GLN  51,24.45124,0.7593414662718877,0.10738710000739757,-2.67116,0.45210871966817834,0.06393782830218735,-60.984399999999994,3.4692588833928584,0.490627296427752,-15.971179999999999,3.0965098397389434,0.4379126211380553,0.9741575520000002,0.08005048327555775,0.011320847912281438,-54.201342448000005,1.001521323267692,0.14163650383710188
PRO  52,19.42632,0.6173531708834499,0.08730692270374098,-4.723919999999998,0.6090693175657564,0.08613540893268183,-10.069120000000003,3.2187901555708653,0.4552056692441322,-1.5125399999999996,1.4328952258975527,0.20264198619239787,0.32893300799999997,0.05187091931947925,0.007335655759436815,3.4496730079999987,1.9495608805541866,0.2757095437951764
GLU  53,15.88188,0.8780754783047117,0.12417862502057656,-1.31024,0.8491644260094745,0.12008998479473634,13.769200000000003,5.516765983798834,0.7801885274726861,-94.14464000000004,5.894182412378346,0.8335632706686424,1.176176304,0.11087171188889731,0.01567962786368009,-64.627623696,0.7081762101323378,0.10015124009191309
GLY  54,9.361380000000002,0.8306470463439587,0.11747123184847792,-1.5118799999999992,0.2751087523144293,0.03890625286506064,0.3989000000000001,1.1955378914948702,0.16907459004829792,-2.2272999999999996,1.3522424375828481,0.19123595948461172,0.30548836799999995,0.08360796447132876,0.0118239517277761,6.326588368,0.8438862298209562,0.11934353513126948
PRO  55,20.147040000000004,1.1059568700449636,0.1564059205017286,-4.9398,0.8988099910437143,0.12711092793304607,-8.9049,1.2641608006895404,0.1787793349355579,-0.6466600000000001,0.8565019698751428,0.1211276701996699,0.29610446400000007,0.10810070748365273,0.015287748662550843,5.951784464000002,0.615452066610718,0.0870380659591427
ALA  56,9.27858,0.5605954366564052,0.07928016695239555,-5.4924599999999995,0.25807085926159146,0.03649673092210209,-4.72226,0.7778425498775424,0.11000354834276911,-1.4789800000000002,0.31731867200024627,0.0448756369536968,0.0007041600000000001,0.004537511291093389,0.0006417010007285323,-2.4144158399999998,0.6837010961342085,0.09668993627623489
SER  57,12.151159999999997,0.37294875572927894,0.05274291884225168,-4.139399999999998,0.272470769074431,0.0385331856975288,-0.1665199999999999,1.8792292700998459,0.2657631520583694,-9.493359999999997,1.5919749590995536,0.2251392578116942,0.28925121600000003,0.03431857447649767,0.0048533793465974145,-1.358868784,0.5443590238637903,0.07698399143483516
LYS  58,10.195980000000002,0.39585909058650603,0.05598292946961164,-1.9263799999999998,1.0040543190485267,0.14199472353577092,-15.390220000000005,3.1702503263306907,0.4483411007614593,-21.35846,3.085164748988263,0.4363081830174587,1.403520624,0.14188059238266024,0.020064945798508694,-27.075559375999998,1.0064052483183112,0.1423271951415218
LEU  59,11.823040000000006,0.23706800374547576,0.03352647861015675,-4.545579999999999,0.3835669480025814,0.05424455799433063,-29.91938,1.0414913132617825,0.14728911403085784,-3.0243599999999997,0.9308415710527749,0.13164087742035133,0.473630832,0.055606962816789465,0.007864012097788007,-25.192649167999992,0.4386941354109889,0.062040719603175955
LEU  60,10.710799999999999,0.08563924334117756,0.012111217940446308,-7.431479999999998,0.18954917462240897,0.026806301348763686,-31.141280000000005,0.6260265502356374,0.088533523774888,-1.0856,0.6585465814959491,0.09313255070060099,0.004570271999999999,0.0036149589062693353,0.0005112323912667504,-28.942989728,0.4735750576630722,0.06697362693487371
GLN  61,20.18888,0.20888376097706557,0.0295406247733266,-3.7647399999999998,0.2765149406451581,0.03910511792591739,-64.91914,1.4076713538318761,0.1990747919953135,-11.856079999999997,1.4078516660501033,0.19910029199376134,0.8153569439999999,0.07596016804290077,0.010742389984640964,-59.53572305599999,0.1952325529021424,0.027610052413093254
PRO  62,17.53664,0.05483347882531599,0.0077546249426859795,-4.5036000000000005,0.20282682268376684,0.028684044345242597,-3.677180000000001,0.6954325758835254,0.09834901805305381,-6.518099999999999,0.6410889875828528,0.09066367409277072,0.554121936,0.022524472906329293,0.003185441506943621,3.3918819360000008,0.2557397867696469,0.03616706748880381
GLY  63,6.3628599999999995,0.15585390723371587,0.022041070935875918,-3.2191799999999997,0.12820151169155514,0.018130431655093017,-12.700059999999997,0.4990311176670648,0.07057365746509668,-2.55254,0.4438455681878527,0.06276924221304536,0.16142313599999997,0.012827649130558018,0.0018141035373798588,-11.947496864000001,0.22691133785779416,0.0320901091454716
ASP  64,13.165980000000001,1.44930853154183,0.20496317813694903,-7.02572,0.3943456879439728,0.05576890201537146,9.54222,6.503764464646612,0.919771191238343,-79.11852,6.307036851771101,0.8919497054161598,0.08403580800000002,0.02426566875135182,0.003431683784821475,-63.352004191999995,2.7331615312515702,0.38652741056523865
LYS  65,10.875419999999998,0.16038504793169056,0.02268187099868557,-7.9307799999999995,0.1925262880751565,0.02722732877092358,-63.47686000000001,4.166782926959252,0.5892720926770435,23.631180000000004,4.089348631212526,0.5783212295532606,0.37055620799999994,0.03574470733868154,0.005055064990142053,-36.530483792,0.49792964163951714,0.07041788523141801
ILE  66,13.326699999999999,0.11138568130617588,0.015752314115736125,-9.07052,0.24332638492363337,0.03441154736422185,-12.319080000000001,0.26006736358105076,0.03677907927069367,-1.42298,0.2750393782715483,0.03889644189382875,0.00028512,0.0006951576695973367,9.831014043322286e-05,-9.485594879999999,0.30128917235009417,0.042608723373366804
ILE  67,14.447740000000001,0.35786029732273467,0.050609088590867955,-6.148020000000002,0.32056228661522684,0.04533435333165851,-13.43264,0.5142837644724498,0.0727307074625229,-0.12336,0.3967765497102872,0.05611267778318907,0.24216926400000008,0.03654050820693993,0.005167608228225983,-5.014110736000001,0.2317461879381207,0.03277386020103545
GLN  68,19.16674,0.24296376766920547,0.03436026554030561,-6.641019999999998,0.5022529836646167,0.07102929812408534,-74.65597999999999,1.4524976900503423,0.20541419325847862,-10.214460000000003,1.227731798236059,0.17362749600221428,0.457161696,0.019210140178069695,0.0027167240774914466,-71.88755830400001,0.5139961344508105,0.0726900304347681
ALA  69,7.706380000000001,0.11507039410720937,0.016273411197403255,-4.71274,0.38854229164918197,0.054948177840579565,-5.541219999999999,0.38498458618496567,0.05444504230873721,-0.5137599999999999,0.1820753206780094,0.025749338787627134,0.0012807360000000002,0.0017787186603575055,0.0002515488053123687,-3.0600592639999995,0.29545676118945,0.04178389587689489
ASN  70,18.70716,0.3104397113774695,0.04390280501292066,-4.3660000000000005,0.15800759475416593,0.022345648345929336,-88.00768,1.1154448698170258,0.15774772629747294,-7.903039999999999,0.6161344645448863,0.08713457160048631,0.4005858239999999,0.012891875498292706,0.0018231865174110947,-81.168974176,0.3521664992112119,0.049803863939794975
GLY  71,6.4084400000000015,0.17599456355236184,0.024889389867968372,-1.6181800000000002,0.11502603009753763,0.016267137178987354,-9.6569,1.339933897623299,0.18949526907023118,-3.8279799999999993,0.9812702072314256,0.13877256354193396,0.45829728000000003,0.008112359594397494,0.0011472608961244437,-8.236322719999999,0.21297111859919254,0.0301186644316747
TYR  72,9.00286,0.08531002520222493,0.012064659464737703,-2.7733600000000007,0.0839527867315579,0.01187271695947852,-26.1934,0.5070982153389388,0.07171451735875195,-7.894540000000001,0.22790833332727012,0.032231105596927344,0.9560956319999999,0.008686870914810586,0.0012285090662309504,-26.902344367999994,0.2911605579242194,0.04117632098445482
SER  73,10.48142,0.06409838999528938,0.009064881245761816,-4.323700000000001,0.11028476776049265,0.015596621429005576,-5.163920000000001,0.295028530145786,0.04172333486191701,-8.370960000000002,0.28256361832330584,0.03996053012660339,0.48385540799999993,0.01393038152534138,0.001970053448216938,-6.893304591999997,0.14561256367510036,0.02059272624012428
PHE  74,11.39172,0.4923489023040697,0.06962864950579213,-9.395340000000003,0.3002593285810757,0.04246308147083967,-5.47208,0.5075301307311658,0.07177559941930046,-2.1783999999999994,0.41192246843308183,0.05825463415042674,0.0,0.0,0.0,-5.6541,0.5277289171535058,0.07463213918949553
ILE  75,12.503139999999998,0.2329528716286204,0.032944511045095354,-3.2416399999999994,0.8436491393938624,0.119310005481519,-7.641919999999999,0.5467200687737898,0.07731789360814446,-3.306399999999999,0.7396608411968315,0.10460383931768512,0.5368458239999998,0.10016038497127924,0.014164817483889343,-1.149974176,0.6737241849399164,0.0952789879640789
ASN  76,18.643840000000004,0.38786551071197467,0.05485246656256415,-3.12278,0.5002387545962419,0.07074444311746317,-80.35604,1.118836126695843,0.15822732244462437,-15.121560000000004,1.2939749790471,0.18299569647398503,0.769125744,0.051202450811513624,0.0072411200364383855,-79.18741425600005,0.4019371883615021,0.056842502300294556
ILE  77,14.777000000000001,0.1632001225487005,0.023079982668932342,-6.871080000000001,0.3039388649054071,0.04298344648815106,-13.518720000000004,0.5906430746228548,0.08352954466533853,-2.08136,0.4169682846452473,0.05896822032247539,0.20145931199999992,0.01591494919919873,0.002250713700198567,-7.492700688,0.2948533930682241,0.04169856673888077
GLU  78,15.124799999999999,0.06319588594258271,0.00893724789861837,-4.99614,0.27176011554311463,0.0384326841113152,7.882400000000001,2.570134214394261,0.3634718663115484,-86.78308000000001,2.766012356010166,0.39117321875611344,0.6286740480000002,0.01836420400019343,0.0025970906359259792,-68.143345952,0.40857869683589154,0.0577817534362043
HIE  79,29.691759999999995,0.13422869439988877,0.01898280400799562,-10.6985,0.5463298362711034,0.07726270639836669,-11.92506,0.8653322000249436,0.12237645332334231,-10.215360000000002,1.22550188510665,0.17331213866316186,0.135031104,0.05621353442463107,0.00794979427722401,-3.012128895999999,0.8062693627205463,0.11402370676853088
GLY  80,6.306139999999999,0.060341697026341984,0.008533604631126108,-1.6715799999999996,0.36067132350659753,0.051006627726208426,-14.926080000000002,1.5244742154591944,0.21559321109904764,-0.7690199999999997,0.6041109662967562,0.08543419217151883,0.3237598079999999,0.021987577793616913,0.003109513071946653,-10.736780192,0.8636264045302655,0.12213521741102144
GLN  81,20.663779999999996,0.10991893194538273,0.01554488443187255,-5.67262,0.137670750706174,0.01946958427907566,-76.05742000000001,0.38615090780416145,0.05460998509393277,-8.62814,0.2821163596815818,0.03989727820290191,0.6958648799999999,0.018748427125327708,0.0026514279913802063,-68.99853512000001,0.13190124802040507,0.01865365338443942
ALA  82,9.54174,0.05957140589212985,0.008424669014228253,-6.952540000000003,0.1065129494473366,0.015063205767678327,-5.31482,0.4369815414865902,0.06179852224770371,-0.16413999999999995,0.34788193456976174,0.04919793499731467,0.0,0.0,0.0,-2.8897600000000008,0.269195361029859,0.03806997304963484
VAL  83,12.82536,0.10872364232301826,0.015375844952381385,-5.697779999999998,0.3051125883998102,0.043149436056577145,-27.727920000000005,0.5322098398186178,0.07526583734999018,-1.932159999999999,0.37876934194837253,0.053566074039452086,0.149782464,0.0301743216126412,0.004267293486000478,-22.382717535999994,0.38202400222629407,0.05402635251004745
SER  84,13.652399999999998,0.7866914261640429,0.11125496842838217,-3.4234599999999995,0.5556015194363739,0.07857392040620187,-14.172160000000002,2.9168077918162476,0.41249891380220566,-3.8257000000000003,1.127784593794398,0.15949282679794693,0.41832403200000007,0.016246632222059545,0.002297620763132434,-7.350595968000002,0.8611925830041764,0.12179102306996237
LEU  85,13.739440000000002,0.1280551693603434,0.018109735724138123,-7.18786,0.13566930529783763,0.019186537154993796,-29.01169999999999,0.6969307067424907,0.09856088575094965,0.19224,0.4176202849479417,0.05906042708954956,0.252212112,0.009647267851504639,0.001364329703544381,-22.015667887999992,0.47280352539140935,0.06686451579463432
LEU  86,12.56536,0.18327397633038367,0.025918854295647418,-8.88912,0.2938812440425784,0.04156108410520917,-27.12782,2.88787469042542,0.4084071553633632,-1.5171000000000006,1.5070037458480314,0.21312251359253429,0.0004957920000000001,0.0008772803474009889,0.0001240661765297859,-24.968184208000004,1.3031678523818446,0.1842957650887024
LYS  87,11.89214,0.7957165829615929,0.11253131834294607,-4.4281000000000015,0.4206545494820936,0.059489536895152094,-24.63084,17.52547191188871,2.478476006478175,-19.555020000000003,16.42031022421927,2.322182541746449,1.0261535039999996,0.180907048620783,0.025584120168840024,-35.695666495999994,0.9425056978604075,0.13329043405281069
THR  88,16.263060000000007,0.33360386148821297,0.047178710537666625,-2.2805000000000004,0.3765290028669737,0.05324924224812922,-39.437999999999995,1.7660947992676819,0.24976352175609445,-7.6523,1.1377189327773338,0.1608977544902349,0.813671424,0.045990088994504984,0.006503980759077457,-32.294068576,0.6966292906337881,0.09851825907606516
PHE  89,10.117399999999998,0.11568197785322305,0.016359902200217206,-6.547279999999998,0.20990769781031457,0.02968543130898601,-5.65432,1.8841251172891849,0.26645552940781636,-4.312099999999999,1.1082539284839072,0.15673077362152038,0.137897424,0.019489162054870925,0.002756183729728556,-6.258402576000001,1.032640759925727,0.14603745677462224
GLN  90,19.574599999999997,0.8398284586747675,0.11876967963247485,-1.9306400000000001,0.30248330598563583,0.042777599371633696,-63.40077999999998,1.092364614770328,0.15448368532646592,-18.07292,1.1456326084744686,0.16201691724014594,1.11280104,0.02451464362415541,0.00346689414900237,-62.71693896,0.3516082297961248,0.04972491272196755
ASN  91,18.51852,0.35094542253755756,0.04963117762053704,-2.33922,0.30052129974429564,0.0425001297880373,-80.96551999999998,2.178600194988519,0.30810059427414327,-16.86926,1.8696231150689366,0.26440463658567237,0.8252356319999998,0.027289526524864893,0.0038593218522204246,-80.83024436800001,0.47367329637122735,0.06698751998621602
THR  92,14.184919999999995,0.218445035650145,0.03089279320495093,-3.770420000000001,0.1591530194498053,0.022507635859854363,-28.67232000000001,1.0694808916475875,0.15124743816668887,-7.939319999999998,0.8093104828185733,0.11445378609727441,0.49810766399999984,0.029489977728619873,0.004170512645789474,-25.699032335999995,0.39225765632879567,0.05547360975248673
VAL  93,11.389620000000003,0.31884754287897216,0.04509185194687794,-6.274659999999996,0.3165168943359161,0.04476224846900644,-32.2978,0.42083711813453056,0.059515356001586146,-0.28933999999999993,0.2565941238610113,0.0362878889989484,0.00011448,0.00045312489404136693,6.408153706021727e-05,-27.472065519999997,0.4496250849489076,0.06358658931179001
GLU  94,15.889959999999999,0.35943700199074075,0.05083206830340307,-4.613740000000002,0.2519412479130585,0.03562987297198495,-40.37904,7.134132877820511,1.0089187471585563,-41.80324,6.472786282768783,0.9153902147434144,0.316021536,0.046444074410438047,0.006568183992310669,-70.590038464,0.8345115388686875,0.118017753622494
LEU  95,11.85998,0.5257461550976681,0.07435173429046309,-8.00296,0.2719497718329522,0.038459505561042974,-31.93377999999999,0.36905388712325443,0.052192101241621575,0.8048200000000003,0.22989273063757248,0.03251174175586397,0.0,0.0,0.0,-27.271939999999994,0.5069954402164233,0.07169998276153836
ILE  96,13.329880000000008,0.40534358956293987,0.057324240178090284,-6.0191599999999985,0.4226055541518801,0.05976545062157863,-15.343379999999998,0.5313481679652738,0.07514397854785876,-0.005379999999999983,0.34295462615337324,0.0485011083584695,0.21542702400000002,0.08744137724094354,0.012366078160672445,-7.822612975999999,0.43783501660752905,0.061919221856821687
ILE  97,14.389099999999994,0.13626654028121687,0.019270998936335656,-7.475320000000002,0.24541071207260887,0.03470631573647221,-14.51112,0.26923934630728347,0.038076193507222675,0.4507,0.2942073588474632,0.041607203703205045,0.016490448,0.017865215457376824,0.002526522999453976,-7.130149551999999,0.29227380023671257,0.04133375722210836
VAL  98,11.619940000000001,0.20273651965046097,0.028671273567800137,-5.064679999999999,0.3187023338477574,0.045071316288745646,-20.974399999999996,0.5204206759921375,0.0735985978127455,-3.0693600000000005,0.4249491150714359,0.06009688018524696,0.15064401600000005,0.03439735521274454,0.004864520625162821,-17.337855983999997,0.5227464484256917,0.07392751170459809
ARG  99,11.541239999999998,0.37274428553644906,0.052714002390271575,-4.547719999999999,0.6703081691282056,0.09479589037505866,-201.5968,7.847997232415426,1.109874412354841,-8.597339999999997,7.770459246685492,1.0989088852530047,1.067207472,0.22026694936739463,0.03115045071379173,-202.1334125280001,1.1312713903596068,0.15998593429712238
GLU 100,15.26646,0.30474758145064385,0.043097816278789995,-2.4219800000000005,0.4167628817445193,0.058939171965679354,-20.832399999999996,11.856142492396085,1.6767117510174492,-64.65619999999998,11.551550297687427,1.6336359097424522,0.627611184,0.14314865962817688,0.020244277588169768,-72.016508816,0.7478269184974083,0.1057586970446714
VAL 101,11.261219999999998,0.3675767832712347,0.051983207211565595,-2.6448800000000006,0.43007197723171336,0.0608213622997702,-23.104179999999992,1.9506372670490089,0.27586176783310973,-5.556800000000001,1.6509006148160428,0.23347260396029285,0.43008465599999995,0.06279185450210045,0.008880109224342854,-19.614555344000003,0.5686258566399047,0.08041583983761724
SER 102,10.642800000000001,1.117117630332607,0.15798429035824663,-0.7146399999999999,0.2695178480175292,0.03811557959680004,-1.7193399999999996,3.5240747643033905,0.4983794326494623,-10.755679999999995,3.286181817489733,0.4647362894717847,0.8557256160000005,0.08793651921803879,0.012436101810603277,-1.6911343840000006,1.2603935021221364,0.17824655846280477
SER 103,7.106240000000002,0.29134032058740733,0.041201743264083684,-1.3450600000000004,0.7809622374993551,0.1104447387972826,16.863740000000004,7.172709507041248,1.014374306382017,-111.90680000000002,6.8393460008975415,0.9672295872231493,1.064111616,0.24046798257223626,0.03400730822701536,-88.21776838400001,0.8370126712415783,0.11837146715479727
THR 104,7.621980000000001,0.4502137043671379,0.06366983266822375,-0.33282000000000006,0.906011560411897,0.12812938364013154,-93.78181999999998,7.032917422208399,0.9946047201537145,-54.71580000000001,7.428595380016258,1.0505620335801107,1.24592544,0.26393812078861806,0.03732648700465318,-139.96253456000005,1.2119485506718117,0.17139540772584924
GLY 105,5.563320000000002,0.9236397661426099,0.13062238840259927,-1.3821800000000002,0.4361279945153713,0.06167781247742169,-5.951000000000001,3.65765299064851,0.5172702465829634,-2.5350400000000004,2.762800701896538,0.39071902227559907,0.3807960479999999,0.10607908703768991,0.015001848357285704,-3.9241039520000003,1.3705709574426073,0.19382800362100133
TRP 106,12.66728,0.7150367833894979,0.10112147166650609,-6.811279999999999,1.5337562132229512,0.2169058838113898,1.5525400000000003,2.7143432296598005,0.3838661008320478,-8.33114,2.837897137036504,0.40133926198168013,0.9083243520000002,0.16038387079197813,0.022681704525990956,-0.014275648000000106,1.5271104522622514,0.2159660312830987
GLU 107,15.956000000000001,0.9713084165186296,0.13736375358877811,-3.9363799999999998,0.5918701847533797,0.0837030842442499,-50.01039999999998,9.718285249981166,1.374373080353377,-30.716559999999994,8.319942230953298,1.176617514117482,0.24682175999999992,0.07466809434791315,0.01055966317033726,-68.46051823999998,1.6674181896842328,0.2358085417999036
MET 108,11.43234,0.6591030453578691,0.09321124657465077,-6.6922999999999995,0.3789217993201062,0.05358763476773104,-7.15092,1.1134823903412132,0.15747018978841562,-3.85198,1.1825575925087102,0.16723889856130938,0.5788033920000001,0.07520004839224943,0.01063489283274322,-5.684056607999999,0.6566389338506012,0.09286276858337299
TRP 109,11.83906,0.41569779455755845,0.05878854589118837,-9.175940000000002,0.6305274430189117,0.08917004613657738,9.169579999999998,3.9949848815233406,0.564976180092578,-5.67278,2.8998331627181564,0.4100983387335283,0.6572712960000001,0.09517546422357488,0.013459843231013489,6.817191295999999,1.3512500566148107,0.19109561562220778
VAL 110,8.89758,0.896615371048261,0.12680056179686355,-6.552439999999998,0.9470809080537989,0.13393746648343086,-22.561840000000007,8.677595004054968,1.2271972543515548,-86.32260000000002,9.060083107786415,1.2812892407258927,0.14429232,0.06417693550133408,0.009075989257753,-106.39500768000002,2.359601888039511,0.33369809918666377


