#Frame       SA_00001
       1    5960.7210
       2    6022.6808
       3    6002.8824
       4    5876.5357
       5    5963.1217
       6    5966.3769
       7    5931.2442
       8    5983.1088
       9    5965.3376
      10    5954.5346
      11    5842.6126
      12    5861.7555
      13    5983.3555
      14    5957.7442
      15    6004.6755
      16    5865.7859
      17    5940.5916
      18    6006.1549
      19    5951.8866
      20    5880.0815
      21    5950.5615
      22    5816.6532
      23    5926.5242
      24    5977.8822
      25    6056.1120
      26    5933.5959
      27    5934.8327
      28    5988.1687
      29    6011.9584
      30    5960.5457
      31    5842.3871
      32    5977.3080
      33    6003.4781
      34    5971.8546
      35    6053.0847
      36    5920.9374
      37    5832.4047
      38    5925.4542
      39    5912.5996
      40    5919.7990
      41    5977.0214
      42    6014.3163
      43    5941.6506
      44    5939.7344
      45    5977.9822
      46    5863.7013
      47    5862.1009
      48    5914.0325
      49    5953.0808
      50    5998.3396
