| Run on Mon Jun 20 15:45:51 2016
| GB non-polar solvation energies calculated with gbsa=2
idecomp = 2: Per-residue decomp adding 1-4 interactions to EEL and VDW.
Energy Decomposition Analysis (All units kcal/mol): Generalized Born Solvent

Total Energy Decomposition:
Residue,Internal,,,van der Waals,,,Electrostatic,,,Polar Solvation,,,Non-Polar Solv.,,,TOTAL,,
,Avg.,Std. Dev.,Std. Err. of Mean,Avg.,Std. Dev.,Std. Err. of Mean,Avg.,Std. Dev.,Std. Err. of Mean,Avg.,Std. Dev.,Std. Err. of Mean,Avg.,Std. Dev.,Std. Err. of Mean,Avg.,Std. Dev.,Std. Err. of Mean
ARG   1,7.7677,0.020921997992920997,0.0029588173313531544,-1.9988800000000004,0.042056457292530006,0.005947681228846079,-283.6523200000001,0.5569359187072489,0.07876263296085109,-21.267380000000006,0.5483672451923026,0.07755083953121267,1.5531707520000004,0.006793422995539909,0.0009607350935229796,-297.597709248,0.014780519969863938,0.002090281180030795
MET   2,9.777479999999999,0.023138055234701072,0.003272215151985204,-4.203399999999999,0.03518579258750829,0.004976022508010094,-4.456040000000001,0.04056400374704135,0.005736616424321892,-3.752179999999999,0.04177496379421918,0.005907872036542978,0.531253872,0.006436937847118374,0.0009103204803547477,-2.102886128,0.026706567675541783,0.003776879021118609
LEU   3,12.24106,0.0149658411068828,0.002116489546567443,0.51098,0.01116868837419701,0.0015794910572708124,-15.296940000000005,0.02897682521980242,0.004097941922035932,-6.81544,0.03032171499109708,0.004288138057482108,1.2142042559999997,0.004846096644068029,0.0006853415598611748,-8.146135744000002,0.01181737884240492,0.0016712297430629902
PRO   4,18.309739999999998,0.014213810186272224,0.0020101363138423024,-4.5586400000000005,0.015127141170558156,0.002139300820333576,-0.64586,0.030399348677232384,0.004299117118665065,-4.220460000000001,0.03669834328672882,0.005189929479271552,0.45490723199999983,0.0029556255761361717,0.0004179885775068567,9.339687232,0.017861004917346362,0.0025259275391723767
ARG   5,12.921640000000002,0.03623410548092667,0.005124276339158379,-5.112620000000001,0.0438610943774676,0.0062028954529140985,-248.00504,0.5134950811872074,0.07261917080268222,40.33233999999999,0.50829328581135,0.07188352584575951,0.6592762080000001,0.0037708491777893017,0.0005332786048893065,-199.20440379200002,0.04774972840024357,0.006752831350325621
LEU   6,12.384519999999998,0.006865100147424516,0.0009708717735537284,-3.5134,0.028423933577238963,0.004019751236092334,-31.433159999999994,0.034280816798512546,0.004848039604568387,-5.94976,0.028348234512793224,0.004009045771732523,0.867300048,0.004622309967718954,0.0006536933445840488,-27.644499951999997,0.03095342052450149,0.004377474710758772
CYS   7,10.63002,0.01749684542953514,0.0024744276105194297,-5.470639999999999,0.0287838565870344,0.004070652036278619,-4.9037,0.07579663580925672,0.010719263034370504,-1.0292400000000002,0.08593103281119668,0.012152483203032178,0.04482057600000003,0.00158878851186117,0.00022468862612166335,-0.7287394239999999,0.02154336719400281,0.003046692206494238
CYS   8,10.054840000000002,0.019991358132214847,0.00282720498008359,-4.09608,0.03976271620506006,0.0056232972533988386,4.205479999999999,0.057476687448165455,0.008128431090947501,-7.301280000000003,0.0772748445483041,0.010928313319048429,0.62664552,0.013398434963651246,0.0018948248440169458,3.48960552,0.03407330458111642,0.004818692945348414
LEU   9,13.381540000000005,0.23520545997056352,0.033263075143457305,-7.423960000000001,0.20088832320467034,0.028409899119843453,-33.80546,0.15882697629903914,0.022461526395281126,0.45597999999999994,0.07576502887216506,0.010714793138460495,0.016422479999999996,0.0031406935621292567,0.00044416114308210616,-27.37547752,0.10612922396843406,0.01500893879002912
GLU  10,15.70064,0.1190376007822865,0.01683445894586637,-4.009379999999999,0.32746852612121696,0.04631104308909532,9.42702,2.2857092333890563,0.32324809975002133,-83.30798,2.631980284804927,0.3722182214669729,0.944706816,0.06902680694547238,0.009761864654959639,-61.24499318399999,0.15090837741342922,0.021341667401378925
LYS  11,9.9378,0.09500399991601795,0.013435594516092495,-6.289460000000002,0.6052906148289187,0.0856010196668206,-10.280719999999999,1.7077015669021378,0.24150547163987884,-28.406920000000003,1.6754556017989735,0.2369452035218084,0.7883026559999999,0.08994390314870833,0.012719988768567544,-34.25099734399999,0.6812008552868741,0.09633634882468495
GLY  12,6.887240000000002,0.10275515753464352,0.014531773738927679,-1.44922,0.05306497526618619,0.007504520770843335,-4.135840000000001,0.20754222317397553,0.029350902677769984,-3.0292399999999997,0.1876618831835731,0.026539398033868452,0.15958929600000005,0.006760803019550907,0.0009561219322781866,-1.5674707039999998,0.1635900044531762,0.02313512029663568
PRO  13,18.40012,0.09691782911323649,0.013706250836769704,-1.03066,0.039978799381670545,0.005653856029295159,-5.155119999999999,0.1835074537995889,0.025951872995993278,-5.655080000000001,0.1748013546858045,0.02472064465178545,1.1753039520000002,0.010913989003927241,0.001543471126894473,7.734563951999998,0.06463115011353546,0.009140224904233324
ASN  14,18.562559999999998,0.3365644758439275,0.047597404635147424,-2.1867199999999998,0.3750754612074747,0.05304368041529544,-87.16242,2.287803139170822,0.32354422274551176,-9.675120000000003,1.971405342794804,0.27879881727151923,0.542470896,0.06481449578168486,0.009166153897283248,-79.91922910400002,0.4798269625970648,0.06785777980970568
GLY  15,5.630619999999998,0.07054130421268645,0.009976046912506751,-3.3858600000000005,0.08417577086073173,0.011904251677445679,-11.786680000000004,0.5399644595711004,0.0763625061924909,-0.49744000000000005,0.36189446859547325,0.051179606563552235,0.061757856000000014,0.005558225637886737,0.0007860518079829272,-9.977602143999999,0.21096109307784233,0.02983440389637375
TYR  16,9.682579999999996,0.19705604177510697,0.027867932682591544,-11.289999999999997,0.34761121961188934,0.04915965012081863,-32.15152,0.6298676762620475,0.08907674102702136,0.5871600000000001,0.5390609004555978,0.07623472363693594,0.021479472,0.012310392300085972,0.00174095237489149,-33.150300527999995,1.1566920460931587,0.163580957907403
GLY  17,7.001100000000004,0.31132396309946553,0.04402785709070051,-4.2429,0.10249082885801612,0.01449439201898662,-14.26074,1.2516626671751465,0.17701183194351736,0.019119999999999974,0.5166746225624014,0.07306882585617479,5.7312e-05,0.00029641958413033375,4.192005960301106e-05,-11.483362687999998,0.681971627578979,0.09644535248758455
PHE  18,9.58256,0.20761937867159347,0.02936181411288428,-10.31938,0.13521492373243216,0.01912227789776492,-5.2839800000000015,0.44377573119762076,0.06275936577117122,-1.3027600000000001,0.37428601683739093,0.052932036121804284,0.0,0.0,0.0,-7.323559999999999,0.18608214960067276,0.02631598996808106
HIE  19,29.62398000000001,0.18686224765716375,0.026426312493228108,-10.275579999999998,0.2886015308345638,0.04081441990278771,-26.01460000000001,1.7331065749109626,0.24509828232770658,-0.39694,1.415861086547688,0.20023299510320466,0.17318332799999994,0.021000233597092157,0.0029698815166010854,-6.889956672,0.5335246816174011,0.07545178406041161
LEU  20,11.717259999999996,0.09606139911578707,0.01358513334500809,-9.525299999999996,0.26470967114947985,0.03743560070309164,-31.177340000000008,0.6536960948327488,0.09244658829828023,-0.79622,0.30064366216502897,0.04251743444752989,0.0,0.0,0.0,-29.781599999999994,0.38201376938619763,0.05402490536792285
HIE  21,28.532200000000007,0.19880070422305876,0.02811466521215719,-10.17966,0.45789232839171173,0.06475575409181537,-15.990899999999996,2.8407256977751656,0.4017392808775413,-8.906379999999997,0.9312390002572274,0.1316970823974533,0.31863240000000004,0.054256892210475555,0.007673083281626966,-6.226107599999999,1.749340812941936,0.24739415028752615
GLY  22,5.620800000000002,0.4187788437827021,0.059224272051242095,-2.7334000000000005,0.3591986636946122,0.05079836217832128,-11.704980000000003,5.092164465097326,0.7201408048374975,-2.8192799999999996,3.5142854183460974,0.4969950100675057,0.082195488,0.021317920154167405,0.0030148091803610284,-11.554664511999999,1.1407750167071078,0.1613299500243586
GLU  23,15.65302,0.31086669104291537,0.04396318905629376,-5.005640000000001,0.27572034817905877,0.03899274558170568,-7.563960000000002,1.9731606722210897,0.2790470583396278,-63.732659999999996,2.158810113095116,0.3053018540527308,0.5739855839999999,0.039124985585457316,0.005533108524260558,-60.075254416,0.40499039547221266,0.05727429099076464
LYS  24,9.550580000000002,0.04261271641104633,0.006026348147806028,-1.195,0.11877137702325259,0.0167968092208012,26.81198,1.0258643280667776,0.1450791245906799,-63.83594000000001,1.0050808407286422,0.14213989562397986,1.565373456,0.04779633836182082,0.006759422994306044,-27.103006543999996,0.12726030801436772,0.01799732535456963
GLY  25,6.393919999999997,0.01931304222638901,0.002731276624724361,-1.1932000000000003,0.009446692542853996,0.0013359640713672901,-5.39492,0.12150306004377646,0.01718312753837412,-5.72832,0.12510402711343774,0.017692381185131504,0.633118032,0.004105519148728597,0.0005806080860714427,-5.289401968,0.020622458261920173,0.002916456016348059
LYS  26,9.72164,0.03869406155976867,0.005472166664112429,-4.445660000000001,0.08630240089354986,0.012205002580901812,-0.22444000000000003,1.1957431523533808,0.16910361831729093,-36.210280000000004,1.2264026914515684,0.17343953191816744,0.9059558399999998,0.015195314300096345,0.0021489419567718086,-30.252784159999987,0.08380324679257348,0.011851568818495698
LEU  27,11.022419999999995,0.035932208394581486,0.005081581643763351,-2.67774,0.022795446913775313,0.003223763018581696,-26.9088,0.08332682641216395,0.011784192802159088,-7.2163,0.05635716458446028,0.00797010664922364,0.8768892960000002,0.005998643120974041,0.000848336245751756,-24.903530704,0.09360784612361683,0.013238148553255268
GLY  28,5.01736,0.033106349844145386,0.00468194489502588,-3.5679199999999995,0.05601494086401861,0.007921708906542202,-6.920139999999999,0.35677270130996735,0.05045527928770411,-3.5493200000000003,0.27210964260752907,0.03848211470280634,0.006909696,0.0019032695448579953,0.00026916296031898447,-9.013110304000001,0.11943567985647781,0.016890755828428198
GLN  29,19.003580000000003,0.0673534230749014,0.009525212438477853,-9.163780000000001,0.13260803746367175,0.018753608506080408,-78.70739999999999,0.34337000451645344,0.04855985172992793,-3.651700000000001,0.3613227504600213,0.05109875340945116,0.09580867200000003,0.011039196336382891,0.0015611781176612068,-72.42349132800001,0.32098773581521467,0.04539452093453086
TYR  30,8.856819999999999,0.0458020479892631,0.006477387745087922,-8.83666,0.18367652109074897,0.0259757827216045,-25.3574,0.4266577082395431,0.06033851174833848,-3.4402999999999992,0.1512395781533476,0.021388506259204982,0.20552832000000007,0.00939892941920353,0.001329209345642511,-28.57201168,0.37279308471567413,0.05272090363638085
ILE  31,12.694019999999998,0.04477610523477588,0.006332297529326499,-8.53072,0.18377127523089465,0.025989182980613004,-7.129960000000002,0.3777445676644132,0.05342114907037745,-0.5728399999999999,0.30301909906802965,0.0428533719560084,0.00033264000000000004,0.0005839355361681631,8.258095548006212e-05,-3.53916736,0.279713345732213,0.03955744071112501
ARG  32,15.866959999999999,1.589550841715998,0.22479643584363332,-7.375280000000001,0.3707919653929692,0.05243790262777123,-214.55473999999998,5.469473352380779,0.7735003393975135,7.489060000000002,4.703388584456952,0.6651595925249815,0.7641627839999998,0.06712976839548883,0.009493582890386506,-197.809837216,0.7967628596069367,0.11267928420513001
LEU  33,11.803700000000003,0.21847464383739804,0.03089698043494798,-5.201999999999999,0.3252424941486144,0.04599623462850225,-35.27007999999999,0.34194443057353896,0.0483582451295044,-0.29016000000000003,0.2697166928464012,0.03814370050217989,0.5662003680000001,0.03053137550655057,0.004317788531926953,-28.392339631999995,0.4191772418157359,0.059280614041396014
VAL  34,11.123739999999998,0.1258651357608667,0.017800018202294852,-6.380279999999998,0.042036193928871826,0.0059448155564756095,-28.986420000000003,0.22985491858964563,0.03250639432476405,-3.1899200000000003,0.28528861456426424,0.040345902790741295,0.11918404800000004,0.008374140027159574,0.0011842822399620468,-27.31369595200001,0.22089112866113045,0.031238722996047096
GLU  35,16.821400000000004,0.44845008640862705,0.06342041942464667,-4.157140000000001,0.4960249997731856,0.07014852819553505,7.03124,4.131313808269711,0.5842560018074265,-78.00096,2.9374894584321996,0.41542374314428143,0.327898944,0.0205829891286586,0.0029108742379926967,-57.97756105599999,2.005777338922527,0.2836597515804854
PRO  36,17.795539999999995,0.09146807312018945,0.012935538953070586,-1.7231399999999997,0.12184876035479858,0.017232016945210524,-8.187379999999997,0.4098343026151325,0.05795932290840396,-2.3241800000000006,0.4042622262838777,0.05717131231658009,0.9619338239999997,0.01799376342238394,0.0025447024270068286,6.522773824000001,0.1121893586832836,0.015865971260383943
GLY  37,6.16532,0.10131346208679586,0.014327887213411907,-1.5827399999999998,0.07852128628595155,0.011104586800057319,-19.845599999999994,0.61737376037562,0.0873098344976479,4.056400000000001,0.24502767190664762,0.03465214567670861,0.31057588799999997,0.009272261218768799,0.0013112957569448918,-10.896044112000002,0.45036119234364613,0.06369069061789025
SER  38,12.54204,0.037118706874028816,0.005249377867900298,-4.8860800000000015,0.23398707998516505,0.03309077019350986,-6.5385,1.1064102720058226,0.15647004122195396,-1.2167400000000002,0.5481335899212885,0.07751779568589386,0.0028077119999999965,0.005055174291461767,0.0007149096043145032,-0.0964722880000001,0.37036470242429553,0.05237747851927142
PRO  39,19.401680000000002,0.058181247838473,0.008228070976895882,-7.989479999999999,0.07441404168582556,0.010523734698309136,-8.15858,0.23839371552119282,0.03371396256745843,-1.2972799999999998,0.15367863091529768,0.021733440408734317,0.11577484800000004,0.007570076214417788,0.0010705704450627612,2.0721148479999996,0.0691552769154618,0.00978003305235131
ALA  40,9.5861,0.10214367332333266,0.014445296812446395,-7.021059999999998,0.04551193689642513,0.006436359840879289,-8.253779999999997,0.16339587387701973,0.0231076660872685,-0.8997400000000003,0.11549559472118075,0.016333543644904025,0.0,0.0,0.0,-6.58848,0.09933181564838836,0.014047640086509485
GLU  41,17.427220000000002,0.12126669616979024,0.01714970063874948,-5.90716,0.09180073202314819,0.012982584026291426,17.831239999999994,1.800563362506376,0.25463811271686204,-92.80620000000003,1.8203044910109465,0.2574299298836334,0.5878476000000002,0.015572749840863041,0.002202319402839197,-62.86705240000001,0.04779917864494852,0.006759824670998062
LYS  42,11.496279999999997,0.3843381864973539,0.05435362758824378,-3.7077,0.0423647258931302,0.005991276992428336,-26.579719999999995,1.9105441532716358,0.27019174530693685,-16.566140000000004,1.8553791958518349,0.2623902422118552,1.3134042719999999,0.015996149942869718,0.002262197219495996,-34.043875727999996,0.3232449097591943,0.04571373353495198
ALA  43,7.3241200000000015,0.017051263881656828,0.002411412863704159,-3.9130199999999995,0.04006419349002119,0.005665932579912783,-8.719500000000002,0.0839576679045134,0.011873407261577915,-2.87152,0.04908858930548011,0.006942174875357284,0.17606318399999998,0.0043343405075003255,0.0006129683129650044,-8.003856815999999,0.04810588702240559,0.006803199785707385
GLY  44,6.203200000000002,0.03587868447948381,0.005074012219099107,-2.0988,0.0262358533309089,0.0037103099601002707,-11.539700000000003,0.11165540739213095,0.015790459144624472,-1.28506,0.07882751042624568,0.01114789343329032,0.27214401600000004,0.003115007350956015,0.00044052856426138835,-8.448215983999999,0.036454441736833106,0.005155436591296918
LEU  45,10.31906,0.02026959299071276,0.002866553331124861,-7.4799000000000015,0.03981318876944989,0.005630435151907623,-27.989480000000004,0.15372615132100892,0.02174016080895895,-1.5553199999999998,0.14752171907892395,0.0208627215866008,0.004710815999999998,0.0006720790856320443,9.504633578881457e-05,-26.700929183999992,0.0374618372110849,0.005297903825532934
LEU  46,10.763139999999998,0.01905886670457183,0.0026953307777066496,-3.4653799999999984,0.028935714955902424,0.004092128052759921,-31.43884,0.1123001976853219,0.01588164626237619,-0.7358,0.09793610161732999,0.013850256315317768,0.8713918079999998,0.012912744467837188,0.0018261378353873505,-24.005488191999994,0.03769560579356997,0.005330963695513646
ALA  47,7.001639999999998,0.014994345601417648,0.00212052069084342,-3.406920000000001,0.027804920427694776,0.003932209556955067,2.59012,0.15405916266161063,0.02178725572438925,-8.352799999999998,0.14901731443036653,0.021074230709584026,0.4126546079999999,0.006355609946115926,0.0008988189782950478,-1.755305392,0.08371691882258465,0.011839360199898665
GLY  48,6.147779999999999,0.016630441966804917,0.00235189965777142,-2.6085200000000004,0.034266158232214586,0.004845966570242034,-11.326280000000002,0.18045021917401732,0.02551951472890928,-2.7235399999999994,0.17138870557887864,0.02423802318672195,0.21284827200000006,0.004323831535244796,0.0006114821198559671,-10.297711728,0.08695357832645348,0.012297092976614172
ASP  49,12.101880000000001,0.04214861326297285,0.005960714051171472,-8.45336,0.04211021728725423,0.00595528404021129,24.25966,1.063943055055165,0.1504642698051679,-89.87448,1.022901603087023,0.14466013200588484,0.015435936,0.0028904016466754254,0.00040876452094339133,-61.95086406399998,0.13320521648056385,0.01883806237256575
ARG  50,13.242319999999998,0.023998699965767468,0.0033939286970911084,-8.66882,0.03685685282291828,0.005212346112856012,-201.64280000000002,0.748264659051626,0.10582060290752893,-3.448620000000001,0.7159076446022873,0.10124463004031323,0.431873568,0.0038537747370383057,0.000545006049945038,-200.086046432,0.0477722162272535,0.006756011609320195
LEU  51,12.80688,0.013919252853538466,0.0019684796163574503,-8.837740000000002,0.04631319898210397,0.006549675411737525,-32.81704,0.04799289947462474,0.006787220933462289,-0.6186400000000001,0.047907310506851784,0.0067751168255608864,0.0,0.0,0.0,-29.46654,0.030934905856873487,0.004374856341352537
VAL  52,12.575159999999991,0.013495717848033705,0.0019085827214649904,-6.481760000000001,0.020974803932165553,0.0029662852188985047,-32.31108,0.030978599067162865,0.0043810354944100235,-0.43876,0.032255579362337396,0.004561627779641925,0.06021532799999999,0.0026952105591245244,0.0003811603326165075,-26.596224671999998,0.02282886770379534,0.0032284894320328507
GLU  53,15.475359999999998,0.015433418283920523,0.0021826149450897303,-7.8679,0.017221207855733483,0.0024354465710024376,2.2844,0.37711494268988843,0.05333210665255927,-79.38868,0.3726044250962988,0.05269422313714158,0.32340902400000004,0.004491412364166568,0.0006351816279614567,-69.17341097600003,0.017698195515080884,0.002502902812695807
VAL  54,11.330840000000002,0.02328463871271856,0.0032929451862484193,-6.78142,0.03630927705165146,0.005134907204640768,-25.772459999999995,0.05766462000455505,0.008155008767953264,-2.40666,0.048177426249232526,0.006813316960189419,0.00195048,0.0008063231749118946,0.00011403131696161347,-23.62774952,0.028682177555194265,0.004056272449694891
ASN  55,17.3741,0.037849834874827154,0.005352774981356272,-4.5553799999999995,0.08971797813150131,0.012688038146226191,-89.90261999999998,0.31479535511671825,0.04451878605781176,-7.22378,0.16725552786083342,0.023653503588266168,0.40601203199999986,0.004732281304810587,0.0006692456402227778,-83.90166796800003,0.1221484155427117,0.017274394588288746
GLY  56,6.09038,0.011506328692975298,0.0016272406090728354,-2.06152,0.012466338676631923,0.0017630065229629127,-8.142020000000002,0.03542117445793393,0.005009310531359362,-6.366499999999999,0.03943209352827496,0.005576540146045079,0.33703387199999996,0.003039873018862894,0.0004299029651167948,-10.142626128,0.03224424765735767,0.004560025234555212
GLU  57,13.856399999999997,0.008202438664992292,0.0011600000004565562,-3.3616799999999993,0.0202073649941501,0.002857752963455039,-0.84892,0.5441534651180674,0.07695492103822858,-80.02712,0.5355863568110361,0.07574334896241629,0.7148927519999999,0.00263462496414735,0.00037259223560639115,-69.66642724800003,0.025563101491497438,0.0036151684825595568
ASN  58,20.358400000000003,0.008890444298924294,0.00125729869030613,-4.9165600000000005,0.013576685898844467,0.00192003333302254,-92.52194000000001,0.058109692809569284,0.00821795156766272,-4.309,0.05829202346806055,0.008243737016670196,0.5712256799999998,0.002290172871749323,0.0003238793535406831,-80.81787432000002,0.011701381505943534,0.0016548252424207056
VAL  59,12.883400000000005,0.03357499069023559,0.0047482207190681575,-6.640479999999999,0.04045898664083928,0.005721764762734678,-31.52572,0.06914276245411645,0.009778263240255271,0.16013999999999995,0.04444232667176667,0.006285094112262795,0.0,0.0,0.0,-25.12266,0.04010367065291947,0.005671515493830259
GLU  60,16.77204,0.03598608620085889,0.005089201116198193,-5.181920000000002,0.013537858027761534,0.0019145422428341842,-32.21904000000001,0.509024084302074,0.07198687635945387,-46.13946,0.49288279377507815,0.06970415316170568,0.383619168,0.0028951367993604224,0.00040943417265809433,-66.38476083200001,0.018296878451676785,0.0025875693655453345
LYS  61,9.463899999999999,0.015243687218196226,0.0021557829204546498,-1.8939000000000008,0.04167265290326003,0.005893403091585686,1.5893800000000002,0.5152361357668911,0.07286539310262427,-44.077960000000004,0.4987465071552461,0.0705334074605159,1.3246138079999994,0.0061328485943321215,0.0008673157658085258,-33.593966191999996,0.05823947191657974,0.008236305104987405
GLU  62,15.734499999999999,0.02221553510432604,0.0031417511039913476,-4.59798,0.05387151009581312,0.007618582020301802,-39.178380000000004,0.7707916940391308,0.10900640674746719,-47.524899999999995,0.7735577871112114,0.10939759138119945,0.2930375519999999,0.0031910190790027495,0.0004512782459316991,-75.273722448,0.04178163846373862,0.005908815977358852
THR  63,14.650579999999993,0.033613741240111905,0.004753700874386607,-3.8841399999999995,0.06805262963325272,0.009624095178249917,-27.85502,0.1838520590036108,0.026000607531312486,-7.883819999999998,0.15304073836737267,0.02164322877947309,0.549745776,0.0062361271331022065,0.0008819215568315988,-24.422654224,0.07507138969362612,0.010616697745092184
HIE  64,30.86468,0.07492327808821306,0.010595751600980184,-10.7201,0.3484186705674103,0.04927384093004352,-14.14334,1.835835228009323,0.2596263077733088,-7.62586,1.2205141868901064,0.17260677161687588,0.11614651199999998,0.02539831861295275,0.0035918646643910796,-1.508473488,0.8372962685353655,0.11841157386870989
GLN  65,21.106960000000008,0.01879782965416085,0.002658414564009342,-4.182340000000001,0.04518301008115721,0.00638984256456128,-74.435,0.18251487610913786,0.025811501312838794,-11.368840000000002,0.18350088392161715,0.025950943874940197,0.761976576,0.0299735604575665,0.004238901571170045,-68.117243424,0.08767550283058918,0.01239918851908999
GLN  66,20.9338,0.012649110642681018,0.0017888543822837351,-6.27364,0.021301417793151662,0.003012475394085064,-73.58284,0.09005095445224047,0.012735128109100031,-10.583479999999998,0.08285004284887645,0.011716765424007314,0.6824639520000001,0.0035845700525495446,0.0005069347583592004,-68.823696048,0.029445407210153533,0.004164209422619764
VAL  67,12.633479999999995,0.017016744696223145,0.0024065311136839203,-7.168160000000001,0.04771807204816121,0.006748354466080608,-28.55837999999999,0.24990253220115943,0.03534155503102588,-0.26636,0.14676195147244397,0.020755274221267227,0.0,0.0,0.0,-23.35942,0.14012153153614726,0.019816177027890878
VAL  68,13.03494,0.06998897341693751,0.009897935542280304,-5.656600000000001,0.18843025234817865,0.026648061843217895,-31.592660000000006,0.3083296035089574,0.04360439069634865,-1.51094,0.265407868006962,0.03753434064959739,0.06476284800000001,0.017844759256949776,0.0025236300558461205,-25.66049715200001,0.2538968716657066,0.035906439935374346
SER  69,14.6632,0.0387226032172192,0.005476203064018343,-4.257519999999999,0.04995967974292838,0.007065365666426569,-7.558399999999999,0.29692355918653784,0.04199133243896922,-5.326700000000001,0.2580882988436335,0.03649919725144669,0.4025664,0.005790838566419645,0.0008189482438143833,-2.0768536000000006,0.104974673227874,0.014845660658454326
ARG  70,14.25548,0.04864698962947636,0.006879723250262877,-7.08774,0.14861302903844142,0.021017056121151047,-212.92158000000003,0.8746855455426416,0.12369921613181131,3.8899600000000008,0.6933472711419569,0.09805411142833312,0.6850392479999998,0.009324375905811201,0.0013186658866663115,-201.17884075199996,0.12971361411090074,0.01834427523000659
ILE  71,13.822619999999997,0.07271145439366253,0.010282952494339031,-7.787420000000001,0.057268172661509346,0.008098942647023061,-9.287300000000002,0.6438943469234419,0.09106041181544983,-0.8776599999999999,0.6094868861591693,0.08619446204948439,0.0029746079999999984,0.0013008078898653751,0.00018396201598895408,-4.1267853919999995,0.0872136859061097,0.01233387774329676
ARG  72,12.776339999999996,0.4780082262890894,0.06760057165439376,-3.13758,0.42830363481997,0.0605712809176095,-167.17966000000007,7.56411566175345,1.0697274956210467,-42.401180000000004,7.554464737332492,1.0683626488004911,1.380719088,0.1440702782952729,0.02037461415000411,-198.56136091200008,0.1048018598813775,0.014821221160616882
ALA  73,8.39498,0.029673213509606708,0.0041964260984478354,-1.94516,0.2553145792938583,0.03610693407089554,-10.894600000000004,0.16065951574655105,0.02272068660930663,-2.7683599999999995,0.33158900826174004,0.0468937672617597,0.5719223519999999,0.015096778598610998,0.002135006904229956,-6.6412176480000005,0.12894427232960873,0.018235473871886246
ALA  74,8.5476,0.7880060152054751,0.11144087939351621,-3.533859999999999,0.05226624532146178,0.007391563298793057,-0.5924200000000001,1.8468823794708749,0.2611886109155604,-3.409220000000001,1.0910792691642512,0.15430191000762086,0.08930016,0.006239967470684475,0.0008824646625808922,1.10140016,0.06960863068639456,0.009844146957491919
LEU  75,12.552999999999999,0.48805913576126697,0.06902198490336754,-1.2423199999999994,0.6550372337508777,0.09263625398298465,-24.24774,1.1375560612119302,0.16087472097256303,-5.99818,0.7348769064271922,0.1039272887744119,1.0743913440000001,0.11328487683679517,0.01602090092343614,-17.86084865599999,0.6991063058486835,0.09886856192717612
ASN  76,19.43792,0.6210872672982504,0.08783500368304294,-2.8283200000000006,0.24585047813660643,0.03476850804966989,-81.71996000000001,2.658701314250167,0.3759971456911758,-17.582260000000005,1.3164041143964322,0.18616765521431777,0.8201903039999999,0.10807616873821084,0.015284278359890088,-81.872429696,1.064828825546319,0.15058953666934186
ALA  77,7.713660000000001,0.6306180971078844,0.08918286656078836,-3.1215999999999995,0.19650618310882798,0.027790170924267533,-3.848659999999999,0.5643653997190212,0.07981332024167527,-1.7106199999999998,0.5704681197052118,0.08067637517885888,0.3884578559999998,0.026250520996860767,0.0037123842813120192,-0.5787621439999999,0.8428019575850821,0.11919019588114171
VAL  78,11.039879999999998,0.10116553563368161,0.014306967253789115,-7.27278,0.29155296534251074,0.04123181577374716,-20.70518,0.22979092149145366,0.032497343768342485,-1.66682,0.10605162705022755,0.01499796492861652,0.0011455200000000001,0.0011772220181427123,0.00016648433439816495,-18.603754479999996,0.07440458714242557,0.010522397623958905
ARG  79,12.62848,0.048674116325105106,0.006883559544348931,-7.06524,0.01727837955373835,0.002443531870072676,-185.6996,0.4468436863178515,0.06319324014514946,-18.841319999999996,0.4438215154768436,0.06276584064603327,0.8401602240000001,0.004714281764755539,0.0006667001208565451,-198.13751977599998,0.05352451180683765,0.007569509051662865
LEU  80,11.235159999999999,0.04228917591983698,0.005980592612741516,-7.793659999999999,0.13053744443638463,0.018460782431945946,-35.27618,0.07215945953621695,0.010204888632963057,0.14118,0.06101301172700793,0.008628542866556331,0.0013608000000000003,5.0409313045933295e-11,7.128953417946986e-12,-31.69213919999999,0.09230000000482437,0.013053191181385936
LEU  81,13.648859999999997,0.015482906708542025,0.0021896136652177507,-7.16322,0.017409526127834522,0.0024620787964472336,-35.3216,0.03816280912160256,0.0053970362238026,0.7995599999999999,0.04199531402430455,0.005939034264928853,0.24365764800000003,0.0020836026794169835,0.0002946659167828418,-27.792742352,0.0280654999330517,0.00396906106401029
VAL  82,11.9802,0.011480418111709441,0.0016235762995293209,-6.593259999999999,0.01743193620986577,0.0024652480606414816,-32.94135999999999,0.04193078106839625,0.005929907926782298,0.9389400000000001,0.04830379281173978,0.006831187890842241,0.0,0.0,0.0,-26.615480000000005,0.015267272178100632,0.0021591183374711337
VAL  83,11.334179999999998,0.029744707092138705,0.0042065368178517745,-4.9697200000000015,0.019437119127621597,0.0027488237483743964,-31.699880000000018,0.05235518693308077,0.007404141542134147,-1.0134199999999998,0.058876511445571225,0.008326396099154159,0.22553020799999998,0.0024154933432206168,0.00034160234458045254,-26.123309792,0.031033735153823277,0.004388832914563157
ASP  84,13.98702,0.02137708118429759,0.0030231758134784356,-3.8897399999999998,0.03717946207254863,0.005257969950473437,19.199740000000006,0.4394207919521381,0.06214348435674399,-89.41010000000001,0.4211060792696514,0.05955339285009006,0.37755230400000017,0.004917653275484148,0.0006954611957238156,-59.735527696,0.04550830995484045,0.006435846913881389
PRO  85,18.043740000000007,0.012199688510743127,0.0017252964948620156,-3.743599999999999,0.025071098899126263,0.0035455888086741534,-4.8478,0.05137703767247008,0.007265810347096062,-7.194259999999999,0.05415230743023825,0.007658292760164026,0.6270899039999999,0.004761906624259326,0.0006734352930781821,2.8851699039999996,0.02783175097008517,0.0039360039686484995
GLU  86,14.629939999999998,0.010137869602121305,0.0014337112684889883,-2.24726,0.01365402504763264,0.0019309707403344022,3.785940000000001,0.32108599533457355,0.045408416929021825,-83.73809999999999,0.3146321820862709,0.04449570990654455,0.7324872479999999,0.004307192521296138,0.0006091290079368964,-66.836992752,0.02360380417127601,0.0033380819982617165
THR  87,13.214860000000003,0.006876074455068258,0.0009724237750244718,-1.95112,0.010096811377855204,0.0014279047587285806,-31.5075,0.053818305435497,0.007611057745081752,-8.42866,0.0407919648948492,0.005768854999014293,0.56884392,0.002740352254163921,0.00038754433235182995,-28.103576080000003,0.010876024592491854,0.0015381021483405293
ASP  88,12.790619999999999,0.01712762680770924,0.0024222122122727406,0.14717999999999998,0.009963312702108904,0.001409025194948654,-7.6482399999999995,0.3617592879250124,0.05116048912979859,-77.43979999999998,0.3438147757201935,0.04862275187677615,0.951242544,0.0035812833264609223,0.0005064699450981669,-71.19899745600001,0.014204804629728634,0.002008862735822236
GLU  89,14.980740000000004,0.00974640446055535,0.0013783497372491004,-1.4733600000000002,0.01326161377808986,0.001875475406392858,30.81063999999999,0.5020998609846095,0.07100764330700803,-110.94985999999997,0.5036733866342555,0.07123017343845517,1.00175472,0.007158419889062037,0.0010123534492272838,-65.63008528000002,0.016437932432497086,0.0023246746983409936
GLN  90,19.663619999999998,0.006698925282464484,0.0009473710987785289,-1.3935000000000002,0.006268173577643653,0.0008864536084812338,-66.56736,0.02607969325955546,0.0036882255910193522,-10.70288,0.031075804091810256,0.004394782360828738,1.2437835839999998,0.0034248113814048867,0.00048434147041525254,-57.756336415999996,0.010699034032051274,0.0015130719032418211
LEU  91,8.345880000000001,0.0076723920648151455,0.0010850400913905293,0.06525999999999998,0.008625102897937059,0.0012197737495126073,0.7010600000000002,0.3847499141000548,0.054411854664218086,-107.77072000000003,0.37777379685770623,0.05342528270253467,1.4894488799999999,0.00418473594525363,0.0005918110328727877,-97.16907112000001,0.008258317729511857,0.0011679024935461852
THR  92,7.957020000000001,0.7456388265105147,0.10544925410831292,-0.70028,0.6891179591332676,0.09745599638811352,-85.0425,4.394601698675411,0.6214905323494607,-63.058640000000004,3.162838015200726,0.4472928416686068,1.138491504,0.07352424691592672,0.010397898715177177,-139.70590849599995,0.7896491172609745,0.11167324911464126
ASN  93,17.9111,1.3206619287311938,0.18676980109214641,-2.9452200000000004,0.49107629916337286,0.06944867624368292,-80.65993999999999,2.2720883733697295,0.3213218192529696,-13.24496,0.7032338433266649,0.09945228387523258,0.6777142560000001,0.04059994282169329,0.005741698977001083,-78.261305744,0.5211097844349881,0.07369605246332801
ASP  94,16.644840000000002,0.7716649625322223,0.10912990556211949,-3.07796,0.4166398905529756,0.058921778384566005,-33.94974,2.7039909675143976,0.3824020698793208,-49.72093999999997,2.1290104500455715,0.3010875452888494,0.5562001440000001,0.06771299422213092,0.009576063477782858,-69.54759985599999,0.938405240527329,0.13271054181557349
SER  95,12.658159999999995,1.6933101589490747,0.23947021920899225,-4.081899999999999,0.5705909655786742,0.08069374820889208,-12.716119999999997,4.6631288107449995,0.65946600072483,-4.37726,2.6439035898458907,0.3739044314366971,0.29461996799999995,0.02969197360029452,0.00419907917591604,-8.222500032,0.4904373666439052,0.06935831754023569
LEU  96,13.402540000000002,0.12931638875242904,0.01828809908107967,-4.709459999999999,0.14795110138151282,0.02092344541417722,-22.620060000000002,1.6441441227580595,0.23251709169004625,-1.1536199999999994,1.2521431210528615,0.1770797783825133,0.6759053279999998,0.034142540562481144,0.004828484391733436,-14.404694671999998,0.5006489546155676,0.07080245416052477
LEU  97,10.167460000000004,0.12433635188437737,0.017583815513088002,-8.312259999999998,0.23056069135927146,0.032606205667039895,-42.48369999999999,4.732086843032488,0.6692181391743828,-61.02376,4.293955731303937,0.6072570431439709,0.21611937599999995,0.044593785664509965,0.006306513648430889,-101.436140624,0.6951927920709323,0.09831510750107315


