#Frame       SA_00001
       1    5980.8887
       2    5985.2673
       3    6078.0185
       4    6026.0415
       5    5995.3585
       6    5995.5164
       7    6028.1757
       8    6033.5789
       9    6002.9954
      10    6040.4640
      11    6000.7027
      12    5995.3056
      13    6033.7851
      14    6007.3881
      15    6028.2746
      16    6022.8134
      17    6041.5825
      18    5994.9817
      19    5982.0881
      20    5993.9450
      21    5988.3128
      22    6051.6847
      23    5990.6686
      24    5973.2108
      25    6049.2096
      26    6037.4319
      27    5995.5903
      28    6012.0393
      29    5959.7925
      30    5971.9075
      31    5990.0569
      32    5985.0362
      33    6026.8011
      34    5861.3294
      35    5993.5476
      36    5991.7061
      37    6026.1468
      38    6035.1428
      39    6035.8511
      40    6035.9284
      41    6042.2186
      42    6030.4497
      43    5984.2018
      44    6004.3721
      45    5996.0291
      46    5987.0994
      47    5982.4943
      48    6000.6118
      49    5941.6809
      50    6003.5919
