| Run on Mon Jun 20 15:45:50 2016
| GB non-polar solvation energies calculated with gbsa=2
idecomp = 2: Per-residue decomp adding 1-4 interactions to EEL and VDW.
Energy Decomposition Analysis (All units kcal/mol): Generalized Born Solvent

Total Energy Decomposition:
Residue,Internal,,,van der Waals,,,Electrostatic,,,Polar Solvation,,,Non-Polar Solv.,,,TOTAL,,
,Avg.,Std. Dev.,Std. Err. of Mean,Avg.,Std. Dev.,Std. Err. of Mean,Avg.,Std. Dev.,Std. Err. of Mean,Avg.,Std. Dev.,Std. Err. of Mean,Avg.,Std. Dev.,Std. Err. of Mean,Avg.,Std. Dev.,Std. Err. of Mean
ARG   1,7.773320000000001,0.021603184949968005,0.003055151714669908,-1.9991999999999999,0.04275745549023458,0.00604681734468537,-271.01901999999995,0.4162906432340749,0.05887238735506482,-33.74314,0.41791046935931403,0.05910146536256477,1.553746032,0.006020854637379515,0.0008514774285259052,-297.43429396799996,0.0140839335976033,0.001991768990529268
MET   2,9.77028,0.019513113540061022,0.0027595709812480375,-4.194720000000001,0.03742514662625295,0.0052927149932648606,-4.552759999999999,0.041688636341399625,0.005895663491084723,-3.656439999999999,0.04199817138882012,0.00593943835729391,0.5312344320000001,0.006163839414300158,0.0008716985295993118,-2.1024055680000004,0.0301293679535925,0.004260936078569982
LEU   3,12.2372,0.011759251676335089,0.0016630093204031634,0.50256,0.010594640154340312,0.001498308379473065,-15.4013,0.027164867016834397,0.003841692335526876,-6.708500000000002,0.02778146864348894,0.003928892973826493,1.219184784,0.003028141377851113,0.0004282438605340195,-8.150855216000002,0.013387043545743962,0.0018932138542470318
PRO   4,18.316779999999998,0.015638785120181648,0.002211658201599944,-4.56996,0.01914780405152566,0.0027079084179330083,-0.39362,0.022633506135816172,0.0032008611341325893,-4.4549400000000015,0.026335079266813867,0.0037243426265298673,0.4510277280000001,0.004384407425162776,0.0006200488443634499,9.349287727999998,0.015538471030017835,0.002197471646919266
ARG   5,12.909,0.020963778285685332,0.002964725957019879,-5.07592,0.03436034924148901,0.004859287190518985,-240.65852000000004,0.2988769137616849,0.04226757849219887,33.06634,0.30028903476543134,0.042467282559719884,0.659533248,0.002621786198632529,0.00037077655997487237,-199.09956675200007,0.031170179874371998,0.004408129111994577
LEU   6,12.398719999999999,0.009431945715019322,0.0013338785549747124,-3.4784200000000003,0.04418963226818012,0.006249357726994008,-31.359920000000002,0.027104125145530063,0.0038331021377066253,-6.034039999999999,0.02357198337027917,0.0033335818574281857,0.876069504,0.0080977136536504,0.0011451896473206183,-27.597590496000002,0.04956744471619945,0.007009895256982787
CYS   7,10.637799999999997,0.018907141508420832,0.002673873594691604,-5.479299999999999,0.02421342602796551,0.0034242955480266526,-4.7475000000000005,0.08057201747502783,0.011394603986094638,-1.14116,0.09166577551081857,0.012963498293284715,0.043612128,0.0015519255929379275,0.0002194754221326724,-0.6865478719999999,0.017435093862843764,0.0024656946202081566
CYS   8,10.003019999999998,0.015719402025243193,0.002223059153649402,-4.08504,0.05002917548795619,0.0070751938489411244,4.21152,0.05703200504976758,0.008065543503071216,-7.27818,0.08192794150956363,0.011586360602013455,0.6223288320000002,0.011172436821760463,0.0015800211678090204,3.4736488319999994,0.03508745137595005,0.004962114960497507
LEU   9,13.379759999999997,0.25948838586739,0.036697199457196586,-7.395140000000002,0.2104733721874984,0.02976542974659604,-33.75266,0.17433824709550907,0.024655151348282077,0.41679999999999995,0.11113001394762831,0.015716157291144717,0.017709552000000007,0.0031415640819336343,0.00044428425317347267,-27.333530448000005,0.07425193240286247,0.010500808983653838
GLU  10,15.638919999999995,0.14786924494349457,0.020911869165695922,-3.9696800000000008,0.3288873022784453,0.046511688337447704,3.6723800000000004,2.089019079759684,0.29543191146523073,-77.54114000000001,2.4619335978852703,0.3481699883791339,0.9442100159999997,0.06664978067485769,0.009425702375957596,-61.255309983999986,0.3275596315575874,0.046323927343467415
LYS  11,9.929100000000004,0.1169579839084623,0.01654035670711616,-6.406700000000001,0.5673445249581524,0.080234632173394,-2.0978800000000004,0.7607432060820507,0.10758533595244264,-36.17254,0.806772686944658,0.11409488756293185,0.784732032,0.07606069457840599,0.010756606583629948,-33.96328796800001,0.6392402785028382,0.09040222714738681
GLY  12,6.675299999999998,0.06757521735097036,0.009556578885805196,-1.5746200000000001,0.07495008739154056,0.010599543009016537,-4.448760000000002,0.09954969814110326,0.01407845332412959,-2.62072,0.10344603230671721,0.014629478186184482,0.15251068800000003,0.0044027973413547535,0.0006226495712524097,-1.8162893119999994,0.1311887031616324,0.018552884324131866
PRO  13,18.404459999999997,0.03672340398253785,0.005193473596861116,-1.0475399999999997,0.030686941848291394,0.004339788934960818,-5.51124,0.18552892604659768,0.02623775234276134,-5.2984,0.15818634580770327,0.022370927562349433,1.1815699680000005,0.004937115004499413,0.0006982134998358774,7.728849968,0.024560317637742687,0.003473353429948684
ASN  14,18.549359999999993,0.027522180151429314,0.0038922240436226937,-1.4921600000000002,0.17437744808317487,0.024660695205123616,-86.61904,0.6754493899640683,0.09552296879838189,-10.872559999999998,0.36250087779212,0.0512653657745768,0.6761877119999997,0.021874259601070326,0.003093487459470354,-79.75821228799998,0.29963848959128286,0.042375281578898166
GLY  15,5.24566,0.07096748833092739,0.010036318448515187,-3.2817200000000004,0.07501600895808822,0.010608865726362994,-11.07488,0.41941114148289804,0.05931369244954954,-1.00932,0.27378951331269047,0.03871968429623359,0.06940281600000002,0.005189237162564524,0.0007338689573669227,-10.050857184,0.09080936514852375,0.012842383578353295
TYR  16,9.75226,0.06957264117449574,0.009839057271908869,-11.588359999999996,0.3398100504694223,0.04805639820045429,-32.45946,0.36026435904782506,0.050949074260508445,0.6736599999999998,0.6660687234812939,0.09419634222197805,0.022738608000000004,0.009721054450538566,0.0013747647044518975,-33.599161392000006,1.2819430636816973,0.18129412668487727
GLY  17,7.13462,0.059163127030364894,0.008366929663874428,-4.117119999999999,0.06925074440038007,0.009793534193545015,-16.51512000000001,0.30509943559385305,0.04314757596892036,1.2127200000000002,0.30307543879370924,0.04286133959642405,0.011316671999999998,0.008419126782441045,0.0011906443279066684,-12.273583327999999,0.12703907119250257,0.01796603774317183
PHE  18,9.69738,0.0587880566101291,0.008313886696360184,-9.545900000000003,0.13176953365613978,0.018635026160409088,-5.042239999999999,0.17340537015907997,0.024523222626729766,-2.1292599999999995,0.23276312508643338,0.032917676831757926,0.003747168000000001,0.0012068679088350995,0.00017067689646674538,-7.016272831999999,0.09673639232922693,0.013680591800703735
HIE  19,29.122500000000013,0.08438702506501088,0.011934127533525669,-8.57054,0.24433519680960386,0.034554214909324116,-26.63683999999999,1.912711597288102,0.27049826817931394,-1.6414800000000003,1.4490241162934447,0.20492295574678784,0.36054072000000004,0.03727209741004616,0.005271070565537839,-7.365819279999998,0.5658612658839433,0.08002486766346804
LEU  20,11.065839999999998,0.06081491922283716,0.008600528355956056,-8.94752,0.3331608764545827,0.0471160629934178,-34.77096,0.2688702259448329,0.03802399200495011,1.9299199999999994,0.20589626902885536,0.02911812961026267,3.8304000000000005e-05,0.0001876505102151337,2.653778965324731e-05,-30.722681695999995,0.3518975577335264,0.04976582987127222
HIE  21,28.284399999999994,0.04998359731183335,0.007068748121459009,-9.685780000000001,0.08863143686066711,0.012534378006097009,-27.26828,1.02732649221159,0.1452859058270808,-2.1780600000000003,0.8758940440487062,0.12387012362954973,0.309035088,0.020336679176075557,0.002876040750443655,-10.538684912,0.2286320641874228,0.03233345659672093
GLY  22,4.909959999999999,0.01704225337225035,0.0024101385852435056,-3.02036,0.031209460104242862,0.0044136841753762285,-6.03506,0.476687378058212,0.06741377550619942,-6.729579999999998,0.6342417548537954,0.08969532915375493,0.096206112,0.014847619338017058,0.002099770463677676,-10.778833888,0.23405895196071366,0.0331009344257674
GLU  23,15.200119999999997,0.08236373959468463,0.011647991758256888,-5.13412,0.14729177030638885,0.020830201919323783,-18.43232,1.534970467989567,0.21707760536730225,-53.02534,1.2772571019180692,0.18063143161698877,0.5925337920000001,0.012853543793796452,0.0018177655957743468,-60.799126208000025,0.28794554646161274,0.04072164970309449
LYS  24,9.62802,0.07901632489571012,0.011174595831639208,-1.6125799999999995,0.093066662129905,0.013161613578890617,36.80742,0.7865299508600379,0.11123213237189095,-73.48426,0.7697575672888619,0.10886015913992288,1.46335824,0.022795653690990004,0.0032237922612958366,-27.198041760000006,0.2922339182550746,0.04132811705817569
GLY  25,6.393399999999999,0.036965389217746766,0.005227695477013765,-1.2296600000000004,0.03014671458051179,0.00426338926207505,-5.057240000000001,0.2687348552011662,0.03800484769078591,-6.03854,0.18073485662703417,0.025559768543550857,0.6240562560000001,0.012713658408551896,0.0017979828148752832,-5.3079837439999995,0.11590083227748703,0.016390852889715153
LYS  26,9.825420000000001,0.2466034136016094,0.034874989204289775,-4.601499999999999,0.2090718775923953,0.0295672284801973,7.344799999999999,2.6067282405344887,0.36864704311848295,-43.70342000000001,2.4047546992572095,0.3400836709869979,0.8742405599999999,0.02214582962860954,0.0031318932610783536,-30.260459439999998,0.2540997209162814,0.03593512715150236
LEU  27,11.10356,0.05247252995629767,0.007420736351622467,-2.7068,0.04267270790567929,0.006034832226339724,-26.915080000000003,0.18776100127539733,0.026553415448841888,-7.041619999999998,0.15896941718458013,0.022481670578497977,0.875062224,0.006336079050594103,0.0008960568925618224,-24.684877775999997,0.09086658201483698,0.012850475265186961
GLY  28,4.966880000000001,0.02310812843994655,0.003267982864083184,-3.570000000000001,0.018114082918873568,0.002561718173382182,-6.550940000000001,0.17445783559354575,0.024672063715864806,-3.6088400000000007,0.17447456662790473,0.024674429841435107,0.005755823999999997,0.0007027407882171432,9.938255535294429e-05,-8.757144175999999,0.043950632030019435,0.006215557989172284
GLN  29,18.897239999999996,0.02154860552713891,0.0030474330186707685,-8.799499999999998,0.07271072823203552,0.010282849799576893,-79.36627999999999,0.17956091334554006,0.025393747892536282,-3.0314200000000007,0.1842396363435275,0.026055419244370357,0.09211737600000003,0.01385643184457741,0.0019595953840699817,-72.20784262399997,0.05149115735615213,0.007281949307535751
TYR  30,8.915779999999998,0.02659721038091637,0.0037614135641982406,-8.599240000000002,0.07706012198264107,0.010897946962597608,-26.971439999999998,0.0686306520453723,0.009705839891707431,-2.5479600000000007,0.07711367193954678,0.010905520070129663,0.20255716800000007,0.00829643442674913,0.0011732930085647671,-29.000302832,0.04407074550297851,0.006232544599420529
ILE  31,12.698579999999998,0.03281590468104173,0.004640869746147195,-8.660039999999997,0.03423504637147236,0.004841566688700802,-6.865099999999999,0.15804356994198362,0.022350736005781406,-0.4649599999999998,0.15698266910713465,0.02220070197088377,0.00019008,0.0005500837696205916,7.779359274387577e-05,-3.291329920000001,0.0373043583961553,0.005275632957946946
ARG  32,13.239320000000003,0.14740928600302267,0.02084682114852091,-7.0158799999999975,0.2561282991003354,0.03622201142952469,-160.9478,2.1095315593756254,0.29833281415230734,-42.99975999999999,2.3430076872261565,0.3313513248019649,1.0268231039999998,0.05162265783909314,0.007300546284179129,-196.69729689600004,0.3622714885012804,0.051232925229959946
LEU  33,11.75,0.02916984744514669,0.004125239386928063,-4.495180000000001,0.17705498467988345,0.025039356062005174,-35.85494000000001,0.12450821819798011,0.017608121080249207,0.28929999999999995,0.11372761318167207,0.016083513297784183,0.6796542239999998,0.029570630465373258,0.004181918665205389,-27.631165775999992,0.16769574962421618,0.023715760347088936
VAL  34,11.11912,0.0732739080435781,0.010362495452330716,-6.3684,0.04164756895674118,0.005889855685849207,-29.372919999999993,0.11760507472215825,0.016631869167597745,-2.90832,0.11470247425405995,0.016221379472784233,0.12264479999999994,0.0037546577230963174,0.0005309887874071697,-27.4078752,0.09532496360775757,0.013480985636681247
GLU  35,16.95112,0.16187558679407404,0.02289266502612826,-4.009199999999998,0.059428612637479075,0.008404474998494001,0.19651999999999994,1.8506407997231658,0.2617201318049492,-70.75232000000001,1.8317768907806247,0.2590523722183579,0.40260470400000004,0.02365502479025491,0.003345325687665027,-57.211275296000004,0.30053631058514824,0.04250225264150894
PRO  36,17.86618,0.01142574285715736,0.0016158440508779455,-1.6522800000000002,0.1181519428532597,0.016709208000381073,-7.891539999999999,0.27184901765501135,0.038445256768552,-2.6822400000000006,0.23035968049985642,0.032577778438682994,0.9775107360000003,0.01674180952633436,0.0023676494090809136,6.617630735999996,0.07263381037527263,0.010271971971954617
GLY  37,6.224219999999998,0.010129738398421375,0.0014325613426339023,-1.5872199999999999,0.028240601976593924,0.003993824232487956,-19.39236,0.16979561360652506,0.024012725959380938,3.7702,0.14837816550960814,0.020983841402372763,0.31689878399999993,0.004914583727619727,0.0006950270961017938,-10.668261215999998,0.04641781873524819,0.006564470879116393
SER  38,12.5646,0.011954915307178998,0.0016906803364434254,-4.779279999999999,0.04947728367653537,0.006997144560473728,-6.411139999999998,0.22662515394376964,0.03204963662821695,-1.38562,0.1950109627687634,0.027578714835901987,0.005239152,0.008876327454487926,0.0012553022670201476,-0.0062008479999999325,0.05693894522064227,0.008052382855825102
PRO  39,19.4183,0.009926227886731545,0.0014037806100621777,-7.800860000000003,0.055310400468233,0.007822071848246228,-8.209299999999997,0.12847665157548585,0.018169342310633475,-1.3111000000000004,0.08098697426128741,0.011453287737587343,0.12642595199999995,0.006008092166878468,0.0008496725426387086,2.2234659519999997,0.052599827445790615,0.007438738935232164
ALA  40,9.475699999999998,0.0274264470909033,0.003878685344366356,-7.04634,0.019042699388226246,0.0026930443739023396,-8.15662,0.08697123432488846,0.012299589911858571,-0.9629400000000001,0.06759361212422221,0.009559180299586151,0.0,0.0,0.0,-6.6902,0.060666300365138925,0.008579510475537932
GLU  41,17.488100000000003,0.013159407276492561,0.0018610212243206972,-5.9341,0.03275622078305914,0.004632429168348968,11.2554,0.6782969851031325,0.09592567956496312,-86.36885999999998,0.657817908240988,0.09302950074063053,0.5784328800000001,0.010608735691222806,0.0015003017894158802,-62.98102711999999,0.02828917340642167,0.004000693269968582
LYS  42,11.305700000000002,0.0691442694655487,0.009778476363855886,-3.6722400000000004,0.03140672539447976,0.0044415817002600765,-20.04356000000001,1.445564832997683,0.20443373921149213,-23.001480000000004,1.4135801249309243,0.19991041841783672,1.322149536,0.005133419974620427,0.0007259752149465157,-34.08943046399999,0.060947490109995,0.0086192767106155
ALA  43,7.3349,0.007280796659357612,0.0010296601380544257,-3.960880000000001,0.03524465349510488,0.004984346697391763,-8.626280000000001,0.05530173234116469,0.007820845989960192,-2.92518,0.04635889990067543,0.006556138497623192,0.17318448,0.002862119454111959,0.0004047648149137012,-8.004255520000001,0.02646344781286556,0.003742496680410709
GLY  44,6.173840000000002,0.026503101704653562,0.003748104587567456,-2.086139999999999,0.02253886421281114,0.0031874767450243103,-11.511619999999999,0.05528865706484872,0.00781899686665041,-1.29204,0.040587170386710565,0.005739892681923374,0.27065001600000005,0.0027113032036519434,0.00038343617623102,-8.445309984000001,0.018534405514329753,0.0026211607648887816
LEU  45,10.316319999999997,0.01930952096724307,0.0027307786434802796,-7.50518,0.019927558806871807,0.002818182392966552,-27.46656,0.07590208429128578,0.01073417570171222,-2.02102,0.04556511384819111,0.0064438801975185995,0.004711247999999998,0.0005814954824381775,8.223587977227565e-05,-26.671728752,0.040352245480008785,0.005706669283003684
LEU  46,10.786639999999998,0.007107066902641721,0.0010050910402408866,-3.50956,0.014055831530222987,0.0019877947580472723,-31.734360000000006,0.04590806464927251,0.006492380764930202,-0.41537999999999975,0.03863774838160501,0.005464202778082491,0.869318064,0.0072868508952840996,0.0010305163363101303,-24.003341935999998,0.024185524438929077,0.003420349667463944
ALA  47,6.9820600000000015,0.009960742943230533,0.001408661776162872,-3.4485399999999995,0.0137043204868062,0.0019380835895548784,3.626640000000001,0.0692447138775891,0.009792681348833097,-9.223880000000001,0.06037901622241457,0.00853888236244838,0.4140469439999999,0.0033902059913923062,0.00047944752922655237,-1.6496730559999997,0.023128812334916673,0.0032709080085621288
GLY  48,6.1388799999999994,0.011685272782751352,0.0016525471249396158,-2.6586800000000004,0.019212953963335205,0.002717122006819855,-10.612380000000003,0.07075023392134847,0.010005594035264,-3.29346,0.058362045885988346,0.00825363968198056,0.21830284800000002,0.0039089094709511525,0.000552803278790776,-10.207337151999997,0.01730729380106013,0.002447620962143503
ASP  49,12.13392,0.021522862263547934,0.003043792371419758,-8.466140000000001,0.02397666365378135,0.003390812291963563,13.26296,0.2809511672872219,0.039732495114214145,-79.11667999999999,0.2585964763901895,0.036571064409289984,0.014449104000000004,0.0016325260947329277,0.00023087405440992904,-62.171490896000016,0.08862289148253766,0.01253316950713238
ARG  50,13.250819999999994,0.015207485003383986,0.0021506631541371086,-8.671839999999998,0.01974675669619919,0.002792613113264662,-192.46532,0.6347540764778279,0.0897677823726553,-12.484739999999999,0.642103256805363,0.09080711342180786,0.438234912,0.003929497994650811,0.0005557149357353057,-199.932845088,0.022171096972276556,0.003135466603088257
LEU  51,12.843400000000004,0.024494897426497887,0.0034641016149491136,-8.852620000000002,0.0388035513835472,0.005487650863485373,-32.83194,0.03920531086359739,0.005544468234035266,-0.6789399999999998,0.04839107769000608,0.00684353183670567,0.0,0.0,0.0,-29.5201,0.0302431810481852,0.004277031680764846
VAL  52,12.57282,0.009626401195263668,0.001361378712718645,-6.4764800000000005,0.016668821194173313,0.0023573273001571988,-32.343320000000006,0.04897895057378881,0.006926669617225362,-0.39770000000000005,0.051370127506168185,0.007264833102005822,0.05756414400000003,0.0015983172886691957,0.00022603619866113695,-26.587115856000004,0.023349953956053052,0.003302182156543753
GLU  53,15.449760000000001,0.00924458760387738,0.0013073821167949584,-7.886480000000001,0.019061206677596993,0.002695661699865427,-4.44774,0.35446499460455333,0.05012892027562653,-72.69318000000001,0.33717269699546204,0.04768342009528965,0.32259801600000004,0.005121969284380419,0.0007243558428029204,-69.255041984,0.02090629679901001,0.002956596847215718
VAL  54,11.349900000000005,0.024371499745997567,0.00344665054761622,-6.826539999999998,0.036334672146723763,0.005138498613427668,-25.609859999999994,0.038891649493545094,0.005500109817683218,-2.5414800000000013,0.02910549089080959,0.00411613799573095,0.0011365920000000005,0.0005522545687778401,7.810059010481267e-05,-23.62684340800001,0.041692005769864565,0.00589614000022798
ASN  55,17.368739999999992,0.04192603487416153,0.005929236713556659,-4.53196,0.08423086370209242,0.011912042981789873,-89.59088,0.27115409936527796,0.038346980481543794,-7.518499999999998,0.14311635126718514,0.02023970849594051,0.407488896,0.007472564104858361,0.001056780150279306,-83.865111104,0.10593772028490202,0.014981856079379578
GLY  56,6.072800000000001,0.008620904824254752,0.0012191800522388713,-2.0841999999999987,0.009376566536087783,0.0013260467563829055,-7.940660000000001,0.02564730785032476,0.0036270770600287223,-6.576839999999996,0.02848252797853898,0.004028037735792096,0.334150848,0.002395072553237731,0.0003387144087656356,-10.194749151999998,0.024525948605104275,0.0034684929147403955
GLU  57,13.848280000000003,0.009654097571704285,0.0013652955718377363,-3.376040000000001,0.017917544474399687,0.0025339234400119145,-7.07538,0.6592431991306397,0.09323106731127775,-73.81282000000002,0.6460485334686407,0.09136505979826,0.710170128,0.0028403567668363696,0.00040168710616381886,-69.70578987200001,0.02586082872852292,0.0036572734722084875
ASN  58,20.35798,0.006697730954488843,0.0009472021952964216,-4.9212,0.015124814048522431,0.002138971715579154,-92.60889999999999,0.08385398022975586,0.011858743609988611,-4.22222,0.08337704480249586,0.011791294755027881,0.570531744,0.002640579652440644,0.00037343435570079923,-80.823808256,0.010111315962660314,0.0014299560167833783
VAL  59,12.875100000000002,0.029027056343604408,0.004105045675689333,-6.644099999999997,0.04766518645760218,0.006740875314138338,-31.545499999999997,0.07926544013811072,0.011209826047078889,0.24228000000000013,0.07928556993551818,0.011212672830329033,0.0,0.0,0.0,-25.072219999999998,0.04276975099213454,0.00604855619123968
GLU  60,16.732139999999998,0.02113576116492365,0.0029890480090513593,-5.2077800000000005,0.02384977148731895,0.0033728670296865604,-39.43159999999998,0.5696975688916723,0.08056740283775836,-38.902,0.5702912939897435,0.08065136824635973,0.38664748799999993,0.0025315457855526846,0.0003580146383697057,-66.422592512,0.022987849973147907,0.0032509729201823756
LYS  61,9.494399999999997,0.011303096923811994,0.0015984992966472532,-1.7726999999999995,0.04225837195162525,0.005976236273779522,7.9605999999999995,0.7218976658779157,0.10209174697300294,-50.38314,0.7081548421072559,0.1001482181968259,1.33769088,0.005884498817729214,0.0008321938035801098,-33.36314912,0.04368025682606879,0.006177321161136644
GLU  62,15.697780000000002,0.026422937005964518,0.003736767587156496,-4.513520000000001,0.05538925527569806,0.00783322360206377,-47.482859999999974,1.1339335432033688,0.1603624195627982,-39.34270000000001,1.1393906661016406,0.16113417328422547,0.301021056,0.0030366371060242996,0.00042944533793449504,-75.340278944,0.04537991968866687,0.006417689788311452
THR  63,14.628999999999998,0.018937792904322487,0.0026782083566705825,-3.86274,0.07803737822350863,0.011036151865572472,-27.913020000000007,0.3713173569864175,0.05251220421947237,-7.770240000000002,0.3647416927086644,0.0515822648591513,0.5594234400000001,0.005327602282454903,0.000753436740277758,-24.35757656,0.08282364002038818,0.011713031500194001
HIE  64,30.942740000000004,0.06621625480037235,0.009364392558823913,-10.105360000000001,0.30395563886849847,0.04298581868476092,-14.12054,1.4203573805208471,0.2008688670949305,-8.270020000000002,0.6040484910998325,0.0854253568444387,0.23347684800000004,0.023315877188303778,0.003297362973832467,-1.3197031520000004,0.5916698440873424,0.08367475179554941
GLN  65,21.142559999999992,0.019042226768461238,0.0026929775353741877,-4.2162999999999995,0.03998662276316496,0.005654962422516461,-75.04531999999998,0.15744439527515044,0.02226599991177482,-10.78378,0.15753504879858687,0.02227882025600689,0.7719510240000002,0.007148600208976139,0.0010109647367517198,-68.13088897600001,0.04642491825503572,0.006565474902833379
GLN  66,20.967839999999995,0.009235496746294425,0.0013060964753862166,-6.26422,0.04326906053985989,0.006119169224661237,-73.61412000000001,0.07912613725694649,0.011190125644696878,-10.581479999999999,0.0823408136953177,0.011644749546475458,0.6869347200000001,0.0031268571292810735,0.0004422043759832296,-68.80504528,0.02376408428848618,0.0033607490298154536
VAL  67,12.654459999999998,0.03388345318947634,0.004791843904059134,-7.135259999999997,0.05528356356118312,0.00781827653645402,-28.092099999999995,0.2259748879859993,0.031957675134554116,-0.6257400000000002,0.13346487328132348,0.01887478338948542,0.0,0.0,0.0,-23.198639999999997,0.1278242167983207,0.018077074099590393
VAL  68,13.0672,0.10328562339469842,0.014606792940294233,-6.02176,0.1599830691042361,0.022625022607728276,-31.19816,0.1710530163423268,0.024190549559614524,-1.8714200000000005,0.19605632762040157,0.027726551750983472,0.030309983999999988,0.015745702900783594,0.002226778659138554,-25.993830015999997,0.21550180187593293,0.030476557092878404
SER  69,14.542079999999993,0.02799131294063205,0.003958569438927136,-4.31512,0.03367529658373524,0.004762406114565473,-7.860539999999998,0.3281159679138545,0.04640260518549483,-5.022620000000001,0.25702162477112406,0.036348346757449225,0.39756888,0.007579473103372825,0.0010718993658431941,-2.25863112,0.10060883140422767,0.014228237386636693
ARG  70,14.128119999999997,0.04327569294650076,0.006120107188603506,-7.148799999999999,0.15506192311469363,0.021929067467645384,-204.6735,1.0517349523518145,0.1487377833637757,-4.192319999999999,0.8438927050283181,0.11934445086387653,0.6796804319999998,0.006217551887038256,0.0008792946203407931,-201.20681956800001,0.1670102149059479,0.023618811097483674
ILE  71,13.8686,0.06842952579048063,0.009677396343965718,-7.674759999999997,0.06867679666400653,0.009712365726257735,-8.780180000000003,0.6135248875147288,0.08676552167767569,-1.4069800000000001,0.6172234762223477,0.08728858110887117,0.0015939359999999991,0.0008519993252955096,0.0001204909000965636,-3.9917260639999994,0.08772458431873473,0.012406129689709678
ARG  72,12.661720000000003,0.1564340167609653,0.02212311081198572,-3.1923999999999997,0.35467088969916694,0.05015803823914939,-152.69867999999997,2.4097011220482876,0.34078320080663527,-56.60643999999998,2.642492559384557,0.3737048815951632,1.4124625919999994,0.08344095171317227,0.011800332557008675,-198.42333740799998,0.337649955314913,0.04775091461410194
ALA  73,8.39368,0.042105790575375036,0.005954658008613662,-1.9645799999999998,0.25903166524577914,0.036632609407466835,-10.706719999999997,0.1817783309418977,0.025707338096357654,-2.9439800000000016,0.33559669187879865,0.047460539314254174,0.5677162559999999,0.013527784776471116,0.001913117669974974,-6.653883744000001,0.13829813969881224,0.01955831048130292
ALA  74,8.6235,0.8122870982602144,0.11487474309002821,-3.5224000000000006,0.05448375904797734,0.007705167097471738,-1.0365199999999999,1.7534561213785762,0.24797614278797064,-3.1525399999999997,1.0099834693696728,0.14283323201552225,0.086798736,0.0064753013188810484,0.0009157458945613968,0.9988387359999998,0.08424102903152758,0.011913480576465194
LEU  75,12.63534,0.48193719964327936,0.06815621239476356,-1.3053199999999998,0.6353758081639564,0.08985570851092331,-24.3864,1.2435042098843434,0.1758580518486478,-5.896239999999999,0.8027310772606358,0.11352331764003558,1.0662284159999995,0.11816255472014478,0.016710708744988173,-17.886391584,0.7278401886444319,0.10293214660211475
ASN  76,19.373980000000003,0.6070844913188382,0.08585471211294725,-2.82,0.2273203026568511,0.03214794550200755,-81.56702000000001,2.637614319721178,0.3730149943259175,-17.645699999999998,1.2774045287222782,0.18065228091558574,0.828353664,0.10749708572017945,0.015202383654106094,-81.83038633599999,1.0664107032763261,0.15081324796332107
ALA  77,7.622960000000002,0.609189493015079,0.08615240430771146,-3.1215,0.19818196184314943,0.028027161825628914,-3.8227400000000005,0.5410540753011603,0.07651660112681348,-1.6732999999999998,0.5470684874858008,0.07736716745493553,0.38679105599999986,0.02923634434480771,0.0041346434686637,-0.6077889439999999,0.8280341202822551,0.11710170830108398
VAL  78,11.0227,0.10425972376719402,0.014744551536083828,-7.23864,0.3042977331496241,0.04303419812195874,-20.58106,0.23661524972000736,0.03346244952183311,-1.7757399999999997,0.10909680288625045,0.01542861782532796,0.0014330880000000001,0.001407358906411581,0.0001990306052573825,-18.571306912,0.0772675839744206,0.010927286518842762
ARG  79,12.595639999999996,0.06563802556539249,0.009282618596197,-7.048399999999998,0.02521983346544356,0.0035666230527621134,-179.58311999999998,0.34683884673914744,0.049050420101634566,-24.87888000000001,0.3520079908178146,0.04978144746782573,0.841516704,0.007840246650218865,0.0011087783145089746,-198.07324329600004,0.07291253534127866,0.010311389634664388
LEU  80,11.198159999999998,0.04840221482556532,0.006845106865521057,-7.709380000000001,0.1433801785464016,0.0202770193075797,-35.08708000000001,0.07455731754613683,0.010543996964790423,-0.04456,0.06077800918095295,0.008595308487774015,0.0013608000000000003,5.0409313045933295e-11,7.128953417946986e-12,-31.64149920000001,0.08644929380656301,0.012225776375881781
LEU  81,13.666439999999998,0.020915219340721356,0.0029578586851656203,-7.154999999999998,0.024108919511744965,0.0034095160947671065,-35.60286000000001,0.03603554355620483,0.005096195442467126,1.0772800000000002,0.03291871200395448,0.004655408897184643,0.24246374399999998,0.001513505928919579,0.0002140420611410158,-27.771676256000006,0.03230415236809796,0.004568497039993106
VAL  82,11.999859999999998,0.011456020254247775,0.0016201259214378074,-6.625299999999997,0.0126700434113266,0.0017918147228153953,-32.61822,0.015383484652770719,0.002175553263250671,0.6021799999999999,0.019358398694109845,0.0027376909979035754,0.0,0.0,0.0,-26.641479999999998,0.01786531835561851,0.0025265375514628694
VAL  83,11.319719999999997,0.025120541396609655,0.0035525810337240144,-4.97218,0.014378720388254633,0.0020334581382640236,-32.07809999999999,0.021749712651827603,0.0030758738609932288,-0.6579999999999999,0.019267589366607774,0.0027248486196492345,0.22272796800000014,0.002697053557740374,0.0003814209719803044,-26.165832031999997,0.022044054398610884,0.0031175000700205792
ASP  84,13.989499999999998,0.021189856067309512,0.0029966981835122925,-3.87426,0.035451267960417386,0.005013566395294503,11.7044,0.18384373799508327,0.025999430763001263,-82.01754000000001,0.18620764860515956,0.026333738207502018,0.37928908799999994,0.003988508339951692,0.0005640602587997881,-59.818610912000004,0.03932014889053206,0.005560708783551984
PRO  85,18.037940000000003,0.009654864061497884,0.0013654039698638891,-3.7309600000000014,0.0174332555763785,0.002465434647243086,-4.47106,0.03420491777518321,0.004837305861752065,-7.5758800000000015,0.03632169599539143,0.005136663508507509,0.6289585920000001,0.0029910133755396895,0.000422993168092756,2.888998591999999,0.0208079654377386,0.0029426906927440544
GLU  86,14.627979999999996,0.011484755117993491,0.001624189644840021,-2.24284,0.020341445376376822,0.0028767147929543587,-3.108040000000001,0.1806864643519132,0.025552924842371844,-76.93118,0.1681425216929537,0.023778943458978748,0.7344351360000002,0.003940359081556345,0.0005572509253756975,-66.91964486400002,0.026751530845720448,0.003783237773626005
THR  87,13.21298,0.008864513523044524,0.0012536315248129271,-1.956299999999999,0.008852683209274409,0.0012519584657948444,-31.27370000000001,0.045893027789700835,0.0064902542318560266,-8.64962,0.033975809041044934,0.004804904993844416,0.568843056,0.003529374341626043,0.0004991289060619163,-28.097796944000002,0.009448102170897222,0.0013361634228769533
ASP  88,12.796179999999994,0.015389204012340533,0.002176362102837843,0.14574,0.009337687079785405,0.001320548370942854,-13.91274,0.2593483996479887,0.03667740241619433,-71.2605,0.24957910569774155,0.03529581561626943,0.9478080000000001,0.0034454220115891373,0.0004872562536888149,-71.28351199999999,0.011799413821826895,0.001668689105488015
GLU  89,14.98396,0.008630086905405964,0.0012204785946083568,-1.4718400000000003,0.014979132151114759,0.0021183691840685366,23.105999999999998,0.46591372591934205,0.06589015100909146,-103.33589999999998,0.4677165060215351,0.06614510261614123,1.0020683520000002,0.0064858176060950965,0.0009172331221617885,-65.71571164800001,0.009773009039935549,0.0013821121929471713
GLN  90,19.662760000000002,0.0074981597679321796,0.0010603999236649987,-1.3924400000000006,0.005906471027454334,0.0008353011432789668,-66.60016,0.025803379610553664,0.0036491489400306385,-10.6735,0.035962897547076926,0.00508592174533103,1.245115584,0.0031299886638792907,0.00044264724185321357,-57.75822441600001,0.01622031764904505,0.0022938993205279183
LEU  91,8.347480000000001,0.00784917829977721,0.001110041440502952,0.05914000000000001,0.0077897625124260916,0.0011016387792738493,-6.052459999999999,0.36269861924194574,0.05129333063859549,-101.09937999999998,0.35752420281980263,0.050561557650439404,1.4948382239999998,0.005195588265914072,0.0007347671390162191,-97.25038177599998,0.011219989316183503,0.0015867461060627937
LEU  92,4.410799999999999,0.3264430731383552,0.04616602213750141,-1.21766,0.175177465445759,0.02477383474555366,-24.8378,1.2194298831831294,0.17245342791606205,-78.98526000000001,1.0833739300890668,0.15321221050533995,1.26389664,0.03275319372635961,0.0046320010778851135,-99.36602336000004,0.5635654042509727,0.07970018379760015
GLY  93,4.546760000000001,0.10395875335918404,0.014701987892795762,-1.716380000000001,0.1667160328222722,0.02357720746822954,-5.902600000000002,0.9613376930090525,0.1359536803473865,-4.25238,0.813195127629276,0.11500315783490421,0.35708428799999986,0.04783761680853567,0.006765260648223827,-6.967515711999999,0.24121186811501152,0.034112509529359965
ALA  94,6.897499999999997,0.11111080055529994,0.01571344010714372,-2.619100000000001,0.2401874476320451,0.03396763459530157,-5.38182,0.7358494598761381,0.10406482860217511,-1.8445799999999997,0.29424113172702754,0.041611979909637074,0.3775489919999999,0.016519605675146546,0.002336225039084779,-2.5704510079999996,0.32056349445884214,0.045334524146540704
THR  95,14.007659999999998,0.4863685273535659,0.06878289676948425,-3.2828399999999998,0.2555393793527748,0.03613872560010974,-38.392,1.5297723229289963,0.21634247664291806,-2.99618,0.9142647688716883,0.12929656357382446,0.43386825600000006,0.02637449721284521,0.003729917165917709,-30.229491743999997,0.17553531359649116,0.024824442116357214
GLY  96,5.9020600000000005,0.05806872135671642,0.008212157329233255,-2.8698800000000007,0.06631429408500464,0.009378257407421146,-3.0621199999999993,0.8992944487763765,0.12717944060263883,0.062060000000000004,0.6739371902484681,0.09530911146370004,0.3256526879999999,0.017282294080322096,0.002444085467731176,0.35777268800000006,0.27132862345789943,0.03837166191541841
LEU  97,9.78858,0.4954863505688143,0.07007235169451671,-7.820220000000002,0.42678965732546387,0.06035717216702367,-50.23822,1.8663478163516287,0.2639414393989884,-52.77476000000001,1.915131959526174,0.27084055908960764,0.23792702399999993,0.016115213780208994,0.0022790353888513352,-100.80669297599997,0.37750810612751107,0.05338770835913079


