#Frame       SA_00001
       1    6064.0732
       2    6053.7759
       3    6018.2792
       4    6041.0850
       5    6049.4918
       6    5996.8346
       7    6046.8442
       8    5990.8756
       9    6046.4166
      10    6029.7633
      11    6052.5655
      12    6058.8443
      13    6051.8237
      14    6022.3502
      15    6060.0852
      16    6047.1251
      17    6077.1184
      18    6049.8044
      19    6048.3728
      20    6088.3298
      21    6028.7898
      22    6051.2176
      23    6040.8131
      24    6018.3980
      25    6049.3130
      26    6059.5010
      27    6022.6605
      28    6007.4175
      29    6053.1976
      30    6052.9073
      31    6063.1200
      32    6045.4311
      33    6059.7113
      34    6067.4005
      35    6059.7942
      36    6069.4791
      37    6048.0083
      38    6075.5810
      39    6081.2374
      40    5981.7927
      41    6057.2088
      42    6016.8002
      43    6051.0784
      44    5983.9169
      45    6018.4087
      46    6081.7921
      47    6057.5352
      48    6063.6463
      49    6040.8396
      50    6047.1677
