| Run on Mon Jun 20 15:46:08 2016
| GB non-polar solvation energies calculated with gbsa=2
idecomp = 2: Per-residue decomp adding 1-4 interactions to EEL and VDW.
Energy Decomposition Analysis (All units kcal/mol): Generalized Born Solvent

Total Energy Decomposition:
Residue,Internal,,,van der Waals,,,Electrostatic,,,Polar Solvation,,,Non-Polar Solv.,,,TOTAL,,
,Avg.,Std. Dev.,Std. Err. of Mean,Avg.,Std. Dev.,Std. Err. of Mean,Avg.,Std. Dev.,Std. Err. of Mean,Avg.,Std. Dev.,Std. Err. of Mean,Avg.,Std. Dev.,Std. Err. of Mean,Avg.,Std. Dev.,Std. Err. of Mean
GLY   1,1.1648600000000002,0.0035665669767064594,0.0005043887389570281,0.06748,0.01937239272779695,0.0027396700531268363,-30.237659999999995,0.28887136306680056,0.04085257994302717,-84.74441999999999,0.27490653611870974,0.03887765517640884,0.9996380640000001,0.0033724609055269805,0.0004769379951169305,-112.75010193600001,0.004423643579644251,0.0006255976745437566
SER   2,11.243379999999997,0.012645774000800821,0.0017883825098637595,-0.5112599999999999,0.014896724472177377,0.0021067149783488433,-4.361700000000002,0.07184156178691364,0.010159931102111795,-12.09096,0.05718075200611515,0.008086579499374061,0.8410088160000002,0.007664769296642049,0.0010839620691772073,-4.879531183999999,0.009654683508947161,0.0013653784358772939
HIE   3,27.218239999999994,0.0234414675324853,0.003315124130636928,-1.7639800000000003,0.017453354978304983,0.0024682771319230884,-5.132459999999998,0.10672135868709946,0.015092679285017977,-22.814720000000012,0.07734857205811803,0.010938739963478314,1.3247631360000003,0.007380849430230345,0.0010438097366065485,-1.1681568639999995,0.0699713981892163,0.00989545002973979
GLY   4,3.9213800000000005,0.007084885319927738,0.0010019540907299852,-2.09752,0.02899464778196811,0.0041004624129490274,-5.864999999999998,0.058038607840189604,0.008207898634884959,-5.630259999999998,0.06788514123148977,0.009600408741318582,0.173173104,0.0018873828407568027,0.00026691624107885297,-9.498226896,0.044109459044534435,0.006238019520972118
GLY   5,5.6732000000000005,0.008106787279930642,0.0011464728518551606,-3.99964,0.01233168277238145,0.0017439633023584495,-8.461179999999995,0.2995309459806972,0.042360072615634486,-2.5140000000000002,0.29220718676993446,0.041324336655292934,0.021559104000000003,0.0011043039192107148,0.00015617215795295553,-9.280060896,0.02025796258473565,0.0028649085433379872
SER   6,11.4702,0.00510294032833124,0.0007216647420306654,-3.0924799999999992,0.013280421680324015,0.001878135245434791,-2.63208,0.0335367499915391,0.004742812667595037,-6.148179999999999,0.02219341343741303,0.00313862262785428,0.4449335040000002,0.0015337801177888707,0.0002169092644275224,0.04239350400000001,0.005414396528698751,0.000765711300295158
PRO   7,18.862679999999997,0.006497507225031626,0.0009188862839256899,-3.492800000000001,0.010662082348048302,0.0015078461459748682,0.17095999999999997,0.11660205143992967,0.01649002025468738,-3.2004799999999993,0.11076808926765026,0.01566497341204647,0.6110256959999998,0.008813724356242586,0.001246448851961634,12.951385695999997,0.024153962904771377,0.003415886192498432
ARG   8,13.79868,0.011955651383478816,0.0016907844333520399,-5.716,0.013896762212785909,0.0019652989594395776,-187.00048000000004,0.5419290816976616,0.076640345718123,-21.115720000000007,0.5341214109166466,0.07553617432721745,0.5429724480000002,0.0036049436852049733,0.0005098160251208119,-199.49054755200004,0.029873093399906063,0.004224693383618534
VAL   9,10.747840000000002,0.007621968248101117,0.0010779090868441698,-2.2395999999999994,0.019493588689704563,0.0027568097504302963,-30.340199999999996,0.01219508098829961,0.0017246448927891594,-2.7407999999999997,0.01432061451210064,0.0020252407264529687,0.7317231840000002,0.0035018411631914494,0.0004952351266261722,-23.841036815999995,0.030594452102732525,0.004326708909705839
VAL  10,10.952559999999998,0.013739228510280919,0.001943020329578237,-4.4576,0.03199249912083824,0.004524422615089876,-21.633200000000006,0.027572450014576956,0.003899333275846897,-1.7191000000000003,0.03128338217007684,0.004424138334182333,0.07638350399999995,0.0015969974538456821,0.00022584954583038645,-16.780956495999998,0.026003332086499784,0.0036774264903619465
ARG  11,11.922360000000001,0.023304729133247003,0.0032957864007669294,-4.5492799999999995,0.020788496819219533,0.002939937414309021,-189.78478000000004,0.5291414287256618,0.07483189849173073,-16.59452,0.5110283452021154,0.07227032165419113,1.1157740640000002,0.005625034620204631,0.0007955000248711581,-197.89044593599996,0.037103069998753666,0.005247166479791573
ILE  12,14.139579999999997,0.028966249327611174,0.0040964462650188264,-7.5745799999999965,0.06404064022200158,0.009056714194501056,-13.828140000000001,0.1063191440896436,0.015035797551147327,-2.7048,0.0882306069343117,0.012477692094291325,0.012062304,0.0009906869715424439,0.00014010429512216526,-9.955877696000002,0.08663282140249033,0.012251731097404796
VAL  13,11.256819999999998,0.032752215193161745,0.004631862692393148,-3.116539999999999,0.06027676500943966,0.008524421857232558,-21.024860000000004,0.07217894706786271,0.010207644586118118,-1.9945000000000004,0.05420415113252864,0.007665624566854296,0.6151904639999999,0.01167867518058662,0.0016516140830935653,-14.263889536000004,0.061058273084669414,0.00863494378914196
LYS  14,11.327300000000003,0.26592745251271227,0.03760782099508049,-6.661379999999999,0.17735601371255189,0.025081927996071948,-6.415000000000001,5.0347139183870215,0.7120160706051514,-32.752999999999986,4.858428556642703,0.6870855556624851,0.615991248,0.040202480450250766,0.005685489309378384,-33.88608875199999,0.1397428940399242,0.019762629599652717
SER  15,11.116520000000001,0.04714159097793658,0.006666827731284305,-2.1495000000000006,0.02379096467137633,0.003364550490019957,-18.153980000000004,0.24617249968250557,0.03481404877342858,-5.130839999999999,0.2704848505924344,0.0382523344124281,0.4276043999999999,0.008151733322038656,0.0011528291820875752,-13.890195600000002,0.040282420633931136,0.005696794558572322
GLU  16,16.048679999999994,0.030461411660003435,0.004307894149860679,0.4279599999999999,0.024054903865949107,0.003401877128880622,-35.41862,0.9170459070296711,0.12968987590400974,-47.213959999999986,0.9116002185175711,0.12891973924898262,1.3416336000000002,0.003967413250074404,0.0005610769625793942,-64.81430639999999,0.029457230281704203,0.0041658814574333505
SER  17,10.359659999999998,0.012039285693931694,0.001702612110964258,-1.6719000000000002,0.10460903402669845,0.014793951466730553,-9.3202,0.06074668715262755,0.008590878884048133,-7.734979999999999,0.1783386093923545,0.025220888009742554,0.389874528,0.02196103255298268,0.003105759008014514,-7.977545472,0.020896340787193886,0.002955188854521967
GLY  18,4.9678,0.0259314480890546,0.003667260557951489,-2.5000399999999994,0.02501756183164475,0.0035380175239819495,-10.776259999999997,0.325169974628768,0.04598597881965189,-0.5292200000000002,0.19326120045161624,0.0273312610759181,0.14179924800000004,0.006261718526865132,0.0008855407264455546,-8.695920751999997,0.1206555813713992,0.01706327595514433
TYR  19,9.91652,0.04527217246819296,0.006402452030261232,-10.000080000000002,0.07956226241120715,0.011251803055501625,-31.946019999999994,0.2956973107762972,0.04181791472570914,-0.06648000000000001,0.15780826847792226,0.022317459353609223,0.02653776,0.004442506656742334,0.0006282653164897765,-32.06952224,0.2061115473445558,0.02914857456163751
GLY  20,5.960980000000001,0.06747695606632967,0.00954268264166569,-3.4797799999999994,0.041705294627896065,0.00589801932855364,-11.710200000000002,0.21585309819397222,0.030526237894616694,-0.07636,0.17555919343628804,0.02482781923568802,0.0028150560000000002,0.0011433250785598972,0.0001616905832300691,-9.302544943999997,0.14646080917629564,0.020712686269325514
PHE  21,9.197819999999997,0.04964138998921183,0.007020352697779536,-8.780759999999997,0.06878940616155634,0.009728291114126432,-6.61556,0.9525096358567651,0.13470520453196952,-2.91468,0.31033732872473063,0.04388832591931515,0.0,0.0,0.0,-9.113180000000002,0.6717368440096,0.09499793551440765
ASN  22,17.1806,0.06652879076031817,0.009408591818152382,-7.184440000000002,0.17134726843454623,0.024232163089571858,-85.11177999999998,0.5952428845475307,0.08418005602332003,-7.646800000000001,0.30457603320021726,0.04307355569255453,0.27966528,0.022575667958436713,0.003192681580645292,-82.48275472000002,0.1064224050834483,0.0150504008609376
VAL  23,10.69472,0.02708581916810377,0.0038305132815517496,-7.0831599999999995,0.046860371317234875,0.006627057265467274,-23.668720000000008,0.18184532328262912,0.025716812244041404,0.17362000000000005,0.18305058208047303,0.02588726157784944,0.0007660800000000003,0.00038303999999999893,5.417003629313888e-05,-19.88277392,0.04785167606241773,0.006767248926975514
ARG  24,12.52024,0.16961044307467937,0.023986538891632134,-8.38236,0.1983912054502679,0.028056753340331593,-123.49155999999999,1.2112933610014258,0.17130274991407057,-81.26697999999999,1.1757902617393432,0.16628185346579905,0.8087313599999998,0.022360761603062763,0.0031622892324042907,-199.81192864000002,0.1714749277574343,0.02425021684415103
GLY  25,6.07296,0.06098982210168758,0.008625263358292891,-3.58528,0.1057115017394139,0.014949863945870617,-14.732319999999994,0.343540008732826,0.0485838939567734,-2.20168,0.26876379518082383,0.03800894042195857,0.08178148800000001,0.009731626029490275,0.001376259751484818,-14.364538512000003,0.1579389094853021,0.022335934782053087
GLN  26,19.9253,0.12205543822325592,0.017261245609672,-8.422900000000004,0.08713948588295548,0.012323384275389449,-79.41519999999998,0.21994526591991168,0.031104957804369598,-4.19022,0.26422333659236485,0.03736682261043937,0.30899937599999994,0.023656229192960253,0.0033454960159290726,-71.79402062399998,0.15498396155632244,0.021918042038326157
VAL  27,12.27184,0.11780532415817715,0.016660188714425293,-3.16062,0.07992493728493509,0.011303093028017425,-23.168040000000005,0.41514262416629255,0.05871003294151275,-5.65012,0.15816986312184148,0.022368596558560425,0.4796464319999999,0.015347090693491038,0.0021704063801704933,-19.227293568000004,0.3361122608008929,0.047533451770450555
SER  28,11.18642,0.06280034713258534,0.008881310263664049,-2.5505999999999993,0.11219643488099006,0.01586697198586059,-11.565059999999999,3.509341513218689,0.496295836299279,-6.242219999999999,2.7623660531508185,0.39065755366049254,0.5509314719999999,0.04911499426314207,0.006945909100281228,-8.620528528000001,0.8595666344290585,0.12156107921729706
GLU  29,14.607879999999996,0.08924116538931254,0.012620606641554623,-2.2512199999999996,0.09830163579514922,0.013901950654496053,-16.641360000000006,0.9096207508625512,0.12863980024858182,-63.01379999999999,0.8987107877407823,0.12709689846740221,0.9217418400000001,0.012107655234733108,0.001712281024149716,-66.37675816000002,0.21524954637946234,0.030440882778449217
GLY  30,4.814080000000001,0.028939827228119386,0.004092709615874061,-1.9556599999999997,0.06832352742650778,0.009662405911573742,-9.611720000000002,0.2343301124480773,0.033139282309648334,-2.42428,0.20977674227616097,0.029666911399739225,0.22975329600000002,0.0051116257262401685,0.0007228930427824068,-8.947826703999999,0.07064331654849469,0.009990473635389688
GLY  31,5.346300000000001,0.018155164554023186,0.0025675279939414873,-1.6795600000000002,0.03261297901142743,0.004612171722734976,0.7026399999999998,0.044165488789328945,0.0062459433234705874,-11.561299999999996,0.051257877444473895,0.007248958546043295,0.403350048,0.002665301270947236,0.00037693052051838283,-6.788569951999998,0.02435969292110406,0.0034449808104269238
GLN  32,18.52892,0.015554857763376331,0.0021997890809751235,-1.9670599999999994,0.0235256540823378,0.0033270299066940085,-67.13651999999999,0.07183292838771274,0.010158710155087866,-14.767540000000004,0.07244369123559677,0.010245085065374986,1.1483413919999998,0.006419578951602064,0.0009078655618080493,-64.193858608,0.010877843781039443,0.0015383594204521809
LEU  33,11.901599999999998,0.008935323163746029,0.0012636455202356105,-3.1804,0.010541347162552962,0.001490771612296554,-23.147779999999997,0.0196298650020938,0.0027760821313514016,-0.53926,0.02407887871143507,0.003405267684044827,0.78490224,0.0027370585741652493,0.0003870785356594061,-14.18093776,0.016548549326665864,0.0023403182895371014
ARG  34,11.132379999999998,0.009221474939805066,0.0013041134924955944,-3.8839599999999996,0.020056879119215987,0.0028364710469272985,-133.91584,0.6762688920894031,0.09563886390038609,-73.35423999999998,0.6870022288205094,0.09715678693785088,1.2193238880000001,0.005435441939862707,0.0007686875708845365,-198.80233611200003,0.04081456852884745,0.005772051635590216
SER  35,10.4157,0.013928747252194285,0.0019698223270920136,-3.3166200000000003,0.010266235921543134,0.0014518650074768148,-12.77298,0.0194365531931274,0.0027487437131506857,-7.411879999999999,0.028855945661177645,0.004080846970913849,0.580906224,0.0028195957828240693,0.00039875105964797827,-12.504873776,0.014550745609171179,0.0020577861783130642
ILE  36,12.76644,0.04621781474697793,0.0065361860438423415,-4.31938,0.039281491825044264,0.005555241848922546,-7.050060000000001,0.21870120347172298,0.030929020805702843,-4.20608,0.13028688959366916,0.0184253486262773,0.23479531199999992,0.004691595846904766,0.0006634918475866006,-2.5742846879999997,0.0903068416539531,0.012771316024210002
ASN  37,19.752460000000006,0.007550390692414128,0.0010677864918427645,-3.04376,0.03685569698160186,0.00521218265220945,-81.60851999999998,0.31665920103945683,0.04478237367602283,-17.505540000000003,0.3182127722137363,0.04500208181850062,0.665111376,0.005928695994312975,0.0008384442282344452,-81.740248624,0.03967791116986037,0.005611304010305146
GLY  38,6.092460000000001,0.039138323929221557,0.005534994850925657,-0.9984599999999999,0.040724051861278095,0.005759250645700476,-7.875180000000001,0.19346086839457086,0.027359498387207856,-7.29482,0.1427842694417492,0.0201927450338056,0.5349382560000001,0.004703109550234747,0.0006651201311268407,-9.541061744,0.12690691962002862,0.01794734868856367
GLU  39,14.733500000000001,0.05065974733468605,0.007164370174710726,-2.7900800000000006,0.3039966999820859,0.04299162560313307,8.546300000000004,2.6456600707573785,0.3741528353494047,-86.66581999999997,2.265816150442196,0.32043479297993505,0.8247496319999996,0.051777737512992486,0.007322477861986814,-65.35135036799998,0.17668082974366178,0.02498644256348182
LEU  40,11.144300000000001,0.03256332292589738,0.0046051492917738805,-3.1725799999999986,0.05811749822567233,0.00821905542019401,-19.04512,0.20137245491855532,0.02847836568341856,-11.481300000000006,0.14945544486519174,0.02113619170988585,0.9201612959999999,0.005422596183886625,0.0007668709066525054,-21.634538703999993,0.041586351750970765,0.005881198265584096
TYR  41,9.40048,0.40292635753940764,0.056982391946982104,-7.729959999999998,0.19210434248088568,0.027167656652723443,-34.12899999999999,2.514427974709239,0.35559381434441195,0.19669999999999999,1.41509334321097,0.20012441979928386,0.17009265600000004,0.005831601673506926,0.0008247130177031132,-32.09168734400001,0.5109618788843595,0.07226092189739
ALA  42,10.569299999999998,0.019783073573918897,0.002797749095366088,-4.073980000000001,0.016908565876230106,0.0023912323182443533,7.1638199999999985,0.08245233532181652,0.011660521086144711,-1.926860000000001,0.05701263368759207,0.00806280397876019,0.10798732799999998,0.0019796106695049664,0.0002799592257032406,11.840267328,0.029585544624771604,0.004184027845854642
PRO  43,19.457400000000003,0.036506985629342625,0.005162867419837602,-6.39142,0.03195439875836205,0.004519034410155359,1.6956600000000006,0.07861389444619139,0.01111768357167708,-9.233740000000003,0.06108283228491684,0.008638416984549055,0.14356267199999997,0.0058915279835045735,0.0008331878777372779,5.671462672000002,0.023427945628044705,0.0033132118445720277
LEU  44,11.834220000000007,0.04970122332311213,0.007028814409007916,-8.09644,0.032739676236043735,0.0046300894160717174,-36.76474000000001,0.2735033316041915,0.03867921209088736,3.0288000000000004,0.20031415326930516,0.02832869922887342,0.05696668799999996,0.0031575607872311126,0.0004465465289319706,-29.941193312000006,0.07137033990525583,0.01009329026451905
GLN  45,20.141019999999997,0.029948282092026966,0.004235326670431982,-8.172220000000001,0.04922815860829336,0.00696191295545023,-81.58918000000003,0.23903436488312768,0.03380456406909582,1.3899199999999998,0.1897810148566007,0.026839088509113453,0.00070848,0.00046126326712626886,6.523247681944932e-05,-68.22975152,0.07936898904240743,0.011224470073561414
HIE  46,29.772159999999996,0.10852563936812985,0.015347843105962072,-10.17604,0.12858195207723902,0.018184234050403876,-12.050719999999998,0.5687636781652164,0.08043533074464553,-12.376479999999999,0.33063927413419986,0.04675945457337811,0.30663215999999993,0.012356411269301013,0.0017474604399305242,-4.52444784,0.05305615829535219,0.007503273862870086
VAL  47,11.479020000000006,0.024874476876353444,0.003517782255547498,-7.56522,0.10583615450289174,0.014967492508740382,-34.72248,0.22283637405081919,0.03151382223727125,2.307619999999999,0.15128686525936383,0.021395193665870334,0.001330704000000001,0.0008457222979110795,0.00011960319437071877,-28.499729295999995,0.1716725045981766,0.024278158428929886
SER  48,12.524700000000001,0.12533351507059787,0.01772483568327322,-5.371020000000001,0.025266966576821644,0.0035732886812968865,-14.331739999999995,0.19879102696093287,0.028113296640622686,-3.5184400000000005,0.21895544386928503,0.030964975827536382,0.16075339199999994,0.0074745439880135114,0.0010570601480402988,-10.535746608,0.17381774153366392,0.02458154074579687
ALA  49,6.838719999999998,0.10787623278558364,0.01525600314630895,-3.4324800000000004,0.04486925004940024,0.006345470195337148,-0.6182600000000001,0.7553191592962538,0.10681825989970063,-3.37596,0.15919584919211666,0.02251369290009933,0.2840614560000001,0.012193507573656726,0.0017244223783564393,-0.30391854400000007,0.748933648917385,0.10591521236165359
VAL  50,10.91816,0.02650008301921008,0.003747677680977985,-5.7902999999999984,0.053585165857935595,0.007578086829830424,-26.18554,0.15957696700890403,0.0225675910986356,-0.63332,0.2043172474364313,0.02889482223513406,0.14674953599999999,0.004599441521130386,0.0006504592578524531,-21.544250463999994,0.035968079829833986,0.005086654630786939
LEU  51,14.63298,0.011720904400976872,0.001657586196713999,-2.5923200000000004,0.06356207674391053,0.008989035098383776,-22.55668,0.035977459607049914,0.005087981131602019,-1.8963199999999998,0.03756937050313058,0.005313111329534697,0.6058152,0.011164960487238909,0.0015789638544412984,-11.8065248,0.07139117709275468,0.01009623708783531
PRO  52,18.1379,0.007715568682926043,0.0010911461872815129,-2.1479600000000003,0.005912562895743365,0.0008361626635544206,-6.897739999999998,0.026521545958194132,0.003750712998917948,-3.6814000000000004,0.029093641917033387,0.004114462297789499,0.9264934080000002,0.0021443223491288935,0.0003032529748237816,6.337293408000001,0.013649623347528868,0.001930348245935977
GLY  53,5.26334,0.007870476477830212,0.0011130534577285915,-1.2146000000000006,0.006977105416935016,0.0009867117106736288,-19.932399999999994,0.06164251779617464,0.008717568468617504,2.8965800000000006,0.04676070572607377,0.006612962422395076,0.31245552000000004,0.004183647590508868,0.0005916571162687161,-12.67462448,0.01112461695076148,0.0015732584167972511
GLY  54,4.34704,0.0056460959964843935,0.0007984785532688664,-2.1984399999999993,0.009482953126639899,0.001341092092304249,-10.05138,0.04639865946355205,0.006561761348928607,-3.1516200000000008,0.040711123786936,0.0057574223398934804,0.07207300800000001,0.002706577591855509,0.00038276787380171724,-10.982326992,0.011747710613253453,0.0016613771676097383
ALA  55,9.5654,0.015462212002170263,0.0021866869917757234,-4.507179999999999,0.02519261002775675,0.003562773077283003,-4.65466,0.05207556432725361,0.007364596933983459,-1.9301399999999997,0.046831617524923326,0.006622990865161609,0.12605097599999998,0.0030659219331590514,0.0004335868379050668,-1.4005290240000001,0.03947883951510502,0.005583151026901239
ALA  56,9.412239999999999,0.01106084987777783,0.0015642403908526197,-6.084240000000001,0.030999716127540544,0.00438402189772838,-6.896639999999999,0.11745173647084015,0.01661018386413328,-1.1632799999999999,0.059586589095202,0.008426816243398744,0.0,0.0,0.0,-4.73192,0.09390140361038607,0.013279663851167788
ASP  57,17.023440000000004,0.008679078279449163,0.0012274070211694753,-5.27406,0.011498539037979302,0.001626138985498681,-39.84258000000001,0.833610390769869,0.11789031203618842,-37.780020000000015,0.8128717608570474,0.11495742686741356,0.4662580320000002,0.0016328834330729544,0.0002309245896826112,-65.406961968,0.023926261085386754,0.0033836842923833555
ARG  58,13.670499999999997,0.022273077920881772,0.003149888887150374,-3.18312,0.010769661090341326,0.0015230600776122518,-162.71504000000002,0.6262756568759626,0.08856875277381053,-48.544039999999995,0.6151080867624458,0.08698941986248172,1.5833139840000001,0.0041673714542605315,0.0005893553230061732,-199.188386016,0.020487103621564796,0.0028973139795359887
ALA  59,7.542659999999999,0.015016803921396734,0.0021236967769136736,-3.449579999999999,0.009512286791359842,0.001345240498952354,-8.841500000000002,0.02711033013361706,0.003833979655537325,-3.4012999999999995,0.02573654988540871,0.003639697789663672,0.2576450880000001,0.0013394639430074416,0.00018942880745108663,-7.892074911999998,0.023459444886599023,0.0033176665124372492
GLY  60,6.419279999999999,0.026493048145175793,0.0037466827995510975,-2.1312,0.013292102918585298,0.0018797872219922327,-14.955319999999999,0.06520473602437349,0.00922134220166265,1.5173,0.04525317668407706,0.00639976562070877,0.23751043200000002,0.0028294824378634243,0.0004001492438122943,-8.912429568000002,0.019468784424611568,0.0027533018976203753
VAL  61,10.992680000000002,0.017961558952142877,0.0025401480271484336,-5.473839999999999,0.026544573833661062,0.003753969632297745,-20.274820000000002,0.025350889529714718,0.0035851571791144644,-2.2399400000000007,0.026119272577900376,0.0036938229518986383,0.028505519999999982,0.0018320174689125588,0.00025908639510405706,-16.96741448,0.020721785560728682,0.002930503017656947
ARG  62,11.179299999999998,0.019663417811363486,0.0027808272151438923,-4.921840000000001,0.031307737062713226,0.004427582636129985,-137.47532000000004,0.5277149397046067,0.07463016247971549,-61.45188000000002,0.5376229399839887,0.07603136531682533,1.3157893439999997,0.00414034789958438,0.0005855336152535188,-191.35395065600002,0.03360099134415568,0.004751897766808594
LYS  63,8.949779999999999,0.010594885558652603,0.0014983430848837357,-3.4627600000000003,0.038162578529150414,0.005397003613105279,45.65052,0.9312571984149829,0.1316996560056041,-84.50990000000002,0.9545353476937776,0.1349916834473058,1.1670606719999999,0.006494198135046761,0.000918418307932119,-32.205299327999995,0.027082120256199327,0.003829990176413621
GLY  64,6.33736,0.00792908569765439,0.0011213420530841371,-2.93752,0.016639999999901484,0.0023532513677748976,-14.82914,0.11856475192909628,0.016767588019752953,-3.45714,0.08954820154534206,0.012664028111154208,0.15773068800000004,0.003835948091442099,0.0005424849815476606,-14.728709312000001,0.0202030152007599,0.0028571378097744446
ASP  65,14.831139999999998,0.026411368764208718,0.00373513159071811,-6.666719999999999,0.015376657634516339,0.00217458777707008,-73.35954000000001,0.6189608456110764,0.08753428224411036,0.7054199999999998,0.5638206839057968,0.07973628579260515,0.009249839999999992,0.001307663714568905,0.00018493157601665253,-64.48045015999998,0.06516081156327422,0.009215130344802
ARG  66,13.832339999999997,0.04623401778007833,0.006538477498758559,-9.01058,0.047293166525707364,0.006688263750822462,-157.24943999999996,0.825706973699992,0.11677260007525732,-46.76928,0.7182705072597287,0.10157878928193109,0.62202744,0.00557458915465875,0.000788365958717637,-198.57493255999995,0.13262192525274086,0.0187555725360457
ILE  67,13.1053,0.020334453521048537,0.0028757259952912175,-8.536140000000003,0.0334406997524889,0.004729229112521641,-12.54966,0.06055530034636208,0.008563812702340143,-0.8461399999999999,0.04762268787038742,0.006734865106296257,0.0,0.0,0.0,-8.826639999999998,0.026467157006535947,0.003743021239610122
LEU  68,13.26628,0.022066300099277066,0.00312064608717924,-7.528440000000002,0.03404242059526228,0.0048143252901829085,-33.878299999999996,0.05498408861022145,0.00777592438272992,-1.9146400000000003,0.04741044610629866,0.0067048495881686255,0.12974299199999997,0.0037804199108486453,0.0005346321109387441,-29.925357008000002,0.027339644413554638,0.003866409592010679
GLU  69,15.408720000000002,0.016916311650585197,0.002392327736158758,-6.201959999999999,0.015643477874559546,0.0022123218572885545,-5.57388,0.37388210120304805,0.05287491382499006,-75.29936,0.3640022395528419,0.05147769039098092,0.39047227199999973,0.0018425793511734575,0.0002605800708178121,-71.27600772799998,0.03332324548218269,0.004712618570319072
VAL  70,10.949280000000002,0.013133225041446697,0.001857318497131187,-6.743960000000002,0.02601534931509602,0.00367912598312824,-26.366120000000006,0.03226492832060682,0.004562949921999793,-1.8672,0.028646814831665073,0.004051271405373148,0.0,0.0,0.0,-24.028,0.025852659441354574,0.003656118160537648
ASN  71,18.55364,0.03847792093884944,0.005441599764364057,-4.020379999999999,0.01110115309375243,0.0015699401263164728,-90.02160000000002,0.09188993414974622,0.012995199112014171,-8.16466,0.06828663412425809,0.009657188410733519,0.341529984,0.0026964945077236134,0.00038134191036872967,-83.31147001600002,0.03070825724863242,0.004342803387785787
GLY  72,6.107760000000002,0.007303588157870301,0.0010328833426847708,-1.2795200000000002,0.008287918918505853,0.0011720887338399532,-5.238380000000001,0.022028971832304272,0.003115367073037959,-6.443380000000002,0.02084695661168823,0.002948204877445296,0.49984776,0.002372827809667365,0.00033556852696076323,-6.353672239999998,0.009930316320813896,0.0014043588019549906
VAL  73,10.695500000000004,0.008681589709078877,0.001227762190953804,-2.4166200000000004,0.013588068295290714,0.0019216430469651989,-30.310619999999993,0.038729776661942036,0.005477217542299941,-0.19037999999999994,0.030299762375306283,0.004285033488784017,0.521300736,0.0022956669686582387,0.0003246563361768412,-21.700819264000003,0.005765790767244819,0.0008154059500843195
ASN  74,20.43642000000001,0.008042611501245956,0.0011373970261959868,-4.410059999999999,0.0209211949946915,0.002958703770254483,-92.00844000000001,0.09384607822663374,0.013271839660363185,-5.7755800000000015,0.09056866787130449,0.01280834384296632,0.59223816,0.0030240758561726217,0.00042766890894443504,-81.16542184,0.017741158451572557,0.0025089786894423967
VAL  75,13.451299999999998,0.03528073128569043,0.004989448867466417,-6.3619,0.018622835444973944,0.0026336666456124543,-34.24996000000001,0.03182575056497451,0.004500840808169014,1.7930600000000003,0.04321129944818168,0.006111000572738357,0.021936096000000006,0.0011081709342802587,0.00015671903646868058,-25.345563904000002,0.05197262412838748,0.007350038991448473
GLU  76,15.314359999999997,0.014234830525235312,0.0020131090386870305,-6.044920000000001,0.0380871841960898,0.00538634124427124,6.6695,0.44226680861218526,0.06254597189268184,-86.14622000000001,0.4346700491192442,0.061471627862181445,0.4947562079999999,0.0023137972740657846,0.00032722034855657296,-69.71252379200001,0.06858909520760255,0.009699962867349098
GLY  77,6.130699999999999,0.020414945505708937,0.002887109280928124,-3.70246,0.03186484583360104,0.00450636971408064,-12.511219999999998,0.07456575353327845,0.010545189993533191,-2.4508599999999996,0.07868951899713335,0.011128378498236129,0.041963183999999994,0.003992649308284477,0.0005646458801575464,-12.491876816000003,0.028675829640178566,0.004055374718944091
ALA  78,7.110859999999999,0.021562012893352828,0.0030493291065843108,-4.37204,0.040209929122095305,0.005686542710652806,-12.94568,0.11807682922582956,0.016698585329318,3.051,0.11714537976376534,0.016566858483126366,0.07378905600000005,0.001167083568583529,0.0001650505411113617,-7.082070944,0.053474076377046015,0.007562376404779321
THR  79,15.355060000000003,0.17386068100610277,0.02458761330422529,-6.726500000000001,0.06464773777916714,0.009142570754403768,-32.500820000000004,0.16631195867905685,0.023520062754875597,-4.623599999999999,0.07590731190079615,0.010734914997339055,0.10306900799999999,0.002867372319866447,0.0004055076823128334,-28.392790992000002,0.08522291629404458,0.012052340404802487
HIE  80,30.668460000000003,0.031252654285762176,0.00441979275510825,-12.920039999999997,0.11247914651217951,0.015906953448167466,-9.71642,0.24513392992401464,0.03466717282963574,-3.1127400000000005,0.20312644436408714,0.028726417249631597,0.012557664,0.002097310264291876,0.00029660446202658714,4.931817664,0.05601671612166748,0.007921959965886575
LYS  81,11.5538,0.01850729585799519,0.00261732688052282,-3.5153000000000003,0.025785461019650614,0.0036466148686032673,-12.0239,0.42027168593663894,0.05943539181330007,-29.59437999999999,0.40446433167925583,0.057199894335697346,1.086454656,0.005611868493855459,0.0007936380534264664,-32.493325344,0.05827435288112266,0.00824123801829993
GLN  82,20.6792,0.05087278250506138,0.007194497897431451,-6.15776,0.1162362353141394,0.016438286042044642,-80.34548,0.8017333282347592,0.11338221461961166,-7.626859999999999,0.3581663864742823,0.050652376133809345,0.535851504,0.01233180635840403,0.0017439807800613747,-72.91504849600001,0.4108672453158248,0.05810540306605129
VAL  83,13.541700000000002,0.03982072324717129,0.005631500687965523,-7.5793399999999975,0.028157137639648725,0.003982020592759718,-26.576200000000004,0.040467270724219025,0.005722936309041424,-1.8541399999999997,0.04013876430585109,0.0056764784858231694,0.0,0.0,0.0,-22.46798,0.03883528807626251,0.005492139109611658
VAL  84,12.937300000000004,0.01400035713410778,0.001979949493712214,-6.620320000000001,0.05033505339197144,0.007118451516969986,-33.2256,0.08606160583856638,0.012170949017650812,-0.5725000000000001,0.0610869053071105,0.008638992996871667,0.03335342400000002,0.0018981221628290616,0.0002684350105713811,-27.447766575999996,0.03998379644098085,0.00565456272020002
ASP  85,14.472739999999998,0.03167826384294988,0.0044799830359132965,-4.31532,0.04630180989983147,0.00654806475227625,-46.11078000000001,0.4381875073510658,0.061969071575833756,-35.418980000000005,0.49397609213380017,0.06985876889836817,0.5236560000000001,0.0029982397651751556,0.0004240151339157029,-70.84868400000002,0.035167329156117776,0.004973411384502053
LEU  86,12.629899999999997,0.01355765466794547,0.0019173419105379384,-6.241260000000003,0.05588087687173301,0.007902749394930584,-31.76075999999999,0.08254491141513169,0.011673613322816495,-1.3512400000000004,0.05851207054957621,0.008274856373374204,0.32565340800000003,0.006069716626921774,0.0008583875573554248,-26.397706591999995,0.051604334491937624,0.007297954971573589
ILE  87,14.73944,0.05669256035888924,0.008017538774519646,-7.716480000000002,0.033137435024015054,0.00468634100332193,-9.04704,0.23693821641933555,0.03350812391047159,-0.8833399999999999,0.1831407775455822,0.02590001714285163,0.0,0.0,0.0,-2.90742,0.0752821599052551,0.010646505154275178
ARG  88,13.117159999999997,0.08905691663246273,0.012594549932475886,-4.0917,0.07828032958539997,0.011070510376670848,-188.39612,0.7958611597541773,0.11255176458903379,-24.774219999999996,0.8335020885398039,0.1178749957879291,0.956304144,0.011628507643753037,0.0016445193219954747,-203.188575856,0.1727982316881649,0.024437360280749113
ALA  89,8.749919999999998,0.05587551878988904,0.00790199164772938,-1.5038799999999994,0.05319798492425782,0.007523331177080485,-7.447740000000005,0.14382737013488436,0.02034026174852085,-5.2989999999999995,0.07319781417507408,0.010351734154245534,0.3950740800000001,0.002964248306998366,0.0004192080157998575,-5.10562592,0.08441460271793605,0.011938027602604189
GLY  90,7.7297199999999995,0.07366981471400671,0.010418485110606128,-0.74842,0.06072168969980997,0.008587343710368192,-15.888619999999998,0.7385373081978036,0.10444494775718523,-0.01676000000000003,0.6211807002797173,0.08784821710199928,0.48243340799999984,0.012143360576117783,0.001717330521953253,-8.441646591999998,0.16223446595412347,0.022943418203667756
GLU  91,15.632320000000002,0.17349126087499786,0.024535369408263067,-1.15548,0.19964300538711535,0.02823378458513834,-0.04542000000000006,3.6615570081046123,0.5178223580263795,-74.82856000000001,2.731920336759123,0.38635187915676245,0.9558357119999996,0.0051119697721201994,0.0007229416982173686,-59.441304288,0.6463560315816274,0.09140854659843899
LYS  92,10.68924,0.06931826887639848,0.009803083596522754,-3.2518200000000004,0.1479669814519466,0.020925691195275105,13.654280000000004,0.8203705026387893,0.11601790910026087,-56.220879999999994,0.853390593808206,0.1206876551765194,1.2414599999999996,0.026117495399695136,0.0036935716209465777,-33.88772000000001,0.10467151710714316,0.014802787908708929
GLU  93,15.240680000000006,0.035129725301156225,0.004968093396333639,-4.36078,0.030094710498629433,0.004256034774285372,-27.7377,0.9433000000001941,0.1334027653386815,-55.337199999999996,0.891807871685788,0.12612067871691263,0.537468624,0.0060439222407536256,0.0008547396802802164,-71.657531376,0.057487409725465274,0.008129947449945196
LEU  94,12.959679999999999,0.02593795674273013,0.0036681810205815616,-8.307339999999998,0.03516282696285364,0.004972774678224596,-32.58341999999998,0.04040103466201985,0.005713569115293398,0.44976000000000005,0.03962199389228111,0.005603396113072788,0.0,0.0,0.0,-27.481320000000004,0.07383452850749743,0.010441779158672577
ILE  95,13.005360000000003,0.053487104987088196,0.0075642189284813735,-5.091859999999999,0.031319010201647096,0.004429176898727064,-12.345740000000003,0.032191806409240124,0.0045526089221236505,-1.07854,0.016291359673138273,0.0023039461799250257,0.38239041600000007,0.003923933756789856,0.0005549280336705824,-5.1283895840000016,0.05824910547870474,0.008237667496408519
LEU  96,11.599380000000002,0.01653467870797181,0.002338356687829538,-8.180659999999996,0.01797844264842834,0.0025425357423754223,-34.962819999999994,0.03179225693043214,0.004496104092946715,0.5810000000000001,0.027738060494559902,0.003922754134533198,2.7215999999999998e-05,0.000190512,2.6942465419482306e-05,-30.963072784000005,0.01858451295645998,0.002628247027312421
THR  97,16.22474,0.014036823003229748,0.001985106546379815,-5.33558,0.012025123700094256,0.001700609302588743,-44.790959999999984,0.05095996861677756,0.007206827875595412,2.16726,0.05419623972194926,0.00766450572444041,0.135435312,0.002060058891646404,0.00029133632238536304,-31.599104688000008,0.022755486617750183,0.0032181117793221776
VAL  98,11.89646,0.007697298228651791,0.0010885623548589764,-6.6824,0.01452170788918012,0.0020536796245698894,-27.15616,0.02355704566332331,0.003331469346651413,-1.3013599999999996,0.029176538519854404,0.004126185647787913,0.0,0.0,0.0,-23.243460000000006,0.011275123053324756,0.0015945431939437412
LEU  99,11.58204,0.013495125046973803,0.0019084988867351205,-8.597660000000001,0.025571554508242975,0.0036163639196520074,-33.784639999999996,0.11425213520956788,0.016157691914345552,0.20168000000000003,0.08479515080474823,0.01199184522915468,0.00036388799999999993,0.0004648060587556923,6.573350321654858e-05,-30.598216111999996,0.04612294139574156,0.006522768925839716
SER 100,11.981360000000002,0.010055366726774784,0.0014220435999640056,-4.904039999999998,0.008564951839878017,0.0012112671053027884,-0.18489999999999995,0.139206070269942,0.019686711254041405,-10.821559999999998,0.11833396131299231,0.016734949297816687,0.26530027199999995,0.0015521976419490223,0.00021951389567278446,-3.6638397279999997,0.03404215647815026,0.004814287938382721
VAL 101,7.8885000000000005,0.005800862004200801,0.0008203657719795546,-2.1181600000000005,0.007656004179458246,0.001082722494417495,-64.29168,0.443531890171951,0.06272488144261472,-46.35638,0.43289845876326427,0.061221087151341835,1.0146437280000002,0.0030580463330241127,0.00043247305985280105,-103.86307627200003,0.01429092530008676,0.002021042037824349
THR 102,8.766019999999997,0.4770214037126737,0.06746101386727146,-1.4632999999999998,0.5248565994631303,0.07422593212617823,-64.40123999999999,1.9212418229890713,0.27170462426695535,-82.06256000000002,0.9007305292909635,0.12738253305667768,1.0587587039999997,0.07710139786867246,0.010903784254380064,-138.102321296,1.1632236299636425,0.16450466335674457
ASN 103,18.617360000000005,0.5771918142176402,0.08162724917573186,-3.465480000000001,0.2723507473828454,0.03851621206712687,-78.45522,0.7444226296928577,0.10527725790490836,-17.157180000000004,1.0881118451702796,0.15388225288186227,0.8175594240000001,0.030628213935373887,0.004331483553867038,-79.642960576,0.3659225084883522,0.05174925742818117
ASP 104,14.781919999999996,0.11355313117674477,0.016058837816008358,-4.0001,0.07818957731048796,0.01105767606687117,-53.862919999999974,1.0517783386261186,0.14874391910952986,-28.423700000000007,1.0083906633838118,0.1426079752327789,0.4633731360000001,0.008182113692429747,0.001157125615271275,-71.04142686400002,0.1070781797408354,0.01514314140237134
SER 105,10.50704,0.06301649307930059,0.008911877916593716,-4.2877800000000015,0.0604576843750659,0.008550007719289016,-5.568760000000002,0.20950308446410984,0.029628210340814018,-8.551600000000002,0.13808128041112128,0.01952764194672501,0.397701792,0.007736404892915626,0.0010940928723570849,-7.503398208,0.05590072127480188,0.007905555817326304
LEU 106,12.081239999999998,0.048663152385389825,0.006882009009124692,-4.58714,0.04095363720106044,0.0057917189158246994,-29.150179999999995,0.37046504234591177,0.052391668727071135,-1.4294000000000002,0.21804660052383215,0.03083644596901518,0.554041584,0.009651848039899184,0.0013649774399989599,-22.531438415999997,0.0987925795360913,0.0139713805841763
LEU 107,13.114780000000001,0.04362948085797101,0.006170140354863994,-3.7457600000000006,0.07874606275868176,0.011136374993681064,-28.536219999999993,0.2519604167344435,0.035632583852702696,-0.67622,0.16812582074149043,0.023776581587772357,0.636990192,0.013139252599810051,0.0018581709226097322,-19.206429808,0.1346006868041153,0.019035411678311312
ALA 108,5.5139,0.03514441634173636,0.004970171023217019,-6.293660000000001,0.06914090251068804,0.009778000204533099,-42.92002,0.9839244176257514,0.13914792557563868,-28.925179999999997,1.0526123634082885,0.14886186802535986,0.07269336000000004,0.005210352469612022,0.000736855112726947,-72.55226664,0.13906842315815743,0.019667245012810683


