#Frame       SA_00001
       1    7131.5376
       2    7115.3379
       3    7376.7495
       4    7192.9731
       5    7203.3721
       6    7130.3541
       7    7077.5980
       8    7208.3796
       9    7227.7508
      10    7158.6651
      11    7244.0262
      12    7265.1181
      13    7234.8681
      14    7161.4171
      15    7208.9880
      16    7317.3598
      17    7259.3772
      18    7149.1455
      19    7289.6366
      20    7117.0314
      21    7022.9489
      22    7185.5802
      23    7290.9771
      24    7155.8180
      25    7199.4656
      26    7181.3349
      27    7116.2044
      28    6975.2333
      29    7279.9824
      30    7347.3819
      31    7365.8700
      32    7323.8482
      33    7227.3692
      34    7337.6087
      35    7088.3733
      36    7254.8523
      37    7288.4073
      38    7238.6837
      39    7098.0713
      40    7217.2088
      41    7087.7435
      42    7286.2795
      43    7342.0786
      44    7219.8149
      45    7192.0399
      46    7021.2500
      47    7295.1974
      48    7242.8818
      49    7194.9971
      50    7283.1536
