| Run on Mon Jun 20 15:46:47 2016
| GB non-polar solvation energies calculated with gbsa=2
idecomp = 2: Per-residue decomp adding 1-4 interactions to EEL and VDW.
Energy Decomposition Analysis (All units kcal/mol): Generalized Born Solvent

Total Energy Decomposition:
Residue,Internal,,,van der Waals,,,Electrostatic,,,Polar Solvation,,,Non-Polar Solv.,,,TOTAL,,
,Avg.,Std. Dev.,Std. Err. of Mean,Avg.,Std. Dev.,Std. Err. of Mean,Avg.,Std. Dev.,Std. Err. of Mean,Avg.,Std. Dev.,Std. Err. of Mean,Avg.,Std. Dev.,Std. Err. of Mean,Avg.,Std. Dev.,Std. Err. of Mean
PHE   1,4.552359999999999,0.009854460919267493,0.0013936312281903726,0.5335400000000001,0.00545970695183236,0.0007721191617863994,-43.46975999999999,0.5040912044477276,0.0712892618002965,-50.455380000000005,0.4910428042429453,0.069443939346609,1.792340784,0.007348194184461706,0.0010391915874616848,-87.04689921600001,0.02503699438576119,0.0035407657021402513
LEU   2,11.666599999999999,0.021872356984294027,0.00309321838882545,-0.28614,0.009117038993004783,0.0012893440192591709,-17.79158,0.03205376108946367,0.004533086365778652,-9.761980000000001,0.02608178674757537,0.003688521654934394,1.087010352,0.003755049157281372,0.0005310441445604977,-15.086089648000002,0.02611297701452333,0.0036929326247875783
GLY   3,5.791819999999998,0.0051949590980374,0.0007346781612417992,-0.7498599999999999,0.014550615107282628,0.002057767722558994,-10.662379999999999,0.04920686537498044,0.006958901637516439,-7.431940000000002,0.047104314027288936,0.006661555974367323,0.33787094399999995,0.00484781474878543,0.0006855845365604673,-12.714489055999998,0.01146661256132049,0.0016216238998697128
GLU   4,15.235700000000001,0.01081341758935224,0.0015292481810465716,-1.13562,0.02259724761999367,0.003195733405649819,-3.8335399999999997,0.5162250365877267,0.07300524479789103,-80.43126000000001,0.511715499470386,0.07236749994275421,1.1282837759999997,0.003914663198390522,0.0005536169787286715,-69.03643622399997,0.020153662811850416,0.0028501583280013142
GLU   5,15.181219999999998,0.00877562534265903,0.001241060837789344,-2.2490799999999993,0.009484387170729587,0.001341294896764317,9.633899999999999,0.44461170699838704,0.06287759060269717,-90.24246000000001,0.4406845225297271,0.062322202848945185,0.8905711679999997,0.002958350649596486,0.00041837396109146064,-66.78584883199999,0.010862619440233309,0.0015362063735275583
ASP   6,12.68302,0.01582212374858715,0.002237586199079738,-2.86196,0.007432254032129365,0.001051079445123947,19.115940000000002,0.6735051123784472,0.09524800642532155,-96.43781999999997,0.6697695033408255,0.09471971152884874,0.806359536,0.006740414796655506,0.0009532386021450503,-66.69446046399999,0.01577361947460991,0.0022307266588705707
ILE   7,14.300080000000001,0.010569465455081877,0.0014947481393610706,-3.2362799999999994,0.05168792508900241,0.007309776467179178,1.4539200000000003,0.05719784611328628,0.008088996971193868,-5.818259999999999,0.06326636072992924,0.00894721453862545,0.22692513600000003,0.007488522658835303,0.0010590370306263115,6.926385135999999,0.03872391527881897,0.00547638861754925
PRO   8,18.468420000000002,0.00704865945283656,0.000996830979475078,-2.8737800000000004,0.01817722751122727,0.0025706481672718943,3.198099999999999,0.06817396863911945,0.009641255105024078,-5.037119999999999,0.07918652410608397,0.011198665634800797,0.668309616,0.007176267745260118,0.001014877517256745,14.423929615999999,0.028051162950990843,0.003967033508562894
ARG   9,12.351160000000004,0.03186619525326542,0.00450656055083971,-2.35756,0.04808831874789613,0.006800715256499508,-225.49088000000006,1.4055874307835963,0.1987800807715316,9.951319999999999,1.3842302617700553,0.19575972096424715,0.9221559840000001,0.006790973021023519,0.000960388614804125,-204.623804016,0.041077915465798406,0.005809294516574762
GLU  10,16.502899999999997,0.008532877602342582,0.0012067311231302497,-0.9693,0.01661475248083847,0.002349680829387379,2.0318600000000004,0.5754709726823751,0.08138388543194518,-78.98772,0.5710548148830041,0.08075934640660015,1.0155132,0.0032590764011894216,0.0004609030047372178,-60.4067468,0.017671136495266596,0.002499076089415218
PRO  11,18.2377,0.013037254312229248,0.001843746186446172,-4.65096,0.020260266532920575,0.002865234370815,3.073220000000002,0.05484643652955773,0.007756457438793569,-7.0773199999999985,0.059291969102199804,0.008385150684413747,0.560264976,0.002743555664488279,0.0003879973629844853,10.142904975999997,0.021171621583875866,0.0029941194381348196
ARG  12,11.897500000000003,0.018222239158248613,0.002577013775440128,-4.14426,0.021944302221764543,0.003103392981883346,-197.31946,0.6184182147947264,0.08745754265812598,-3.8615000000000004,0.5693851508425511,0.08052322025353863,0.9354962880000002,0.007973082860314801,0.001127564191498166,-192.49222371200003,0.10595061390836501,0.014983679513096527
ARG  13,11.985280000000003,0.023047811175541874,0.0032594527147465505,-4.641339999999999,0.03361881021112013,0.004754417735141318,-151.71605999999997,0.4757782008532718,0.06728519843281675,-54.10347999999997,0.47258210884826946,0.06683320276681008,1.367636256,0.005344576293303875,0.0007558372279128064,-197.10796374400005,0.025551232266347427,0.0036134899206413562
ILE  14,13.480539999999998,0.04025529033582684,0.0056929577550192895,-5.853619999999999,0.03002724762638083,0.004246494083396309,-18.44686,0.029537779199901925,0.004177272794688321,2.1551999999999993,0.038149705110288784,0.005395183036750456,0.011022624000000002,0.0009963664166479994,0.00014090748995166825,-8.653717376000001,0.07009879067092105,0.009913466047276914
VAL  15,10.983140000000002,0.03324455444115225,0.004701489976572822,-3.022599999999999,0.05941548619684312,0.008402618639456697,-23.881340000000012,0.054139305495087615,0.007656454008861314,-4.6311,0.06398476381130444,0.009048812076718595,0.525261024,0.0069840367926507566,0.000987691955227939,-20.026638975999997,0.03299067658241021,0.004665586225470898
ILE  16,13.738920000000002,0.17695692583229677,0.025025488446788396,-5.6043400000000005,0.09691328288732838,0.013705607903336017,-13.87552,0.05763514205744102,0.008150839956693306,4.0000000000001216e-05,0.061969011610642936,0.008763741666662703,0.014424191999999995,0.004735655548446931,0.0006697228303341047,-5.726475808000001,0.19130346784901175,0.027054395876107775
HIE  17,29.899579999999986,0.05357689428064251,0.007576917052151414,-4.443019999999999,0.05018146669847119,0.007096731078475178,-7.31936,0.09183262165484243,0.012987093901255534,-13.538939999999993,0.07070457128190848,0.009999136362865021,1.1213773919999999,0.00694367850837947,0.0009819844319308828,5.719637392000001,0.050169217767163994,0.007094998817997257
ARG  18,15.741579999999999,0.08355551208621556,0.01181653384033551,-8.369280000000002,0.10823567618848172,0.01530683611983735,-193.60312000000002,1.4718098741314147,0.20814534852312847,-13.211960000000001,1.416340594066234,0.20030080770680342,0.24575097599999995,0.006872648407203634,0.0009719392586889228,-199.19702902400005,0.17225923514023875,0.02436113465793417
GLY  19,5.751140000000001,0.055872716060504896,0.007901595281938706,-2.8760199999999996,0.02445280352029612,0.0034581486376447333,-12.84498,0.10451133718403562,0.014780135046741071,-2.4125199999999998,0.08479628293740077,0.011992005336889842,0.22198060799999994,0.003102349501643218,0.00043873847404452514,-12.160399391999999,0.060349291781450216,0.008534678691693805
SER  20,11.943860000000003,0.026325660484897505,0.003723010609617152,-1.0537999999999998,0.019844394674581406,0.0028064212085877446,-10.468760000000001,0.12775297413363895,0.01806699886532914,-9.843380000000002,0.11499458943785482,0.016262690798254015,0.9070315199999998,0.007899334041403111,0.001117134533506775,-8.515048479999999,0.03873849611785562,0.00547845065958089
THR  21,13.380360000000001,0.08476597430565298,0.011987719049082374,-1.1863400000000002,0.07344048202455566,0.010386052570634411,-33.14023999999999,0.2195235349583126,0.03104531603981299,-6.1925799999999995,0.22323217420436822,0.03156979683178509,0.6900605279999997,0.0158185624701112,0.0022370825582477306,-26.448739471999996,0.16036251258869233,0.022678684019915487
GLY  22,5.0320399999999985,0.016985829388198533,0.0024021590288945856,-2.4226800000000006,0.044269827196384545,0.0062606990025040315,-5.3063,0.4297223871291717,0.060771922793341614,-2.4419199999999996,0.19666965602247807,0.027813289485423994,0.29437847999999994,0.016101673650748993,0.002277120525379473,-4.84448152,0.2717979015370768,0.03843802785782811
LEU  23,10.744219999999999,0.19874851345357553,0.028107284322753803,-8.023120000000002,0.21533691183809248,0.030453238120096985,-33.13704,0.22139267919300779,0.031309652952486736,0.49400000000000005,0.16529972776747123,0.02337691168653383,5.7456e-05,0.00022741739965095019,3.216167709059961e-05,-29.921882544000006,0.2277866078062636,0.03221389100865791
GLY  24,6.206120000000002,0.17938658143787198,0.025369093637718425,-3.530600000000001,0.055940325347572116,0.007911156679009991,-13.525759999999998,1.0017998714314562,0.14167589649619883,-0.6418200000000001,0.49701725080725323,0.07028885368250076,0.045776736000000005,0.006288064282297322,0.0008892665789098715,-11.446283263999998,0.3466601243419432,0.04902514493783196
PHE  25,9.325180000000001,0.14317928481438896,0.0202486086435389,-9.5597,0.1649641476201379,0.023329453486971633,-5.837059999999999,0.4406047394207412,0.062310919813467563,-2.5485399999999996,0.2758264099030428,0.03900774497455637,0.004008960000000001,0.0018591855558819262,0.00026292854280963817,-8.61611104,0.30051529313719083,0.04249928032551416
ASN  26,17.550039999999996,0.16754509363199693,0.023694454372344013,-7.15968,0.18567697110844683,0.026258689076192283,-85.66329999999999,1.0682416252896922,0.15107217943761606,-9.19366,0.4289142389802693,0.06065763338608317,0.25113873600000003,0.02131934856556173,0.003015011188237679,-84.21546126399998,0.5920937843999926,0.08373470600952808
ILE  27,14.57092,0.28071486173708377,0.03969907646282721,-8.18784,0.32687798090421233,0.04622752738358706,-16.36036,0.393671526021481,0.05567356112196912,0.9702799999999998,0.21990871196930825,0.03109978829509943,0.0,0.0,0.0,-9.006999999999996,0.5226834606146373,0.07391860388293235
ILE  28,13.84854,0.22314839994948044,0.03155794936304109,-7.268819999999996,0.33374299633108007,0.04719838717584475,-15.097539999999999,0.5038494699809184,0.07125507538415105,-0.12472,0.3254414872139076,0.04602437649767783,0.018868176,0.013379033497447568,0.0018920810623534294,-8.623671823999999,0.2861907311277263,0.04047348133863024
GLY  29,5.678539999999999,0.16711543435604553,0.023633691374819025,-4.8079399999999985,0.28685664782259207,0.04056765618075923,-9.067319999999999,1.2494154223475986,0.17669402353220826,-1.0944800000000001,0.7299933216132867,0.10323664558672946,0.006522768,0.005824708403531975,0.0008237381621143457,-9.284677232,0.730744229190467,0.10334283995470317
GLY  30,6.456419999999998,0.2449395100836751,0.034639677712135476,-3.415540000000001,0.17227132204750736,0.024362844004752807,-13.5771,0.7820348649516866,0.1105964312263287,-1.84548,0.6478821263161996,0.0916243689855488,0.043366752,0.028550724406657294,0.0040376821671471285,-12.338333248000001,0.23690007491108922,0.03350272988664645
GLU  31,13.994199999999994,0.6570484609221781,0.09292068445725127,-3.3770400000000014,0.8199220440993125,0.11595448748539186,-16.887639999999998,8.834313919620474,1.249360655938869,-63.34730000000001,8.510918745352852,1.203625671793341,0.5166845280000001,0.11494969545161375,0.016256341829832904,-69.10109547200001,1.1333431511462322,0.1602789255173662
ASP  32,13.251100000000001,1.8073236262495975,0.25559415838395033,-1.1491799999999999,0.7666643513298376,0.10842271234386276,-15.156379999999997,9.992791329533514,1.4131941024190566,-67.11687999999998,9.50174676707408,1.3437499144230873,0.7645695840000001,0.12001654890715534,0.016972903117371294,-69.406770416,1.2725567301467346,0.1799666986662671
GLY  33,5.8161000000000005,0.1704683255035912,0.024107861788221004,-0.91372,0.18590804608730718,0.026291368013095222,-8.605439999999998,0.5483736011151865,0.07755173839444705,-6.064099999999997,0.5834943101693778,0.08251855670090674,0.4802827679999999,0.040868763075646616,0.005779715901899221,-9.286877232,0.1273547000510215,0.01801067440441121
GLU  34,14.447680000000002,0.4379605205950632,0.06193697080095195,-2.8594,0.478864072571748,0.067721606596418,-29.48228,12.999867627079908,1.838458910727135,-54.205079999999995,12.045287323829196,1.7034608696039972,0.33236063999999993,0.1247034745734888,0.01763573450168763,-71.76671936000002,1.6680331510083224,0.23589551046438983
GLY  35,4.7322200000000025,0.08229077469546088,0.011637672963250948,-2.7555600000000005,0.17353986977060556,0.02454224374420511,-6.685600000000002,0.43888048487028003,0.062067073396443,-2.9374400000000005,0.396051065394347,0.056010078807299905,0.014272128000000002,0.009361127957143616,0.0013238634116102448,-7.632107872000002,0.23343193148727492,0.033012260340025135
ILE  36,12.815,0.1742886112172358,0.02464813177505864,-7.446259999999999,0.26458970577102753,0.03741863503656939,-12.015699999999999,0.17146314472791077,0.024248550472135224,-0.8573999999999999,0.12731127208538975,0.01800453276261294,0.0,0.0,0.0,-7.504359999999997,0.2517256252352067,0.035599379320447634
PHE  37,9.091099999999997,0.26246159719102413,0.037117675034965054,-9.37724,0.1491665592550744,0.021095337115105615,-12.222860000000003,0.4660314156791549,0.06590679485453943,1.0392000000000001,0.14576186058087823,0.02061384001102142,0.012766607999999999,0.0041896386137155045,0.0005925043748958479,-11.457033392000003,0.29780422019245856,0.04211587671281184
ILE  38,12.42692,0.05969617743166399,0.00844231437456899,-8.6854,0.10508605996987998,0.014861413122575665,-12.756519999999998,0.48618507751681317,0.06875695304476917,-0.05578,0.12961917913642254,0.018330920107839647,0.0,0.0,0.0,-9.070780000000003,0.45116738756248015,0.06380470383912978
SER  39,11.71446,0.1609779127705713,0.022765714748265498,-5.1673399999999985,0.14769490309423952,0.020887213504925353,-13.91682,0.7037714029428027,0.09952830628520519,-2.1399399999999997,0.43831520210916736,0.06198713034170887,0.08956656,0.01933167086200256,0.00273391111163768,-9.42007344,0.463698669024542,0.06557689465888603
PHE  40,8.485859999999999,0.06238942538610584,0.008823197152969515,-4.4166,0.09893149144740167,0.01399102569507133,-4.8593399999999995,0.12599358872580424,0.017818184194809024,-3.1670200000000004,0.09031577713776918,0.012772579692449909,0.7330292639999998,0.0089134533107241,0.0012605526559605386,-3.2240707359999994,0.1357824399792697,0.019202536815079396
ILE  41,13.41352,0.03590556502911281,0.005077813702884045,-6.783600000000002,0.03474996402821039,0.004914387042067232,-8.172939999999997,0.09735305028623212,0.013767800405317937,-1.8916399999999998,0.10125073036774024,0.014319015608623963,0.30875688,0.0036607052408987456,0.0005177018999529274,-3.12590312,0.08379168601038207,0.011849933876999025
LEU  42,12.76514,0.02090168414272729,0.002955944519108359,-3.909699999999999,0.03583308527057077,0.005067563517131277,-29.738780000000002,0.0604639694356847,0.00855089656108576,-3.3593400000000004,0.04738211054814592,0.006700842335104925,0.6866802719999999,0.007802784112948663,0.0011034803116801318,-23.555999727999996,0.04707452782487545,0.006657343569224849
ALA  43,7.784939999999997,0.014319790503199602,0.0020251241939966322,-1.78418,0.01040132683845768,0.0014709697481622118,-4.1778,0.052441586551048254,0.007416360293285494,-2.3428199999999997,0.050775856467430054,0.007180790485734921,0.6977691359999999,0.005708105670986666,0.0008072480455368118,0.1779091359999999,0.01587786157740097,0.002245468718424312
GLY  44,5.4293,0.015609292104207946,0.002207487259281414,-1.7384,0.01116601988178067,0.0015791136754541846,-12.426799999999997,0.0355004225338523,0.005020517901734935,-0.9343999999999998,0.03133241133395909,0.0044310721050337416,0.35084102399999995,0.003692345005044846,0.0005221764383094975,-9.319458975999998,0.015664997735601167,0.0022153652252230992
GLY  45,5.962680000000001,0.017417738085012655,0.002463240142568728,-1.5434999999999999,0.026722462461378414,0.003779126883288727,-0.04111999999999999,0.24549424759044766,0.03471812944269896,-4.156020000000001,0.1595355120341393,0.02256172847988159,0.04265870399999999,0.0036296803760640303,0.0005133143214909227,0.26469870400000006,0.09026458882259611,0.01276534057149463
PRO  46,19.491280000000003,0.045587735193049025,0.006447079338788317,-5.749979999999999,0.10089866005053393,0.014269225346873747,-12.472799999999998,0.15483035878025583,0.021896319325413,-2.7447000000000004,0.12879895185908427,0.01821492245385563,0.19619308800000002,0.013371171386600616,0.0018909691919745653,-1.2800069120000006,0.14032287552444592,0.019844651367786303
ALA  47,9.349160000000001,0.022495652912581095,0.003181365744341,-5.850599999999999,0.05380297389566846,0.007608889537925993,-5.122040000000001,0.1699515177925668,0.024034774140814032,-3.09346,0.10843195285524677,0.015334593832249003,0.0,0.0,0.0,-4.716940000000001,0.09367740602717871,0.013247985809156725
ASP  48,17.045640000000006,0.03444053425548752,0.0048706270639485615,-5.019460000000001,0.025200960298866606,0.003563953983948308,-3.6983400000000004,0.6640536306654741,0.09391136506302077,-77.98192,0.6412030829618582,0.09067980961601008,0.4920811200000001,0.00475214967034985,0.0006720554514235591,-69.16199888000003,0.032196348070801094,0.004553251210061174
LEU  49,12.224359999999999,0.027151250431654502,0.0038397666595834145,-2.7041000000000004,0.02678152348168628,0.003787479372881425,-27.117920000000005,0.07306896468326764,0.01033351208436378,-6.7804199999999994,0.05907185116454654,0.008354021307138661,1.0388062079999998,0.006814784407267782,0.0009637560533406791,-23.339273792000007,0.03659342989550302,0.005175092485196944
SER  50,11.382380000000003,0.08378994927757664,0.01184968826589026,-2.72894,0.08760808410186455,0.012389654071037957,-11.126340000000003,0.07856248723117086,0.011110413493608494,-7.8898199999999985,0.1001660002198356,0.014165611599955791,0.34403356800000007,0.01336235833073297,0.0018897228376611676,-10.018686431999999,0.10432790091862298,0.01475419324130331
GLY  51,5.930499999999999,0.11113203858475669,0.0157164436180733,-2.0027199999999996,0.04629126915522073,0.006546574065877647,-11.99852,0.05878001020787819,0.00831274876324103,-2.7023200000000003,0.05902827796910562,0.008347859126743814,0.377580384,0.008287905837673469,0.0011720868839308967,-10.395479616,0.032581986270319004,0.004607788687253911
GLU  52,14.36742,0.04771921625519058,0.006748516281390517,-3.606939999999999,0.07081847499066656,0.010015244779838048,-14.371599999999999,0.5296583049477142,0.07490499582806019,-64.64426000000002,0.5500946031364468,0.07779512483438084,0.45610603199999994,0.008469580491087907,0.0011977795598107097,-67.799273968,0.05731926219848709,0.008106167798631991
LEU  53,10.507819999999999,0.09371887536658394,0.013253850459377678,-6.9461200000000005,0.0495962256627317,0.007013965497475171,-20.93468,0.14466546789040247,0.020458786669765666,-3.3314600000000003,0.1323343054540223,0.018714896954030218,0.05138063999999999,0.0030459370026317506,0.0004307605419255875,-20.65305936,0.09267352583910592,0.013106015711459704
ARG  54,11.88808,0.035006193736642204,0.004950623394941949,-7.030019999999999,0.0532137162771962,0.007525555926348479,-171.935,0.6913577077107641,0.09777274466957367,-26.40614,0.6932907618020675,0.09804611980084588,0.9221495039999997,0.005969503012149455,0.0008442152120408802,-192.560930496,0.04027896302478428,0.005696305578797435
LYS  55,9.871860000000003,0.03220311164990144,0.004554207724590563,-6.3552399999999984,0.06678639382395349,0.009445022392782573,-25.963440000000006,1.2362319063993708,0.17482959282683366,-15.1448,1.1955831045979046,0.16908098414664874,0.5949033120000001,0.006107695147866597,0.0008637585312953288,-36.996716688,0.0868896508375855,0.012288052264437617
GLY  56,7.073320000000001,0.0319471062850952,0.004518003098695637,-5.185919999999999,0.08727126445747857,0.012342020580121524,-17.893520000000002,0.139331581487919,0.01970446122071071,-0.7751600000000001,0.11292800538396143,0.015970431678574013,0.0,0.0,0.0,-16.781279999999995,0.07930902596876482,0.01121599001436272
ASP  57,14.366680000000004,0.0482843411443618,0.006828437009660571,-8.51982,0.07756537629637986,0.010969400712891297,-27.68892,1.073621475940205,0.15183300521296575,-45.33366,0.9778518417421869,0.138289133658331,0.061885296000000034,0.0024155023269661117,0.0003416036150739245,-67.113834704,0.13404716867022268,0.018957132393114275
GLN  58,21.11156,0.08565562678522054,0.012113534909322703,-8.603679999999999,0.13554474390405707,0.01916892151375054,-87.71888000000001,0.7819499636146412,0.11058442436409738,2.3008600000000006,0.49045113966632475,0.06936026533974575,0.14695387199999999,0.009700730212000233,0.001371890423073316,-72.76318612799997,0.37350527099607006,0.05282162198604805
ILE  59,13.26674,0.35845768564778424,0.0506935720579968,-8.08428,0.13061332856954552,0.018471514068974453,-6.781479999999999,0.13557967989345393,0.019173862208752536,-2.27658,0.1276340221100906,0.01805017650883176,0.0,0.0,0.0,-3.8756000000000017,0.2872234670078147,0.04061953224742727
LEU  60,12.57404,0.06671940047671007,0.009435548102756533,-7.224039999999999,0.11009140929255071,0.01556927641222926,-30.390639999999994,0.08868884033765365,0.012542496083665181,-2.4347200000000004,0.07701922876786885,0.010892163788703616,0.182985696,0.006011752252811361,0.0008501901569552834,-27.292374303999996,0.10001623701445647,0.014144431884336629
SER  61,10.695619999999998,0.029050913927420177,0.004108419647549105,-5.775699999999997,0.08723926868118703,0.01233749569404451,-11.960459999999998,0.07980882407402791,0.011286672140253863,-3.38702,0.09481655762576277,0.013409086173188381,0.14936097599999998,0.0027498303833215602,0.0003888847422318957,-10.278199023999997,0.052372420874749734,0.007406578789538287
VAL  62,11.073540000000001,0.04034610761862504,0.005705801258322398,-6.33134,0.09137190158899001,0.012921938244696942,-27.28884,0.06799510570774611,0.009615960066688679,-0.8263600000000001,0.059303544582088814,0.008386787704478748,0.007114607999999998,0.0011165888603850674,0.00015790951099512807,-23.365885392,0.06959918243046724,0.0098428107723246
ASN  63,17.74208,0.03957819601648156,0.005597202158076903,-2.8911999999999995,0.026810445725558688,0.003791569595835287,-88.23179999999998,0.06958620557213932,0.009840975567420166,-9.81766,0.04444979639985268,0.006286150491339443,0.5930287200000002,0.0036726361566259197,0.0005193891862362174,-82.60555128,0.08292988798697647,0.011728057231726373
GLY  64,6.294720000000001,0.011720136516924608,0.0016574776015098947,-1.13248,0.01576355289902456,0.002229303030098625,-5.30658,0.02494801795730008,0.003528182534954129,-6.36246,0.036301630817502935,0.005133825863837376,0.525170736,0.005458588322341961,0.00077196096368674,-5.9816292639999995,0.019800094244329904,0.0028001561816596806
VAL  65,11.22538,0.03786707804964094,0.005355213534524275,-1.9924399999999998,0.0822965758704532,0.011638493373286133,-32.277460000000005,0.05681169245856816,0.008034386597627638,-0.015479999999999999,0.048073377247703344,0.006798602209278024,0.558073728,0.020051465799937485,0.002835705487973187,-22.501926272000006,0.07670866944769904,0.010848244068453064
ASP  66,16.71762,0.027308526140215363,0.0038620088035912757,-3.9292399999999996,0.0468057945130495,0.00661933893980028,-55.155059999999985,1.3130766376727507,0.18569707894320664,-25.36288,1.2577127277721003,0.17786743971845645,0.534714192,0.008967245023436052,0.0012681599529265908,-67.194845808,0.05386848418438578,0.007618154091803894
LEU  67,11.966780000000005,0.03819020293036625,0.0054009102933904665,-7.639520000000001,0.13808508101890515,0.01952817943383233,-22.643339999999995,0.20511680672328264,0.029007896993872715,-2.4213399999999994,0.18199841867445699,0.025738463201987385,0.007209791999999997,0.002571070605630279,0.0003636042920301148,-20.730210208000003,0.09274354173405529,0.013115917454281614
ARG  68,12.554139999999997,0.04577947575133526,0.006474195548586855,-4.2541199999999995,0.12378911745386605,0.017506424877745338,-189.07298000000003,1.1706786833268918,0.16555896711419682,-23.590079999999997,1.140607589664459,0.1613062722649164,0.993465072,0.011726001947786176,0.0016583070986972539,-203.36957492800005,0.08250808208757805,0.011668404869364551
ASN  69,17.35534,0.022122034263176903,0.0031285280882267074,-1.25152,0.12031462753962972,0.017015057801841184,-84.27320000000002,0.365708463117168,0.051718986841491975,-17.303400000000003,0.38464456320086693,0.05439695579717411,1.013789376,0.025496660691544024,0.0036057723345206535,-84.458990624,0.0438099818523728,0.006195667050294478
ALA  70,7.564260000000001,0.0709706446355149,0.010036764817390652,-3.7060799999999996,0.07414063393312642,0.010485069003116628,-0.8672999999999996,0.30901017782591006,0.04370063843927238,-5.923440000000002,0.2630850934583391,0.037205850722697636,0.140547744,0.00865225653535885,0.0012236138537435731,-2.792012255999999,0.07102396311413389,0.010044305188949458
SER  71,11.020359999999997,0.08325593312232127,0.011774166976961412,-3.6521,0.18838941053042793,0.026642285937960395,-10.86256,1.192419039767487,0.1686335178071083,-2.3085400000000003,1.0593899793749224,0.14982036766741685,0.455049072,0.022571413097518592,0.0031920798524436504,-5.347790928000002,0.3202706686197747,0.04529311231923846
HIE  72,30.912120000000005,0.6169384941787444,0.0872482785617615,-12.572679999999997,0.5618122618812322,0.07945225202599436,-17.98566,1.236931826900731,0.17492857653339433,-3.677020000000001,1.2388993742834786,0.17520682975272367,0.03271334400000001,0.027344794385858212,0.003867137908078435,-3.2905266559999995,0.990043038883224,0.14001322929217289
GLU  73,16.71354,0.622238996206516,0.08799788274726758,-3.0011400000000004,0.378335037235513,0.05350465407793924,-43.95132,10.924954962726387,1.5450219476602907,-37.536460000000005,10.095213363193455,1.427678765327829,0.6231287520000001,0.0698250616031858,0.00987475491127622,-67.15225124799998,0.7875488902329709,0.11137623215993474
GLN  74,19.55982,0.028939032466421936,0.004092597219596922,-5.1166599999999995,0.14031687140183574,0.019843802256623758,-73.75004,0.7063525454057875,0.09989333495296221,-10.011639999999998,0.6595091435302631,0.09326867752895622,0.7240595039999999,0.0211856925909294,0.0029961093790359552,-68.594460496,0.1511056690877386,0.021369568657534085
ALA  75,9.288300000000001,0.03502984441873001,0.0049539681064787455,-6.029419999999999,0.1590304486569138,0.022490301732088564,-8.19706,0.27460439981905277,0.03883492665114283,0.45564000000000004,0.19230899718941905,0.027196599199164583,0.0,0.0,0.0,-4.48254,0.07364216455270192,0.010414574787294224
ALA  76,9.494959999999997,0.03440113951650098,0.00486505580653247,-5.44652,0.15524345267999362,0.021954739624967277,-5.80568,0.32902002613823184,0.046530458325703766,-0.46098,0.3202799082053072,0.04529441899395554,0.012488976000000002,0.013825323843361638,0.001955196048348215,-2.205731024,0.29976658667839323,0.04239339724268736
ILE  77,14.14866,0.03430837215602997,0.004851936520600105,-3.1940799999999996,0.11477697330040576,0.016231915228956843,-15.284900000000002,0.21359112809291492,0.030206347015156926,0.35262,0.15759300618999558,0.022287016668903887,0.6600464639999999,0.036035987704328976,0.005096258254497213,-3.3176535360000003,0.20924987574529652,0.029592401220388326
ALA  78,9.223920000000003,0.034028717283037184,0.004812387349183093,-5.013599999999999,0.09095867193403427,0.012863498746455626,-4.03948,0.09859274618349309,0.013943119880430413,-1.0893599999999999,0.15826936026913063,0.0223826675800718,0.11253211200000003,0.007381255462226458,0.0010438671582021146,-0.8059878880000001,0.05682853825920881,0.008036768953601142
LEU  79,13.001660000000001,0.07572624644038523,0.010709308474360009,-9.150380000000002,0.21354417716239588,0.03019970715088632,-23.798959999999994,0.20358329597557,0.028791025824126702,-1.2478400000000005,0.25505547318181276,0.03607029093312068,0.0,0.0,0.0,-21.19551999999999,0.2535389705754266,0.03585582507778814
LYS  80,11.495439999999999,0.11547747139600835,0.016330980619678616,-5.847800000000002,0.380559482866971,0.05381923819601619,-12.908840000000003,5.203385595398431,0.7358698479269263,-29.501219999999993,5.2576266786070205,0.7435406954780658,0.6398470080000002,0.08439146168080063,0.011934754965747758,-36.122572992,0.3319749491803369,0.04694834754989514
ASN  81,18.273620000000005,0.04342436643005066,0.0061411327942836585,-1.9244200000000005,0.09323885241678372,0.013185964962791896,-90.75007999999998,0.3315869623572457,0.046893477927171384,-11.982339999999999,0.37311749409541,0.0527667820508392,0.9015052320000001,0.011013983195121799,0.0015576124410290602,-85.48171476800002,0.07116917171732419,0.010064840786549956
ALA  82,8.245580000000002,0.03797372249301167,0.005370295336340936,-3.6227799999999997,0.06167829115658747,0.008722627585764253,-4.438319999999998,0.11617855912352126,0.016430129396944826,-2.36472,0.06753341099040999,0.009550666573595405,0.063596016,0.00430320076591161,0.0006085644884766489,-2.1166439840000004,0.11310881122401518,0.015996001485690043
GLY  83,5.16918,0.0252687079212335,0.0035735349445852873,-1.6949399999999994,0.01840044564684687,0.0026022159787479817,-9.28048,0.06843456436581363,0.009678108906122817,-4.2025,0.06667810735168309,0.00942970837301194,0.2931253920000001,0.0024296999323884447,0.00034361145968807305,-9.715614608000001,0.025979669240892695,0.003674080058643758
GLN  84,19.731920000000002,0.03472857036879357,0.0049113615217376266,-3.09348,0.03981067193603196,0.005630079217912236,-72.78047999999998,0.0797396363265425,0.011276887515169472,-15.47968,0.06666016501608442,0.009427170943577512,1.063069632,0.0054838711324650844,0.0007755364929838426,-70.55865036800003,0.035346107970689725,0.0049986945269253165
THR  85,15.52546,0.04637077096619761,0.00655781731980932,-3.8416199999999985,0.02760499230229888,0.003903935450311596,-31.334680000000006,0.07800806111994613,0.011032005801025714,-5.720239999999999,0.04985802242379127,0.00705098915048275,0.45061430399999985,0.006467125200247484,0.000914589616775481,-24.920465696,0.03688752478604121,0.005216683783479318
VAL  86,11.62552,0.047611444002520195,0.006733274983253121,-6.2522199999999994,0.09938355799626208,0.01405495755952069,-30.264440000000004,0.09332291465458072,0.01319785315846949,-0.23494,0.04930777220682352,0.006973172018529298,0.0,0.0,0.0,-25.126079999999998,0.10723093583582605,0.015164744376498432
THR  87,14.94086,0.04110280282327227,0.0058128141204218785,-4.6134200000000005,0.046092988620780005,0.006518532963781582,-33.66328000000001,0.11090807725077256,0.01568477070247655,-5.54742,0.07870732875662213,0.011130897178577293,0.33868886400000003,0.0045301545512643395,0.0006406606006044231,-28.544571136,0.030566986856567783,0.0043228247373438295
ILE  88,12.724840000000004,0.05087095831490879,0.007194239917986038,-7.240039999999999,0.05206993758404876,0.00736380119232823,-13.677560000000001,0.06978227855227095,0.009868704474191872,0.7328600000000002,0.04977831254672805,0.00703971647156296,0.0,0.0,0.0,-7.4599,0.0394843006776255,0.005583923351911517
ILE  89,13.273900000000001,0.035709522538511965,0.0050500891079831335,-5.628219999999999,0.027196536544330557,0.003846171083056778,-15.423620000000001,0.07625349565729943,0.010783872773691075,-0.47578,0.052714434455849654,0.0074549468140290166,0.34137676799999994,0.0037059247455724126,0.0005240969036322567,-7.912343232,0.09695377360444624,0.013711334155465845
ALA  90,6.997320000000001,0.013396178559236204,0.0018945057402443507,-5.20556,0.041972924606203624,0.005935867923055656,-8.66178,0.07871195334883149,0.011131551194679585,0.3045800000000001,0.07251622990751781,0.010255343582737714,0.012857472000000003,0.001656973629607895,0.00023433145794860585,-6.552582527999999,0.028309347307639395,0.00400354629043939
GLN  91,18.345380000000006,0.020853671136394216,0.0029491544546357052,-7.5106600000000014,0.05617992880003302,0.007945041724216154,-83.50218,0.1634733849963341,0.023118627814885412,-0.8919399999999998,0.1731382580483012,0.024485447269756024,0.29111947199999993,0.003065281702101465,0.0004334962955605977,-73.26828052800002,0.03354892985596416,0.004744535160540816
TYR  92,10.773919999999999,0.01992369443695154,0.0028176358885314253,-9.777399999999998,0.04804622774006225,0.006794762689086246,-18.975700000000003,0.13786736379547962,0.01949738956881927,-3.490060000000001,0.1351136425383636,0.019107954573938414,0.12600374399999997,0.002161249193977606,0.00030564679217910505,-21.343236256,0.06571689702958063,0.009293772705630908
LYS  93,12.604879999999998,0.042074999703808874,0.005950303521797046,-6.667220000000003,0.10263786630660612,0.01451518625438389,-14.617979999999998,2.0378048531692348,0.2881891260821645,-12.494319999999998,2.0460777838586792,0.28935909516032304,0.493218864,0.00980407562479589,0.001386505671511782,-20.681421135999997,0.1785651616992885,0.02525292734424785
PRO  94,20.10219999999999,0.04684570418406247,0.006624983019601918,-8.945440000000001,0.042043862809838135,0.005945900100022688,-12.800120000000001,0.1842920117638305,0.026062826247343105,0.31694,0.15931709387256615,0.022530839487245057,0.0022733279999999994,0.000873181388496117,0.0001234864962022979,-1.3241466720000004,0.07292359547674383,0.01031295377402204
GLU  95,16.358020000000003,0.04766402836462296,0.0067407115350585686,-3.2946799999999996,0.08853461244057258,0.012520684965290348,-37.91364,4.0068351638668265,0.5666520630933889,-45.54692,3.374206086414895,0.4771848009649788,0.60313896,0.026730003219394814,0.003780193307514464,-69.79408104,0.6346180908279242,0.0897485510976171
GLU  96,15.336579999999996,0.21050967578750804,0.0297705638509457,-5.174919999999999,0.5018811747814479,0.07097671640756653,-16.356120000000004,4.790042382442977,0.677414290159279,-63.28652000000002,3.85866468737544,0.5456975933536486,0.471944736,0.02204736361452436,0.003117968063823145,-69.00903526400002,1.2575860880472303,0.17784953015681182
TYR  97,12.526599999999998,0.20113657051870962,0.028445006591677157,-9.892280000000001,0.11258437547010293,0.015921835070112435,-26.59819999999999,0.3777728417981026,0.05342514763671023,-2.80096,0.3493520264718672,0.04940583738790391,0.063260352,0.006922477712560472,0.0009789861866328498,-26.701579647999992,0.29097314890794557,0.04114981734720227
SER  98,11.81378,0.0745931069200241,0.010549058346584445,-5.015339999999999,0.07714780878290776,0.010910347748815434,-2.4856799999999994,0.3532055175107019,0.04995080331686423,-8.388459999999998,0.3923265073890068,0.05548334676280017,0.23304945600000004,0.008899989575456747,0.0012586485962590096,-3.842650544,0.11120686063749255,0.015727025054247664
ARG  99,13.500800000000003,0.8343022473899682,0.11798815533772461,-3.48484,0.3044792511814201,0.04305986864819685,-226.66616,14.200362876152171,2.0082345770073813,13.054820000000001,11.863119432408999,1.6776984393364618,1.0668156479999997,0.1595989036879582,0.022570693413538786,-202.52856435200002,1.9561936207400061,0.2766475549078247
PHE 100,10.583180000000002,0.14889388033069292,0.021056774491802255,-6.092320000000001,0.1851338369936109,0.026181878313053436,-13.47854,1.2004728103542879,0.16977249296631783,-3.815280000000001,1.0664751106331494,0.15082235653907466,0.14552956800000003,0.024044107509836325,0.0034003502935567313,-12.657430431999996,0.2161759610055183,0.03057189759130413
GLU 101,16.599280000000004,0.08971154663612213,0.012687128595427033,-3.0682000000000005,0.09633151094006845,0.013623332925533697,-43.82587999999999,1.9279184696458187,0.2726488446922699,-40.6596,1.9173422334053862,0.27115313901926175,0.32275094399999993,0.015472646299173281,0.0021881626242092733,-70.631649056,0.13455084327385747,0.019028362738662596
ALA 102,7.99488,0.014010910034408394,0.001981441899184964,-1.9727200000000003,0.08593766112712144,0.012153420588459826,3.9907399999999997,0.3738984787345355,0.05287722995770484,-6.91548,0.39638583425749996,0.05605742227395302,0.6201233279999999,0.010089870539170442,0.0014269231759083572,3.7175433280000005,0.14390148614928916,0.02035074333579688
ASN 103,17.86422,0.33050072859224894,0.04673986127493478,-2.2894599999999996,0.24978464404362646,0.035324883127903245,-89.35618000000001,2.767958776355073,0.39144848416109806,-8.72042,1.7172472983236866,0.24285544192379138,0.8713393919999999,0.02540060046033922,0.0035921873663432007,-81.63050060799999,0.5127306111999659,0.07251105842028381
SER 104,11.174680000000002,0.026106275106670407,0.0036919848318896407,-4.27878,0.06839657593765441,0.009672736531091216,-7.0426600000000015,0.18159775439134374,0.025681800715673657,-5.1753800000000005,0.1579445333020318,0.02233673010984223,0.160808688,0.0018718583263316812,0.0002647207431939266,-5.161331312,0.06940476316678904,0.009815315736376569
ARG 105,12.207900000000002,0.051250463412193234,0.007247910043542976,-3.9901200000000006,0.07227327030094492,0.010220983905665292,-177.63400000000001,1.3928521098785134,0.1969790344170174,-28.06686,1.3160140730251417,0.1861124950346012,0.95235768,0.008205331555726685,0.0011604091169876605,-196.53072232000005,0.041551122034575554,0.00587621603131163
VAL 106,10.726720000000006,0.02314911661138474,0.00327377946687766,-4.90206,0.03136712291563612,0.00443598106399165,-31.00282,0.04643605926421087,0.0065670504794607815,-3.8409799999999996,0.046820717636587565,0.00662144938817033,0.27971553600000015,0.005254104951730184,0.0007430426480868462,-28.739424463999995,0.055142441017063774,0.007798318794869003
ASN 107,21.94354,0.025765255673836435,0.0036437574011949823,-3.2428399999999997,0.021195622189527932,0.0029975136363366516,-84.71076000000001,0.1588174499228899,0.022460179162246074,-14.540479999999997,0.1612670133662869,0.02280659974660061,0.433210464,0.004202231291006329,0.000594285248396975,-80.11732953600003,0.02761645504462706,0.0039055565268778466
SER 108,12.328880000000003,0.010051149183931553,0.001421447149335127,-1.1252600000000001,0.005577849047744326,0.0007888269772189879,-4.895440000000001,0.03906054787118379,0.005523995655315164,-14.349680000000001,0.03654117677366897,0.005167702777839539,0.9479610719999999,0.0027031825634232826,0.0003822877442763675,-7.093538928,0.011607758611245083,0.001641584965677588
SER 109,11.085020000000004,0.020852328405511506,0.0029489645638132106,-3.9573,0.019806312125060004,0.0028010355227854533,-19.879420000000007,0.024944811077805683,0.0035277290137067418,0.036599999999999994,0.03158227350904302,0.004466407952706516,0.027253872,0.0013930262663767955,0.000197003663865202,-12.687846127999999,0.017849044809259352,0.0025242361244659666
GLY 110,5.731180000000002,0.01670411925142378,0.0023623191992861023,-3.5116199999999993,0.018096286912175855,0.0025592014379793833,-2.89102,0.0519836474287584,0.00735159792153714,-1.2819200000000002,0.07227443254706035,0.010221148272087218,0.02195827200000001,0.0019876520668405174,0.0002810964510204773,-1.9314217279999997,0.043889747224842714,0.006206947577449947
ARG 111,10.865979999999997,0.010339226281406723,0.001462187403160973,-5.247560000000001,0.027793639560011463,0.0039306142013477595,-157.19068,0.6596903952643798,0.09329431039501536,-48.32994000000001,0.6455357282127059,0.09129253818348008,1.1024245440000002,0.007093622736715518,0.0010031897480621236,-198.79977545600002,0.01830329493125098,0.002588476792788986
ILE 112,12.695879999999999,0.04422833480947479,0.00625483109287373,-6.098100000000001,0.08441403911658997,0.011937947897337448,-14.913900000000002,0.0868956270473053,0.01228889742812135,-0.4020800000000001,0.09802261779813835,0.01386249155094416,0.15837552000000002,0.005836531217494959,0.0008254101604995323,-8.559824480000005,0.03891885106966497,0.005503956701469884
VAL 113,10.74644,0.0245146160483986,0.003466890249201443,-2.8382200000000006,0.05297595303526285,0.007491931126210885,-29.303400000000007,0.15497290085463206,0.021916477818892166,-2.2293,0.08026487401099901,0.011351167340852255,0.36786470399999993,0.004231498116603283,0.000598424202565657,-23.256615296000003,0.16421818816446065,0.023223958889051714
THR 114,14.720339999999998,0.028599027956655663,0.004044513320698974,-2.82102,0.07489872896117841,0.010592279830140503,-35.54078000000001,0.24780462384467025,0.03504486598598959,-0.91822,0.11126334346944662,0.015735012932946733,0.462853728,0.0050106861584777295,0.0007086180322114349,-24.096826272,0.08838522309716108,0.012499558121737694
ASN 115,14.967800000000002,0.1669206997348043,0.023606151740576734,-2.9210400000000005,0.12037972586775555,0.01702426409569352,-83.83364000000002,3.076955324732023,0.43514719510521377,-76.55704000000003,2.5199915393502117,0.35638062120145225,1.0675221120000002,0.02175105332826139,0.0030760634612727704,-147.27639788800002,0.42224949172322357,0.05971509579001287
LYS 116,4.0901200000000015,0.3930924898799135,0.05559167304551823,-1.0677800000000002,1.0805961001225202,0.15281936602407428,-68.22754000000003,20.015190008800737,2.830575316392047,-56.30973999999998,19.54972933399345,2.764749236485667,1.6091298720000002,0.19993541406486293,0.02827513741692096,-119.90581012800008,1.3913441352025553,0.19676577459317188
ASN 117,18.41282,0.5773513207743283,0.08164980680930743,-1.4972800000000004,0.723385430873472,0.1023021487164369,-79.46678,4.278021459927255,0.6050035968752272,-16.578940000000003,3.5546314712498464,0.5027008035879761,0.8900124480000001,0.1288611874352282,0.018223723893440118,-78.24016755199999,1.364158943929565,0.1929212079737749
TYR 118,9.609180000000002,0.18088644946472487,0.025581207008252938,-4.573159999999999,0.35595394983060125,0.05033949034307085,-15.572139999999997,0.8474223034591849,0.11984361146094279,-9.141079999999999,0.8314166426046649,0.11758006919542215,0.7142863679999998,0.061002054539140094,0.008626993286187514,-18.96291363200001,0.5116268822852894,0.07235496758025192
LYS 119,9.7687,0.3275856071319578,0.046327600844423916,-3.865380000000002,0.3500243928642527,0.04950092435500345,-26.94481999999999,13.585316480214978,1.921253881545074,-14.0145,12.272841120539287,1.7356418361516872,0.8357729759999999,0.11434413687198655,0.016170702914220885,-34.220227024,1.9095975654793584,0.2700578775775553
GLN 120,19.09415999999999,0.20073797448525993,0.02838863660003589,-4.439539999999999,0.3979689540655138,0.056281309224288485,-74.75795999999997,1.4582668200313544,0.20623007144470268,-12.16612,0.9614225842989241,0.13596568578873286,0.7839907199999999,0.04979860507964487,0.0070425862690895475,-71.48546928000002,0.47813739508067926,0.06761883888008394
MET 121,10.7542,0.12932934701721224,0.01828993165645979,-6.284959999999999,0.2179797201576727,0.030826987656927266,-11.97982,1.3217460980082247,0.18692312578169495,-1.8852599999999995,0.7634891174077093,0.10797366645622468,0.489669696,0.0435876918338421,0.0061642304943958495,-8.906170304,0.6475961413355401,0.09158392460172045
SER 122,12.115160000000001,0.8788224931122227,0.12428426886778413,-3.691740000000001,0.22122412255445775,0.031285815444060186,-6.68924,1.945106923127874,0.27507965909532406,-2.58854,1.7215346898625075,0.2434617706499318,0.542103264,0.01737516141022185,0.002457218891475737,-0.312256736,1.0056902599230597,0.14222608051297142
VAL 123,8.958919999999999,0.3143861854472015,0.04446092072821753,-7.6362,0.1994839341902215,0.02821128852073532,-75.33940000000001,2.609770212106793,0.36907724286387356,-33.032219999999995,2.6875575327052,0.3800780312409667,0.07637875200000001,0.012123121852893074,0.001714468334266303,-106.97252124799999,0.7625587801192044,0.10784209689512617


