#Frame       SA_00001
       1    5968.0856
       2    5906.0740
       3    5871.7404
       4    5921.6700
       5    5912.9795
       6    5933.0918
       7    5926.5915
       8    5921.1777
       9    5890.3356
      10    5974.8440
      11    5923.4924
      12    5925.8785
      13    5862.1163
      14    5924.2036
      15    5898.7981
      16    5912.2592
      17    5970.3253
      18    5929.2685
      19    5941.0656
      20    5942.1725
      21    5958.2025
      22    6025.5002
      23    6027.1018
      24    6017.9315
      25    6004.1223
      26    6025.8011
      27    5935.2463
      28    6021.6238
      29    5892.7048
      30    5928.3627
      31    5941.8697
      32    5955.1607
      33    5958.2172
      34    5924.6700
      35    5925.8945
      36    5937.7426
      37    6026.2778
      38    5911.4059
      39    5915.5828
      40    5917.9206
      41    5937.2432
      42    5928.1953
      43    5894.6660
      44    5943.3819
      45    5921.5563
      46    5922.4312
      47    5907.3992
      48    5895.4651
      49    5964.7614
      50    5920.4745
