| Run on Mon Jun 20 15:46:10 2016
| GB non-polar solvation energies calculated with gbsa=2
idecomp = 2: Per-residue decomp adding 1-4 interactions to EEL and VDW.
Energy Decomposition Analysis (All units kcal/mol): Generalized Born Solvent

Total Energy Decomposition:
Residue,Internal,,,van der Waals,,,Electrostatic,,,Polar Solvation,,,Non-Polar Solv.,,,TOTAL,,
,Avg.,Std. Dev.,Std. Err. of Mean,Avg.,Std. Dev.,Std. Err. of Mean,Avg.,Std. Dev.,Std. Err. of Mean,Avg.,Std. Dev.,Std. Err. of Mean,Avg.,Std. Dev.,Std. Err. of Mean,Avg.,Std. Dev.,Std. Err. of Mean
GLY   1,1.1642799999999995,0.002778776709325124,0.00039297837091340697,0.05754000000000001,0.03593895379668138,0.005082535587676684,-28.12078,0.3915937839138311,0.05537972401519391,-86.85302000000001,0.38312099863676397,0.05418149123020356,0.999508464,0.00551156024040694,0.0007794523241819811,-112.75247153600002,0.008215506096224458,0.001161848014303947
SER   2,11.24416,0.01095510839795113,0.0015492862873649877,-0.5201,0.01882365533045861,0.002662066866177117,-4.238,0.1326649916141953,0.01876166303929079,-12.187399999999995,0.10207761752759995,0.014435955112226541,0.8395032960000002,0.011018451439234215,0.0015582443461714375,-4.861836704,0.007197434084892641,0.0010178708897141558
HIE   3,27.211760000000005,0.024688912483455967,0.0034915394874345837,-1.7683200000000001,0.022530370613873866,0.0031862755687432653,-5.156340000000001,0.09847875100747025,0.013926998528032752,-22.82594,0.07612395417945766,0.010765552842205707,1.31979672,0.008398916038655157,0.0011877860971099032,-1.2190432800000004,0.0714083692029453,0.010098668419375048
GLY   4,3.91786,0.008546367649488514,0.0012086389038933325,-2.09438,0.032132158346425306,0.004544173412183451,-5.904300000000001,0.07271980473011341,0.010284133410244953,-5.58266,0.08093938719815869,0.011446557910580328,0.17084894400000003,0.0024357337112381407,0.00034446476487623304,-9.492631056,0.04555400637639204,0.006442309363792407
GLY   5,5.68058,0.01442787579627965,0.0020404097627333196,-4.034779999999999,0.017273436253790974,0.00244283278188983,-8.286859999999999,0.4719683044442649,0.06674639771553133,-2.6497199999999994,0.4685554840144358,0.0662637520217505,0.024022943999999997,0.0011100235493287107,0.0001569810358014183,-9.266757056,0.019268265125417922,0.002724944186376655
SER   6,11.4614,0.0055244909315291125,0.0007812810000575644,-3.0997,0.021273692674249837,0.0030085544701681276,-2.71144,0.04454308476070515,0.006299343457852355,-6.025760000000002,0.02801254004875248,0.003961571405346523,0.4417810559999999,0.002453182005166426,0.0003469323262675983,0.06628105600000027,0.008889317968801597,0.001257139403172607
PRO   7,18.856659999999998,0.00885349648835721,0.0012520734808257336,-3.5067200000000014,0.0172221253041451,0.0024355763178010863,0.20606,0.17350589730611465,0.024537439312202078,-3.2308400000000006,0.16398894596891458,0.023191539146850768,0.601820496,0.0137967061074277,0.0019511488893199963,12.926980495999997,0.0393856860900147,0.005569977143186814
ARG   8,13.75884,0.01958709779412606,0.0027700339347981207,-5.68806,0.02125315035468812,0.0030056493474754494,-182.94638000000006,0.9162293793505992,0.12957440145223006,-25.253919999999997,0.8977795239367418,0.12696519787722008,0.5432257439999999,0.0037528083894685523,0.0005307272521373959,-199.58629425600003,0.0624954400783316,0.008838189894525162
VAL   9,10.736580000000002,0.008890646768800147,0.0012573273238705703,-2.22726,0.025904293080502093,0.003663420259813358,-30.25194,0.02488004018907284,0.0035185690267774475,-2.8345800000000003,0.02327581577512548,0.0032916974344480085,0.7245355679999999,0.005099956420122605,0.0007212427536849126,-23.852664432,0.05145889861367076,0.007277387232423525
VAL  10,11.016799999999998,0.033209637156000726,0.004696551926750569,-4.6833,0.0500608629569405,0.007079675133780613,-21.781840000000003,0.036590359384348764,0.005174658249345167,-1.5023599999999997,0.04695476972577628,0.006640407216429843,0.06669216,0.0019834728525486766,0.00028050542086731887,-16.884007840000002,0.02996180616229989,0.004237239262791828
ARG  11,11.967360000000003,0.03861697036106687,0.00546126432223806,-4.713059999999998,0.04980257423085131,0.007043147591836274,-183.57533999999998,0.453564575793832,0.06414371744996368,-22.82163999999999,0.42551600486972757,0.06017705050935847,1.135906416,0.010892080164797218,0.0015403727491511202,-198.00677358399997,0.06265738534374383,0.008861092413595973
ILE  12,14.223439999999997,0.04025029689449549,0.005692251575773919,-7.371940000000002,0.12347864754676803,0.017462517802412664,-14.180060000000003,0.19755428722234045,0.027938395229478368,-2.40482,0.13700126860725592,0.019374905212670067,0.010360080000000002,0.0015804813464257918,0.00022351381551930446,-9.72301992,0.18460748383014336,0.026107440734816058
VAL  13,11.372539999999999,0.08542206038268871,0.012080503631905182,-2.9767999999999994,0.08609854818752702,0.012176173454743417,-20.659160000000007,0.06183311733839001,0.008744523314375812,-2.43838,0.07622463906112469,0.010779791834723652,0.6340720320000002,0.019854069553830987,0.0028077894431326523,-14.067727968000002,0.11494013120333921,0.016254989240870526
LYS  14,11.503659999999995,0.18729021437369645,0.026486836126704588,-6.562819999999999,0.2758123050192113,0.03900575024275534,3.2071000000000005,4.759505958605369,0.6730957876855271,-42.34976,4.717146614469386,0.6671052717884935,0.6023027519999999,0.035561907822355555,0.005029213234623709,-33.599517248000005,0.1657470384677947,0.023440170972433037
SER  15,11.25506,0.03972727526588898,0.00561828514771494,-2.23236,0.02752290682323735,0.0038923268105353257,-19.279719999999998,0.19499354245767772,0.027576251231882176,-4.0561,0.19643393291383696,0.02777995320370349,0.4021313760000001,0.008563178889787028,0.0012110163722963798,-13.910988624000003,0.03266823795188418,0.004619986517038607
GLU  16,15.9602,0.018893385085919534,0.002671928142764497,0.46943999999999986,0.014190362927009152,0.002006820370637271,-41.57686,1.3773297064971572,0.1947838350787634,-41.20548000000001,1.3660582892393311,0.19318981596344503,1.3418092799999997,0.004828259015452387,0.0006828189382302933,-65.01089072000002,0.023139812334316737,0.0032724636433958953
SER  17,10.382099999999998,0.024491835375431644,0.0034636685755344574,-1.1682600000000003,0.02050737428338746,0.0029001806840227777,-7.662879999999998,0.26652659454549826,0.03769255247393586,-10.10192,0.2715200058927712,0.03839872747891797,0.5618086560000001,0.012519878539161483,0.0017705782029346021,-7.989151343999998,0.017566778936254,0.0024843177018860417
GLY  18,5.14896,0.0352493744624561,0.004985014342997324,-2.7883400000000007,0.06241493731468205,0.008826805084508992,-10.99108,0.4207884903368745,0.059508478992490794,-1.0385400000000002,0.23729047262795688,0.03355794046123783,0.13982904,0.0052131618272218605,0.0007372524158902861,-9.529170959999998,0.2158583889132988,0.03052698611531933
TYR  19,10.165980000000001,0.08823933136631977,0.012478925915298306,-9.871600000000003,0.16912114001492037,0.023917340989309952,-32.93696,0.5327115527185939,0.07533679026874655,-0.19405999999999998,0.2552671079477339,0.03610022060874421,0.036520704,0.006273931675272197,0.0008872679264572093,-32.800119296,0.36061912133393614,0.05099924522415212
GLY  20,6.73418,0.0763616893474888,0.010799173672093975,-3.183780000000001,0.05483403687487833,0.007754703862811934,-15.308539999999992,0.6423076275432208,0.09083601580873094,1.65586,0.3964620541741664,0.05606820139794028,0.03076041600000001,0.00500400332339454,0.0007076729366104599,-10.071519584,0.22877986665394345,0.032354359021991505
PHE  21,10.084640000000002,0.2049914886037037,0.028990174335440752,-9.4625,0.08989243572171338,0.012712710175239873,-6.645980000000001,0.7693180744009576,0.1087980054596588,-2.8060999999999994,0.4606299273820614,0.06514290905386451,0.005218271999999999,0.005258156511898064,0.0007436156252206648,-8.824721728,0.4186685202798044,0.059208669951837455
ASN  22,17.280880000000003,0.1725488498943776,0.024402092369250818,-6.8154200000000005,0.1642186457135678,0.023224023596266994,-78.38346000000003,1.6080279003787254,0.22740948653899257,-14.506700000000006,1.3122631176710928,0.18558202984124603,0.3303008640000001,0.027691171081668593,0.003916122970168937,-82.09439913599999,0.3821253664932761,0.054040687582158055
VAL  23,10.572540000000004,0.08668222655130774,0.01225871804055566,-7.043280000000002,0.14012980268295677,0.01981734674469032,-26.83042,0.23302344002257788,0.03295449092307631,2.873299999999999,0.13485076937120852,0.019070778694120945,0.0,0.0,0.0,-20.427859999999992,0.1812819913843293,0.025637145082972105
ARG  24,13.0593,0.6691031684277818,0.09462547754173783,-7.615280000000001,0.2518154911834938,0.035612088284733945,-129.34348,1.4715575454604406,0.20810966386026175,-79.24353999999998,1.0706235231878733,0.15140903066879563,0.751674384,0.010078064998381452,0.0014252536203188634,-202.391325616,0.5597577246558616,0.07916169658514241
GLY  25,6.526380000000001,0.11130245100619017,0.015740543573832106,-4.395240000000002,0.11335723355824368,0.016031133709116276,-21.426760000000005,0.32051730436874487,0.045327991881354425,3.7580800000000005,0.3585544778691246,0.05070726054521198,0.014996592000000008,0.011931138488574166,0.0016873177865093217,-15.522543408000004,0.13369700005920618,0.018907611073232584
GLN  26,19.70788,0.08116172496943858,0.011478001219737511,-7.837360000000001,0.09545548910342468,0.013499444729302036,-78.92541999999999,0.19558456892961948,0.02765983499711633,-4.617500000000001,0.15994127047134496,0.022619111388375947,0.32694710400000004,0.009794791236997549,0.0013851926607975078,-71.34545289600001,0.19275998348438325,0.02726037829264286
VAL  27,12.197200000000004,0.015197368189809725,0.0021492324206406365,-1.8431800000000005,0.10911602815351647,0.015431336688698744,-22.07224,0.2756961051593402,0.03898931710097779,-6.3213,0.25668605338038925,0.03630088979625707,0.65167488,0.028416953797506268,0.004018764146176299,-17.387845120000005,0.11778142761134479,0.016656809232362874
SER  28,11.111160000000002,0.020108068031155626,0.0028437102522781144,-2.16108,0.028552295879650944,0.00403790440698918,-10.517579999999999,0.11901866912394514,0.016831781605067913,-7.020860000000002,0.16719306325316152,0.023644669758732376,0.667951776,0.003773143451827297,0.0005336030642353398,-7.920408224,0.10508881106105769,0.01486180218562115
GLU  29,14.555020000000003,0.0774486901114559,0.010952898794365194,-2.1936200000000006,0.07187096493019775,0.010164089334512674,-26.72732,0.976578505600024,0.13810905673416035,-53.09005999999999,0.8622409503155539,0.12193928459697223,0.9233265600000002,0.009541289174750564,0.0013493420553455844,-66.53265344,0.21137392652861947,0.02989278736288278
GLY  30,4.83764,0.020530718448105608,0.0029034820474574453,-1.9243199999999998,0.04036059464378898,0.005707850033068927,-9.6406,0.11445383348761409,0.016186216358377577,-2.3839799999999998,0.10872212102420341,0.015375629808239748,0.23811033599999998,0.004859284777240376,0.0006872066435406464,-8.873149664,0.047305225327133126,0.006689969122874689
GLY  31,5.328619999999998,0.01660227695295555,0.0023479165233144003,-1.6736799999999996,0.022730983260772143,0.0032146464813459764,0.15047999999999997,0.06373044484388933,0.009012845943429878,-11.02128,0.06964080413115727,0.009848696969685086,0.40258987199999985,0.004368395831487646,0.0006177844630703922,-6.813270127999998,0.025034855821690162,0.003540463263508926
GLN  32,18.545640000000002,0.014803729258910171,0.002093563469165017,-1.9657999999999995,0.02179632996634891,0.0030824665448369736,-67.12441999999997,0.07258211628453444,0.010264661323532967,-14.799599999999998,0.07222132649045115,0.01021363794153713,1.154535552,0.00755778239839074,0.0010688318369268843,-64.189644448,0.01011108510796171,0.001429923368998808
LEU  33,11.897839999999997,0.008596185205580885,0.0012156841702403438,-3.18886,0.011036321851076015,0.001560771604050624,-22.950180000000003,0.032261859835356815,0.0045625159726541435,-0.7320599999999999,0.03612833237225797,0.005109317762677015,0.7818177599999998,0.004636456086654918,0.0006556939079094671,-14.191442239999994,0.018167762008947045,0.0025693095431019576
ARG  34,11.13372,0.013015436989154814,0.0018406607510275178,-3.8704,0.023863780086096346,0.003374848144724644,-132.66745999999998,0.7985224658118592,0.11292813010107373,-74.5764,0.7867637002297586,0.11126518952477647,1.219368528,0.0065096475075237465,0.0009206031791408296,-198.761171472,0.06568841407732572,0.009289744607893377
SER  35,10.42246,0.021955600652273206,0.0031049908212492337,-3.3140800000000006,0.010310848655486848,0.0014581742008165893,-12.680119999999999,0.022160902508499402,0.0031340248881947795,-7.525939999999999,0.046432923664379074,0.006566607038679951,0.5872243680000001,0.0023752028087931,0.00033590440255818713,-12.510455631999996,0.024667030161492336,0.003488444859784866
ILE  36,12.802180000000003,0.06514804371540174,0.009213324698439641,-4.32496,0.060879211558562074,0.008609620665269936,-6.946219999999998,0.34807592792381803,0.049225369800546336,-4.251660000000001,0.2060338428510972,0.029137585486786858,0.23320627200000005,0.006745646848714906,0.0009539785260431949,-2.487453728,0.14690427799912864,0.02077540223169952
ASN  37,19.7482,0.007014271165138976,0.0009919677411902071,-3.07878,0.05471025132460592,0.007737197942409828,-81.73724,0.4266110903425576,0.06033191898212187,-17.350220000000004,0.43276738740327525,0.061202550861848316,0.664068096,0.007564932851018333,0.0010698430636351891,-81.753971904,0.055128888921782394,0.007796402239174453
GLY  38,6.0493000000000015,0.062041034807468025,0.008773927284838254,-1.0283399999999996,0.06380802770812664,0.009023817817311094,-8.060939999999999,0.301297488207305,0.04260989941317184,-7.154780000000001,0.21712846796305071,0.030706602417063838,0.5388960960000001,0.005171795120785594,0.0007314022801629986,-9.655863903999998,0.20569064039652424,0.029089049330197177
GLU  39,14.699980000000005,0.06693653411847356,0.00946625543685947,-2.541160000000001,0.48653535781070845,0.06880649015899504,2.5974800000000005,4.182897279350761,0.5915510062471366,-81.06855999999999,3.574431832669538,0.5055009975539377,0.788193072,0.07955958604531599,0.01125142456020751,-65.52406692800001,0.26776150292175516,0.03786719489133492
LEU  40,11.175239999999999,0.051357009259085304,0.007262977901711905,-3.1212999999999997,0.09086985198623942,0.012850937708977552,-19.32118,0.32789221948676794,0.04637096237948028,-11.26112,0.23928314942762288,0.03383974751678922,0.9248114880000002,0.01172379596765243,0.001657995125994907,-21.603548511999993,0.0646875979430493,0.009148207832839825
TYR  41,9.726699999999997,0.6461940652776348,0.09138564110406362,-7.584279999999996,0.3154866742036206,0.04461655334067423,-35.957480000000004,4.011724348656005,0.5673434982371692,1.1489800000000001,2.2421265842052716,0.31708458239403564,0.16857964799999997,0.013203855279095712,0.0018673071211308743,-32.49750035200001,0.8224762248000912,0.11631570318417114
ALA  42,10.51668,0.03287579048519993,0.0046493388777906096,-4.064640000000001,0.03144821775553868,0.0044474496062345175,7.16958,0.10839355884922827,0.015329164099846483,-1.86462,0.0700836328967076,0.00991132241429011,0.10572119999999999,0.0023988905715774875,0.00033925435809738284,11.862721200000001,0.05042922727940458,0.007131769715852922
PRO  43,19.39568,0.06287111896642956,0.0088913189123897,-6.42988,0.04136261113618591,0.005849556564395853,0.7919400000000003,0.111736549078623,0.01580193431197556,-8.29514,0.09751923092395073,0.013791301896484486,0.132173712,0.008677816624949977,0.0012272285962790974,5.594773712,0.041416576185969355,0.005857188374925641
LEU  44,11.780779999999998,0.04794300366049652,0.006780164599757712,-8.09412,0.023368046559769904,0.0033047408370992545,-35.87404000000001,0.5250285310334789,0.07425024692203692,2.1629599999999995,0.47779577059660255,0.06757052588222194,0.052711344,0.0056049355294832135,0.0007926575842021984,-29.971708656000004,0.09851279721472607,0.013931813388837606
GLN  45,20.41452,0.08905823712502209,0.01259473667832453,-8.307139999999999,0.1271139661879708,0.017976629495006332,-81.87908000000002,0.23503121834662313,0.03323843365668666,1.4670200000000002,0.14809206460847132,0.02094338062491328,9.576000000000002e-05,0.00028728,4.062752721985427e-05,-68.30458424000001,0.1606304565744384,0.022716577021775326
HIE  46,29.82979999999999,0.22128669187461275,0.03129466408217535,-10.364219999999998,0.26158060249199855,0.036993083569790974,-16.187400000000004,3.2885247391497283,0.46506762863049905,-8.79726,2.1230030975954843,0.30023797735796254,0.25557364800000004,0.03718291754307683,0.005258458627801973,-5.263506351999999,0.8144366612896894,0.11517873720897413
VAL  47,11.432239999999997,0.06608920032854645,0.00934642434310228,-7.31318,0.0854701561950986,0.012087305406925524,-33.020759999999996,0.5985896277084102,0.08465335698010955,0.77012,0.5126750097283855,0.07250319518476413,2.376e-05,0.00016632000000000002,2.3521199969389318e-05,-28.131556239999995,0.21910933221589102,0.03098673892622252
SER  48,12.357200000000002,0.06970710150287227,0.00985807283390799,-4.69956,0.12700585183367746,0.01796133981639345,-10.46404,0.1430894769016921,0.02023590788672447,-6.655879999999999,0.22645031596362838,0.03202491080394358,0.2473678079999999,0.02146874068888023,0.0030361384249285523,-9.214912191999996,0.16300846790067455,0.023052878608679328
ALA  49,6.669919999999999,0.05471556999629539,0.007737950116173534,-3.356880000000001,0.07264121144359235,0.010273018641073998,-0.4749399999999999,0.29818574144314824,0.04216983196551773,-3.17094,0.20789001034200616,0.029400087210754808,0.26872776000000004,0.008605980495074283,0.0012170694333652372,-0.06411224000000011,0.24713945174553084,0.03495079644559808
VAL  50,10.8682,0.038110890831624694,0.005389693868820408,-5.66648,0.028626728768718586,0.004048430807109787,-26.447840000000006,0.12145984686213107,0.0171770162716185,-0.43388000000000004,0.1100579192970682,0.015564540211647741,0.14980060800000003,0.004472918106999426,0.0006325661450302779,-21.530199391999997,0.040629832444237186,0.0057459260079586625
LEU  51,14.661120000000006,0.015188996010887221,0.0021480484157427545,-2.4392799999999992,0.023028712512925945,0.003256751755977087,-22.545399999999987,0.045170787027465215,0.0063881139637307965,-1.96936,0.04629762844897329,0.006547473405824847,0.6516813599999999,0.00653179051570589,0.0009237346733891223,-11.641238640000001,0.019445466867289825,0.0027500042970397933
PRO  52,18.14024,0.006313667722884877,0.0008928874522021048,-2.1417600000000006,0.007292626412866017,0.0010313331178395376,-6.8563800000000015,0.05836878960524734,0.008254593387904251,-3.709180000000001,0.06102710545322354,0.00863053602043218,0.9277747199999996,0.002745264357248485,0.0003882390086320265,6.3606947200000015,0.009341985205500917,0.0013211562177108203
GLY  53,5.290940000000001,0.006332171822984885,0.0008955043271341989,-1.23408,0.008337481634160262,0.0011790979603066036,-19.96686,0.041994766340334236,0.005938956810718982,2.9352199999999984,0.03859807767246597,0.005458592492593152,0.30355387200000006,0.001489157610856495,0.0002105986889784371,-12.671226127999999,0.009202819497988773,0.001301475214612728
GLY  54,4.33694,0.006014682036343328,0.000850604490915856,-2.10002,0.012324755575654085,0.0017429836488023428,-10.814960000000003,0.16333633521027896,0.023099246048269458,-2.6558800000000002,0.1409010489669911,0.01992641744017144,0.079239024,0.002452426577131499,0.0003468254926103593,-11.154680976,0.0267010943648575,0.00377610497809853
ALA  55,9.373039999999998,0.030481443536219222,0.004310727084963093,-4.470060000000001,0.02697881390999984,0.003815380452826168,-5.198119999999999,0.15440306214582464,0.021835890455856103,-1.4911200000000002,0.13861870580841387,0.019603645375286503,0.12993868800000002,0.004107653942222208,0.0005809099914625956,-1.6563213119999998,0.0366872820834237,0.005188365188898526
ALA  56,9.383840000000001,0.016041645800536568,0.002268631305390422,-6.29312,0.033158793705267746,0.0046893615769921255,-7.71556,0.15236077710482754,0.021547067735535125,-0.7610000000000001,0.11485416840498085,0.016242832265340734,0.0,0.0,0.0,-5.385839999999998,0.08062316292498198,0.01140183704499252
ASP  57,17.08086,0.013916910576792877,0.0019681483684034057,-5.33858,0.023504118787994886,0.003323984356161064,-43.88046,0.8717398513321197,0.12328263206149892,-33.77516,0.8469464294749844,0.1197763127166991,0.4583165760000002,0.0018955940563293932,0.0002680774823214856,-65.45502342399999,0.02323890718484197,0.0032864777715533077
ARG  58,13.72308,0.02150612935783849,0.0030414259812005374,-3.24868,0.010002879585537179,0.0014146207972651642,-158.65957999999998,1.020208117794181,0.1442792156627659,-52.50095999999999,1.009924095366124,0.14282483526341513,1.5755225760000002,0.003593463692102172,0.0005081925089266187,-199.11061742400005,0.026317987910481927,0.003721925543737469
ALA  59,7.5362800000000005,0.018073228820675816,0.0025559405314072034,-3.3884400000000006,0.015069386185089214,0.002131133031959092,-8.911759999999997,0.048404363440059675,0.006845410725496879,-3.37442,0.042592529861394446,0.006023493338576507,0.25893489599999997,0.001741353418573971,0.0002462645621432063,-7.879405103999997,0.03455455271079839,0.004886751708534707
GLY  60,6.565859999999999,0.045885078184770195,0.006489129987945185,-2.165840000000001,0.019656408624039803,0.0027798359663664556,-15.05222,0.09843684066459128,0.013921071510502437,1.6271800000000005,0.07653566227582288,0.010823777159567559,0.201901392,0.0060912971924147455,0.0008614395101958089,-8.823118608000001,0.027224748247228876,0.0038501608203424225
VAL  61,11.167059999999998,0.04004867538488859,0.0056637379884386975,-5.679320000000001,0.045937975575748156,0.006496610808718703,-20.200480000000002,0.06085926059372574,0.00860679917276454,-2.12752,0.0797469096579858,0.011277916119566547,0.022268015999999995,0.001333500872044784,0.00018858550186820827,-16.817991984000003,0.05054785654060977,0.007148546426861989
ARG  62,11.253980000000002,0.012788260240598688,0.0018085331071411284,-5.11816,0.059358355772406536,0.008394539177350462,-134.13067999999998,0.8564710021944814,0.12112329070827123,-64.67196000000001,0.8481352948662478,0.11994444367271517,1.2865299839999997,0.007522322390731095,0.0010638170345514718,-191.38029001600003,0.038215345049148954,0.005404465925927396
LYS  63,8.94274,0.010256334626516823,0.0014504647529056884,-3.498400000000001,0.05029512898870168,0.007112805353712612,49.23407999999999,1.8032809746683232,0.2550224411145316,-88.1576,1.7568119535104425,0.24845072911936392,1.188593568,0.006266931313023852,0.000886277925733896,-32.290586432000005,0.03960296433405406,0.0056007049271397215
GLY  64,6.26092,0.010873527486773733,0.0015377490042632047,-2.7164200000000007,0.09112740312331384,0.012887360940083078,-14.746839999999999,0.40969238997089685,0.05793925342978893,-3.742620000000001,0.27078913493712187,0.038295366717135584,0.16392153599999998,0.00870293752462376,0.0012307812279808653,-14.781038464000005,0.0470388585583738,0.006652299173180196
ASP  65,14.438040000000006,0.09628913957350632,0.013617340709408853,-6.56766,0.046224932666079355,0.006537192669615253,-76.99841999999995,1.442394607452297,0.2039854016152855,4.46216,1.3442813003237086,0.19011008465623283,0.010699200000000006,0.0006720342848396657,9.503999999999589e-05,-64.6551808,0.07349425740459509,0.010393657557811763
ARG  66,13.742239999999995,0.089827292067455,0.0127034974713044,-8.9877,0.06813112357798545,0.009635195898370438,-155.08701999999994,1.2591241319339963,0.17806704240923077,-48.83473999999998,1.2082293128382144,0.17086942806725278,0.6367219199999999,0.013038384398570652,0.0018439060047892386,-198.53049808,0.08404596005815997,0.011885893657691726
ILE  67,13.19074,0.04353610455704074,0.006156934951746012,-8.486680000000002,0.056177020212827,0.007944630387868743,-12.36646,0.1278350828216903,0.018078610787352227,-1.00534,0.09858064921677111,0.013941409110990233,0.0,0.0,0.0,-8.667739999999998,0.05182231565671293,0.0073287821635303
LEU  68,13.299000000000001,0.023568623208534555,0.0033331066587970856,-7.56982,0.04210590932406745,0.005954674802214795,-34.06494000000001,0.07735358039262263,0.010939448248936445,-1.7229200000000002,0.06991275706192382,0.009887156921986804,0.12201955199999998,0.004511980372043219,0.0006380903835304723,-29.936660447999994,0.03538623300272834,0.005004369063375283
GLU  69,15.423720000000003,0.03445114802035997,0.004872128076971608,-6.114019999999999,0.030587899568523706,0.004325782241431236,-11.888039999999998,0.39035327384314644,0.055204289398571645,-69.09421999999999,0.3856424919550415,0.054538084235017686,0.39928060800000004,0.0022353572088358253,0.0003161272481484091,-71.273279392,0.05795456702011407,0.00819601346813058
VAL  70,10.893660000000002,0.0249572514501001,0.003529488348028715,-6.61506,0.038895454747374936,0.005500647961840662,-26.34738,0.04811606384745273,0.0068046390061077405,-1.9780000000000002,0.03735398238472158,0.0052826508497118944,0.0,0.0,0.0,-24.046780000000002,0.03275319220878353,0.004632000863267446
ASN  71,18.464859999999994,0.048955494075810395,0.006923352367468677,-4.0646200000000015,0.02766650682662234,0.003912634917769713,-89.40188000000002,0.09388964584633305,0.013278001052229094,-8.6657,0.11551160114906911,0.016335807295644513,0.339376032,0.0053425395656165305,0.0007555491911209761,-83.32796396799999,0.0707110063040632,0.01000004641242556
GLY  72,6.110380000000001,0.009378464692817046,0.001326315196281909,-1.2342199999999997,0.012571857460257862,0.0017779291324518042,-5.2007,0.03360907615494874,0.00475304113171587,-6.508199999999999,0.0314401017814041,0.004446301834165218,0.5095972799999998,0.003662350615685188,0.0005179345910867448,-6.323142720000001,0.018009397614068917,0.002546913435598592
VAL  73,10.726259999999998,0.011429453182189023,0.0016163687700760045,-2.392780000000001,0.014603136649210783,0.0020651953902501483,-30.327279999999988,0.053556340433478906,0.007574010299209643,-0.20912000000000006,0.04840480967837753,0.006845473833124995,0.5176255679999999,0.0018900602925527494,0.0002672948899430958,-21.685294432,0.012634164992904215,0.0017867407482224519
ASN  74,20.443740000000002,0.00941447821671744,0.0013314082776747873,-4.362059999999999,0.03278195235203067,0.004636068161731036,-92.52793999999999,0.0838802503701435,0.011862458768870777,-5.226419999999998,0.08353348789575257,0.011813419149450206,0.594459072,0.0029019771482812567,0.00041040154407961515,-81.07822092800001,0.02620287096871743,0.0037056455497072424
VAL  75,13.45818,0.022502168783298436,0.0031822872276149133,-6.337119999999999,0.023750907351212075,0.003358885529475096,-34.41816000000001,0.06138024437622618,0.008680477405863396,1.9511400000000003,0.058833327289878855,0.00832028893728818,0.023540111999999995,0.0008116354178179655,0.00011478258155805203,-25.322419888000002,0.034962526097111035,0.00494444785813577
GLU  76,15.310899999999997,0.02102022835510797,0.0029727092023973186,-5.989719999999998,0.06431921641327883,0.00909611081728691,0.9044199999999998,0.3603637101596113,0.05096312462948093,-80.44434000000001,0.36581474054161206,0.05173401673899426,0.49966790400000005,0.004645444561931058,0.0006569650702735244,-69.71907209599998,0.10339866845659425,0.014622779926263471
GLY  77,6.14854,0.012980308163297014,0.0018356927848316837,-3.6858000000000004,0.030963849889738927,0.0043789496457353454,-12.783140000000001,0.08262735866520798,0.01168527312474032,-2.1815399999999996,0.07932495445951127,0.011218242643126895,0.04156848000000001,0.002036473130095079,0.0002880007919988849,-12.460371519999999,0.03009337596935188,0.004255846043345001
ALA  78,7.108600000000001,0.02248910847489964,0.0031804402210882784,-4.45312,0.04438632221748397,0.006277173886382805,-12.3071,0.16465105526527762,0.02328517554151976,2.38046,0.14662867523100245,0.02073642611444836,0.06929395200000003,0.001792827388705397,0.0002535440808101113,-7.201866048,0.0775365378041891,0.010965322334213844
THR  79,15.405300000000002,0.12535106700738335,0.017727317901978016,-6.763220000000001,0.05085795512976216,0.007192400989907197,-31.278460000000006,0.1663816348024503,0.023529916446743255,-5.759880000000001,0.145049597034939,0.0205131107343563,0.10968652799999998,0.0032569144282925634,0.0004605972555979958,-28.286573472000004,0.09827246559432684,0.013897825365134037
HIE  80,30.891980000000004,0.10351859543050142,0.01463974016156286,-12.079160000000002,0.2381444402039237,0.033678709714013745,-4.85318,1.7353116571959026,0.24541012805505766,-10.536579999999999,0.6599864268301361,0.09333617558053367,0.029710656,0.015283088865123574,0.0021613551548010992,3.4527706560000007,1.0025879088631269,0.14178734181855146
LYS  81,11.600999999999999,0.19441234528716542,0.02749405753978704,-3.5498199999999995,0.2320097144517924,0.03281112847800338,16.158160000000006,1.3658192905358337,0.19315601644265745,-57.4752,1.3680569140205088,0.19347246419060865,1.053547632,0.03944186514022441,0.005577922060659595,-32.21231236800001,0.108317735334595,0.015318441035572367
GLN  82,20.71536,0.06876212911244076,0.009724433556846355,-6.065079999999998,0.0899990755510014,0.0127277913245267,-80.04118,0.7240118421691605,0.10239073665143554,-8.004940000000001,0.3984843490025128,0.056354197075276724,0.5333783039999997,0.012557262248019634,0.0017758650577425026,-72.86246169599997,0.35981192154418973,0.05088508993513171
VAL  83,13.316200000000002,0.06637288603009722,0.009386543559760723,-7.553999999999999,0.08578274884857187,0.012131512683929533,-25.569379999999995,0.13815902286913034,0.019538636390573873,-2.624180000000001,0.07856963535614314,0.011111424391136627,0.0,0.0,0.0,-22.431359999999998,0.09824087947553722,0.013893358413376538
VAL  84,12.891060000000003,0.07365090902276304,0.010415811442109844,-6.710040000000003,0.19660080976427244,0.02780355315421669,-31.90132000000001,0.22623672911214024,0.031994705061731674,-2.1056,0.18858218367597748,0.026669548177650142,0.054834192000000004,0.01253517833050394,0.0017727419201764001,-27.771065808,0.3123082063884013,0.044167050111489276
ASP  85,14.475259999999999,0.10706611228614106,0.015141434806562134,-4.4278200000000005,0.0796383550808697,0.01126256418404502,-71.69279999999998,1.0522913855029563,0.14881647489466557,-9.994260000000002,1.0899282693828756,0.15413913405750987,0.5093317439999999,0.00585559303163037,0.0008281059081069057,-71.130288256,0.14280648473867244,0.020195886751225696
LEU  86,12.628800000000002,0.060332744011093516,0.008532338483567258,-6.053660000000001,0.09025023213270754,0.01276331022893951,-31.259740000000008,0.12901500842740934,0.018245477466772145,-1.9095000000000002,0.12157092580053472,0.01719272520573694,0.331345728,0.009251908955693115,0.00130841751229823,-26.262754272000002,0.08056223912422546,0.011393221118462402
ILE  87,14.402780000000002,0.10207610690016355,0.014435741477245717,-7.82952,0.13781919169688084,0.019490577005302632,-8.011700000000001,0.257086152874836,0.03635747240939159,-1.9760199999999997,0.12443351477797941,0.017597556421277142,0.0,0.0,0.0,-3.414460000000001,0.21986888911347038,0.031094156492817597
ARG  88,13.132400000000002,0.13110880977249262,0.018541585692685325,-4.49022,0.4360342321423832,0.06166455247546968,-146.21485999999996,2.740488606146431,0.38756361543412216,-62.44316000000001,2.537629944337612,0.3588750683566333,1.0953215999999997,0.08391836989395336,0.011867849683627087,-198.9205184,0.5296485544513314,0.07490361689963776
ALA  89,8.558799999999998,0.19320527943107463,0.02732335264935093,-1.4328399999999997,0.109732285130681,0.01551848858620006,-7.327460000000001,0.28675175396144914,0.04055282194865543,-5.508959999999999,0.1656199215070751,0.023422193919447307,0.38510971200000005,0.010357582787669593,0.0014647834051724467,-5.325350287999999,0.27629691309214405,0.03907428417367305
GLY  90,7.4013800000000005,0.27562959855577185,0.03897991164690242,-0.7855199999999999,0.05246608047110133,0.007419824256678968,-15.296460000000007,0.763676376745901,0.10800014892579986,-0.4346,0.5832410822292955,0.08248274486218313,0.473478624,0.01350129646305833,0.001909371656767699,-8.641721376,0.3013532542511836,0.042617785922729134
GLU  91,15.61424000000001,0.11194490787727923,0.0158314006958655,-1.11122,0.15544211655789847,0.021982834940015943,-9.859,3.333772487738179,0.4714666266025625,-65.35454,2.5296267330183,0.35774324335760244,0.9497102400000001,0.012408116025749961,0.0017547725967114543,-59.76080976000003,0.6268601720112075,0.08865141569697808
LYS  92,10.757579999999997,0.10374759563510443,0.01467212568107644,-3.1719399999999998,0.2140204111761369,0.030267056810995913,19.80744,1.3922920406294135,0.19689982866422287,-62.39620000000003,1.4618105349173165,0.20673122840999378,1.2465184320000002,0.03583197006328353,0.00506740580300423,-33.756601567999994,0.13042452471163268,0.018444813171325583
GLU  93,15.062959999999999,0.054846316194336955,0.007756440420823444,-4.23732,0.03045944188579418,0.004307615581720525,-35.539120000000004,0.9041180374264258,0.1278615990514597,-47.60645999999999,0.8733472438847638,0.12350995169629961,0.5188972320000002,0.014220183473762537,0.002011037632802873,-71.801042768,0.07351539450498164,0.010396646795215353
LEU  94,12.968099999999993,0.05160397271710454,0.007297903808886041,-8.232279999999998,0.051896065361961015,0.007339211946868587,-32.14606,0.053967549509735285,0.007632164044470912,0.07878000000000003,0.044960111209826834,0.0063583199038739725,0.0,0.0,0.0,-27.331460000000007,0.10008920221267896,0.014154750721627377
ILE  95,13.122100000000003,0.06465639952753924,0.009143795710605937,-5.01818,0.040939804591598586,0.0057897626894343026,-12.779800000000002,0.05032414927237599,0.007116909441588225,-0.6914199999999999,0.030613127902913217,0.004329350066696209,0.3701338559999999,0.004969302766237034,0.0007027655367550552,-4.997166144,0.06900440956621272,0.009758697187208577
LEU  96,11.556499999999996,0.01911988493948301,0.0027039600592429955,-8.086319999999999,0.03234776035575826,0.004574664140750806,-34.719579999999986,0.05554892978809179,0.007855804988163023,0.37134,0.0391809188253673,0.005541018678907375,0.00032155200000000007,0.0005507122000609755,7.788246622905567e-05,-30.877738447999974,0.03839020416491482,0.0054291947392294615
THR  97,16.219740000000005,0.011285052050055524,0.0015959473661274822,-5.300840000000001,0.012883105215393023,0.0018219462121088366,-45.0197,0.08250024242104471,0.011667296173090957,2.41152,0.07843602233667162,0.011092528656712002,0.13191105600000003,0.0022668616526072233,0.00032058264931406224,-31.557368944,0.02716730015029469,0.003842036432560737
VAL  98,11.857299999999999,0.011114405068406935,0.0015718142385449355,-6.6446000000000005,0.020750903594303424,0.0029346209294560505,-27.125700000000002,0.03514839967815967,0.004970734352056354,-1.3030199999999998,0.050271856938060036,0.007109514188748447,0.00019152000000000004,0.00038304,5.417003629313903e-05,-23.21582848,0.01693619639730782,0.0023951398640087067
LEU  99,11.57228,0.015252593221447076,0.002157042419513039,-8.67074,0.03284436633544144,0.004644894831913159,-33.857820000000004,0.163127519443722,0.023069715039359243,0.23395999999999997,0.13574991123385693,0.019197936555786423,0.0,0.0,0.0,-30.72231999999999,0.06628678300113243,0.009374366752628382
SER 100,11.974940000000004,0.009523465751645395,0.0013468214426772599,-4.89068,0.014849161592762533,0.0020999885714354442,0.18164000000000002,0.15647003035725404,0.022128203903615855,-11.108379999999997,0.1434485120177489,0.02028668311977404,0.2621797920000001,0.0024981646962312608,0.0003532938394451912,-3.5803002079999997,0.029845158588515393,0.004220742804705433
VAL 101,7.8896599999999975,0.005591457773145945,0.000790751541621946,-2.0625799999999996,0.0135352724391992,0.0019141765853930273,-66.34962,1.0466870953635914,0.14802390858240919,-44.25508,1.017785887895589,0.14393666062538843,1.0234713599999998,0.003762223159018988,0.0005320587016158802,-103.75414864,0.043122955875386774,0.006098506904858852
GLU 102,9.461359999999999,0.20131654278770872,0.028470458514044117,-2.8989,0.2851487506548188,0.04032612304697887,-88.64165999999999,2.879954288596276,0.4072870413947412,-69.29384,2.3475871388301353,0.3319989570586227,1.0930129919999996,0.023820897178506828,0.0033687835857739348,-150.280027008,0.547957268367863,0.07749286005267456
LYS 103,9.163940000000002,0.10597950934024784,0.01498776594426246,-4.3050000000000015,0.16106023717847132,0.022777357177682152,65.91006000000002,0.9827413985378131,0.1389806214117678,-99.96173999999999,0.9420282121052013,0.13322290736972542,0.918684,0.052851299184212996,0.007474302409535211,-28.274056,0.21471482326356836,0.03036526151018805
VAL 104,11.032459999999999,0.17271458652948948,0.024425531068966548,-3.2121200000000005,0.1916425464243225,0.027102348828099233,-31.3105,0.2770640539659976,0.03918277427647849,-1.3430199999999994,0.4151030951462561,0.05870444269388846,0.5897115360000001,0.02576995764265884,0.0036444223600028323,-24.243468463999992,0.4123820285974335,0.058319625772141996
SER 105,11.590040000000002,0.594786279599608,0.08411548233232012,-3.6574200000000006,0.15361081862941775,0.021723850303295628,-14.829779999999996,0.8439999594787363,0.11935961893371715,-5.564939999999999,0.7792085833716275,0.11019673465216821,0.24209193600000004,0.028909016254156875,0.00408835228614929,-12.220008063999998,0.3946670282149392,0.055814346392305196
CYS 106,10.376620000000003,0.07354750573569135,0.01040118800901277,-3.6792599999999993,0.26858367858082605,0.037983468088106036,4.296920000000001,2.023341254855441,0.2861436643925562,-3.06206,1.5012870932636444,0.21231405683091276,0.6342266880000001,0.03952516737286291,0.005589702775376928,8.566446688,0.6517622582454122,0.09217310250535775
VAL 107,10.201459999999999,0.546205500155414,0.07724512261625661,-7.43672,0.6709593442228792,0.09488798044009536,-95.20796000000001,2.5754000928781244,0.3642165739885172,-12.464299999999998,1.9728355861551357,0.27900108422728676,0.095409936,0.00839029996292762,0.0011865675999950716,-104.81211006400002,1.558733369519786,0.22043818712983945


