#Frame       SA_00001
       1    5975.5255
       2    5987.8152
       3    5951.6495
       4    6008.6925
       5    5972.3149
       6    5909.1370
       7    5983.7544
       8    5999.9048
       9    5985.4450
      10    5995.9162
      11    5999.3405
      12    5898.6713
      13    6049.2405
      14    5946.1021
      15    6004.0337
      16    5966.4368
      17    5992.5723
      18    5896.2113
      19    5955.9021
      20    5981.7900
      21    5997.2263
      22    5996.0768
      23    5980.1558
      24    5987.3742
      25    5999.0657
      26    5971.3843
      27    5900.8006
      28    5959.0230
      29    5912.0968
      30    5966.6408
      31    5983.4866
      32    6002.8691
      33    5988.2223
      34    5988.0008
      35    5985.6538
      36    5967.4679
      37    5989.9163
      38    5993.7032
      39    5981.2077
      40    5997.6738
      41    5995.3652
      42    5974.2769
      43    5963.1810
      44    6016.9106
      45    6045.4896
      46    6028.2208
      47    5969.6077
      48    5976.4931
      49    5960.5508
      50    5970.3400
