| Run on Mon Jun 20 15:46:12 2016
| GB non-polar solvation energies calculated with gbsa=2
idecomp = 2: Per-residue decomp adding 1-4 interactions to EEL and VDW.
Energy Decomposition Analysis (All units kcal/mol): Generalized Born Solvent

Total Energy Decomposition:
Residue,Internal,,,van der Waals,,,Electrostatic,,,Polar Solvation,,,Non-Polar Solv.,,,TOTAL,,
,Avg.,Std. Dev.,Std. Err. of Mean,Avg.,Std. Dev.,Std. Err. of Mean,Avg.,Std. Dev.,Std. Err. of Mean,Avg.,Std. Dev.,Std. Err. of Mean,Avg.,Std. Dev.,Std. Err. of Mean,Avg.,Std. Dev.,Std. Err. of Mean
GLY   1,1.1639399999999995,0.00228394395741627,0.0003229984520278168,0.05382,0.028981159397097972,0.004098554867267242,-32.42021999999999,0.43233418971983867,0.06114128745793786,-82.58562000000002,0.42030631163493054,0.059440288626513134,0.9997724160000001,0.00536222571159472,0.0007583332325842973,-112.78830758400004,0.006783333973378717,0.0009593082903258356
SER   2,11.24246,0.010334814949864995,0.0014615635466715294,-0.52054,0.014468185788132895,0.0020461104564511207,-4.3001,0.09502952172879485,0.01343920384546904,-12.138040000000004,0.06933771268160563,0.009805833365825562,0.841474512,0.010329936450546,0.0014608736226814343,-4.874745487999999,0.011835871085561979,0.0016738449411701317
HIE   3,27.205140000000007,0.02324479295749017,0.0032873101455037205,-1.7751599999999998,0.021083984443156192,0.0029817256748374834,-5.07012,0.14392951608340884,0.02035470736709533,-22.89092,0.1012641772797907,0.014320917289163343,1.321213392,0.007526366603374346,0.0010643889725883925,-1.209846608,0.08380055718960093,0.011851188451195581
GLY   4,3.92166,0.010327845854800082,0.0014605779677957025,-2.1068399999999996,0.035196795308685545,0.0049775785277612825,-5.922039999999998,0.06563351582855585,0.009281980823097289,-5.57366,0.07565622512393623,0.010699405964822271,0.173959056,0.0027272742715148198,0.0003856948263087461,-9.506920943999996,0.04536157823076235,0.006415095914459226
GLY   5,5.67702,0.010672375555385645,0.001509301825316547,-4.02336,0.01527581094405465,0.002160325901332944,-8.46404,0.3677146154288592,0.05200269962222996,-2.4911800000000004,0.3593753297041911,0.05082334652499697,0.022133375999999993,0.0016877929354704967,0.00023868996598198742,-9.279426624000001,0.02087406989771397,0.002952039275127106
SER   6,11.459399999999999,0.0057131427428853306,0.0008079603950761859,-3.0829000000000004,0.016591865476720712,0.0023464441182248367,-2.63454,0.032275197908004385,0.004564402260977554,-6.141700000000003,0.02441659271818906,0.0034530276569003124,0.44526211200000015,0.0019124690688464647,0.0002704639694781715,0.045522112000000024,0.006020987933840496,0.0008514962794921988
PRO   7,18.866999999999997,0.008091971339532985,0.0011443775614701928,-3.4963599999999992,0.013466640264268538,0.0019044705301328167,0.15732000000000002,0.13719277531998547,0.019401988351712827,-3.19758,0.13210981644073075,0.01868314941331015,0.607568256,0.010690517932675095,0.00151186754491819,12.937948255999997,0.028302738580791412,0.004002611675325546
ARG   8,13.763540000000003,0.008511662579215866,0.0012037308657870636,-5.64662,0.01521169287071884,0.0021512582364424703,-187.32918,0.49093872080998674,0.06942921972635817,-20.931920000000005,0.48685660476132336,0.06885192133843811,0.5477688,0.002926121102067391,0.00041381601476898113,-199.59641119999998,0.03374744664169974,0.004772609673615413
VAL   9,10.735379999999997,0.00801720649934036,0.001133804216371286,-2.24402,0.020519736840413645,0.002901929013603982,-30.358,0.020504633624731126,0.0028997930963586154,-2.7364399999999995,0.017195534304085824,0.002431815782508997,0.728352144,0.003909568836968349,0.0005528965272271847,-23.874727856,0.03525381635261945,0.004985642521128482
VAL  10,11.015080000000001,0.03242211590795509,0.004585179603786255,-4.693300000000001,0.04055132550217137,0.005734823449737672,-21.633160000000004,0.018391693770953697,0.002600978276589549,-1.6531599999999997,0.020327675715644835,0.0028747674688587134,0.06929208,0.0024205882802324523,0.00034232287748261,-16.89524792,0.03227996366299679,0.004565076240512075
ARG  11,11.975599999999996,0.029390474649182177,0.004156440785345606,-4.6909600000000005,0.05470062522482931,0.007735836606324144,-187.75648,0.5182415745529683,0.07329042633183952,-18.707900000000002,0.5182975303817606,0.07329833968103672,1.1332509119999998,0.008943799306217099,0.0012648442277995299,-198.04648908800002,0.06241035557606375,0.008826157128819668
ILE  12,14.242880000000003,0.03620311588626078,0.005119893748651485,-7.408480000000001,0.08614435326802929,0.012182651271350606,-13.94934,0.0943783047107723,0.013347107851575474,-2.62804,0.06797439517933776,0.00961303115567278,0.011162448000000002,0.0015226770060967902,0.00021533904731357406,-9.731817552,0.11844096628840069,0.01675008208656308
VAL  13,11.348539999999998,0.06385584076669053,0.009030579604899051,-2.9930000000000003,0.019557095898950334,0.0027657910260926797,-20.922859999999996,0.05248009527648998,0.007421806249464433,-2.17964,0.05645981225615053,0.007984623222168677,0.628077456,0.005116437227152877,0.0007235734917670191,-14.118882544,0.04453802390601319,0.006298627744918098
LYS  14,11.56434,0.12362420636734732,0.01748310292823129,-6.617460000000001,0.14309817748662187,0.020237138335245295,-1.9949800000000002,3.2477547474524613,0.45930188111088766,-37.15966,3.2680124945293145,0.46216675917680866,0.5881646879999998,0.02944664891136591,0.00416438502568926,-33.619595312,0.07100706737885779,0.010041915771152085
SER  15,11.26426,0.02202072660109371,0.003114201021257671,-2.2290599999999996,0.014696135546516779,0.0020783474204357365,-19.148760000000003,0.11257753949971068,0.015920868317908364,-4.18588,0.12886436900865197,0.018224173835868676,0.39813883199999983,0.006648244738147581,0.0009402037874663874,-13.901301168000005,0.023533785461980494,0.0033281798574311587
GLU  16,15.945440000000001,0.019823380134147323,0.0028034493037788527,0.46034000000000014,0.012698992085978708,0.001795908683645969,-42.28994000000001,0.3990971515789863,0.05644086044674733,-40.481200000000015,0.39766553785602454,0.056238399692438136,1.3488151680000002,0.003230625529294919,0.0004568794438477633,-65.01654483200001,0.021046803217224255,0.002976467455439623
SER  17,10.384820000000001,0.017342076000111867,0.0024525399079063158,-1.2666800000000003,0.019960400797541106,0.0028228269518285375,-8.929979999999999,0.15072338770090607,0.02131550590534395,-8.754480000000001,0.16015083390349616,0.022648748133168514,0.473797008,0.006683814100218883,0.000945234054891007,-8.092522992000001,0.007508416611886166,0.0010618504604476859
GLY  18,5.16544,0.014077158803889715,0.001990810890014065,-2.820579999999999,0.025099075680293733,0.0035495453230100114,-11.520800000000001,0.046820081161410336,0.006621359376987554,-0.5752399999999999,0.041771550126851915,0.005907389271074155,0.13254105600000002,0.003073891486186939,0.0004347139029028758,-9.618638944000002,0.021154732542693004,0.0029917309670251914
TYR  19,10.26062,0.04691221162996644,0.006634388592801538,-10.040220000000001,0.08681250831517236,0.012277142664294383,-32.99379999999999,0.20426228237382804,0.02888704900143504,-0.22777999999999998,0.16215317326528028,0.022931921681359373,0.035382672,0.004250299182271281,0.0006010830747711322,-32.965797328,0.1318060454025835,0.01864018970110975
GLY  20,6.884619999999999,0.03499936570886366,0.004949657765993082,-3.142940000000001,0.018743969696745643,0.0026507976157847998,-14.046600000000005,0.12180016420338423,0.017225144411569592,0.21409999999999996,0.12518789877619974,0.017704242429429185,0.012894912000000003,0.0012227677222824765,0.00017292546964839365,-10.077925087999999,0.021024494299993826,0.0029733124981087098
PHE  21,10.328679999999999,0.0993847956179966,0.014055132585664893,-9.432519999999998,0.04369816472149976,0.0061798537199958484,-8.43312,0.19835630970554416,0.028051818336785852,-1.5588400000000002,0.2332957230640967,0.032992997560088326,0.015353424000000003,0.0012942052292522546,0.0001830282587702719,-9.080446576,0.11894031308831911,0.016820700388240302
ASN  22,18.127799999999997,0.03578323630119137,0.00506051380827461,-7.108979999999999,0.03980326117324973,0.005629031177788819,-91.84336000000003,0.1948237931841356,0.02755224505939755,-3.0272199999999994,0.19966504851877687,0.02823690195471363,0.26473939199999996,0.003955305896837997,0.0005593647242642573,-83.58702060799999,0.06483451057299788,0.009168984416215543
VAL  23,10.767599999999998,0.021477430013763812,0.003037367281038375,-7.422599999999999,0.0984847196270083,0.013927842618302688,-24.224840000000007,0.2794055375249667,0.03951391005699527,0.57928,0.10254131655093905,0.014501532056993073,0.0,0.0,0.0,-20.30056,0.19185829770960378,0.027132860667473658
ARG  24,12.3231,0.1496432090003525,0.02116274556853301,-8.121139999999999,0.23043940722026943,0.03258905349961215,-145.96388,2.465810703520595,0.34871829391635684,-60.86584,1.9289860482650507,0.27279982310849166,0.8015186880000001,0.01787331225030211,0.0025276680588906426,-201.826241312,0.5068728301978166,0.07168264308641871
GLY  25,6.009679999999999,0.060143973929481544,0.008505642362608664,-3.449560000000001,0.07256615188909704,0.010262403617078702,-15.727240000000002,0.20996214515970094,0.029693131326979753,-1.3385800000000003,0.21541198573895343,0.030463855172974764,0.093930912,0.005973194283819828,0.0008447372366867447,-14.411769087999996,0.09177926793595084,0.01297954854596958
GLN  26,19.960439999999995,0.08977620174750348,0.012696272208966257,-8.399020000000002,0.09591569006155848,0.013564526972943029,-80.61088000000001,0.662620332920146,0.09370866615198459,-3.1347799999999997,0.6441184142686843,0.09109209972330251,0.3110428800000001,0.010268479965095039,0.001452182363159381,-71.87319712000001,0.2311810275719253,0.03269393445555652
VAL  27,12.387180000000003,0.06586157908765428,0.009314233838506889,-3.08668,0.18197477187786104,0.025735119039942116,-25.451060000000002,1.405413069670238,0.19875542238640542,-3.910020000000001,1.0329840364691003,0.14608600340895053,0.46512374400000006,0.0400041871819432,0.0056574464064416,-19.59545625599999,0.4291913332110403,0.06069682042800433
SER  28,11.21562,0.054334478924450744,0.007684055699943334,-2.54238,0.1902085055932051,0.026899544828862934,-10.3346,1.3535108274409842,0.19141533689858697,-7.3425800000000025,0.9962714507602636,0.14089405974702837,0.5630964479999999,0.016670519987411713,0.00235756754580094,-8.440843551999997,0.5666639200292509,0.08013838010128696
GLU  29,14.574279999999996,0.05430397407261974,0.007679741662425575,-2.225900000000001,0.05496844549370574,0.007773712111976489,-13.473979999999994,2.109839202309083,0.2983763214331937,-66.15899999999998,2.024336365331776,0.2862843942657254,0.9164537279999999,0.010060925255403846,0.0014228296946214114,-66.36814627199999,0.1993937475533707,0.028198534204237395
GLY  30,4.810079999999999,0.021135600299245678,0.002989025259209008,-1.9309400000000005,0.037919604428294895,0.005362641886231751,-9.391980000000004,0.20558662310546408,0.02907433906382332,-2.6657399999999996,0.20668273367653187,0.029229352507369778,0.23177419200000002,0.003568406297258179,0.0005046488581640075,-8.946805807999999,0.030651760442461283,0.004334813532833989
GLY  31,5.32502,0.014968620510827367,0.0021168826136428146,-1.6758800000000005,0.021923174952523453,0.00310040513481368,0.32398000000000005,0.11122112928755919,0.015729042946091766,-11.203680000000002,0.10826715845511496,0.015311288384682048,0.4025797920000001,0.002774414785689805,0.0003923615017570966,-6.827980207999999,0.02309235216385977,0.003265751761722617
GLN  32,18.525600000000004,0.014244999114253119,0.0020145470943369486,-1.9473400000000003,0.023651308631838428,0.0033448001435017753,-67.20242,0.06247370326067444,0.008835115844291804,-14.717860000000003,0.0656210362606176,0.009280215945674207,1.1483879039999998,0.008344698918602041,0.0011801186384607105,-64.193632096,0.009043625659681826,0.0012789618060947367
LEU  33,11.89532,0.008377207175743915,0.0011847160002746257,-3.1860399999999998,0.010254676981933752,0.001450230326560591,-22.979799999999987,0.027554310019696025,0.003896767893168698,-0.7055799999999998,0.031049051515306077,0.004390998975176675,0.784652832,0.004594602284137549,0.0006497748863937723,-14.191447168000002,0.021238899229940007,0.003003633934085664
ARG  34,11.141120000000003,0.0072267281631608555,0.0010220136979925687,-3.8651600000000004,0.026110810021808015,0.0036926261657388225,-138.74218000000005,1.3528297260146271,0.1913190146111364,-68.60162,1.3375614062915178,0.1891597481284294,1.2216065759999999,0.006555796083802324,0.0009271295733865669,-198.84623342399993,0.053494200640343235,0.007565222405388091
SER  35,10.41942,0.01808434682246323,0.0025575128542986284,-3.3197799999999984,0.011261065669383032,0.001592555179641554,-12.671880000000002,0.026253106482014454,0.003712749924128985,-7.5142999999999995,0.03895959445363797,0.005509718686089043,0.5793884639999999,0.0035934272802509823,0.0005081873595132404,-12.507151535999997,0.017615528287210865,0.00249121190121405
ILE  36,12.77354,0.05844457545428826,0.008265311125459215,-4.3305799999999985,0.050297153001098056,0.007113091592290749,-7.056080000000001,0.2665190304649656,0.037691482751408246,-4.18108,0.15621470353334027,0.022092095237894207,0.23279961599999996,0.005070497860184248,0.0007170766841856321,-2.5614003840000006,0.11324066253315304,0.016014648076649984
ASN  37,19.742880000000003,0.0060054641690809206,0.0008493008876259907,-3.057700000000001,0.04428826029537292,0.0062633058363626235,-81.66868000000001,0.3826060344510136,0.05410866429664111,-17.439400000000006,0.3884438183313037,0.05493425161041204,0.662771664,0.009721756202941618,0.00137486394722848,-81.76012833600002,0.04696930588285024,0.0066424629394777205
GLY  38,6.072280000000001,0.049359513773771846,0.006980489381100973,-1.0077399999999996,0.04943715606707745,0.006991469659521627,-7.9761799999999985,0.23768539626999038,0.03361379109830438,-7.207620000000002,0.17488715104312494,0.024732778088997924,0.5350592160000001,0.003260803067665411,0.0004611471922520217,-9.584200784,0.15987935260351957,0.02261035487953276
GLU  39,14.720480000000002,0.05257613146617673,0.007435387817657796,-2.723139999999999,0.36999129773551026,0.05232467112175804,8.97974,3.2943762190132406,0.46589515284879224,-87.15888000000001,2.835316981503165,0.40097437288685217,0.8120024640000003,0.06342644486505053,0.00896985385412638,-65.36979753600002,0.20785043689931235,0.02939449068081807
LEU  40,11.156839999999999,0.03972825694687412,0.00561842397837125,-3.164899999999999,0.06817836900373406,0.009641877410555813,-19.2191,0.2485716194578868,0.03515333554583874,-11.329559999999997,0.1841710248656934,0.026045716116121612,0.9175628160000001,0.006049886455502218,0.0008555831476188529,-21.639157184000005,0.04811432149583829,0.0068043926003793845
TYR  41,9.483320000000003,0.4908297236312959,0.06941380519752166,-7.685859999999999,0.2366256123077091,0.03346391501304002,-34.535439999999994,3.0657895567700706,0.43356811705660336,0.381,1.7199591274213468,0.2432389524726663,0.16933982399999997,0.008077139849093813,0.0011422800719772645,-32.187640176,0.6268127013544763,0.08864470233232169
ALA  42,10.54768,0.021138060459924436,0.0029893731784687598,-4.058780000000001,0.021304731868668762,0.0030129440751393657,6.9804200000000005,0.13848250286584898,0.01958438337042546,-1.72214,0.11865664920264686,0.01678058425681299,0.10911384000000002,0.0023975983783762716,0.0003390716143823463,11.856293839999996,0.03513675989141402,0.004969088237628471
PRO  43,19.448580000000007,0.04803502471840693,0.006793178342569793,-6.421580000000001,0.036137564942479834,0.005110623445279348,1.33604,0.09995978391333242,0.014136448210211863,-8.845879999999998,0.08885215585475321,0.012565592385588,0.13338460800000002,0.007497888591219001,0.001060361573486441,5.650544607999998,0.02870913545880078,0.004060084872984239
LEU  44,11.831980000000001,0.036562543674393315,0.005170724513918564,-8.0845,0.019490767045063525,0.002756410709618341,-36.28585999999999,0.19313808635433122,0.02731385011330812,2.5730399999999998,0.17765989530561374,0.02512490334309831,0.05724892799999999,0.0025064309904754612,0.0003544628699882627,-29.908091071999994,0.05490157035840526,0.007764254539643742
GLN  45,20.09426,0.05144270988257985,0.007275097800116887,-8.248819999999998,0.06380867966053015,0.0090239100173042,-81.99524000000001,0.22316366728854173,0.03156010849083727,1.5437199999999998,0.19617033822675825,0.027742675285559872,0.000248976,0.000420036152044083,5.9402082290774955e-05,-68.605831024,0.07066595022233713,0.009993674520241119
HIE  46,29.824639999999995,0.0341360571872717,0.004827567504018321,-9.99658,0.11117861125225229,0.015723029987874115,-12.212060000000001,0.47029660470814055,0.06650998367162707,-12.021019999999998,0.3153789777395427,0.04460132276066237,0.3522015360000001,0.012287882959689531,0.0017377690734446181,-4.052818464000001,0.08552370591280078,0.012094878480629092
VAL  47,11.46104,0.03270104585530486,0.004624626255235662,-7.319380000000001,0.04592249557649005,0.006494421606229069,-34.42199999999999,0.25229268717278924,0.03567957398873111,1.8177,0.19809131732612675,0.02801434275509609,0.0,0.0,0.0,-28.462640000000007,0.0903328865902226,0.012774999334420348
SER  48,13.339459999999999,0.014924087911495512,0.002110584753048531,-4.427840000000001,0.045615506135440784,0.006451006743125348,-19.82236,0.11521523510399799,0.016293894807607866,-1.1608599999999998,0.08551444556331257,0.012093568869445239,0.12771691200000002,0.008649738057366177,0.0012232576871701955,-11.943883087999998,0.09922597703688217,0.014032672246528006
ALA  49,6.630300000000001,0.007502666191093594,0.001061037228140265,-3.382200000000001,0.018573098825740816,0.0026266328254658466,0.3299,0.05102323000359718,0.007215774386716896,-3.9999800000000003,0.048625297942450886,0.00687665558246466,0.256256208,0.0027849261255404947,0.0003938480296946524,-0.16572379200000015,0.027613231270619605,0.00390510061638551
VAL  50,10.868279999999997,0.013111887738103725,0.0018543009467539772,-5.7131799999999995,0.010005378553813797,0.0014149742047480376,-25.872540000000004,0.03655856123893528,0.005170161312494961,-1.04382,0.03378087624677366,0.004777337333703445,0.158808816,0.0024561011183895374,0.00034734515121862106,-21.602451183999996,0.02344059609260513,0.0033150008904271953
LEU  51,14.671220000000003,0.007454636135690204,0.0010542447525649645,-2.6145799999999992,0.013560368726684893,0.0019177257364057752,-21.537180000000003,0.03305189253086464,0.004674243467924678,-2.97996,0.032081745588378875,0.004537043971568861,0.5197805280000004,0.005261515227759093,0.0007440906193729473,-11.940719472000001,0.014655627397739755,0.0020726187030970272
PRO  52,18.14468,0.0038700904404314214,0.0005473134388468581,-2.159560000000001,0.005625513309604038,0.0007955677217752386,-7.574859999999998,0.02941496897857002,0.004159904806627758,-2.9785399999999993,0.029168620125105914,0.004125065817663359,0.9232610399999998,0.002052170898307384,0.000290220791669368,6.354981040000001,0.006306757311001184,0.0008919101723813545
GLY  53,5.291819999999998,0.004231737234879886,0.0005984580189966354,-1.23464,0.0055597122227709055,0.0007862620428334081,-19.977259999999998,0.018890007943001497,0.0026714505426328207,2.9454800000000008,0.011711942622520583,0.0016563188098504121,0.3041278559999999,0.001167933649529984,0.00016517076071172085,-12.670472144,0.006640736724214106,0.0009391419939532668
GLY  54,4.33558,0.0034646211916997795,0.0004899714277787063,-2.1126,0.00575847201956279,0.0008143709228611685,-10.158980000000003,0.03883580306787764,0.005492211940424321,-3.261880000000001,0.035620016844374866,0.005037431091327303,0.08094887999999997,0.001433691401104791,0.00020275458237000804,-11.116931119999999,0.010590526890957977,0.0014977266761869738
ALA  55,9.3592,0.011045361018039622,0.0015620499353018729,-4.461979999999998,0.014696244418825034,0.002078362817305227,-4.86988,0.028739965205185083,0.00406444485753036,-1.8157599999999996,0.026676251610788758,0.003772591682125458,0.13053254399999997,0.001857084899748493,0.00026263146517025983,-1.6578874559999994,0.015932418940241687,0.002253184294669977
ALA  56,9.4271,0.0069606034217016355,0.0009843779761271024,-6.2587600000000005,0.020758188745600856,0.0029356512054329272,-7.222299999999999,0.03988044633672145,0.005639946808288388,-1.2130600000000005,0.02777582402015715,0.003928094703539463,0.0,0.0,0.0,-5.26702,0.024511621733351592,0.0034664667891064933
ASP  57,17.09452,0.00962546621910634,0.0013612464871224264,-5.3507799999999985,0.009617255326466845,0.00136008529154943,-42.316140000000004,0.3248620636508236,0.045942433631550636,-35.324920000000006,0.32388182042140745,0.045803806304604164,0.4573219680000002,0.0015975425223625835,0.0002259266301592889,-65.439998032,0.011741498098287562,0.0016604985853176173
ARG  58,13.72344,0.01177312193393237,0.0016649708710439319,-3.26148,0.008574940233018783,0.001212679677407387,-159.08586000000003,0.26476857893981176,0.03744393152269332,-52.09799999999999,0.2637491990544965,0.037299769436791,1.5817880160000002,0.0033833884930776453,0.00047848338936874746,-199.140111984,0.014615325458578736,0.002066919148201882
ALA  59,7.504320000000003,0.010715297474053713,0.0015153719012668929,-3.39408,0.007546760894679495,0.0010672731609242653,-8.82286,0.016421948727094144,0.0023224142610452124,-3.495719999999999,0.018794722663723215,0.002657975169207835,0.26318880000000006,0.0017483052987379171,0.00024724770646439076,-7.945151199999998,0.022290896694361267,0.0031524088422623295
GLY  60,6.492500000000002,0.016803868601799485,0.0023764258877000248,-2.1622200000000005,0.01356950993947563,0.0019190184991162952,-14.738099999999998,0.05020209159049339,0.0070996478786772045,1.3753399999999993,0.04737366779131425,0.006699648348983408,0.20754244800000005,0.0028451946246417998,0.00040237128257594604,-8.824937552,0.016481558497180703,0.0023308443555758477
VAL  61,11.126700000000001,0.012048651375474364,0.001703936618350109,-5.6519200000000005,0.016517675381036677,0.0023359520542738247,-20.5107,0.03792795802535473,0.005363823263257413,-1.8744199999999998,0.05158918103633833,0.007295811949331055,0.022989311999999998,0.0013702694976741427,0.00019378537077169408,-16.887350687999998,0.02579055491294674,0.0036473352539017337
ARG  62,11.24406,0.007091995493224884,0.0010029596210807499,-5.06262,0.023426386832029193,0.0033129913975254166,-137.75803999999997,0.3775339433775774,0.05339136229807661,-61.07294000000001,0.3790656096227133,0.053607972615766636,1.2852544319999994,0.003816177730073774,0.0005396890302296504,-191.3642855680001,0.02320500994114948,0.003281683977377609
LYS  63,8.96172,0.005695752803482475,0.0008055010862609494,-3.5833200000000005,0.02086091081424785,0.002950178299696487,44.0335,0.5526161868789522,0.07815173062711189,-83.03153999999999,0.5296143581893926,0.07489878081789612,1.1764221120000002,0.003970597039592128,0.0005615272184109649,-32.44321788800001,0.025624514352599034,0.0036238535726669584
GLY  64,6.28358,0.005858634652431489,0.0008285360582457595,-2.7708999999999997,0.023930106560668473,0.003384228124713073,-14.864520000000002,0.16579773701719228,0.023447340830048104,-3.542700000000001,0.10847142480852467,0.0153401760094149,0.15685991999999993,0.0030472806426745367,0.00043095056132273307,-14.737680080000002,0.03404307613625794,0.0048144179976795844
ASP  65,14.536179999999996,0.025188640298625845,0.0035622116728054156,-6.613200000000002,0.015419468213142306,0.0021806421071606684,-71.3685,0.63744302490483,0.09014805710605411,-1.2465999999999995,0.6102157323438991,0.08629753646541727,0.010936800000000003,0.0006286305115089424,8.890177950974823e-05,-64.68118320000002,0.03830168295959909,0.00541667595031795
ARG  66,13.859119999999994,0.03574444852180371,0.005055028387908173,-9.017960000000002,0.030974802661931703,0.004380498601633406,-161.20606,1.2252948773222434,0.17328286334153942,-42.76122,1.1916263221328844,0.16852141060410958,0.619506432,0.008669913794760361,0.0012261109673155689,-198.50661356799995,0.06197441027246761,0.008764505152739816
ILE  67,13.123860000000002,0.0227244449849568,0.003213721829512717,-8.5003,0.02129812198279198,0.003012009296114097,-12.31664,0.06090607851487715,0.008613420226669983,-1.07492,0.05999394636127426,0.008484425260439805,0.0,0.0,0.0,-8.767999999999999,0.034072863102579065,0.004818630510854912
LEU  68,13.261459999999998,0.020853978037286485,0.0029491978569761205,-7.539760000000002,0.03644259046753854,0.005153760568720147,-33.8148,0.06842747986027978,0.009677107005741948,-1.9735200000000004,0.06254797838457493,0.008845619933048506,0.13050518399999997,0.004919664910189329,0.0006957456838320764,-29.936114816,0.029902009748859554,0.004228782772904969
GLU  69,15.427620000000001,0.01822403906861096,0.0025772683212046768,-6.16322,0.01548714305503301,0.002190212775083997,-6.084820000000001,0.4528152245673529,0.06403774318321692,-74.81195999999998,0.44493167835159647,0.06292284138542513,0.39608280000000007,0.0019312726034296753,0.00027312319084098424,-71.23629720000001,0.032850417180705936,0.004645750550656846
VAL  70,10.915700000000001,0.015209536481332771,0.0021509532769309167,-6.594179999999999,0.021495757721435554,0.003039959210314034,-26.2916,0.03189357302172475,0.004510432351985979,-2.0381400000000003,0.029347579116477188,0.004150374440933945,0.0,0.0,0.0,-24.00822,0.02227670531932606,0.003150401878757978
ASN  71,18.447499999999994,0.03717162896836714,0.005256862182256543,-4.0645999999999995,0.016369483803995832,0.002314994600465763,-89.68813999999999,0.08763264461231414,0.01239312745173562,-8.4053,0.0805002484466385,0.011384454312763984,0.3428390879999999,0.0028442158860981347,0.00040223286804369924,-83.36770091200002,0.04176067800090111,0.005905851720277009
GLY  72,6.123379999999998,0.008689971233032927,0.0012289475174387214,-1.2397399999999998,0.009245128446935797,0.0013074586035537914,-5.228739999999999,0.02149307795568435,0.0030395802342071004,-6.4717400000000005,0.020981715849142313,0.0029672627115715578,0.5094336959999998,0.001774574019562575,0.00025096266459003315,-6.307406304000003,0.013131045129903795,0.0018570102110843127
VAL  73,10.723939999999997,0.008386679921148226,0.001186055648776994,-2.38754,0.011430153104792139,0.0016164677540797983,-30.36414000000001,0.04240047640737336,0.005996332878638784,-0.18133999999999995,0.03663146734707776,0.005180471793186455,0.5233462560000002,0.002266010780174351,0.00032046231778062054,-21.685733744,0.010826098731987185,0.0015310415654366445
ASN  74,20.445579999999996,0.0073405449662235596,0.001038109824644291,-4.391720000000001,0.02505836387294516,0.003543787803999904,-91.97572,0.10420557374329822,0.014736893566264203,-5.788399999999999,0.09669374333433782,0.01367456032200436,0.5938732800000001,0.001511789471049333,0.00021379931734108142,-81.11638671999998,0.016891901430728624,0.002388875609760591
VAL  75,13.445759999999998,0.018452707120209334,0.0026096068671898616,-6.340100000000003,0.017841804840413315,0.0025232122382526445,-34.09078,0.06534624396012727,0.009241354445855292,1.6381800000000002,0.0654775350788299,0.009259921813924134,0.023788943999999992,0.0009456333082460842,0.00013373274495533498,-25.323151056,0.02946282289533836,0.0041666723724384045
GLU  76,15.301639999999999,0.015650891347593798,0.002213370280699487,-6.024079999999999,0.048723645184005765,0.006890563982747549,7.874860000000001,0.7819680302927908,0.110586979378224,-87.34477999999997,0.774277864594935,0.1094994257155436,0.496886256,0.0030633533591787805,0.000433223586689181,-69.695473744,0.0748731575743561,0.010588663489935222
GLY  77,6.130419999999999,0.00766835054145516,0.0010844685336756953,-3.7253199999999986,0.024186310177691985,0.0034204607877054427,-12.42512,0.1263075041317329,0.017862578537259238,-2.53214,0.11422276655729428,0.016153538559710155,0.042615792,0.0031836247449622116,0.0004502325291832145,-12.509544208,0.02236962958967756,0.0031635433550984498
ALA  78,7.1096400000000015,0.024913257514469267,0.003523266665985586,-4.442540000000001,0.04813739087223907,0.006807655102877532,-12.271580000000002,0.18058660969177087,0.025538803260907898,2.43062,0.2304254230765336,0.032587075843039215,0.07318526400000001,0.0017314692514462642,0.00024486672982272975,-7.1006747359999975,0.09402730964934734,0.01329746965395616
THR  79,15.469380000000003,0.10335799727119217,0.014617028152064131,-6.790039999999998,0.046947187349591975,0.006639334906506356,-33.255260000000014,0.24825203402792193,0.03510813934089942,-3.8375600000000007,0.3013339117988457,0.04261505048688656,0.105268032,0.004446864361387169,0.0006288815889907307,-28.308211968000005,0.1196009962881967,0.0169141351024102
HIE  80,31.002399999999994,0.07959849245070076,0.011256926756823344,-11.749460000000004,0.23248279162097157,0.032878031692873615,-8.003320000000002,2.2715277805036767,0.32124253944955544,-7.203259999999999,0.984672408672035,0.13925370748385746,0.08607297599999997,0.02090834231350329,0.0029568861266495603,4.132432975999999,1.179464827953593,0.16680151560340203
LYS  81,11.54432,0.01723767965907588,0.002437776035770794,-3.504840000000002,0.02893949550322454,0.004092662702889534,-6.415840000000002,0.9530006371456312,0.13477464260015523,-35.16302,0.9368329304627562,0.13248818359381603,1.0939013279999998,0.00671010192111313,0.0009489517141743948,-32.44547867199999,0.04109726255377803,0.005812030607996083
GLN  82,20.662580000000002,0.04873523981464173,0.006892203711137157,-6.081900000000001,0.07877442478363546,0.011140385989715652,-80.81028,0.5663475625442107,0.08009364039669674,-7.258019999999998,0.2824742459057633,0.03994789095810432,0.536438592,0.010651182282161878,0.001506304643874134,-72.95118140800001,0.2784099595403492,0.03937311406817065
VAL  83,13.30446,0.0434387891170434,0.006143172470238758,-7.66098,0.03901614537591346,0.0055177161942137135,-26.58000000000001,0.1391331736128666,0.019676402109932635,-1.6305000000000005,0.1046457356990624,0.01479914186701244,0.0,0.0,0.0,-22.567020000000003,0.04846709811842998,0.006854282748795119
VAL  84,12.904959999999999,0.01876801534709856,0.0026541981842693177,-6.586640000000001,0.12446923475298563,0.017602607988587284,-33.60396000000001,0.18807880901235413,0.02659836025002503,-0.5849600000000001,0.15740888920261092,0.02226097859484162,0.057922416,0.00928216474819012,0.0013126963275071912,-27.812677584,0.1753076140087139,0.024792240531839076
ASP  85,14.427359999999998,0.025691056812734755,0.003633264097626719,-4.3399399999999995,0.04391100545421239,0.0062099539450786116,-55.23976,0.7196479572678594,0.10177359013023002,-26.368060000000003,0.7356656689012043,0.10403883663323579,0.5109153119999998,0.00440808702060826,0.0006233976448665009,-71.009484688,0.044832054165024365,0.006340209902922266
LEU  86,12.58782,0.031911559033785446,0.004512975958204903,-6.09622,0.06511660003406036,0.00920887789037925,-31.73400000000001,0.11781799522814036,0.016661980674324468,-1.3618399999999997,0.10154493783542702,0.014360622827719372,0.334705248,0.005523605443192339,0.0007811557730960456,-26.26953475200001,0.04268678933310104,0.006036823640903466
ILE  87,14.455540000000003,0.05034131901214647,0.007119337609472807,-7.904739999999999,0.07295609912836146,0.01031755048451647,-8.571039999999998,0.20131159529453213,0.028469758832849107,-1.2471200000000002,0.11653456826195063,0.016480476692134382,0.0,0.0,0.0,-3.26736,0.1275098051131634,0.01803260957265859
ARG  88,13.135120000000004,0.09949907336205573,0.014071293899217475,-4.4097,0.2944819349298068,0.0416460346251604,-159.61208,1.69760977659603,0.24007827696792655,-49.17086000000001,1.8939452157861147,0.26784430105563617,1.0571932800000001,0.06876773764212252,0.009725226722720446,-199.00032671999998,0.15761171958100728,0.02228966314204056
ALA  89,8.6099,0.11944710126234172,0.01689237105913561,-1.3565199999999995,0.08622023892335835,0.0121933831236462,-7.47296,0.1835985795151965,0.0259647601182826,-5.39586,0.10176148780356253,0.014391247617906243,0.38896732799999995,0.010071655712447737,0.0014243472104096045,-5.226472672,0.18055897667363882,0.025534895362006732
GLY  90,7.50518,0.18369177335954293,0.02597793971814304,-0.7893399999999999,0.043081601641537196,0.006092658533021689,-15.726159999999998,0.44589740344617707,0.06305941553805312,-0.08403999999999998,0.2999581944204892,0.042420494669440145,0.4741310879999998,0.008514755946352634,0.0012041683339628852,-8.620228911999998,0.19286651905458563,0.027275444697468395
GLU  91,15.654560000000002,0.06848946196287263,0.00968587259875307,-1.0289799999999998,0.17481950577667343,0.024723211603673318,-5.77192,2.0735350668845696,0.2932421413644361,-69.72502000000003,1.5377563719892773,0.2174715916892882,0.9470147039999999,0.009458097443040565,0.0013375769678194258,-59.924345296,0.3686444754754588,0.05213420169113096
LYS  92,10.73716,0.06818661452225382,0.009643043502967758,-3.18098,0.0651986165497597,0.00922047677726331,16.48742,0.6155143569405839,0.0870468751420728,-59.10410000000002,0.6391774479734083,0.09039334156870173,1.2568014719999996,0.010682580826636898,0.001510745068617669,-33.803698528000005,0.0539670164123298,0.007632088653112821
GLU  93,15.071839999999998,0.039190998967093715,0.005542444226221389,-4.2569,0.07447717771238226,0.010532663480812218,-31.430079999999997,1.101316990516446,0.1557497424460279,-51.67013999999999,1.0143610404592238,0.14345231405603182,0.519506496,0.011075435935817071,0.0015663031709626854,-71.76577350399997,0.061049314056411834,0.008633676791215204
LEU  94,12.965260000000002,0.043331655863771884,0.0061280215402629845,-8.229359999999998,0.03839101978353076,0.0054293100851203,-32.32262,0.05274576381079846,0.007459377453895916,0.29086000000000006,0.046228999556554934,0.006537767814781978,0.0,0.0,0.0,-27.295859999999998,0.07984084418456634,0.011291200467713078
ILE  95,13.153919999999996,0.05990720824856406,0.008472158638902865,-5.022719999999998,0.043963639521998,0.006217397526329138,-12.55096,0.04414836803296662,0.00624352208288602,-0.9135000000000001,0.02506810722810784,0.003545165722501312,0.37372550400000004,0.003922765749662137,0.0005547628525184855,-4.959534495999998,0.07132399400779463,0.010086735964844051
LEU  96,11.579499999999998,0.015520631431846992,0.0021949487467512164,-8.13818,0.02139223223540886,0.0030253184956750123,-34.987159999999996,0.04792717809847583,0.006777926527313528,0.6291599999999999,0.040885381250515704,0.005782066066727396,0.000190512,0.00047217995240797755,6.677632925760444e-05,-30.916489488000007,0.024238024380015495,0.0034277742803347643
THR  97,16.24482,0.011392436086015657,0.0016111337621312002,-5.31606,0.008886866714689091,0.0012567927434915342,-44.88252000000001,0.06364157132048899,0.009000277329217012,2.24732,0.06233793066824085,0.00881591470012999,0.13134628799999992,0.002255221698430711,0.0003189365112078797,-31.575093711999994,0.0152146216105672,0.0021516724228038916
VAL  98,11.87256,0.006158441362200047,0.0008709351297502744,-6.635579999999999,0.010978324098438625,0.0015525694832139285,-27.297120000000003,0.04036812603847024,0.005708915133119109,-1.1625600000000005,0.04200436167826168,0.005940313796422236,3.8304000000000005e-05,0.0001876505102151337,2.653778965324731e-05,-23.222661696,0.007964020494887735,0.0011262825794887523
LEU  99,11.56266,0.014140169731568503,0.00199972198086417,-8.657479999999998,0.028631618885910957,0.004049122374115292,-33.66536,0.14107101190446997,0.019950453829299778,0.12393999999999997,0.10437287195435414,0.014760553106167806,1.9152000000000002e-05,0.000134064,1.895951270259866e-05,-30.636220847999997,0.05704764828138788,0.008067755790102892
SER 100,12.002599999999997,0.009711848438983617,0.0013734627778122603,-4.8777800000000004,0.008217761252045371,0.001162166941498667,0.09434,0.15952737821452465,0.022560578184080297,-11.081479999999999,0.13574833184993054,0.019197713197169536,0.265267152,0.0019456769353925088,0.0002751602710028606,-3.597052847999999,0.03656992332541482,0.005171768154174583
VAL 101,7.89322,0.004486825159300447,0.0006345328992279515,-2.0593200000000005,0.00969214114626352,0.0013706757457480185,-61.83289999999999,0.5972607889371532,0.08446543079885765,-48.72992,0.5871185856368017,0.08303110665288745,1.0197871200000002,0.004234981794877464,0.0005989168690718862,-103.70913287999998,0.016128005392890565,0.0022808443960652255
GLU 102,9.18712,0.33151269296967883,0.04688297464965476,-1.4254199999999997,0.2203280363458107,0.031159089717127768,-71.27037999999999,9.978693278962051,1.4112003369869384,-92.61285999999998,10.397386998683993,1.4704125706780593,1.3273328159999997,0.07217315524830731,0.010206825499141512,-154.794207184,0.9487516045789053,0.13417373865187238
ALA 103,6.488359999999997,0.09118305983048007,0.012895231987094228,-2.2839999999999994,0.10590410756907849,0.014977102523520995,0.05765999999999999,0.4284687437841879,0.06059463085125613,-4.95368,0.36650132005218633,0.051831113744544424,0.5464117439999998,0.018272577743893046,0.0025841327264930314,-0.14524825600000005,0.23136838710482127,0.03272043109480265
SER 104,9.920619999999998,0.12399578863848723,0.017535652596969636,-3.0951600000000004,0.09546336679583138,0.013500558803246214,-14.06362,0.5292723642889497,0.0748504155766706,-4.71206,0.2636544260959752,0.037286366516462305,0.4086105119999999,0.007573264643274287,0.0010710213569959136,-11.541609488,0.4231552930291914,0.05984319543918437
GLU 105,14.84516,0.09937773593725271,0.014054134196039491,-3.3529799999999987,0.2656844361267861,0.03757345328819492,-85.58096000000002,2.3094260582223756,0.32660216528359204,1.9437599999999993,1.7962100273631711,0.25402245815675445,0.5186916000000003,0.013535743191169906,0.0019142431597751757,-71.62632839999999,0.41957028507899424,0.05933619875274595
SER 106,11.300679999999998,0.7371142771646764,0.10424370077851258,-3.7548400000000015,0.14523406762875324,0.02053919881591941,-4.835659999999999,1.2238285600524352,0.17307549476456896,-7.434239999999997,0.7721983310005528,0.10920533525428501,0.2998768320000001,0.02095442757862219,0.0029634035673452314,-4.424183168000001,0.5373317307352893,0.0759901821099254
LYS 107,9.99992,0.11345745281838673,0.016045306852806807,-4.3222000000000005,0.17832711515638078,0.02521926247930224,31.85003999999999,1.5575406249599748,0.22026950757654626,-61.67521999999999,1.089454621175718,0.15407215008567426,0.9328170240000003,0.03130882807112674,0.00442773692801949,-23.214642976,0.48607477830613893,0.06874135438080371
VAL 108,10.026539999999997,0.2026179863685757,0.028654510430316665,-7.6374200000000005,0.2808308451719682,0.039715478997489624,-103.25025999999998,1.416899556216927,0.20037985689223978,-6.8263799999999994,1.5445527493744,0.21843274459659284,0.084841632,0.006769689975218617,0.000957378737601535,-107.602678368,0.41970614939867307,0.059355412869099185


