#Frame       SA_00001
       1    6048.9905
       2    6242.4267
       3    6168.0867
       4    6188.5172
       5    6220.0990
       6    6196.9484
       7    6164.2941
       8    6188.9511
       9    6143.9363
      10    6196.7078
      11    6199.5078
      12    6121.3160
      13    6089.2946
      14    6242.6742
      15    6129.6251
      16    6180.6578
      17    6207.7906
      18    6268.7917
      19    6249.0668
      20    6272.2262
      21    6195.3179
      22    6210.2706
      23    6163.2893
      24    6114.1570
      25    6176.0423
      26    6215.7191
      27    6189.3847
      28    6332.3922
      29    6157.7721
      30    6311.1135
      31    6133.9834
      32    6217.1002
      33    6146.7827
      34    6180.7576
      35    6213.0341
      36    6192.8431
      37    6219.0341
      38    5979.7810
      39    6226.1329
      40    6219.7113
      41    6132.4669
      42    6170.2598
      43    6180.9072
      44    6107.4596
      45    6171.7450
      46    6153.2223
      47    6163.9631
      48    6232.0151
      49    6163.7491
      50    6013.1080
