| Run on Mon Jun 20 15:45:54 2016
| GB non-polar solvation energies calculated with gbsa=2
idecomp = 2: Per-residue decomp adding 1-4 interactions to EEL and VDW.
Energy Decomposition Analysis (All units kcal/mol): Generalized Born Solvent

Total Energy Decomposition:
Residue,Internal,,,van der Waals,,,Electrostatic,,,Polar Solvation,,,Non-Polar Solv.,,,TOTAL,,
,Avg.,Std. Dev.,Std. Err. of Mean,Avg.,Std. Dev.,Std. Err. of Mean,Avg.,Std. Dev.,Std. Err. of Mean,Avg.,Std. Dev.,Std. Err. of Mean,Avg.,Std. Dev.,Std. Err. of Mean,Avg.,Std. Dev.,Std. Err. of Mean
ARG   1,7.795120000000001,0.022950067538075585,0.0032456296769725,-2.00364,0.05663170843264176,0.008008933012580075,-268.28309999999993,2.02550051346299,0.2864490296733028,-36.45106000000001,2.006577847081694,0.2837729605300338,1.5510513599999995,0.007020163198156852,0.0009928010004905902,-297.39162863999996,0.029372448602736315,0.004153891517409636
MET   2,9.78092,0.023245507091889304,0.0032874111393589815,-4.20946,0.04292375100106552,0.006070335081363257,-4.6359200000000005,0.059496500737390635,0.008414075825655868,-3.56882,0.05924211002317486,0.008378099545837295,0.529321248,0.010075237551986334,0.0014248537590149774,-2.1039587520000005,0.03768064848973936,0.0053288484133202675
LEU   3,12.220140000000004,0.016982355544891792,0.0024016677532627904,0.5099000000000001,0.010592922165287299,0.001498065419131187,-15.360739999999998,0.04546770722282704,0.006430104820453112,-6.75148,0.04715346858930343,0.0066685074791926644,1.217816208,0.00581695624337224,0.0008226418411107872,-8.164363792000001,0.016266799033519908,0.0023004727809601408
PRO   4,18.31528,0.017702022482717458,0.0025034440276492475,-4.5628400000000005,0.017208556011449765,0.002433657330024931,-0.3330399999999999,0.047759798994552884,0.00675425554743096,-4.515840000000001,0.04563041091196559,0.0064531145968359,0.4522786559999999,0.004317560969073796,0.0006105953278836885,9.355838656000001,0.018592769077034353,0.0026294146190813075
ARG   5,12.940499999999995,0.043453078143802254,0.006145193243782306,-5.148579999999999,0.04334193812012996,0.006129475670902323,-242.35356000000004,0.6853940227034488,0.09692935224766704,34.73777999999999,0.6717641339049053,0.09500179488841329,0.6672839039999999,0.004002534447111913,0.0005660438498971165,-199.15657609600004,0.07182104330786211,0.0101570293509764
LEU   6,12.406339999999998,0.010177642165610082,0.0014393359583586055,-3.4218799999999994,0.040274875543007876,0.005695727521581021,-31.341299999999993,0.03797275339049613,0.005370158284548856,-6.065940000000001,0.03642549107408461,0.005151342349307057,0.8676287999999996,0.00461981378125587,0.0006533403305090182,-27.5551512,0.04684825178469269,0.006625343304738196
CYS   7,10.61364,0.013713876184366284,0.001939434969263619,-5.425940000000001,0.03278866267457121,0.004637017144645508,-4.92504,0.09827084206412644,0.013897595763291203,-0.9789799999999999,0.09108336620920393,0.012881133179965148,0.046082303999999984,0.0026668549009620573,0.00037715023698216987,-0.6702376959999998,0.02874610939976043,0.00406531377786019
CYS   8,9.977659999999998,0.018712145788670552,0.0026462970355440488,-4.11792,0.03659226147709525,0.005174927245881065,4.22094,0.039449415711778006,0.005578989872729072,-7.29496,0.04445130369283153,0.00628636365475676,0.6214590720000002,0.006066156271720957,0.0008578840470942387,3.4071790719999995,0.02563229408846986,0.0036249537934649784
LEU   9,13.207500000000005,0.1223786337555316,0.017306952360176264,-7.396919999999998,0.10934291746624485,0.015463423683020543,-33.931719999999984,0.12386590168993096,0.017517283808547283,0.6152599999999998,0.12011890941895967,0.016987379079775808,0.01817424000000001,0.0018468071578807913,0.0002611779729762725,-27.487705760000008,0.06386331665755106,0.00903163685552363
GLU  10,15.637999999999998,0.06376017565891194,0.009017050515612416,-4.1329400000000005,0.10617728759016222,0.015015736012599592,5.2695799999999995,1.0113528581064042,0.14302689282788691,-78.9585,1.0626479991036248,0.15028112123609788,0.9214742879999999,0.019857851461154992,0.002808324285595577,-61.262385712000004,0.27363091803219297,0.0386972555365728
LYS  11,9.965260000000002,0.07999195209483574,0.01131257035332156,-5.465120000000001,0.3718309637456213,0.05258483918393162,-7.607640000000001,1.5567037195304583,0.22015115127566168,-31.405020000000004,1.5500093353266404,0.21920442238238413,0.914230368,0.048484293648533426,0.006856714563983568,-33.598289632000004,0.3558602007883031,0.0503262322263631
GLY  12,6.8757,0.03536453025282404,0.0050012998310497376,-1.4265399999999997,0.04343280327127929,0.0061423259438125695,-4.237399999999998,0.19225909601373348,0.02718954210722129,-2.7928800000000003,0.19904960587753148,0.028149865221702434,0.147958704,0.006157356766696449,0.0008707817447831867,-1.4331612960000004,0.11904014809849663,0.016834819190779574
PRO  13,18.34236,0.05626429063110672,0.007956972288781259,-0.9735599999999996,0.033241034881615755,0.004700992235689813,-4.910919999999999,0.45302193500978916,0.06406697645433466,-5.9473,0.40208537650604376,0.05686345926867393,1.1801194559999997,0.012413694141006962,0.0017555614613363475,7.690699456000001,0.019658398745863483,0.0027801174120938377
ASN  14,18.519939999999995,0.3011107709798662,0.04258349360963457,-1.9489599999999998,0.37039821597842404,0.05238221805154861,-85.50740000000002,1.8600121827546228,0.2630454455030771,-11.299720000000002,1.3106903530582414,0.18535960733665452,0.6104232,0.05302707090346842,0.007499160284460477,-79.6257168,0.4428981028366982,0.06263525037809724
GLY  15,5.765500000000002,0.07153076261285511,0.010115977461399002,-3.298239999999999,0.09908371410078207,0.014012553229162427,-11.717860000000003,0.3504101602406477,0.04955548010056534,-0.5458999999999999,0.22701861157182707,0.032105279939598746,0.06720624,0.005856938501845556,0.0008282961863295143,-9.729293759999997,0.08267100212681965,0.011691445242272332
TYR  16,10.1258,0.10763958379705423,0.015222535925398933,-11.279020000000003,0.1380841033571455,0.019528041171580336,-31.422199999999993,0.26166176640882655,0.037004561880986324,1.7944200000000006,0.423528751798503,0.059896010484839134,0.03998433599999999,0.007976898929628223,0.0011281038651959657,-30.741015664000003,0.7401358222841796,0.10467101178724496
GLY  17,7.042320000000001,0.08669635286435758,0.012260715802905801,-3.83858,0.10529332172555907,0.01489072436115993,-16.58516000000001,0.45235744096860825,0.06397300280581925,1.2149,0.3990216660784222,0.056430185184881305,0.006539184000000003,0.009928016301021265,0.001404033530036544,-12.159980816,0.14675976828495452,0.02075496547193155
PHE  18,9.90902,0.04986160446731572,0.007051495727936079,-9.748400000000002,0.15965111963271228,0.02257807786326312,-4.61966,0.4508339210840351,0.0637575445574884,-2.6634199999999995,0.29901632664455424,0.04228729445117121,0.000114624,0.0005933024384106305,8.390563549893415e-05,-7.122345375999998,0.34863426907559963,0.049304331163474394
HIE  19,29.55584,0.36228449373382016,0.0512347644475839,-9.301540000000001,0.3811373615902643,0.05390096258880501,-30.51058,3.0253227073486983,0.4278452403287819,2.7548799999999996,2.4462753454180097,0.34595557707890773,0.169102368,0.05569992923088299,0.007877159534153631,-7.3322976319999995,0.7350979958037781,0.10395855553389835
LEU  20,11.292339999999998,0.18052906801963856,0.02553066563959478,-8.817960000000001,0.29935871191594987,0.04233571504060765,-33.53798,1.4218948131278373,0.2010862928993345,0.46756,0.7975436830669527,0.11278970931782738,0.0,0.0,0.0,-30.596040000000002,0.7595109731926457,0.10741107190602278
HIE  21,28.417720000000003,0.28021163716008535,0.039627909760656145,-10.767539999999999,0.9549609669510387,0.1350518750999084,-20.660039999999995,6.5183493031902024,0.9218337988856797,-6.26064,3.609026737279735,0.5103934558828123,0.22767537599999998,0.05772212723260494,0.008163141518137526,-9.042824624000001,2.136611817884619,0.30216254103790613
GLY  22,5.342119999999999,0.40254473738955415,0.05692842270782234,-3.0127400000000004,0.35863456665524834,0.050718586809964994,-10.67474,4.438024230713478,0.6276314057215422,-2.99604,3.6342186833485957,0.5139561350621277,0.07707096,0.019081042871122184,0.0026984669612563454,-11.264329040000002,0.8952620628648349,0.1266091751181564
GLU  23,15.5097,0.3732740146327756,0.05278891739751244,-5.01034,0.3907599063363493,0.05526179591725055,-29.616559999999996,9.701107681414534,1.3719438053098245,-42.68166000000001,8.466295472306562,1.197314987999387,0.560930832,0.044342234916401845,0.006270939000470929,-61.23792916800002,1.6246437849848898,0.22975932747507896
LYS  24,9.6651,0.08270120918111536,0.011695717164858765,-1.34542,0.2494294361137019,0.03527464914070707,45.95498,2.4688299940659864,0.34914528608016054,-82.78046,2.330956680935623,0.3296470551483333,1.5328225439999996,0.055862414669355154,0.00790013844523118,-26.972977455999995,0.4512438026293743,0.06381551056152691
GLY  25,6.416860000000002,0.03529079766725431,0.004990872468799584,-1.2239000000000002,0.08689769847354563,0.012289190372029602,-4.2752,0.6013444603552909,0.08504294914923823,-6.837000000000001,0.5530958687243966,0.07821956788425707,0.6286914720000001,0.015916891130905497,0.0022509883308142586,-5.290548528,0.05511563177378976,0.007794527395325496
LYS  26,9.83794,0.07646107768004806,0.010813229304878672,-4.6016400000000015,0.14110971050917498,0.01995592663846165,14.13592,3.9437476381736203,0.5577301396481995,-50.386140000000005,3.7117734737454064,0.5249240387027448,0.8755680960000002,0.04171303419373698,0.0058991138684515495,-30.138351903999986,0.4688236274840557,0.06630167323489032
LEU  27,11.102159999999996,0.0742712218836399,0.010503536928186495,-2.695720000000001,0.05411064220643745,0.007652400407706186,-27.368679999999994,0.3936264950437004,0.05566719278001869,-6.673660000000001,0.33076944296593425,0.046777863226101814,0.8899050240000003,0.008593638876879894,0.0012153240649820237,-24.745994976000002,0.18958597815305955,0.02681150615398261
GLY  28,5.00088,0.026048907846579296,0.0036838718761639374,-3.5975200000000007,0.038411060906952184,0.0054321443279750775,-8.0224,0.7724612870558643,0.10924252285625798,-2.27538,0.748960449957139,0.10591900260104416,0.006304031999999999,0.002100763661285105,0.0002970928461129954,-8.888115968000005,0.07736036754546725,0.010940408097296721
GLN  29,18.991299999999995,0.06892524936630748,0.00974750224437796,-8.970660000000002,0.20679793132417082,0.029245643914934227,-79.61175999999999,0.46422514192962405,0.06565134917114493,-2.62844,0.3613416754264636,0.051101429803872174,0.08678159999999999,0.02352369715431652,0.0033267531552791806,-72.1327784,0.16312580119224723,0.023069472041905324
TYR  30,8.942239999999996,0.08093023168168188,0.011445263125023124,-9.038420000000002,0.18761024385665662,0.026532095130220743,-26.024860000000007,0.518947280944445,0.0733902282868275,-2.9867600000000003,0.29294795169107885,0.0414290966350942,0.20776104,0.017127404568631946,0.0024221807829210205,-28.900038960000007,0.2594157730647782,0.03668693045617104
ILE  31,12.812819999999997,0.06847209358606085,0.009683416339348706,-8.55416,0.15715067419519738,0.02222446147829237,-7.567979999999998,0.5393080192246515,0.0762696715084072,0.028599999999999993,0.6157371841946856,0.08707838767455449,0.00035640000000000004,0.000594,8.400428560496184e-05,-3.2803636,0.2126520266820979,0.03007353801999481
ARG  32,14.025560000000002,0.5165246619474928,0.07304761822263224,-8.380820000000002,0.8807114326497538,0.12455140525903205,-183.36041999999995,7.041383352979549,0.9958019835651817,-19.987679999999997,7.388170467551502,1.0448450876335704,0.7269518880000001,0.09766676303811014,0.013812166088157466,-196.976408112,1.0542554482074045,0.14909423530606375
LEU  33,11.861700000000003,0.06560312492519081,0.009277682900326129,-4.779240000000001,0.364471319036213,0.051544028247702364,-36.44594000000001,0.48678087102890033,0.06884121097128593,0.9278000000000002,0.34128263946471105,0.048264653733348165,0.6294371040000001,0.06087909139440477,0.00860960367149184,-27.806242896000004,0.4661222251623511,0.06591963725481224
VAL  34,10.876419999999996,0.09299249217050679,0.013151124362640454,-6.434819999999999,0.046016818664495335,0.006507760905259267,-29.184940000000005,0.277909655102972,0.03930236033610522,-3.1838399999999996,0.3127107519737729,0.04422397865411987,0.11705385600000003,0.004791150991073047,0.0006775710710952798,-27.81012614400001,0.1587414219523971,0.022449427183547012
GLU  35,16.034039999999994,0.5061424684811737,0.07157935434190726,-4.313959999999998,0.1744682160166286,0.0246735317293755,19.755039999999997,5.046844744828197,0.7137316285327417,-89.98698,4.892645670759252,0.6919245863473742,0.35853667200000006,0.05733392063211068,0.008108240814195353,-58.153323328,0.8852995126405842,0.12520025775386054
PRO  36,17.828300000000002,0.030069419680114225,0.004252458112430599,-1.94006,0.11820108459739066,0.01671615769248394,-8.21392,0.6489976530003898,0.09178212828214591,-2.2709599999999996,0.6017919228437687,0.08510622990122409,0.9268783199999997,0.012893579817841297,0.001823427544593118,6.3302383199999985,0.09546353093262357,0.013500582015693973
GLY  37,6.239959999999997,0.013024530702641129,0.0018419467963219861,-1.6639800000000002,0.027721825336725514,0.003920458136493532,-19.512659999999997,0.2543691498592137,0.03597323015802143,3.9448399999999997,0.2288041398226856,0.0323577917664352,0.30978849599999997,0.00803638193758844,0.0011365160328547742,-10.682051503999999,0.060444645850304644,0.008548163793433945
SER  38,12.513779999999999,0.036572825977434636,0.005172178651159911,-4.844219999999999,0.07135356753521681,0.010090918293200819,-7.160299999999999,0.46882394350119044,0.06630171792646211,-0.5406000000000002,0.4033271624872291,0.05703907432628964,0.005668704000000002,0.013516029275981311,0.0019114551911524574,-0.02567129599999999,0.06813453108453275,0.009635677792567745
PRO  39,19.419319999999995,0.020467965217849507,0.002894607400526355,-7.944579999999998,0.06639430397277334,0.009389572514261792,-8.297939999999999,0.134004538729181,0.018951103609035843,-1.1180800000000002,0.120465404162358,0.017036380836316298,0.124006032,0.007717880186824106,0.0010914730832977248,2.182726032,0.08956062472146112,0.012665785013569741
ALA  40,9.48446,0.02446729245282434,0.003460197682133305,-7.01214,0.024720040453017022,0.003495941647106822,-8.714340000000004,0.17260157704930568,0.02440954911501128,-0.4704599999999999,0.15857846133696746,0.022426381072299686,0.0,0.0,0.0,-6.7124799999999984,0.03880733951227821,0.005488186585788113
GLU  41,17.514760000000003,0.01769356945122879,0.0025022485884718033,-6.0425,0.03900730700771586,0.005516466260196284,17.495879999999996,1.292812850183732,0.182831346634005,-92.47297999999999,1.2664842121391071,0.17910791493385292,0.5593790879999999,0.010672561259021496,0.0015093280877765873,-62.945460912,0.06025206877959975,0.00852092928291465
LYS  42,11.32152,0.07458317236497085,0.0105476533883352,-3.6694600000000013,0.024363259223406895,0.003445485161735343,-23.678140000000003,1.362196814120442,0.19264372091505508,-19.47478,1.3486223680482776,0.1907240043413594,1.3164143039999998,0.005870531104921848,0.0008302184706913588,-34.184445696,0.048456975502237376,0.006852851194684492
ALA  43,7.313679999999998,0.014693454326193357,0.0020779682386212273,-3.9859199999999997,0.031115809486531275,0.004400439978006994,-8.893740000000001,0.0934258657973673,0.01321241264870855,-2.6566999999999994,0.08983790959281278,0.01270499901614038,0.168807744,0.0043307355981243,0.0006124585017919343,-8.053872256000002,0.02883789747217114,0.004078294571546922
GLY  44,6.14022,0.020695207174663405,0.002926744266252997,-2.1059200000000002,0.019924698241080563,0.002817777847872748,-11.692679999999998,0.1401215814929535,0.019816184092850173,-1.0589999999999997,0.10528855588334526,0.01489005036929044,0.27016819200000003,0.004109771039645089,0.000581209394251426,-8.447211808000002,0.035839220246364906,0.005068431133728566
LEU  45,10.29374,0.022419464757847066,0.003170591112169296,-7.45822,0.03393245643910189,0.004798774010081216,-27.343519999999998,0.10048606669603005,0.014210875835105307,-2.17726,0.1010621214897,0.014292342285293115,0.003376080000000001,0.001354317703347333,0.000191529446383578,-26.681883920000004,0.045336187683851,0.006411505148879415
LEU  46,10.7569,0.021904565733499786,0.003097773393820836,-3.4907600000000008,0.03545112692137106,0.00501354644936129,-31.886079999999993,0.177125361256787,0.02504930881295821,-0.23906,0.14533057627354268,0.020552847199354157,0.8575873919999999,0.005311869329891678,0.0007512117647886494,-24.001412607999995,0.0313992619642977,0.004440526211841548
ALA  47,7.00252,0.02319675839451142,0.0032805170324609993,-3.4196799999999996,0.03531766696714827,0.004994672361631734,3.1261400000000004,0.27132762557469003,0.038371520793421564,-8.836120000000001,0.22244088113470492,0.03145789109269212,0.4126115519999998,0.005109200230274542,0.0007225500258533997,-1.714528448,0.09697743082569868,0.013714679791780173
GLY  48,6.157199999999998,0.017987773626178583,0.0025438553419038818,-2.6619200000000016,0.029342010837556387,0.004149586967377058,-11.150220000000001,0.2973997505042998,0.04205867606095554,-2.8505000000000003,0.27227252891174614,0.0385051503048612,0.21146975999999998,0.006102368994153712,0.0008630052994137242,-10.293970239999998,0.07240906667111273,0.010240188412506528
ASP  49,12.102660000000004,0.0454227299914499,0.0064237440793919595,-8.478559999999998,0.05313535922589775,0.007514474565883096,15.510759999999996,1.5348930198551551,0.21706665254709565,-81.32354000000001,1.537073911168617,0.2173750771544516,0.016296768,0.0033764285148328074,0.0004774990998059803,-62.172383232,0.1323239319916883,0.018713429924918066
ARG  50,13.254420000000003,0.03484714622272302,0.004928130679817327,-8.677999999999997,0.042058055114838906,0.00594790719504403,-188.65413999999998,2.1586187621735933,0.3052747929458918,-16.245140000000003,2.1133836850888783,0.29887758699507216,0.43578748800000006,0.004401625168259476,0.0006224838009435307,-199.88707251199992,0.07455509195658512,0.010543682218897593
LEU  51,12.834380000000001,0.05539815520329908,0.007834482241895521,-8.889240000000003,0.05620375788109523,0.00794841166517786,-33.16952,0.13199215734279313,0.018666509904106152,-0.31256,0.15991049496515222,0.02261475907455128,0.0,0.0,0.0,-29.536939999999994,0.04984753153505085,0.0070495055147689455
VAL  52,12.56346,0.01304486105892192,0.0018448219428800034,-6.5203999999999995,0.025564819576979116,0.0036154114565385078,-32.59828,0.07624435454179068,0.010782580024738307,-0.1601,0.07816527361942766,0.011054239005919848,0.059119487999999984,0.002288335330728006,0.0003236194859973068,-26.65620051200001,0.04350573468353295,0.006152640003045785
GLU  53,15.450919999999996,0.012330190592417564,0.0017437522762442067,-7.88572,0.028243257602572375,0.003994199794715487,-4.898319999999999,0.7020448544074699,0.09928413544972887,-72.26988000000001,0.6735055646373921,0.09524807038439491,0.3246469920000001,0.0035032903530086965,0.0004954400730155726,-69.27835300800001,0.025003587328873682,0.0035360412308473228
VAL  54,11.3717,0.02613675572771673,0.0036962954426569676,-6.915060000000003,0.04605492807453188,0.00651315038971204,-25.811459999999997,0.06974989892551839,0.009864125303462068,-2.3277000000000005,0.05718050367036568,0.008086544379395568,0.001140480000000001,0.0002327995051541067,3.292282175026829e-05,-23.68137952,0.039394435836814776,0.005571214544246014
ASN  55,17.33344,0.028123413732801836,0.003977251312115811,-4.50828,0.05899289448734748,0.00834285514676518,-89.79494000000001,0.1739626867949841,0.024602039101232945,-7.41234,0.13703366155803426,0.019379486267701668,0.4058866080000001,0.009845251672795204,0.001392328844064338,-83.976233392,0.06769212331451523,0.009573111885721942
GLY  56,6.06378,0.008127213544694162,0.00114936156192088,-2.0967,0.007313685801350613,0.0010343113651205575,-7.9700799999999985,0.051057160124618375,0.007220572830449009,-6.551759999999997,0.05994983236034713,0.008478186598599636,0.33273072,0.002591211079944631,0.0003664525852229132,-10.222029280000001,0.02464605536794385,0.0034854785760344413
GLU  57,13.833939999999993,0.012817815731596403,0.0018127128847622849,-3.440680000000001,0.02941798089589337,0.004160330756060502,-7.781880000000001,0.7215463017713997,0.10204205658452634,-73.09784,0.698844714079281,0.09883156726436669,0.709083936,0.002726891480793823,0.0003856406915258277,-69.77737606400001,0.040305369434936185,0.005700040009134476
ASN  58,20.362139999999997,0.00760002633145102,0.0010748060312330671,-4.9416400000000005,0.017584948108781442,0.0024868872109065823,-92.90498,0.15986050044156713,0.02260768878122144,-3.9049200000000006,0.15134329717564918,0.02140317434400648,0.5723029440000001,0.004518235210673592,0.0006389749512926252,-80.817097056,0.014946495735503504,0.002113753697910068
VAL  59,12.90142,0.05512461881992658,0.007795798355578732,-6.642839999999999,0.051666763010794946,0.007306783697378277,-31.98658,0.24079892773852218,0.03405411094127169,0.6381999999999999,0.19622548254495453,0.02775047386982797,0.0,0.0,0.0,-25.089799999999997,0.0526581427718412,0.007446985967731658
GLU  60,16.758619999999997,0.020624150894045904,0.002916695390678891,-5.21346,0.02864835771890153,0.004051489602578649,-42.51299999999999,1.6091132837686695,0.2275629829300359,-35.89254,1.5693249913260268,0.22193606865043067,0.3925657439999998,0.002725196667287619,0.000385401008701211,-66.46781425600001,0.03900321798775859,0.005515887985448245
LYS  61,9.490639999999999,0.02360657535476769,0.0033384739027894923,-1.8230999999999997,0.08201518152148096,0.011598698202816962,11.876920000000005,1.5096634040738566,0.2134986460659582,-54.23592000000001,1.4989858817208148,0.21198861637353683,1.3271483520000005,0.009862696488862526,0.001394795913611889,-33.364311648,0.11724371212868101,0.01658076477953476
GLU  62,15.748580000000002,0.02801720185855927,0.0039622306848119205,-4.544600000000001,0.08079059351183226,0.011425515305660496,-50.781119999999994,1.750642746422402,0.24757827148606437,-36.03796,1.7673101138170046,0.2499353931879146,0.30008649600000004,0.0032352965668643666,0.00045754002831587,-75.31501350399999,0.060442576081385174,0.008547871083906255
THR  63,14.669020000000005,0.03790804136089964,0.005361006621558451,-3.8838600000000003,0.09084800713279001,0.012847848380175931,-26.179900000000007,0.5776578312459911,0.08169315393591092,-9.501380000000001,0.5448625474374201,0.07705520042151534,0.548577504,0.0060682489212280566,0.0008581799924256621,-24.347542495999992,0.11481658071051122,0.016237516562611007
HIE  64,30.840759999999996,0.07254669117481044,0.010259651456470944,-11.26686,0.31113887638805976,0.044001681876952005,-10.592880000000001,1.6746457015142024,0.2368306663251191,-9.482839999999998,0.8729191110292182,0.12344940456721859,0.12869956799999996,0.029661910367914403,0.004194827592819967,-0.3731204319999998,0.6597788779236524,0.09330682373269318
GLN  65,21.090880000000006,0.09138307064124629,0.01292351778721491,-4.343940000000001,0.2912509165650657,0.041189099625991064,-75.54033999999999,2.2356161979202667,0.31616387473598145,-10.277719999999997,2.0293941168733247,0.2869996683482426,0.7385460479999999,0.08681245479560759,0.012277135095484948,-68.332573952,0.6684798238487407,0.09453732330596666
GLN  66,20.930059999999997,0.029133767353922996,0.004120136891494042,-6.266180000000002,0.022355035226418192,0.00316147940045289,-72.98939999999999,0.11881094225643761,0.01680240458973807,-11.135120000000002,0.09528790899131401,0.013475745322568945,0.678062304,0.006499036428553259,0.0009191025459616821,-68.78257769599998,0.04837736141533682,0.0068415920625394195
VAL  67,12.690080000000002,0.037507247297950505,0.005304325781604322,-7.0487,0.05820833273673118,0.008231901359941105,-27.343740000000004,0.2408455779118492,0.034060708272052306,-1.42482,0.20048448219251205,0.02835278737619978,0.0,0.0,0.0,-23.127180000000003,0.08881479381206107,0.012560308594838681
VAL  68,13.01978,0.05355232581318349,0.007573442546162688,-5.523660000000001,0.18913271636600507,0.026747405257326818,-30.042039999999997,0.3275269735458388,0.046319308803153915,-2.9955200000000004,0.31043493617825413,0.04390212969777132,0.046938096000000006,0.012862788267198635,0.0018190729617405831,-25.494501904000003,0.25764562486911613,0.03643659369759948
SER  69,14.564020000000001,0.04834479909900284,0.00683698705560124,-4.299879999999999,0.05045300387500442,0.007135132234249357,-6.802900000000001,0.2470094937446508,0.034932417608859734,-5.981320000000002,0.21121718111929325,0.02987062021451189,0.4117844159999999,0.00324844756027324,0.0004593998596396208,-2.1082955840000004,0.07858180775542312,0.011113145828351463
ARG  70,14.236820000000002,0.063197686666366,0.00893750255941801,-7.109720000000002,0.11627726174956193,0.01644408805618368,-203.34210000000002,1.1741620203317975,0.16605158535766218,-5.6771400000000005,1.189571267474127,0.1682307819871263,0.6728703839999999,0.009059285408988564,0.0012811764290800317,-201.219269616,0.11281503076109592,0.015954454654187974
ILE  71,13.838639999999991,0.0787344295735628,0.011134729812864182,-7.595119999999997,0.0916396508071108,0.012959803702255064,-8.397860000000001,0.31664175403755496,0.044779906297351596,-1.99512,0.3091111541177371,0.04371491864341038,0.0,0.0,0.0,-4.1494599999999995,0.09941372339874557,0.014059223591651349
ARG  72,12.7434,0.26175927872767646,0.03701835220536792,-3.016419999999999,0.44370688928616253,0.06274963005468684,-159.81053999999997,7.0525843212550745,0.9973860396898775,-49.8401,7.396131643636415,1.045970967952743,1.4126353919999997,0.14084364278568448,0.01991829898015465,-198.51102460800007,0.08738836026414308,0.01235858042790972
ALA  73,8.41402,0.02843483075362076,0.004021292329555406,-1.7598200000000004,0.11453675218024476,0.01619794283234683,-10.481639999999995,0.1148199912911813,0.016237998891554924,-3.243100000000001,0.16117360205690878,0.022793389392540456,0.57080376,0.008917461719212203,0.0012611195305252795,-6.49973624,0.09082014411083122,0.012843907953821648
ALA  74,7.939120000000002,0.36103875913812106,0.0510585909715484,-3.5892600000000003,0.052367092720512765,0.007405825274739853,1.0005999999999997,0.9542740906050003,0.1349547361154843,-4.46216,0.5613210974121627,0.07938279088064297,0.09166132800000003,0.0037482989254872356,0.0005300895176252548,0.9799613279999998,0.07620295618960725,0.010776725413626535
LEU  75,12.136679999999995,0.25271695154874774,0.035739574032182336,-0.689,0.3091499312631334,0.04372040255990333,-23.22882,0.5515010313681029,0.07799402382235208,-6.701360000000002,0.36405300493194326,0.05148486969974334,1.165258224,0.05251323946429683,0.007426493545455462,-17.317241776,0.316034413112003,0.04469401531996161
ASN  76,19.685060000000007,0.24210686979039184,0.034239081880126906,-2.5640199999999997,0.10402220724442568,0.01471096162730516,-83.17289999999997,1.2503000799821826,0.17681913301469682,-17.194439999999997,0.6302909854980625,0.08913660599328638,0.7629737759999999,0.0387222343148072,0.005476150893338919,-82.48332622400001,0.41546333668147817,0.05875538854037258
ALA  77,8.00568,0.2497047408441174,0.03531358310906097,-3.0291399999999995,0.07025923711514462,0.009936156601022464,-3.7291600000000007,0.20817582568586682,0.029440507604317018,-1.9472,0.2445542884514594,0.03458519914645559,0.385046352,0.012638462087109484,0.0017873484491128405,-0.31477364800000013,0.2926466298408496,0.04138648329037084
VAL  78,10.97104,0.0755915233341386,0.010690255749958109,-7.1924800000000015,0.15641818820073572,0.022120872315530768,-20.58488,0.11190596766972077,0.015825893718900422,-1.8051400000000004,0.060974096139253225,0.008623039371357288,0.0004785119999999999,0.0005493486006681005,7.768962415355093e-05,-18.610981487999997,0.049215056710330794,0.006960060067271081
ARG  79,12.547099999999993,0.04115252118830008,0.005819845359034013,-7.017480000000001,0.03530962475002211,0.004993535020378598,-180.43728,0.450604884137875,0.06372515384193399,-24.027,0.4498033348033756,0.06361179764795798,0.8377338239999996,0.005878203968565124,0.0008313035774740149,-198.09692617600004,0.046368823003150074,0.006557541836233238
LEU  80,11.119600000000002,0.05469405817782921,0.007734907885630916,-7.478380000000002,0.08089051613129877,0.011439646498024234,-35.06902,0.06373930969289288,0.009014099622398799,-0.08615999999999997,0.05785684402039229,0.008182193348974348,0.0012791520000000006,0.000323172094240819,4.570343586558822e-05,-31.512680848,0.04830251037130379,0.006831006526376491
LEU  81,13.655500000000002,0.022197522383414634,0.003139203720570532,-7.1287,0.020629348026300207,0.002917430376170839,-35.63904000000001,0.052915767020161875,0.007483419538328786,1.13114,0.05434924470496569,0.007686143896649659,0.24664276800000004,0.0017541401300143515,0.00024807287621692,-27.734457231999997,0.04216097581146137,0.005962462379545267
VAL  82,11.980020000000003,0.014525136828925894,0.0020541645498791928,-6.6149000000000004,0.025516465272130993,0.003608573125166974,-32.616719999999994,0.07216121950448101,0.010205137530061895,0.61032,0.071738257575717,0.01014532168045934,0.0,0.0,0.0,-26.64128,0.027122713731455552,0.0038357309607387415
VAL  83,11.346939999999996,0.0363974779361256,0.0051473806933444305,-4.97272,0.0241495672838626,0.0034152645578280076,-32.006800000000005,0.07651718760880186,0.010821164447101411,-0.72102,0.08105689113209406,0.011463175476280688,0.22145601599999998,0.0031148009831387124,0.0004404993794447817,-26.132143984000002,0.03544411065728948,0.005012554199779154
ASP  84,13.991959999999999,0.026511099562838095,0.0037492356555189066,-3.8930200000000013,0.03930775495998416,0.00555895601708479,12.094299999999997,0.8505917058142776,0.12029183264046171,-82.38616,0.8446058574264133,0.11944530584321902,0.376249104,0.0033718397756034705,0.0004768501540807481,-59.816670895999984,0.04757556258084318,0.006728200583935836
PRO  85,18.029060000000005,0.011273703908127278,0.0015943424965052162,-3.7139400000000014,0.03309465817903043,0.004680291443888651,-4.2588,0.16504253997077503,0.02334053983951737,-7.771820000000003,0.16304878901717804,0.02305858087566025,0.6251761439999999,0.004106817514556289,0.0005807917027276869,2.909676144,0.03601689112204985,0.005093557589931802
GLU  86,14.622059999999998,0.012576819950907167,0.0017786309346097438,-2.25942,0.019101926604416942,0.002701420367142188,-3.992420000000002,1.0642177989490624,0.15050312445926078,-76.05352000000002,1.056003110600098,0.1493413920918834,0.7342089119999998,0.003784545530283726,0.0005352155616345722,-66.94909108799999,0.02980528848765217,0.004215104320968038
THR  87,13.21154,0.007392455614319407,0.0010454510989011635,-1.9499799999999994,0.010700448588851254,0.001513271951782949,-31.137159999999994,0.09485870756297073,0.013415047074473647,-8.799460000000002,0.08566941344469661,0.012115484637403792,0.5656642559999999,0.003747166450543881,0.0005299293614828607,-28.109395743999993,0.010676589320040796,0.0015098977416289434
ASP  88,12.781900000000002,0.019921094345700042,0.0028172681801002975,0.14715999999999996,0.012567195391176891,0.0017772698163195013,-14.8345,0.9454998730830033,0.13371387437360233,-70.32428,0.9302186418252185,0.13155278192415043,0.95292288,0.003245935682891735,0.00045904462653362655,-71.27679712,0.01908757223708117,0.002699390353045635
GLU  89,14.992519999999999,0.012159342085612703,0.001719590648700744,-1.4569800000000002,0.01641766122200524,0.002321807916260665,21.536339999999996,1.1497493919982,0.16259911834940746,-101.80395999999999,1.1432037256766772,0.1616734213407408,0.9977173919999999,0.004188194886230878,0.000592300200996935,-65.73436260800001,0.018472229918330564,0.002612367807777713
GLN  90,19.660320000000002,0.007390372101665567,0.00104515644571592,-1.38994,0.006351094393926324,0.0008981803827802339,-66.75492000000001,0.05397512017284955,0.007633234697916146,-10.533460000000002,0.0604685736555532,0.008551547696103978,1.253651472,0.004517057317830202,0.0006388083720892107,-57.764348528,0.01550643116762519,0.002192940526126041
LEU  91,8.343820000000003,0.007036163724204621,0.0009950638165847762,0.05351999999999999,0.007887306257525518,0.0011154335479982766,-5.754319999999999,0.6979996401145404,0.09871205575815224,-101.38011999999999,0.6894769507403867,0.09750676546807012,1.480412448,0.006928377601091144,0.0009798205568705065,-97.25668755200002,0.013688258057927035,0.0019358120190783215
ARG  92,7.673119999999999,0.567516330690135,0.08025892917302031,-3.1907799999999993,0.7443069337309749,0.10526089602506772,-134.17936,17.300315710136573,2.4466341110611465,-159.49114,15.720821320795825,2.2232598723513566,1.42137288,0.10723633860005503,0.015165508442743126,-287.76678711999995,1.6875764745619763,0.23865935378673214
ARG  93,11.497059999999998,0.23753580024919096,0.033592635026155226,-3.7847199999999996,0.3815560268165138,0.053960170792910614,-125.70604000000002,3.3583552698292403,0.4749431569859667,-80.43826000000001,3.603153068133244,0.5095627936260262,1.316424672,0.10180985406519616,0.0143980876402226,-197.115535328,0.693329840190768,0.09805164631957547
GLU  94,15.07366,0.3885842822348128,0.05495411620614868,-3.507780000000001,0.4842626679809168,0.06848508328095917,-61.05030000000001,13.415466455177759,1.8972334606473695,-25.73492,12.705361732497032,1.7968094876953424,0.6527744639999998,0.08113560244427934,0.011474306936801147,-74.56656553600001,1.216230791845574,0.17200100808037794
SER  95,10.712880000000006,0.6125555204223392,0.08662843246877815,-3.8564000000000003,0.2990969073728357,0.042298690287051355,-12.936940000000002,1.9990607235399347,0.2827098787237548,-6.195999999999999,1.6130736251020916,0.22812305977257114,0.290045952,0.04340837591231533,0.006138871393578591,-11.986414048000004,0.5626119380026396,0.07956534330763439
GLU  96,15.675339999999998,0.15739995044478158,0.02225971446358632,-4.116899999999999,0.4020886096372358,0.056863916502472,22.507479999999997,6.711372381979734,0.9491313844731963,-93.61384000000002,6.189155074353668,0.8752787045781218,0.8127131039999999,0.06374071009379767,0.00901429766899403,-58.735206896000015,0.48585745220656434,0.06871061982905612
ILE  97,10.190979999999998,0.19473042802823262,0.027539041232424444,-6.185500000000001,0.3609489853150841,0.051045895035739905,-19.204279999999997,3.0864796454213126,0.43649413745433213,-68.70864,3.1608852542284738,0.4470166795635036,0.25401528,0.031127231232757898,0.004402055256848962,-83.65342472000002,0.26160156981281096,0.03699604879673693


