#Frame       SA_00001
       1    5885.2106
       2    5885.8840
       3    5882.5453
       4    5932.1826
       5    5929.9405
       6    5890.8173
       7    5889.6120
       8    5903.0350
       9    5933.0685
      10    5887.2538
      11    5894.8020
      12    5865.1247
      13    5937.4570
      14    5851.1439
      15    5917.2273
      16    5965.8904
      17    5879.0073
      18    5887.4831
      19    5926.4755
      20    5898.5855
      21    5936.7632
      22    5883.6615
      23    5986.2204
      24    5851.5829
      25    5896.1687
      26    5900.1991
      27    5889.2290
      28    5933.6927
      29    5924.2634
      30    5897.8188
      31    5930.5757
      32    5933.2018
      33    5934.1089
      34    5889.4257
      35    5920.9968
      36    5857.6750
      37    5904.8153
      38    5931.8092
      39    5927.2191
      40    5935.9024
      41    5937.5415
      42    5871.5237
      43    5921.7237
      44    5956.8285
      45    5886.3231
      46    5885.0575
      47    5882.1467
      48    5894.9215
      49    5888.2041
      50    5931.9279
