| Run on Mon Jun 20 15:46:11 2016
| GB non-polar solvation energies calculated with gbsa=2
idecomp = 2: Per-residue decomp adding 1-4 interactions to EEL and VDW.
Energy Decomposition Analysis (All units kcal/mol): Generalized Born Solvent

Total Energy Decomposition:
Residue,Internal,,,van der Waals,,,Electrostatic,,,Polar Solvation,,,Non-Polar Solv.,,,TOTAL,,
,Avg.,Std. Dev.,Std. Err. of Mean,Avg.,Std. Dev.,Std. Err. of Mean,Avg.,Std. Dev.,Std. Err. of Mean,Avg.,Std. Dev.,Std. Err. of Mean,Avg.,Std. Dev.,Std. Err. of Mean,Avg.,Std. Dev.,Std. Err. of Mean
GLY   1,1.1635399999999994,0.002981341979939579,0.00042162542621028084,0.052840000000000005,0.03360378550104138,0.0047522929202649085,-34.797819999999994,0.5532552282626269,0.07824210472628293,-80.25502,0.5343272588961395,0.07556528562765605,1.0022816160000003,0.006242087625083621,0.0008827644976914519,-112.83417838400004,0.009595182087388436,0.0013569636641424109
SER   2,11.241999999999997,0.011327841810017926,0.0016019987520144339,-0.5172599999999999,0.01493962516263617,0.0021127820521770427,-4.18136,0.08383788165264709,0.011856466927380398,-12.242440000000002,0.06465853694575686,0.009144097987189119,0.8390638079999999,0.007046825019998332,0.0009965715514951698,-4.859996192,0.007162692777584462,0.001012957726917176
HIE   3,27.205680000000008,0.027074297765346186,0.0038288839091480155,-1.7704000000000004,0.020324369608897257,0.002874299914758606,-5.014040000000001,0.1216536000288899,0.017204417107236806,-22.98366,0.09693144175104026,0.013708175954469881,1.3253975999999996,0.011087442406815327,0.0015680011423748826,-1.2370224,0.06823111222252809,0.009649336428089987
GLY   4,3.91518,0.0073094185818433155,0.0010337078891504731,-2.1103599999999996,0.03378269379433143,0.00477759437374409,-6.02966,0.07834094970073746,0.011079083355597137,-5.456959999999999,0.08851236297838579,0.012517538416172341,0.173846016,0.00271153072159431,0.0003834683521269978,-9.507953984000002,0.04845777320944316,0.0068529640075194135
GLY   5,5.6741600000000005,0.009592413668581127,0.0013565721506000486,-4.021339999999999,0.015812159878203568,0.002236177095016719,-8.622979999999998,0.3402671003785628,0.048121034818473074,-2.337999999999999,0.3300258171719333,0.046672698657781155,0.023033663999999995,0.00277677169603552,0.00039269481921471735,-9.285126335999998,0.023634562182483936,0.0033424318379219036
SER   6,11.45718,0.004412210339851169,0.0006239807702660325,-3.100460000000001,0.015426224424560334,0.0021815975797424315,-2.53458,0.030628803437289517,0.00433156692202745,-6.2082999999999995,0.022229035066774053,0.0031436602869898984,0.4426256160000001,0.0025167794556798266,0.0003559263639724387,0.056465615999999885,0.008532938998290452,0.001206739805828465
PRO   7,18.86376,0.008640740714507574,0.0012219852707405997,-3.5024399999999996,0.016928272209525672,0.0023940192146254765,0.14012,0.13024786217055542,0.018419829315170107,-3.176280000000001,0.12615927076515746,0.017841615173518517,0.6086280959999999,0.011009295412898907,0.0015569494885093536,12.933788095999999,0.031267798303955645,0.004421934442700053
ARG   8,13.748840000000003,0.014255328823801155,0.0020160079358707696,-5.662719999999998,0.02133826609672663,0.0030176865311516803,-189.61415999999997,0.5199155454545116,0.07352716156703756,-18.682800000000004,0.5065251425150092,0.07163347262276909,0.548649792,0.0038248261653557342,0.0005409121036765558,-199.66219020799997,0.03700784527550634,0.005233699670282613
VAL   9,10.740859999999998,0.007917095427386422,0.0011196463728011894,-2.2247999999999992,0.016037456157468773,0.002268038800385624,-30.332400000000007,0.022261176960107727,0.0031482058371371815,-2.7516599999999993,0.018903555221392362,0.0026733664171161814,0.73155168,0.002409736633557066,0.0003407882228923688,-23.836448320000002,0.027451530203998223,0.0038822326322388943
VAL  10,11.01614,0.030338101456369743,0.004290455453624904,-4.6612599999999995,0.0375466696258621,0.005309900940683613,-21.656919999999996,0.03193545991528327,0.0045163560532815936,-1.6361199999999994,0.03401566697865614,0.004810541757438215,0.06978931199999998,0.0015967405180110769,0.00022581320961619062,-16.868370687999995,0.02575588259423468,0.0036424318475655817
ARG  11,11.95962,0.02321541729186127,0.0032831557990301075,-4.692220000000001,0.06914485953413392,0.00977855981215548,-188.54981999999993,0.9379781381469382,0.13265014041768644,-17.894239999999993,0.932084578994913,0.13181666528934224,1.133966016,0.007735543295254088,0.0010939710240472594,-198.042693984,0.07775857314741559,0.010996722873585548
ILE  12,14.233779999999994,0.03186364072324825,0.004506199285740133,-7.401819999999998,0.10036507161377946,0.014193764546475383,-13.972559999999996,0.1742880558160267,0.024648053229466393,-2.6040599999999996,0.1256323859520346,0.017767102408665844,0.011372543999999998,0.0017127970663402892,0.00024222608408112868,-9.733287456,0.13892978764771002,0.01964763899090056
VAL  13,11.365920000000003,0.06684365040906198,0.009453119696702133,-3.01038,0.08635690823553446,0.012212711083130165,-20.866880000000002,0.09248732669860128,0.013079683176479317,-2.22612,0.10079298388280715,0.014254280479911865,0.627542784,0.02015503751128502,0.0028503527398597746,-14.109917216000007,0.10802787337626442,0.015277448364303652
LYS  14,11.533160000000002,0.15723057717871508,0.02223576146658885,-6.695220000000001,0.2860805683719101,0.04045790197229587,-2.0253399999999995,4.196446313775502,0.5934671290711896,-36.96793999999999,4.105426411032204,0.5805949709806444,0.582423264,0.036051578630657166,0.0050984631444435415,-33.57291673600001,0.3847641773712725,0.054413871795378065
SER  15,11.265340000000002,0.03499177617598752,0.0049485844439605305,-2.23058,0.021779889806893327,0.003080141555190007,-19.17674,0.2703259373425803,0.038229860685109654,-4.148700000000001,0.2915045968762719,0.04122497543965255,0.39706862399999976,0.0075512717280988555,0.001067911089104192,-13.893611375999994,0.044718900092688224,0.0063242075005487145
GLU  16,15.943860000000004,0.02230695855101583,0.003154680331814107,0.4552999999999999,0.01266214831693648,0.0017906981878591229,-41.874460000000006,1.1271022706033555,0.15939633172687756,-40.87636,1.1124603320569653,0.15732564891970371,1.3477363199999999,0.003882818948024705,0.0005491135216535772,-65.00392368000001,0.02621039579177867,0.0037067097203900092
SER  17,10.384199999999996,0.017668050262498278,0.0024986396301914585,-1.2808399999999998,0.019714319668719626,0.0027880258248461957,-8.886560000000001,0.1257119182893521,0.017778349979674007,-8.773040000000004,0.1240162828015386,0.01753855090930331,0.46748231999999995,0.006676459992783555,0.0009441940270435879,-8.08875768,0.014575988187325674,0.002061356017950599
GLY  18,5.1520600000000005,0.0196442459767197,0.0027781159082870105,-2.8189399999999996,0.0232709346611148,0.003291007140684669,-11.450939999999996,0.14304899999685522,0.02023018358794615,-0.6167799999999999,0.1416992999276993,0.02003930717365253,0.13335667200000004,0.00480959042010953,0.0006801788001578609,-9.601243327999999,0.03032358036987384,0.0042884018618786135
TYR  19,10.224420000000002,0.05022273986926701,0.0071025679862653365,-10.054519999999998,0.13455337082363159,0.01902872018817961,-32.992299999999986,0.28504317216988084,0.04031119199444946,-0.24015999999999998,0.21208841175321202,0.029993830832356176,0.031645008,0.0036855398399605363,0.0005212140426338556,-33.03091499199999,0.14110552923807446,0.019955335317431818
GLY  20,6.855179999999999,0.02973327429036581,0.004204919975519459,-3.15266,0.020514004972189616,0.002901118405025966,-13.931379999999999,0.1272524875985154,0.017996219380753457,0.14456000000000002,0.127239798805248,0.017994424914400564,0.011258784000000004,0.00107464050014129,0.0001519771169975218,-10.073041216000002,0.02862943706333728,0.004048813817807854
PHE  21,10.320859999999996,0.08876891573124066,0.012553820454427492,-9.43734,0.05868138035183136,0.008298800395233397,-8.650479999999998,0.1190027293806363,0.016829527384951103,-1.2432399999999995,0.157745181859864,0.022308537558523,0.015093935999999992,0.0008297685474301093,0.00011734699334062834,-8.995106064,0.09714932297380212,0.013738989012491506
ASN  22,18.015020000000003,0.05521829044763602,0.007809045524210358,-7.153460000000003,0.056373117706553164,0.007972362761386236,-92.35372,0.5004804507666443,0.07077862411767884,-2.48878,0.49975211015062077,0.07067562119995807,0.257220864,0.0021350634041959835,0.0003019435622740429,-83.723719136,0.08793636886542959,0.01243608054753337
VAL  23,10.701839999999999,0.04380746968311597,0.0061953117759110795,-7.245500000000002,0.09835003812893428,0.013908795778184987,-24.9016,0.25961548489995384,0.036715173974758215,1.0245000000000004,0.16419296574457465,0.023220391900223847,0.0,0.0,0.0,-20.420759999999994,0.1820547785702765,0.02574643369489157
ARG  24,13.17278,0.7976025398655728,0.11279803292611203,-8.020959999999999,0.23165145887738656,0.03276046348879134,-159.92669999999998,3.932485418918869,0.5561374213269507,-48.870099999999994,3.5459988282570465,0.5014799635080218,0.7181549279999999,0.026635203543514317,0.0037667866087805865,-202.92682507200004,1.2145219845743231,0.17175934623852945
GLY  25,6.259639999999999,0.08621734396287796,0.01219297371440881,-4.24804,0.1236045241890646,0.017480319447884845,-20.02704,0.2836729779163097,0.040117417264800864,2.483620000000001,0.37192794409669516,0.052598554276708856,0.01768060800000001,0.014582839955232855,0.002062325004260656,-15.514139392000004,0.12908846570552554,0.01825586589466884
GLN  26,19.632179999999998,0.07030780611174876,0.009943025294393308,-7.59028,0.14244002808206233,0.020144061953845705,-78.62550000000002,0.13680676151384238,0.019347397755721748,-5.124839999999999,0.1234110789192904,0.017452962155475683,0.3289309920000001,0.012587581492435499,0.0017801528464078847,-71.37950900799999,0.19712949543192013,0.027878320598358652
VAL  27,12.167860000000003,0.021572213607196553,0.0030507717053706793,-1.8570599999999997,0.14526161364930934,0.020543094411505397,-22.16738,0.21608997107672462,0.03055973677895138,-6.2049199999999995,0.2113287334936142,0.029886396102579853,0.6799052159999998,0.01442979151372629,0.002040680686092791,-17.381594784000004,0.1541230284249046,0.02179628770725141
SER  28,11.1734,0.020866240676902726,0.0029509320561016987,-2.16242,0.05616870659004516,0.00794345466405969,-9.845819999999996,0.09030652025250804,0.012771270571181745,-7.685319999999999,0.11340695569502024,0.016038165481134233,0.67187736,0.003169338671676811,0.00044821217332388755,-7.84828264,0.06356851011967661,0.0089899449151098
GLU  29,14.473980000000005,0.10425900248810371,0.014744449531816653,-2.2030199999999995,0.07221952367608798,0.010213382985084847,-13.410120000000001,1.6836973319453903,0.2381107601768566,-65.68098,1.207156949033631,0.17071777292362877,0.9521727839999998,0.03352203131849359,0.004740731132890928,-65.86796721600001,0.42043771610324965,0.05945887202463847
GLY  30,4.866459999999999,0.04602486719165032,0.006508899138885238,-2.03974,0.0951398570526504,0.013454807616609575,-9.415900000000004,0.2037517361886582,0.028814846867506537,-2.6405600000000002,0.19339184677747284,0.02734973725650816,0.22721356799999998,0.0052114766152202415,0.0007370140909234697,-9.002526431999998,0.06898986013285582,0.00975663958661076
GLY  31,5.350340000000001,0.026780298728647036,0.003787306166645559,-1.7303000000000004,0.04184554934515179,0.005917854340886625,0.11244,0.07940281103336332,0.011229253225393043,-10.95462,0.08889586942053974,0.0125717744173475,0.3990379680000001,0.004029216344525089,0.0005698172400162726,-6.823102031999998,0.024601616520413202,0.003479193973947034
GLN  32,18.536879999999996,0.014864238966822525,0.002102120834123506,-1.9552599999999998,0.027265223270695495,0.0038558848530548086,-66.93282,0.08530643351147203,0.012064151522960243,-14.98642,0.09584781478954636,0.013554927959920098,1.1526791039999997,0.008933163396749046,0.0012633400830577405,-64.184940896,0.011540767067497357,0.0016321109307043534
LEU  33,11.906559999999999,0.009191648383108198,0.0012998953803956344,-3.1725800000000004,0.014411231730633332,0.0020380559363963146,-22.95642,0.03501604774741741,0.004952016962510156,-0.7513200000000001,0.040481324089015225,0.005724923754950601,0.7792300799999999,0.006606229415094864,0.0009342619234975235,-14.194529920000004,0.02477261432495525,0.0035033767153789725
ARG  34,11.14396,0.011419211881253558,0.0016149204314080767,-3.8339,0.027536339626005834,0.003894226495720913,-143.08475999999996,0.6436558571265211,0.09102668426492053,-64.36042,0.6563728236285356,0.09282513491485984,1.2240594720000002,0.00795465447138087,0.001124958023741861,-198.91106052799995,0.04312384467185178,0.006098632599660351
SER  35,10.411299999999997,0.01659548131313554,0.002346955474714554,-3.310920000000001,0.011288649165733456,0.0015964560751051977,-12.46596,0.03173575901138382,0.004488114080610317,-7.716759999999998,0.04573513310395921,0.006467924551255781,0.582393744,0.0027108348963335244,0.00038336994757491333,-12.499946256000005,0.019869520065276255,0.0028099744754158025
ILE  36,12.77854,0.05316961914507741,0.0075193196501180636,-4.303699999999997,0.04845131577187982,0.0068520507879413885,-7.162439999999999,0.24611778968615777,0.034806311611545335,-4.098520000000001,0.14240101685029544,0.020138544932540744,0.235658016,0.004604127706974816,0.0006511219846101524,-2.550461983999999,0.10970854630240505,0.015515131408909788
ASN  37,19.746680000000005,0.007032609747263491,0.0009945612083457254,-3.0592200000000016,0.04692389156911412,0.0066360403856365715,-81.66658000000001,0.3752609806485448,0.05306991682625996,-17.422220000000003,0.3837464418074869,0.054269942251656565,0.6651014400000002,0.009863599524700178,0.0013949236221647806,-81.73623855999996,0.04591179350654491,0.00649290810498288
GLY  38,6.074840000000004,0.04702865509410838,0.006650856185425462,-1.0004599999999997,0.04674749618964239,0.0066110943118376855,-8.04008,0.2258867716357253,0.03194521360079169,-7.142820000000001,0.16822172154624043,0.02379014400964435,0.5337745919999998,0.0014912267343115183,0.00021089130722366892,-9.574745408,0.1526344213500639,0.021585766875822983
GLU  39,14.72206,0.053690002794089066,0.0075929130115250125,-2.7422599999999995,0.34682265266271006,0.049048129913381776,10.550359999999998,2.963052573006436,0.41903891347701966,-88.69262,2.532054737876054,0.35808661509753675,0.818007408,0.06122878115350729,0.008659057271486416,-65.34445259199998,0.19904840700547852,0.02814969567559075
LEU  40,11.150559999999995,0.03791789023782211,0.005362399463090241,-3.14106,0.06623123432341803,0.009366510983288822,-19.28294,0.23308036468141122,0.03296254128553187,-11.27434,0.17224478047236455,0.02435909045919944,0.9274835519999999,0.0068476944215136995,0.0009684102321891258,-21.620296447999998,0.04840356148192348,0.006845297311489613
TYR  41,9.470679999999998,0.46878478814914565,0.066296180523472,-7.6728999999999985,0.21672833225033886,0.030650014681893146,-34.268100000000004,2.8773070482657563,0.406912665076913,0.17546000000000003,1.6155378696892255,0.22847155658418405,0.169083792,0.009124398165880995,0.0012903847634681096,-32.125776208,0.5867956164492024,0.08298543191235429
ALA  42,10.546699999999998,0.02373373127281556,0.003356456465173422,-4.063759999999999,0.019520819655258363,0.002760660790510566,7.087280000000002,0.08758493934440044,0.0123863809080476,-1.7802400000000003,0.0642154373963066,0.009081434247957721,0.10963756800000002,0.003256169622941935,0.00046049192421517715,11.899617567999998,0.04168660062132533,0.005895375596790897
PRO  43,19.37464,0.053969532145300675,0.007632444431481493,-6.47156,0.04629218508569353,0.00654670359800733,0.7824799999999996,0.07340524231960939,0.010381068923767507,-8.288860000000001,0.06958505874085029,0.009840813380983896,0.12352017600000002,0.008665887109408694,0.0012255415080119952,5.520220175999999,0.04993218337918204,0.0070614770933739674
LEU  44,11.749259999999998,0.0362804685755411,0.00513083307087811,-8.078680000000002,0.02770446895303381,0.003918003573172475,-35.284899999999986,0.33361835980784177,0.047180760909691685,1.6090400000000002,0.298429486478799,0.04220430271903557,0.05184302399999999,0.004652628209455719,0.0006579809914491927,-29.953436976000003,0.07219740628907338,0.010210255114216816
GLN  45,20.340139999999998,0.054714901079906696,0.007737855517110635,-8.3814,0.08321538319338254,0.01176843235101557,-81.9218,0.1757355968452014,0.02485276644502143,1.18952,0.1094186894456325,0.015474139459110331,0.0,0.0,0.0,-68.77354,0.12025476457205779,0.01700659189977877
HIE  46,29.718880000000002,0.20413227476329598,0.028868663148832425,-10.410060000000001,0.31280277556307257,0.04423699275492446,-14.680000000000001,2.8391437864257543,0.40151556482906037,-9.89366,1.7918165822427101,0.25340113118926466,0.24711220799999997,0.034667600655943265,0.004902739102256937,-5.017727791999999,0.6699353276523713,0.09474316262788467
VAL  47,11.43876,0.05238494440166193,0.007408349883699083,-7.32244,0.0540781508559747,0.0076478054368577615,-33.83133999999999,0.44954223872820676,0.06357487308689935,1.3213000000000001,0.38285680090603097,0.05414412802880848,2.376e-05,0.00016632000000000002,2.3521199969389318e-05,-28.39369623999999,0.1423129625753704,0.02012609217755835
SER  48,13.360620000000004,0.031720586374272004,0.004485968345692267,-4.043199999999999,0.16938441486754116,0.023954573676030762,-20.12026,0.24666226383482937,0.03488331188408663,-0.9395399999999999,0.13004587036888132,0.01839126336062854,0.18429681600000003,0.018052981895025844,0.0025530771837221486,-11.558083184,0.12648039838447248,0.017887029476967308
ALA  49,6.633739999999998,0.01133985890703142,0.0016036982261721177,-3.3795400000000004,0.027510150853728953,0.0038905228440273263,0.4714800000000001,0.04967544262510355,0.007025168467730799,-4.1466400000000005,0.05806091973091767,0.00821105401273194,0.253702224,0.0045130941858811625,0.0006382479005940302,-0.1672577760000001,0.04061329399606269,0.005743587118187765
VAL  50,10.881259999999997,0.020053737807609977,0.0028360267983796126,-5.703880000000001,0.013043987120587726,0.0018446983493355137,-25.726779999999998,0.05640825826348781,0.007977332386606866,-1.1917,0.05037429900256777,0.007124001684446882,0.16215696000000002,0.003384789763158322,0.0004786815588840115,-21.578943039999995,0.024004922533650844,0.003394808701080454
LEU  51,14.670299999999997,0.007051950088981035,0.0009972963457015134,-2.5946999999999996,0.016501212076742065,0.0023336237914523333,-21.549120000000002,0.04968929059573684,0.007027126866518892,-2.9718999999999998,0.053726064438067725,0.007598012898124621,0.5212087200000002,0.004532017280080024,0.0006409240302398395,-11.92421128,0.017983166167099645,0.0025432037487921307
PRO  52,18.14202,0.0060481071342468025,0.0008553315135937301,-2.1547599999999996,0.0051867523558608054,0.0007335175526328952,-7.62572,0.04968301118093755,0.0070262388231616,-2.93384,0.0513802919415724,0.007266270570246073,0.92931768,0.0024165775428543123,0.0003417556735630818,6.357017679999999,0.007523650644738383,0.0010640048780346102
GLY  53,5.291219999999999,0.004210890643380157,0.0005955098657538186,-1.2343399999999998,0.007303725076983308,0.0010329027059714272,-20.05138,0.0458885127236066,0.0064896157050854785,3.0172200000000005,0.038686581653053095,0.005471108845560183,0.3019780799999999,0.002530760978379378,0.0003579036498748719,-12.675301919999999,0.009107340113667086,0.0012879723905892518
GLY  54,4.3354800000000004,0.005139027144617526,0.0007267681885321587,-2.1106,0.008795453371052442,0.0012438649444562523,-10.167099999999998,0.07748632137375223,0.010958220658516064,-3.25714,0.07402594410069757,0.01046884941146791,0.07941384,0.002652894788415596,0.0003751759789326238,-11.119946159999998,0.011964154778115453,0.001691986994954174
ALA  55,9.36356,0.012111416101034408,0.0017128128909626732,-4.46574,0.02035859523630504,0.0028791401494046875,-4.842479999999999,0.08004179908026604,0.011319619781605455,-1.8369,0.07651124100417887,0.010820323470210622,0.13056494400000002,0.004938280810328587,0.0006983783696773486,-1.6509950560000006,0.023186874792413308,0.003279119280047774
ALA  56,9.4191,0.011211155158599231,0.001585496767516012,-6.273539999999998,0.027264783146587094,0.003855822610106486,-7.227699999999998,0.07874750789732793,0.011136579367148356,-1.1969799999999995,0.05375034511518713,0.007601446704413207,0.0,0.0,0.0,-5.279119999999999,0.03075622863766404,0.004349587566683227
ASP  57,17.089780000000005,0.009916229118431283,0.001402366570688452,-5.34734,0.012434805989369229,0.0017585471275644155,-40.47642000000002,0.48656523056925777,0.06881071480502364,-37.14264,0.4776192944176117,0.06754556838164547,0.4575533760000001,0.0017258493656541222,0.00024407195795210623,-65.41906662400001,0.014124770496065517,0.0019975442000943204
ARG  58,13.723559999999997,0.014563186467843424,0.00205954558141925,-3.2584400000000007,0.007264048457717892,0.0010272915846640006,-160.02288000000001,0.7834466322650271,0.11079608527447281,-51.16901999999999,0.7664163748252176,0.10838764317026443,1.57058784,0.003329033970115628,0.00047079649901382695,-199.15619216,0.026190315601636708,0.00370386995266663
ALA  59,7.500400000000003,0.011549891772354354,0.0016334013588404951,-3.39314,0.011740545132255626,0.001660363815568933,-8.8444,0.027748153091427606,0.003924181443270184,-3.4744000000000015,0.02749909089389629,0.003888958729507861,0.261587088,0.001640220816437916,0.00023196225238931715,-7.949952912000001,0.026606122816634697,0.0037626739729449037
GLY  60,6.48894,0.028025995075922103,0.003963474233537062,-2.15492,0.012044650264621535,0.0017033707758268462,-14.709299999999994,0.07421111776678753,0.010495036922465787,1.3422399999999997,0.060540089197165296,0.008561661520990806,0.20828476799999998,0.0031415735041833235,0.0004442855856808025,-8.824755232000003,0.018571874043184573,0.002626459615055647
VAL  61,11.120059999999999,0.023291552117538267,0.00329392288933424,-5.64352,0.024513049586052296,0.0034666687179719336,-20.57246,0.040995711971546445,0.005797669186930203,-1.7995800000000002,0.05494145611465568,0.007769895237387228,0.02160460800000001,0.0009445574159022562,0.0001335805908009055,-16.873895392,0.022333978702780564,0.0031585015583224137
ARG  62,11.249700000000002,0.008166394551368222,0.0011549025930234686,-5.066000000000001,0.029686360504293557,0.004198285364266894,-139.93171999999998,0.4251061062893252,0.06011908209619822,-58.91300000000001,0.41560428294074997,0.05877532135151537,1.283940144,0.004537952377477824,0.0006417633797632369,-191.37707985600002,0.03631525389681249,0.005135752458189462
LYS  63,8.95962,0.005670590797794443,0.000801942641290897,-3.5985199999999993,0.028610655357809815,0.00404615768353971,39.20107999999998,1.0265874505379127,0.1451813895512735,-78.24171999999999,0.9860645423101613,0.13945058491102486,1.179892656,0.003627991192759362,0.0005130754348970432,-32.499647344,0.0319834162738881,0.004523138106555691
GLY  64,6.282380000000002,0.00994563220566895,0.0014065247951631668,-2.7234199999999986,0.053896972085755716,0.007622182889451985,-15.111359999999992,0.2847598820062418,0.04027112871529894,-3.38,0.1850411846049436,0.02616877528658948,0.16503638399999992,0.004866058312491232,0.0006881645660823437,-14.767363616,0.04178530936480016,0.005909335121165589
ASP  65,14.476640000000005,0.059976582095503064,0.008481969582424377,-6.568260000000002,0.0370722591701376,0.0052428091706218935,-67.72784,0.8412732816400036,0.11897400845574135,-4.78234,0.7806496681610774,0.11040053481754518,0.01005768,0.0007955165929131093,0.00011250303547905554,-64.59174232,0.05965544146671992,0.008436553439158964
ARG  66,13.749839999999997,0.05841518980584927,0.00826115536720306,-8.93914,0.05527748547080338,0.007817416964669184,-168.24712,1.0837767600369987,0.1532691792629095,-35.8725,1.056482848890465,0.14940923733154607,0.636538752,0.010171156329199432,0.0014384187225770782,-198.67238124800005,0.07617569967863269,0.010772870760878217
ILE  67,13.123339999999995,0.015263826521264108,0.002158631048008184,-8.490519999999998,0.03441699580185022,0.004867298223911445,-12.27096,0.06960171262216978,0.009843168595466713,-1.1126399999999999,0.05987712751961216,0.00846790458141788,0.0,0.0,0.0,-8.75078,0.035266011966135324,0.004987367241332043
LEU  68,13.283140000000003,0.019008429706790245,0.0026881979090758396,-7.554659999999997,0.03251560240929052,0.004598400591594994,-33.86678,0.06028044127117878,0.008524941759153588,-1.9224,0.05409731971178876,0.007650516322444503,0.13167172799999993,0.00626024971486231,0.0008853330050600579,-29.929028272,0.02802375666192553,0.003963157673993845
GLU  69,15.41554,0.017306888802048326,0.002447563686633979,-6.151539999999999,0.014811090439855271,0.002094604497357781,-5.08752,0.41547313944466774,0.05875677486043772,-75.79939999999999,0.4092117300400504,0.05787127785047969,0.398065248,0.0015165027992099392,0.00021446588260194585,-71.22485475200001,0.026543281988761564,0.00375378693784001
VAL  70,10.913239999999998,0.016793522562501828,0.0023749627367908657,-6.563700000000001,0.04399102181110342,0.006221269966791309,-26.36988,0.05087775152618975,0.007195200623138598,-1.9767,0.04618495426001696,0.006531538869209703,0.0,0.0,0.0,-23.997040000000005,0.029134144913302677,0.004120190286453576
ASN  71,18.44558,0.045221273756450346,0.00639525386541586,-4.067259999999999,0.02032024606180468,0.002873716757136265,-89.63607999999996,0.17494408708518763,0.024740830061285215,-8.43634,0.15014680948984682,0.02123396543275907,0.3426740640000001,0.0037567717548804493,0.0005312877566492104,-83.35142593600001,0.04883314872394077,0.006906050121877943
GLY  72,6.125580000000001,0.008236722648353905,0.001164848487880773,-1.2290599999999998,0.011395455234447389,0.0016115607341970974,-5.275439999999998,0.02505526691195631,0.003543349827576647,-6.43388,0.02298924966141444,0.003251170865995338,0.5123842559999999,0.0023162001568146694,0.0003275601674937995,-6.3004157439999995,0.015902597799457335,0.0022489669484957097
VAL  73,10.73406,0.012009013280619029,0.0016983309452170046,-2.3859600000000003,0.013853461661215562,0.0019591753367106755,-30.25722000000001,0.04894335091831765,0.006921635065667049,-0.2926200000000001,0.040664918541661176,0.0057508879314414375,0.5177093760000002,0.002858251222690265,0.00040421776437980545,-21.684030624000002,0.012910611006349468,0.001825836118370277
ASN  74,20.45168,0.009124560270193729,0.0012904076884798683,-4.3862999999999985,0.023957671005662838,0.003388126325908105,-92.24392,0.13232503013910835,0.018713585226415558,-5.510720000000001,0.13518314096064155,0.019117783135073313,0.5958030239999998,0.0029306455645875854,0.00041445587039483194,-81.093456976,0.020010043049536085,0.0028298474264323416
VAL  75,13.47866,0.03547484179038177,0.005016900238299774,-6.348539999999998,0.022594875525677495,0.003195397940854503,-33.99052000000001,0.04364870673080686,0.006172859303875286,1.5652200000000003,0.03632921138697173,0.00513772634537745,0.023961456000000003,0.001385834850212695,0.000195986644038008,-25.271218544,0.047635371295013246,0.006736658813408575
GLU  76,15.31364,0.01831694297539366,0.002590406917701631,-6.035720000000001,0.04864690740430078,0.006879711621867029,8.808040000000004,0.4216527936583847,0.05963070994041918,-88.28145999999998,0.41211154849591347,0.05828137410934983,0.49701211199999995,0.003933812549914931,0.0005563251059923184,-69.69848788800002,0.0754594750969329,0.010671581309163732
GLY  77,6.123180000000002,0.013681651946195077,0.0019348777737977327,-3.69768,0.028222289063844927,0.003991234395530337,-12.668879999999996,0.1200670879140581,0.016980050412270367,-2.3022599999999995,0.11640838629584283,0.016462631867354725,0.05108860800000001,0.006563584411092352,0.0009282310091947428,-12.494551392,0.024305281289240057,0.0034372858436536313
ALA  78,7.06872,0.04377306934635732,0.006190446833631651,-4.380059999999999,0.08469649579528123,0.011977893303916253,-11.72756,0.28278268405259277,0.039991510699144264,1.8695599999999997,0.2535578166809335,0.035858490319588716,0.07508275199999997,0.002833542179692701,0.0004007233780077639,-7.094257248000002,0.08407785440083432,0.01189040419888903
THR  79,15.263939999999998,0.21648338596775837,0.030615374046405325,-6.8383400000000005,0.09448272011321177,0.01336187441940053,-32.26948000000001,0.14002888844749878,0.019803075316648197,-4.585840000000002,0.15358376997580273,0.021720025046016996,0.113036976,0.0046433855794474925,0.0006566738861782296,-28.316683024,0.1913964555659327,0.02706754632514815
HIE  80,31.028239999999997,0.11748932887665453,0.016615500233147774,-11.477879999999997,0.2688138121451626,0.038016013888890234,-7.541299999999999,1.9771104799681767,0.27960564550809747,-7.972759999999998,0.7824527732713503,0.11065553238767839,0.09172094400000001,0.017489646104917617,0.002473409472268027,4.128020944,1.1044277202037587,0.15618966605729534
LYS  81,11.55764,0.07727192504422883,0.010927900438822564,-3.46318,0.13985874159309244,0.019779012917738543,-3.0377800000000006,2.980807375796026,0.4215498217672495,-38.42036,2.5982569985281767,0.36744902858493583,1.094921136,0.011910648166255597,0.0016844200173372899,-32.26875886400001,0.20892014864026337,0.029545770766006337
GLN  82,20.783040000000007,0.08838030549706466,0.012498862668062624,-6.13242,0.0762658744131831,0.010785623394136674,-78.79900000000002,1.610320750656743,0.2277337445349589,-8.532559999999998,0.9310599800227852,0.13167176511310458,0.5632427520000003,0.030292216918127512,0.004283966399996364,-72.117697248,0.7682399697884684,0.10864553844319488
VAL  83,13.235899999999999,0.06341143430015153,0.008967731039680476,-7.630839999999997,0.04993890667645483,0.007062427911192672,-26.5291,0.11676767532156963,0.01651344300865419,-1.57118,0.060855136184217715,0.008606215893178237,0.0,0.0,0.0,-22.49522,0.09755168681135698,0.013795891852099363
VAL  84,12.882819999999999,0.01925792304548452,0.0027234815954061582,-6.70532,0.0938233318530069,0.013268622837355396,-33.42028000000001,0.19291055336345417,0.027281672089149556,-0.6869400000000003,0.11280698737223521,0.01595331714722655,0.05236761600000001,0.005727245336297599,0.0008099548029630122,-27.877352384000016,0.1502444494059838,0.02124777380212206
ASP  85,14.466879999999996,0.034712326342905886,0.004909064269565836,-4.43814,0.12355921819114019,0.01747391221221269,-56.435320000000004,2.826356406683155,0.39970715624314046,-25.047600000000006,2.5329264971569323,0.358209900477351,0.5018126399999999,0.012590997277485055,0.0017806359113622082,-70.95236736000001,0.2583864285288094,0.03654135915585886
LEU  86,12.590579999999997,0.02801220448385587,0.0039615239493037396,-6.087859999999999,0.09151896196973544,0.012942735723190737,-31.74116,0.10712224045588656,0.015149372528450661,-1.39148,0.07853413016007939,0.011106403198155819,0.336988944,0.009303286080523042,0.001315683334971252,-26.292931056,0.07740903247627845,0.010947290357813236
ILE  87,14.41972,0.05755798467668772,0.008139928255263456,-7.893660000000001,0.07805500880780704,0.01103864520671521,-8.55068,0.2823522225873158,0.03993063425491689,-1.2487000000000001,0.16081905981568034,0.022743249547942514,0.0,0.0,0.0,-3.2733200000000005,0.14274514912948644,0.020187212586188972
ARG  88,13.12556,0.09890200402402735,0.013986855543665789,-4.491180000000001,0.18358515081560345,0.025962861013373646,-160.08392000000006,1.2238694838840125,0.17308128226833305,-48.77205999999999,1.2722964027303856,0.17992988280998126,1.042565184,0.035189646584361085,0.004976567545471951,-199.179034816,0.23430849858846492,0.033136225648308426
ALA  89,8.623719999999999,0.11263002086479983,0.015928290303736457,-1.3633800000000003,0.07747719406379738,0.010956929861963451,-7.448000000000002,0.21553681820046586,0.030481509148984298,-5.40122,0.1305580774980794,0.01846370038751415,0.390691008,0.014349439724865212,0.0020293172271359633,-5.1981889919999995,0.16384081572829298,0.023170590367322302
GLY  90,7.521560000000001,0.18008844049516393,0.025468351497488093,-0.79132,0.052701969602661915,0.007453184017585907,-15.409880000000001,0.6967679280793363,0.09853786537163986,-0.3549999999999999,0.6650968049840564,0.0940588921899466,0.4801194720000001,0.013901340091353076,0.001965946369235236,-8.554520528,0.1825613566681011,0.025818074656526045
GLU  91,15.636679999999997,0.10959989781060578,0.015499766191846398,-1.1365199999999995,0.3307621042380775,0.046776825373255254,-4.878659999999999,3.0854754681248107,0.4363521253391581,-70.43898,2.3652564468996125,0.334497774569583,0.9425568959999999,0.011926470372365695,0.0016866576151840463,-59.874923104,0.3995824770775765,0.0565094958369745
LYS  92,10.75108,0.09381894051866588,0.013268001808897197,-3.2392799999999995,0.1967186864535393,0.027820223435481573,15.773339999999996,1.0988249653152609,0.15539731686229877,-58.36558000000001,1.143160725182565,0.1616673401525446,1.24595136,0.035063214525901075,0.004958687352292661,-33.83448864,0.10451446430888428,0.014780577288978292
GLU  93,15.073420000000004,0.058565549599294116,0.008282419453115591,-4.29642,0.15342673691374253,0.021697817217406348,-30.486720000000002,1.8801471648783703,0.26589296198283147,-52.541199999999975,1.6978360109276542,0.24011027133393228,0.515858256,0.017401454441241117,0.0024609372875820717,-71.73506174399999,0.09253376784270612,0.013086250946063836
LEU  94,12.973759999999995,0.041020268162559166,0.005801141956767245,-8.230999999999998,0.0600799467378137,0.008496587550326931,-32.31339999999999,0.05331078690860275,0.007539283786692805,0.27576000000000017,0.0691096404273665,0.009773579078310965,0.0,0.0,0.0,-27.29488,0.10560125756911133,0.01493427306578917
ILE  95,13.13932,0.09573911217450824,0.013539555088674864,-5.02764,0.052304783720098356,0.007397013451395456,-12.584320000000005,0.0565757686632079,0.008001021934519136,-0.87726,0.040913474553011524,0.00578603905966754,0.376328016,0.0032705869163380417,0.00046253083740052577,-4.973571983999999,0.11400131234157337,0.016122220204178438
LEU  96,11.58026,0.015817471352548462,0.0022369282509221936,-8.122639999999999,0.01631411658726821,0.0023071644935850574,-34.98774000000001,0.043531050977409114,0.0061562202676606545,0.6398999999999999,0.03805903309334099,0.005382360077140927,0.0011975040000000007,0.00044220765844114104,6.25376067952711e-05,-30.889022496,0.01944412963939292,0.002749815184457015
THR  97,16.23864,0.011850333326026776,0.0016758902108308935,-5.3155399999999995,0.012435770985726999,0.0017586835986580954,-44.83157999999999,0.05730448150781721,0.008104077493311332,2.2093999999999996,0.053633571576025905,0.007584932432132397,0.13015670399999998,0.0021474376002066737,0.000303693537856221,-31.568923295999994,0.018108314590197776,0.002560902408517629
VAL  98,11.8654,0.007118988693297013,0.0010067770360441353,-6.631239999999999,0.013452969932450435,0.0019025372532668866,-27.45724000000001,0.03564017956302477,0.0050402825303442035,-0.9907599999999998,0.042058796939524315,0.005948012104897131,0.0,0.0,0.0,-23.213839999999994,0.010098237479634946,0.001428106439976404
LEU  99,11.559560000000001,0.013554571183462583,0.0019169058399804318,-8.65146,0.029027717788703174,0.004105139218152277,-33.53508000000001,0.13496856522744352,0.019087437543868834,-0.04682,0.10599484704456154,0.014989935023208069,1.9152000000000002e-05,0.000134064,1.895951270259866e-05,-30.673780848,0.059112094536170445,0.008359712579333278
SER 100,11.989899999999993,0.009036038966131223,0.0012778888856034537,-4.887619999999999,0.009463382059790304,0.0013383243254873683,0.25284000000000006,0.1679096614254225,0.0237460120441307,-11.22122,0.14172936040209072,0.0200435583667101,0.26271273599999995,0.0020135771017646964,0.0002847628046199543,-3.6033872639999998,0.037163312230572496,0.005255686017918154
VAL 101,7.89188,0.0055844068614251735,0.0007897543921236849,-2.0622599999999993,0.009593351864818557,0.0013567048315843626,-58.6297,0.7709189646133654,0.10902440552468455,-51.90566000000002,0.7465490368341289,0.10557797728673964,1.023468768,0.0039830088050958265,0.0005632825071217974,-103.68227123200002,0.026892904143693063,0.0038032309771610334
GLU 102,9.31648,0.13579119853665558,0.01920377546214359,-2.7003199999999996,0.3372891009208568,0.04769988209629032,-93.77846000000001,5.581991613071271,0.789412824425826,-69.44716,4.445186022474259,0.6286442360254411,1.123340256,0.0403289532920998,0.005703375270199862,-155.48611974399998,1.0646515776486276,0.15056447003126014
SER 103,9.52928,0.08111326402024406,0.011471147806577875,-2.94976,0.17630468626783732,0.024933247842990912,-11.204080000000001,0.1619687426635339,0.022905839255528738,-5.5487400000000004,0.1660038324858775,0.023476487130743934,0.39278951999999995,0.01078591676170516,0.0015253589767030731,-9.780510479999997,0.20950021670732596,0.029627804778760286
GLU 104,14.865099999999998,0.20312195843902975,0.028725782844026,-3.522919999999999,0.3296174655566745,0.046614949018529556,-72.57426000000004,7.873225125219863,1.113442175170254,-10.742399999999998,7.087316699569732,1.0022979397364837,0.5822818559999999,0.05051294248355949,0.007143608833562192,-71.392198144,0.7920204618803354,0.11200860788681732
SER 105,11.412060000000002,0.8508356459387068,0.12032633098369919,-3.702679999999999,0.14497564485116926,0.020502652316230875,-4.9899000000000004,1.1238736272375118,0.15893973260327335,-7.425639999999999,0.8296547175783625,0.117330895368614,0.28444795200000006,0.02117091925715196,0.0029940201141370032,-4.421712048,0.5403925281189865,0.07642304422709549
LYS 106,9.939100000000002,0.0927368858652074,0.013114976172282208,-4.259239999999998,0.1830554626336514,0.025887951792299115,30.127259999999982,1.3249425619252146,0.18737517404399928,-60.1165,1.0700831976998253,0.15133261710546628,0.9416404800000001,0.01989454032955509,0.002813512875123531,-23.367739520000004,0.2634479726008837,0.03725716958318653
VAL 107,10.06734,0.1948583701049617,0.02755713497443529,-7.750879999999998,0.20029205076595,0.028325573462872695,-102.34352000000003,1.276880875254864,0.18057822513202568,-7.6861,1.374128425584748,0.19433110559043387,0.08643283199999999,0.003393955413580833,0.00047997777759756005,-107.626727168,0.38737304013618673,0.05478282070582925


