#Frame       SA_00001
       1    6781.9323
       2    6773.7545
       3    6823.2351
       4    6816.3169
       5    6720.3011
       6    6756.8323
       7    6743.9920
       8    6742.5646
       9    6781.5166
      10    6746.7549
      11    6658.0467
      12    6783.5164
      13    6803.4735
      14    6639.0148
      15    6925.1995
      16    6752.5595
      17    6842.5376
      18    6935.0130
      19    6837.6878
      20    6945.9825
      21    6807.0495
      22    6862.6744
      23    6897.0545
      24    6761.2716
      25    6878.0535
      26    6816.3888
      27    6622.9252
      28    6552.0308
      29    6548.3294
      30    6506.1665
      31    6481.8926
      32    6531.5459
      33    6520.2412
      34    6552.4835
      35    6528.8022
      36    6791.9156
      37    6735.8933
      38    6766.1359
      39    6690.4988
      40    6802.4101
      41    6830.5402
      42    6774.5082
      43    6705.3262
      44    6812.6908
      45    6786.4091
      46    7065.6673
      47    6529.5625
      48    6601.1866
      49    6569.7708
      50    6682.3495
