| Run on Mon Jun 20 15:46:20 2016
| GB non-polar solvation energies calculated with gbsa=2
idecomp = 2: Per-residue decomp adding 1-4 interactions to EEL and VDW.
Energy Decomposition Analysis (All units kcal/mol): Generalized Born Solvent

Total Energy Decomposition:
Residue,Internal,,,van der Waals,,,Electrostatic,,,Polar Solvation,,,Non-Polar Solv.,,,TOTAL,,
,Avg.,Std. Dev.,Std. Err. of Mean,Avg.,Std. Dev.,Std. Err. of Mean,Avg.,Std. Dev.,Std. Err. of Mean,Avg.,Std. Dev.,Std. Err. of Mean,Avg.,Std. Dev.,Std. Err. of Mean,Avg.,Std. Dev.,Std. Err. of Mean
GLY   1,1.07826,0.08256822875658687,0.011676910892868934,0.09136000000000001,0.4301252729147637,0.06082889944754877,-62.23005999999999,9.07575070263624,1.2835049732385317,-54.07477999999999,9.60711414169736,1.3586511114454762,1.0116846719999997,0.1297358032128151,0.018347413242893008,-114.12353532800002,0.6161936541540749,0.08714294227529291
SER   2,10.29068,0.4345907242452431,0.06146040963091686,-0.4872800000000001,0.23352576217625323,0.03302553000331712,-3.7311200000000007,2.53769176725622,0.3588838114376294,-10.494779999999999,2.0752979380320395,0.2934914489929829,0.8630589599999996,0.06038161270305272,0.008539249560261671,-3.5594410399999994,0.7366669476504476,0.10418043883192538
HIE   3,28.96796,0.5890158218588399,0.08329941637251063,-3.140000000000002,0.7399707021227174,0.10464766027006886,-12.217800000000002,2.412094973254571,0.3411217424908582,-15.712639999999997,2.582848108271219,0.365269882426685,1.1319112799999997,0.1730137108178166,0.02446783363150529,-0.9705687200000003,1.408508654275063,0.1991932041595671
MET   4,10.602899999999998,0.759913949075836,0.10746806130195447,-1.9659400000000005,1.488993947737867,0.2105755435182347,-4.52572,1.7828569548900999,0.2521340485376776,-7.51252,2.0402891485277252,0.2885404585010563,1.255097088,0.2691236806142012,0.038059835908036854,-2.146182912000001,1.1903850230024773,0.1683458643975912
GLY   5,5.395399999999999,0.5795093786989174,0.0819550022878415,-0.9746400000000002,0.3509363908174806,0.0496299003424346,-3.6533600000000006,3.502959575901496,0.49539329406846005,-7.395260000000002,2.5088196572093318,0.3548006784773656,0.37934064,0.08196200622083347,0.011591178079681066,-6.248519360000001,1.0537568660884387,0.14902372514660392
HIE   6,29.00702,0.6140287123579945,0.08683677327031639,-1.8709799999999996,0.7854593430598437,0.11108072556478925,-14.61902,2.891338586122344,0.4088970241906868,-17.313880000000005,3.158345210011074,0.4466574630653762,1.439600976,0.17812868560567113,0.025191200303123322,-3.3572590239999993,1.1276182183249464,0.15946929775341248
GLU   7,15.262739999999999,0.6557434196391111,0.09273612374905427,-1.0196200000000002,0.660738886096467,0.09344258939049153,11.303839999999997,10.316798333514132,1.459015612352383,-90.84580000000004,10.471095717258773,1.4808365576254188,0.9754362720000002,0.15506992069423875,0.02193019849619127,-64.32340372800002,0.9876387664926902,0.1396732138299397
LEU   8,12.912059999999997,1.6209934288577714,0.22924308916083272,-1.2392,0.6332229623126435,0.08955125013086077,-25.292860000000008,1.9043546099399555,0.269316411694481,-6.472260000000001,1.2350135676987466,0.174657293715435,0.9024873120000001,0.1389897858132365,0.019656124012841066,-19.189772688,1.6282553985792765,0.23027008676780222
ALA   9,8.442239999999998,0.6855734405590967,0.09695472576414595,-2.41684,1.037329096478066,0.14670048768835095,1.04134,2.2510864986490406,0.3183517056464437,-2.4279599999999992,1.5364789872953042,0.21729094221342976,0.33214003200000003,0.16392059927324007,0.02318187346445414,4.970920031999999,1.082636893020089,0.15310797772344792
LYS  10,10.61668,0.6540660651646572,0.09249891000438627,-3.7034800000000003,0.5670676587498145,0.08019547737871457,-40.78716,9.657976028878931,1.365844068511483,0.5063599999999997,9.47582108476094,1.3400834692689854,0.9320016959999999,0.15780412704075517,0.02231687366594828,-32.435598303999996,1.1095449467391376,0.15691335117410218
GLN  11,19.550200000000004,0.6291629041829899,0.08897707120376284,-3.85546,0.3942740270421082,0.05575876763344058,-82.60126000000004,2.439399252355785,0.3449831506724339,-9.113360000000002,2.2864426934432376,0.32335182666562956,0.6186173760000002,0.1397699878538537,0.019766461243564265,-75.40126262400001,0.4984201594216284,0.0704872549214227
GLU  12,15.320319999999999,0.34327350261863915,0.04854620430065956,-4.059040000000001,0.4643456453978917,0.06566839093505863,6.858979999999997,13.629876886443256,1.9275556746283626,-84.34312,12.571874068157097,1.7779314811634381,0.7600353119999999,0.07391657316611343,0.01045338202556608,-65.462824688,0.9595823008272032,0.135705430404301
ILE  13,14.101759999999995,0.476295436048012,0.06735834653555058,-2.8616200000000003,0.5439159085741061,0.07692132546959853,-2.982780000000001,0.4334881447052423,0.061304481337010434,-3.4126399999999997,0.3994958202534917,0.05649724071138521,0.610793136,0.15410609600618666,0.021793893101631944,5.4555131359999995,0.6349163547227545,0.08979073198214063
ARG  14,11.649560000000001,0.21470381086492424,0.030363704121836373,-4.635840000000001,0.48285369875356604,0.06828582494193058,-188.32647999999998,8.367620900208996,1.1833602961872127,-17.32262,7.027787093787062,0.993879182150426,1.2305741760000004,0.020195923088955247,0.002856134833704444,-197.40480582400002,0.9655641180865795,0.13655138711388573
VAL  15,11.564640000000002,0.12643508373847664,0.017880621018273164,-4.9482800000000005,0.22674461757666686,0.03206653133720231,-26.839060000000014,0.4439181190254021,0.06277950245088776,-1.1154399999999998,0.2108533291176611,0.029819163770971414,0.10734695999999999,0.02102609057140214,0.002973538244976197,-21.23079304,0.24761461058990653,0.03501799405379784
ARG  16,12.764340000000002,0.45071776579134193,0.0637411177184616,-4.510060000000001,0.23460719596803875,0.03317846783683229,-196.79610000000008,4.586646039315598,0.6486497034604959,-10.133659999999999,4.276636657982533,0.6048077563060846,1.2040837920000003,0.044471253312894005,0.006289184957082413,-197.47139620800002,1.2244601617262045,0.1731648167298752
VAL  17,11.42072,0.23642343707858204,0.03343532311793928,-6.205539999999998,0.3502013826357864,0.04952595448853388,-38.99792,0.4956114139129282,0.07009003832225687,1.8479200000000007,0.36304715065676574,0.05134262042397064,0.002951856,0.003977684162231083,0.000562529488906386,-31.931868144,0.4566635911116378,0.06458198439920797
GLU  18,15.230359999999997,0.26466051915621536,0.037428649561542404,-5.279540000000001,0.3457644406239553,0.04889847613167443,37.41140000000001,4.524202696608439,0.6398188812468584,-108.81412,4.695471105820969,0.6640398919583008,0.6830094240000001,0.04792263436158927,0.006777283945880646,-60.76889057599996,0.5867463899398495,0.08297847023263877
LYS  19,11.873940000000003,0.5973424950562415,0.08447698578903201,-7.546540000000002,0.8151032378784776,0.1152730053741966,-64.85987999999999,7.714926256653514,1.0910553344867693,25.244179999999997,9.284730864575465,1.3130592311666696,0.3507900480000001,0.0994271634151595,0.014061124297000458,-34.93750995200001,1.683806942108479,0.23812626139477797
ASP  20,18.9476,0.23241419922160717,0.03286833126272793,-1.9258600000000001,0.5069506488801452,0.07169364831001422,36.1888,3.2336573349692093,0.4573082059180694,-117.23754,3.1954491653603108,0.4519047547526338,0.7348029120000001,0.07189818481100144,0.01016793880697255,-63.29219708800001,0.43772598119403733,0.06190380192076779
PRO  21,19.711840000000002,0.3141326700612862,0.044425068238514366,-2.3730399999999996,0.21679750552071414,0.030659797259604986,-7.813359999999999,2.3544537350306984,0.33297004040604034,-4.11266,2.322871538505735,0.32850364334052673,0.9417882240000001,0.052773459543896596,0.007463294222032641,6.354568223999999,0.30152145693929,0.042641573375003905
GLU  22,14.473379999999995,0.38601320651002496,0.05459051119016036,-3.81648,0.5176181310580196,0.07320225810724654,28.894080000000002,7.34060059079637,1.038117691146818,-103.41882,6.775011054426429,0.9581312518397499,0.5846670719999999,0.0902709363116863,0.012766238242010466,-63.283172928000006,0.9299212218502345,0.13151072038791614
LEU  23,11.113239999999998,0.3721794491909332,0.052634122468236594,-8.609300000000001,0.46852539952491534,0.0662594974324408,-31.253040000000006,1.4454691274460854,0.20442020440258576,0.72458,0.6771811601041483,0.09576787808028328,0.0019363680000000002,0.003870041032415031,0.0005473064514981711,-28.022583632,1.2736280277319734,0.18011820302370532
GLY  24,5.856240000000002,0.3034747805007234,0.04291781504223211,-3.12168,0.3842625373361333,0.05434292918126575,-16.054,1.7785841447623598,0.2515297819344681,1.49698,0.812177455732428,0.11485923729504738,0.023509296000000006,0.027740051076239634,0.003923035645294046,-11.798950704,0.9557340168530578,0.13516120086549105
PHE  25,9.462199999999998,0.22947226411933455,0.032452278810602385,-9.603860000000003,0.2956012861945959,0.04180433479913283,-4.840839999999999,0.9167917399278951,0.12965393124776564,-4.27152,0.781929798383463,0.11058157256975532,0.0013145759999999998,0.0021683177880154007,0.0003066464423346209,-9.252705424000002,0.5072677382458541,0.07173849151816121
SER  26,11.211680000000001,0.31284318371985004,0.04424270733125898,-5.853860000000001,0.3439630799954942,0.04864372526852497,-17.997300000000006,1.1384028329197948,0.16099447257591262,-1.68268,0.7179495926595402,0.10153340510393608,0.000371376,0.001102353709216783,0.00015589635661066617,-14.321788624,0.9577153779824177,0.13544140764360102
ILE  27,14.692620000000003,0.2118597545544663,0.02996149382119613,-9.293500000000002,0.32102132327925653,0.04539927091924823,-16.080519999999996,0.8442815700938642,0.11939944468883935,1.36062,0.3573244402500346,0.05053330695689736,0.000439488,0.0007447542458126707,0.00010532415550632247,-9.320340512,0.7965910540221932,0.11265498722632644
SER  28,9.973,0.3979665312560702,0.056280966587291065,-6.3518799999999995,0.5401622956112405,0.07639048443360012,-16.62244,0.9200632404351091,0.1301165912864269,-1.8495799999999993,0.49441586099153695,0.06992096160666024,0.0015755040000000004,0.0040181794911108674,0.000568256393237841,-14.849324496000007,0.7591233543354117,0.10735625432152958
GLY  29,4.81336,0.49215252757655525,0.06960087792549631,-4.45478,0.3613817532748493,0.051107097667545946,-12.001380000000001,1.4143617626335876,0.20002095868183356,1.9429199999999995,0.5921032288376772,0.08373604165471434,0.002555135999999999,0.0021794425641213874,0.00030821972325936596,-9.697324864,0.7066345813454176,0.09993322085805235
GLY  30,5.39832,0.20130091306299866,0.028468248137178003,-4.389920000000001,0.3211429488560859,0.04541647137327659,-9.54278,1.8388131747407166,0.26004745303886495,-1.8343000000000003,1.8062087836127916,0.25543649582626204,0.03848155199999998,0.01813956949392397,0.0025653225193916535,-10.330198448,0.3172140968055176,0.044860847787829485
VAL  31,10.811599999999999,1.4964029537527637,0.21162333519723175,-3.05344,0.42048586944153227,0.05946568193504575,-29.33053999999999,0.7381568453931592,0.10439114219135455,-0.06411999999999998,0.8441001750977191,0.11937379156246986,0.45320716799999994,0.05607264439543271,0.007929869418214466,-21.183292832000003,1.2558417855611714,0.17760284853354527
GLY  32,5.174920000000001,0.2290424275106899,0.032391490734447415,-0.8828799999999998,0.24683724516369127,0.03490805798093048,-10.321860000000001,1.5597743556040438,0.22058540479369934,-3.68122,1.2516029448671007,0.1770033859337159,0.6050462399999998,0.06684779314453482,0.009453705567971234,-9.10599376,0.3793099512898577,0.05364252774571948
GLY  33,4.851799999999999,0.48552853675144736,0.06866410415930606,-1.7013000000000003,0.26714230290240204,0.03777962678481584,0.3527999999999998,3.0796640920723806,0.43553027265621846,-5.244459999999999,2.2899337563344497,0.3238455375144145,0.22000175999999996,0.045154753084883835,0.006385846421825107,-1.5211582400000005,0.470650700848681,0.0665600604280607
ARG  34,12.129420000000003,0.8869501471897561,0.1254336927304566,-4.770439999999999,1.763287703807865,0.24936653850907955,-176.25022,6.1725511850122015,0.8729305600286374,-30.46246,6.0951440974270765,0.8619835447199689,1.046179008,0.2722818388337399,0.038506466926656026,-198.30752099199998,1.7776787138108976,0.2514017346613331
GLY  35,4.704339999999999,0.2577113586941873,0.03644588986429172,-1.8412600000000001,0.4291032887312796,0.06068436905826737,-14.738900000000001,0.6965023546262338,0.09850030761372149,0.010859999999999976,0.7162730208516862,0.10129630204504013,0.21604521599999998,0.060132871153668915,0.008504072192995244,-11.648914784,0.5825962475538864,0.08239155146783791
ASN  36,21.171640000000004,0.27610047156733525,0.03904650314681326,-6.909679999999998,0.5411908513639244,0.07653594418311037,-85.69615999999998,0.5434116436015954,0.0768500116332831,-1.5219000000000005,1.0718112380452065,0.15157699891474288,0.056738735999999984,0.044876911596863536,0.006346553701770284,-72.89936126400002,0.49791209996397584,0.07041540446387229
PRO  37,18.89988,0.09286153993996665,0.013132604920595169,-4.88084,0.5503026570897122,0.07782454810662215,-5.98298,0.35462050081741187,0.05015091217515231,-5.239620000000001,0.3312953298795401,0.0468522348666514,0.53610984,0.0902275951536602,0.01276010887666152,3.33254984,0.6212882081321149,0.08786342100829152
PHE  38,10.48884,0.0852416236354778,0.012054986022399567,-6.305600000000001,0.11247879800205979,0.015906904161393672,-4.004719999999999,1.3621224033103638,0.19263319763737513,-1.16348,1.009415201787649,0.14275286684336677,0.4178342879999999,0.030317397953155134,0.00428752753612143,-0.5671257120000002,0.41358702078717346,0.058490037401870386
ARG  39,16.0066,0.32965302971465865,0.04661997854998511,-2.99514,0.35480056426110584,0.050176376991568274,-219.73525999999998,7.952443671752961,1.124645369460113,19.159440000000004,7.62869568185807,1.0788604896500749,0.8152086240000002,0.06128038730055675,0.008666355482792333,-186.74915137600001,0.9902762608520853,0.1400462118593136
PRO  40,19.560419999999997,0.2363885014125757,0.03343038246867161,-3.3262000000000014,0.45562155348489225,0.06443461802478331,-8.386580000000002,0.3336074993161097,0.04717922500422154,-6.517200000000002,0.2995765010810818,0.0423665150797144,0.7936184159999997,0.078210273815475,0.01106060299467581,2.1240584159999996,0.48616669902021603,0.0687543539328548
ASP  41,13.015559999999999,0.733211215407969,0.10369172449140104,-0.42567999999999984,0.19782400663215807,0.027976539314218302,22.18788,8.855040136871219,1.2522917856921385,-105.48026000000003,8.264727315065596,1.1688089458281141,1.0504514880000002,0.0906002304132345,0.01281280746045236,-69.65204851199998,0.39549318571306774,0.05593118270615616
ASP  42,15.825460000000003,0.1458507744236188,0.020626414327250063,-3.2776199999999984,0.1484893113998745,0.020999559804914435,-5.183680000000001,2.540093985977682,0.3592235364671972,-79.51607999999999,2.6385061973780726,0.3731411248737532,0.3098668319999999,0.01894837209629996,0.0026797044803479313,-71.842053168,0.3379745259035024,0.047796815826935
ASP  43,12.514980000000001,0.3179473220519255,0.04496454149660393,-3.56626,0.7957109477693514,0.11253052140641662,33.51656,4.057676335835612,0.5738420905859087,-112.89288,3.6874274753002485,0.5214809945836792,0.5268215519999999,0.03976625198666093,0.005623797288428192,-69.90077844799997,0.47281494073803876,0.06686613016843655
GLY  44,4.760239999999998,0.1115300067247404,0.015772724812169035,-3.33952,0.36424152646286667,0.05151153067032646,-6.8724,0.7757700174665227,0.10971044799835693,-2.94852,0.595144393907901,0.08416612734348691,0.009562176000000004,0.008033340280270961,0.0011360858775517273,-8.390637823999999,0.3886934165875315,0.05496955013432223
ILE  45,12.585979999999998,0.09651310584624866,0.013649014323451489,-8.871899999999998,0.3017519014025238,0.042674163143531806,-11.36108,0.2513364151888555,0.03554433670783146,-1.17598,0.2241209039781866,0.031695482201726966,7.660800000000001e-05,0.0002597903676736303,3.6739906133794085e-05,-8.822903391999999,0.4861011971624101,0.06874509057128782
PHE  46,8.840359999999999,0.2718096216104708,0.03843968532650269,-10.50254,0.3030053603486778,0.0428514290076847,-11.739499999999996,0.9198141823216655,0.1300813691502418,1.74326,0.23984826953722369,0.03391966756912594,0.03207110399999998,0.009678011221340098,0.0013686774726018168,-11.626348896,0.7680588088711653,0.10861991842057267
VAL  47,11.51312,0.3039920156846402,0.04299096314343528,-7.696340000000003,0.37001089767728984,0.05232744297210668,-30.020380000000003,0.45498219261796335,0.06434419874385716,-0.3870000000000001,0.27027793102656367,0.038223071566790626,0.0,0.0,0.0,-26.59060000000001,0.8279254555814086,0.11708634079171515
THR  48,17.09322,0.5224082039936394,0.07387967671827753,-6.51048,0.41528911567726723,0.05873074996967204,-30.156000000000002,2.2088796979463594,0.3123827626486327,-1.8492,0.805692298585509,0.113942097575918,0.09630432000000001,0.04154159982252003,0.005874869387168359,-21.326155679999996,1.9907579402173265,0.281535687845727
ARG  49,12.94422,0.5840875376174176,0.08260245173116573,-5.56726,0.5922105642421449,0.08375122117318644,-201.96555999999998,7.2921082470302725,1.0312598381242906,-5.3923000000000005,6.181227315832996,0.8741575502162066,0.9036319680000001,0.0629699012561037,0.008905288837767644,-199.077268032,1.8638365680828772,0.26358629526297295
VAL  50,11.165339999999997,0.19416545624819379,0.027459142157055545,-5.0365,0.2883139434713368,0.04077374890784344,-30.768520000000013,1.3537134887408635,0.19144399753447272,-2.618360000000001,1.211092527596465,0.17127434778156325,0.225647136,0.03668607760086506,0.005188194849341517,-27.032392864000002,0.45202211733122405,0.06392558088224194
GLN  51,24.482460000000007,0.738498563573021,0.10443946843980156,-2.6631800000000005,0.40122904630646367,0.056742355890462344,-60.34799999999999,4.256485695970436,0.6019579799288473,-16.621620000000004,3.535942431035879,0.5000577741741432,0.963081504,0.09143146698322294,0.012930362063534172,-54.187258496000005,1.1138218982299153,0.15751820345448914
PRO  52,19.278039999999997,0.6282265183833765,0.08884464625402015,-4.63858,0.5434252879651426,0.07685194123768092,-9.528339999999998,3.4044678034018783,0.4814644540233476,-1.5426600000000001,1.6580806205972003,0.23448801011565587,0.34051478400000007,0.05052389803419095,0.00714515818239082,3.9089747839999998,1.8347893236051078,0.2594783945539701
GLU  53,15.792480000000001,0.9056772988211882,0.12808211191263547,-1.23222,0.7998659210142658,0.11311812335784215,14.32674,4.773545951638043,0.6750813425417703,-94.75144,5.184587004419928,0.7332113256953959,1.18785312,0.1034439369908772,0.014629181863776642,-64.67658687999999,0.6667966708490682,0.09429928952599809
GLY  54,9.538960000000001,0.643283109058493,0.09097396972760514,-1.55886,0.32290859449695725,0.04566617137444311,0.28492,1.028300283769289,0.14542362074986306,-2.1721,1.3440336342517625,0.19007505938444424,0.306909216,0.09270348911909482,0.013110253159153052,6.3998292160000005,0.6078651811063053,0.08596511832149145
PRO  55,20.34672,1.1299538227732349,0.15979960210212332,-5.204940000000001,0.8553557016820471,0.12096556339719061,-9.238259999999999,1.056495713384584,0.1494110566457517,-0.4053000000000001,0.6135044987610117,0.08676263827247303,0.2722190400000001,0.1110331188877695,0.015702454260366788,5.77043904,0.642526146574865,0.09086691906654971
ALA  56,9.15894,0.473764769057367,0.06700045617754856,-5.488500000000001,0.24752319083267774,0.03500506534774366,-4.66112,0.7302973268470846,0.1032796384191964,-1.4132599999999997,0.33151584034552695,0.04688341975581579,0.00038231999999999996,0.00267624,0.00037847749041653713,-2.4035576800000005,0.704928015716595,0.0996918760323163
SER  57,12.180259999999999,0.35601004536388575,0.0503474234494668,-4.08698,0.2605793921245512,0.03685149104174772,-0.7802999999999995,2.232687566588752,0.3157497037211595,-8.90964,1.8026071536527317,0.25492714843264547,0.29274652800000006,0.0313189978287102,0.004429175148929548,-1.3039134719999999,0.5349786605108238,0.07565740772745987
LYS  58,10.104780000000002,0.32824529181691325,0.0464208943472593,-1.7324799999999996,0.9449038308738095,0.13362958127600347,-14.769959999999994,3.256072093550782,0.46047813147640726,-21.975040000000003,3.215102965442955,0.4546842218155383,1.4379828479999994,0.13634936320569127,0.019282711866642366,-26.934717152000005,1.012420864527028,0.1431779317443617
LEU  59,11.863039999999998,0.2031177943953831,0.028725193959326063,-4.649519999999999,0.41274826419988014,0.05837141930774239,-29.994039999999995,1.1305451421328796,0.15988322728793367,-2.8314799999999996,0.9285051478586445,0.13131045728349308,0.4592020319999998,0.050880892703166515,0.0071956448526468335,-25.15279796799999,0.40114427875620634,0.05673036794854004
LEU  60,10.722460000000003,0.08348681572529729,0.01180681870780588,-7.460979999999998,0.19258956254175574,0.027236277131805237,-31.226620000000022,0.7333976244839293,0.1037180867157383,-1.0694,0.7605007823796106,0.1075510520636595,0.004630607999999998,0.004216691789345767,0.0005963302716840058,-29.029909392000004,0.4396099260681205,0.06217023195993696
GLN  61,20.21634,0.24464714263620688,0.034598330711194884,-3.7325999999999993,0.23224504300415913,0.032844408961040454,-65.22788,1.195137308261694,0.16901793902417622,-11.640320000000001,1.233062503525249,0.17438137157391292,0.809710128,0.07654392041394031,0.01082494503666012,-59.574749872000005,0.13305097897410917,0.01881624989522027
PRO  62,17.530179999999998,0.04981955038040884,0.007045548381930387,-4.4723799999999985,0.19844161761084816,0.028063882696451707,-3.629999999999998,0.45415076791745596,0.06422661753510221,-6.63092,0.3884545708316439,0.05493577224359309,0.5595749280000001,0.024653523429989818,0.0034865347194974463,3.3564549280000007,0.21908959502502875,0.030983947665922464
GLY  63,6.3394400000000015,0.08877751066558284,0.012555035961698935,-3.2491200000000013,0.08388054363194913,0.011862500242353061,-12.72374,0.3333956094492901,0.047149259251882965,-2.6166799999999997,0.24682839706970144,0.03490680667147833,0.160781472,0.01228794463150009,0.001737777795155709,-12.089318528000003,0.12757344490770528,0.018041609598713367
ASP  64,12.776240000000005,0.9221135409481062,0.130406547565669,-6.83696,0.37873013928125854,0.05356052994510071,7.75884,8.177923793628795,1.1565330741003472,-77.74382,7.924067409329592,1.1206323599432544,0.08701257599999998,0.024576195695595906,0.0034755989264247007,-63.958687424,1.8154634520960826,0.2567453035946958
LYS  65,10.8483,0.12176867413266013,0.01722069104305978,-7.963780000000001,0.17613850118582208,0.024909745723305905,-63.52333999999999,3.771838000816237,0.5334184455828543,23.820919999999997,3.6329867923790107,0.5137819193704725,0.3685253759999999,0.028182263649514063,0.003985573947151706,-36.449374624,0.5280930183339224,0.07468363087223766
ILE  66,13.28104,0.10395498256428813,0.014701454621867489,-9.093720000000001,0.23959315850000232,0.033883589420250985,-12.31564,0.22176029942255523,0.031361642303929606,-1.39374,0.3222218372488128,0.04556904923300472,0.00014256000000000002,0.0004533119085133326,6.410798490047867e-05,-9.52191744,0.3009913095737425,0.042566599215562544
ILE  67,14.4859,0.24524438831488113,0.03468279400507987,-6.23968,0.19485937904039666,0.027557277659452855,-13.45932,0.5379547356422774,0.07607828830881416,-0.09016000000000002,0.3947865934907111,0.055831255475763744,0.24312312000000005,0.04167054305373966,0.00589310471380506,-5.060136880000001,0.24138369460423453,0.03413680946450338
GLN  68,19.173379999999998,0.19235466097820286,0.027203057034105322,-6.59342,0.45052942589801925,0.06371448243531432,-74.99853999999999,0.8676795309336863,0.12270841604399446,-10.002960000000002,1.0540523698564508,0.14906551569024942,0.4554106559999999,0.014189484699261276,0.0020066961704780814,-71.966129344,0.3609718170194292,0.051049123926333595
ALA  69,7.745820000000001,0.08498110142842502,0.012018142618548226,-4.6839400000000015,0.400392727706167,0.056624082579761904,-5.61656,0.4262152113662785,0.060275933240390635,-0.4415399999999999,0.20008690212005403,0.02829656106313984,0.0011406240000000002,0.0017456138829145464,0.0002468670827884511,-2.995079375999999,0.33377079412434113,0.04720231837746813
ASN  70,18.773000000000007,0.24159900661983372,0.0341672591817636,-4.363199999999998,0.15804530995893756,0.022350982081338906,-88.40592000000001,0.9204211827201132,0.13016721196982686,-7.65658,0.5516845508077897,0.07801997739040849,0.39924979200000005,0.009732482199721178,0.0013763808322400423,-81.25345020799999,0.251457446274378,0.03556145308809292
GLY  71,6.406319999999998,0.18892405246559268,0.026717895725532733,-1.5906799999999996,0.0826964183021335,0.011695039632255584,-9.888920000000002,1.0472949124291469,0.14810986689616423,-3.6745199999999993,0.8262747300988986,0.1168528929552031,0.45970977600000007,0.0067483923599702495,0.0009543667999684904,-8.288090223999998,0.08135085136045402,0.011504747730455182
TYR  72,9.0283,0.10047153825837189,0.014208821203747682,-2.77876,0.08979210655730763,0.012698521488739456,-26.20914,0.5498501253976585,0.07776055046099156,-7.895219999999999,0.24152368745117345,0.034156607442781,0.9537386399999999,0.00850035650001394,0.001202131944732601,-26.90108136,0.33706487027644527,0.04766817109444768
SER  73,10.47012,0.07695105977166534,0.010882523236807181,-4.288320000000001,0.101002067305546,0.014283849341122333,-5.2753,0.2717825049557247,0.03843585045241188,-8.226540000000002,0.260417143060826,0.03682854555910746,0.48110155199999993,0.015551865040083174,0.0021993658459881623,-6.838938448,0.15989078659622838,0.022611971890288844
PHE  74,11.462240000000001,0.4785938386564496,0.06768338974961519,-9.3234,0.31491389299297784,0.04453554984503788,-5.579120000000002,0.4653903153267997,0.06581612957322514,-2.1204800000000006,0.4409538860243737,0.06236029659967892,0.0,0.0,0.0,-5.560760000000001,0.5106600262405318,0.07221823348711606
ILE  75,12.581800000000003,0.16300687102041944,0.0230526527757079,-3.484820000000001,0.7418807637349765,0.10491778377377135,-7.858879999999996,0.4040813106295197,0.05714572697937622,-3.04134,0.5959875035602697,0.08428536105398167,0.506325744,0.08748216020432041,0.012371845742664577,-1.296914256,0.6620371719406206,0.09362619473535543
ASN  76,18.545679999999994,0.09624872778535445,0.01361162561952044,-3.1932199999999993,0.5548010919239454,0.07846072286182458,-80.41504,1.2032188156765486,0.17016083676322682,-15.036180000000002,1.4885874605141323,0.210518057543761,0.773481744,0.05713976036501508,0.008080782405895295,-79.325278256,0.34220357802522844,0.048394894113587765
ILE  77,14.719599999999998,0.15680038265295906,0.022174922773310568,-6.681880000000003,0.2697382909413277,0.03814675493405654,-13.594480000000003,0.6569642072441965,0.09290876918784313,-1.9468800000000002,0.5216661629816521,0.07377473627197859,0.20704535999999998,0.015833639699425042,0.002239214800465595,-7.296594640000002,0.29128560005413684,0.041194004612054545
GLU  78,15.077500000000004,0.07235806796702823,0.010232976106608553,-4.432760000000001,0.2677039080775541,0.037859049750355735,6.4050400000000005,2.481796735915332,0.3509790602984741,-86.78743999999999,2.7692146407249143,0.3916260902035311,0.6705210239999998,0.029128070548903907,0.004119331241602023,-69.06713897599998,0.674731099178769,0.0954213871413521
PHE  79,9.885879999999998,0.18076112856491783,0.025563483956637347,-8.470839999999999,0.457192272900589,0.06465675129481942,-6.507839999999998,1.4127213364283888,0.19978896738308713,-2.0034199999999998,0.7432959865356468,0.10511792650162011,0.12413376,0.059786694587207305,0.008455115433468668,-6.9720862399999985,0.614545979747731,0.08690992592611024
GLY  80,6.247759999999999,0.05576865069210828,0.007886878216402722,-1.6142,0.4244345414784247,0.06002410848983941,-13.448599999999999,1.6388416274918216,0.23176720561805297,-0.9776399999999998,0.638668795542729,0.09032140725210167,0.3481086239999999,0.019621671548965356,0.00277492340209771,-9.444571376000003,0.9531761977362463,0.13479947061698186
GLN  81,20.77524,0.11449603661268873,0.016192184781563083,-5.44528,0.09150082841162309,0.012940171250809079,-75.87682000000001,0.4356761958131712,0.06161391849221029,-8.821559999999998,0.26797650344770674,0.03789760055730673,0.697567536,0.008391058779759965,0.0011866749129006374,-68.67085246399999,0.1950455012933233,0.027583599320887685
ALA  82,9.587540000000002,0.05617230990429461,0.007943964249647797,-7.04288,0.10255586575127988,0.014503589624637441,-4.761479999999999,0.5376872786295107,0.07604046417533353,-0.39028000000000007,0.44626606592928386,0.0631115522864079,0.0,0.0,0.0,-2.607099999999999,0.26673591809129477,0.03772215529367481
VAL  83,12.806820000000007,0.09386877862094847,0.013275049980914297,-5.648799999999999,0.32406048818083943,0.04582907374145892,-27.378320000000002,0.5945592465010396,0.08408337500360984,-2.07756,0.4746317376661611,0.0671230640540194,0.15974985599999997,0.02655015327374359,0.0037547586842812614,-22.13811014399999,0.35789182409142484,0.050613547149253896
SER  84,13.512080000000001,0.9204531457928519,0.13017173223092307,-3.51732,0.4480114927097367,0.06335839290891246,-13.401259999999997,2.8192525378901596,0.3987025174839032,-4.099679999999999,1.23767248397951,0.175033321261982,0.40942929599999994,0.012265349234997114,0.0017345823235375385,-7.096750703999999,0.3274761613223619,0.04631212286959638
LEU  85,13.790259999999998,0.13216335498174323,0.018690720906391102,-7.1161,0.12476654198940071,0.01764465358118027,-28.767000000000003,0.5097691634455879,0.07209224646243373,0.018659999999999996,0.36911529960162853,0.052200786277603134,0.24869663999999994,0.010884129382253875,0.0015392483387006927,-21.82548336,0.29444327335297965,0.04164056705253123
LEU  86,12.502600000000003,0.18269329489585281,0.025836733539634237,-8.844,0.2738704803370052,0.038731134762622674,-26.87716,3.0348658379572364,0.4291948428021911,-1.7246199999999998,1.6766156612652767,0.23710926070484895,0.0009348480000000001,0.0013784518821112327,0.0001949425346760424,-24.942245152,1.253995668950536,0.177341768218697
LYS  87,11.707939999999999,0.5693015865075458,0.0805114024719491,-4.39964,0.4014728264777148,0.05677683161290445,-21.322760000000002,12.110003444359538,1.7126131111398153,-22.620540000000002,11.171522603853065,1.5798918778726596,1.075103856,0.12505856117906491,0.017685951331029903,-35.55989614399999,0.8262800700855061,0.11685364814335142
THR  88,16.33346,0.14330194834677815,0.020265955886650238,-2.32336,0.14904465907907638,0.021078097826890407,-39.00131999999999,0.29529926786260363,0.041761622957013946,-8.004119999999999,0.33633665515378003,0.04756518592416784,0.813452256,0.018895589203618085,0.0026722398520787325,-32.181887743999994,0.1295528284289543,0.018321536700802183
PHE  89,10.1479,0.11658975083602824,0.016488280686601103,-6.49624,0.2521274725213498,0.035656209108654274,-5.65358,1.7611691808568508,0.24906693412012726,-4.35606,0.9867879085193544,0.13955288434138519,0.141784848,0.01922679979306225,0.0027190801028380853,-6.216195151999998,1.0378119035222086,0.14676876691533455
GLN  90,19.386900000000004,0.24785739851713906,0.035052329451745114,-1.8597199999999996,0.1879727682405123,0.026583363820254707,-63.337980000000016,1.165929062850209,0.16488726934477183,-17.897280000000006,1.0665101601015392,0.15082731328242976,1.1221560000000002,0.017044512720740097,0.0024104581053711388,-62.58592400000002,0.3620646815870147,0.05120367831566524
ASN  91,18.458439999999996,0.3450976766078998,0.04880418146023363,-2.31712,0.22565040571644962,0.03191178641191944,-81.23329999999999,0.8392306774675086,0.11868514060341112,-16.63366,0.7453832198272616,0.10541310586450395,0.8207542080000002,0.0265285933219777,0.003751709646662118,-80.904885792,0.3837295632315891,0.05426755526056174
THR  92,14.141139999999998,0.14172311173565913,0.02004267467182867,-3.6997999999999998,0.1336058381958167,0.018894718838874926,-28.52860000000001,0.7131783788081009,0.1008586535701673,-8.09216,0.569531469191994,0.08054391279295925,0.503932608,0.026040172772177076,0.0036826365500951417,-25.675487391999994,0.230792617952112,0.032639005040346905
VAL  93,11.473099999999999,0.28650872587066023,0.04051845258645229,-6.39768,0.233641729149563,0.03304193020996133,-32.218860000000014,0.3709153008421045,0.052455344894260084,-0.3019599999999999,0.26129714579382624,0.0369529967391009,0.0,0.0,0.0,-27.445399999999996,0.31606328480200063,0.04469809839351794
GLU  94,15.961059999999996,0.42600443237131985,0.060246124589057246,-4.5872600000000014,0.2105348246727516,0.029774120440404703,-39.124759999999995,6.160862918650319,0.8712775895476771,-43.06442000000001,5.663008147936845,0.8008702926641628,0.314624016,0.04799932800155976,0.006788130064460048,-70.50075598400001,0.771607103044312,0.10912172299486803
LEU  95,11.839940000000002,0.5269650618399352,0.0745241137350813,-8.032279999999998,0.2602557234721955,0.03680571738196007,-31.990280000000002,0.47602575728637014,0.06732020819933078,0.8001199999999997,0.361819216736757,0.0511689643436332,0.0,0.0,0.0,-27.382500000000007,0.41752246646066,0.059046593466413104
ILE  96,13.248319999999996,0.3975942373830324,0.056228316282847225,-5.951979999999997,0.42324879161084067,0.05985641813540747,-15.384480000000002,0.5395368473052213,0.07630203268590656,0.00602000000000001,0.35341366640241856,0.0499802400154301,0.224047584,0.08895021809892412,0.012579460481154322,-7.858072416000002,0.3939115921319999,0.05570751159690532
ILE  97,14.332460000000005,0.15535742145085207,0.021970857243110778,-7.449760000000002,0.24356096238920197,0.03444472162754527,-14.433000000000003,0.2545876666296207,0.03600413309605298,0.35230000000000006,0.2531472496394145,0.03580042737175076,0.017563968,0.01890464753793035,0.002673520894002424,-7.180436031999999,0.2514324844615838,0.03555792295467342
VAL  98,11.597620000000001,0.18713192031288428,0.02646444996594022,-5.114819999999999,0.31462388275527803,0.04449453620389967,-20.975419999999996,0.5033651990357024,0.07118658913029227,-2.9937000000000005,0.3921699249050065,0.055461202655549845,0.152901504,0.03313589273633626,0.004686122890906687,-17.333418496,0.47429005730876783,0.06707474315447719
ARG  99,11.524360000000001,0.40585419845061516,0.05739645117949215,-4.468759999999998,0.6871493450480888,0.09717759231427966,-201.59901999999994,9.943172285524735,1.4061769099201364,-8.49562,9.796080954932947,1.3853750544570953,1.0640666879999998,0.2432665250339241,0.03440308189743495,-201.9749733120001,1.1185709402519843,0.1581898194180781
GLU 100,15.254100000000003,0.32997116540679133,0.04666496973103401,-2.4114800000000005,0.3752308750622703,0.053065659253418704,-23.47932,10.877042644836875,1.5382461226838828,-62.01662,10.533626184538752,1.4896797011143061,0.601855632,0.13813477917136607,0.019535207813955843,-72.05146436799998,0.7692620669441464,0.10879008480915717
VAL 101,11.305119999999997,0.3885579308160286,0.05495038955276543,-2.622379999999999,0.42702617671520354,0.06039062105989708,-23.221100000000007,2.1036293613656607,0.29749811730495695,-5.463899999999999,1.7385042450336496,0.24586162815697857,0.43041427199999993,0.06561926803573208,0.009279965880912762,-19.571845728,0.526323258751624,0.07443334907189504
SER 102,10.474379999999998,1.0438534358807374,0.14762316861522928,-0.7385599999999998,0.26408295363389195,0.03734696946205952,-2.2618599999999995,4.017218371012459,0.5681204703300171,-10.279860000000001,3.6832459000723756,0.5208896305437452,0.8476251839999998,0.08795611252619272,0.01243887272281558,-1.9582748160000008,1.3020624166935761,0.18413943287443435
SER 103,7.096120000000002,0.27584384278063234,0.0390102103557482,-1.3872799999999998,0.7540361275164477,0.10663681180530488,15.351040000000003,7.463849041774622,1.05554765423831,-110.41001999999993,6.934919963461374,0.9807457866299003,1.05730272,0.24923012874064093,0.03524646282170069,-88.29283728,0.8925186427598357,0.1262211969261787
THR 104,7.659060000000002,0.4768912416893135,0.06744260617739727,-0.36934,0.9669259663490273,0.13674398154215053,-93.91052000000003,7.981025568784516,1.1286874601021508,-54.53828000000001,8.072812560786911,1.1416681009960725,1.2116653919999998,0.2422233288200925,0.03425555167405326,-139.947414608,1.2431143072645447,0.1758029112913554
GLY 105,5.648520000000001,0.8851521957268076,0.12517942399611756,-1.4712399999999997,0.3544170176501135,0.05012213530966151,-5.044339999999997,4.076189537349806,0.5764602526523407,-3.1708399999999983,3.0425852517883554,0.430286532775545,0.39424060800000005,0.11338953671280179,0.016035702065044625,-3.643659392,1.7175262448679915,0.2428948909224047
TRP 106,12.547900000000004,0.7118476592641947,0.10067046140749658,-6.237199999999999,1.3959535235816491,0.19741764054916783,1.61464,2.725272843294777,0.38541178161545603,-8.431499999999998,3.091506197632479,0.437204999285233,0.9238046400000002,0.14188879765756757,0.020066106199614388,0.4176446400000001,1.3490499686051327,0.19078447619203767
GLU 107,15.2858,0.7268006879468434,0.10278513900365216,-3.926919999999999,0.6712182309800625,0.09492459255640812,-46.91048,12.096161882580775,1.71065561870062,-33.29682,11.113101955241872,1.5716299505138014,0.25529083199999997,0.09701385632637323,0.013719831135487191,-68.59312916800002,1.8144511314728589,0.2566021398392125
MET 108,11.053419999999996,0.5751819917209442,0.08134301735245285,-6.5838600000000005,0.5382950867321672,0.07612642122154323,-6.959780000000003,1.2122966021563994,0.17144462963884002,-3.95,1.0123340357806798,0.14316565230529274,0.5542204319999997,0.08660288616629382,0.012247497615702601,-5.885999568000001,0.6357571224818453,0.08990963449891186
TRP 109,11.694960000000002,0.3561984256000019,0.050374064437946654,-8.969320000000003,0.6017290566358984,0.08509733927684557,9.727920000000003,4.107258807720782,0.5808541110055078,-6.12942,2.9454229583541998,0.4165457094629593,0.655035264,0.09160606431919961,0.012955053855583416,6.979175264,1.371743871443252,0.1939938787097222
VAL 110,8.781719999999998,0.888914732468762,0.12571152704505745,-6.365660000000002,0.9920771665550927,0.1403008983862884,-18.5082,6.904912801766581,0.9765021331261904,-90.49299999999998,8.008121802270665,1.1325194461906847,0.15122563200000008,0.06358127290738795,0.008991749845857306,-106.43391436799998,1.8398232462552366,0.260190298722345


