#Frame       SA_00001
       1    6656.8302
       2    6638.6295
       3    6595.9684
       4    6779.2462
       5    6721.5333
       6    6557.0556
       7    6535.4911
       8    6761.6145
       9    6816.9554
      10    6568.1532
      11    6574.0642
      12    6553.3330
      13    6506.8976
      14    6716.0363
      15    6636.9727
      16    6557.6061
      17    6615.5117
      18    6883.8888
      19    6726.4341
      20    6825.9097
      21    6884.4663
      22    6727.1960
      23    6864.2601
      24    6819.8315
      25    6946.7420
      26    6884.5221
      27    6998.8407
      28    6671.9724
      29    6800.3013
      30    7136.2838
      31    6786.1779
      32    6919.6035
      33    6815.1199
      34    7041.7985
      35    6857.7419
      36    6994.1287
      37    6865.0365
      38    7022.8912
      39    7156.2448
      40    6663.2267
      41    7046.7269
      42    6842.3707
      43    6810.3685
      44    6742.2820
      45    6884.1954
      46    6752.2400
      47    6693.5903
      48    6399.0637
      49    6850.7421
      50    6669.5268
