| Run on Mon Jun 20 15:46:30 2016
| GB non-polar solvation energies calculated with gbsa=2
idecomp = 2: Per-residue decomp adding 1-4 interactions to EEL and VDW.
Energy Decomposition Analysis (All units kcal/mol): Generalized Born Solvent

Total Energy Decomposition:
Residue,Internal,,,van der Waals,,,Electrostatic,,,Polar Solvation,,,Non-Polar Solv.,,,TOTAL,,
,Avg.,Std. Dev.,Std. Err. of Mean,Avg.,Std. Dev.,Std. Err. of Mean,Avg.,Std. Dev.,Std. Err. of Mean,Avg.,Std. Dev.,Std. Err. of Mean,Avg.,Std. Dev.,Std. Err. of Mean,Avg.,Std. Dev.,Std. Err. of Mean
GLY   1,1.1808800000000002,0.07566072693279827,0.01070004261673706,-0.31836000000000003,0.19808399834413684,0.0280133076947368,-15.069859999999995,6.4905202442023215,0.9178981756208056,-99.27114,6.495472928155494,0.918598590902478,0.9389759040000003,0.0448753352509426,0.006346330772792247,-112.53950409599999,0.21638668590209648,0.030601698591971184
THR   2,14.843240000000003,0.5421333621904767,0.07666923534246974,-1.2985200000000001,0.4972927604540405,0.07032781663040588,-29.095899999999997,3.219606468188354,0.45532111328161107,-4.06024,2.587825632147575,0.3659738106039829,0.7024946399999997,0.12906090435900833,0.01825196813166465,-18.908925360000005,1.0221376444625958,0.14455209194110916
ARG   3,11.758520000000003,0.3279377526299005,0.046377401738335836,-5.47254,0.40181519184819053,0.05682524938792581,-129.28692000000004,4.740657768030726,0.6704302510118418,-77.65497999999997,4.983763928960226,0.7048106540001373,0.947525184,0.08952132722151024,0.012660227507829951,-199.70839481600004,0.40096348356981704,0.05670479964807969
GLU   4,14.9692,0.19957063912282857,0.028223550449897074,-4.11392,0.6013414284747058,0.08504252037657395,-58.32032,11.031653619362785,1.5601114163905092,-28.607880000000005,10.134908594832007,1.4332925188223071,0.480904272,0.13482178406406398,0.019066679552673608,-75.59201572799999,1.1610150720712968,0.16419232610428044
PHE   5,8.88432,0.2828904692632617,0.04000675382981939,-3.0627399999999994,0.326647076215295,0.046194872529318816,0.20027999999999999,0.6571309775075286,0.09293235406466362,-7.240820000000001,0.576243097659303,0.08149308039336703,0.842154768,0.049941967094479615,0.007062860719660391,-0.37680523200000005,0.3432457922128488,0.04854228545749081
LEU   6,10.636980000000003,0.4857678659606222,0.06869795042065477,-4.48078,0.3710191526053588,0.05247003175146714,-32.00522,0.3763581958716652,0.05322508649119787,-0.49856,0.30069214555754514,0.042524291034654514,0.368957808,0.05176186531682108,0.0073202331944777895,-25.978622192000003,0.33906138080034065,0.04795052032047903
THR   7,14.507220000000002,0.11799581178989652,0.01668712773364948,-3.6447000000000003,0.15714900572386384,0.02222422552081354,-32.44485999999999,0.5560871877687437,0.07864260428044711,-6.4029,0.4506069351441546,0.0637254438980237,0.621110736,0.026114887494804947,0.0036932028075000694,-27.364129264000002,0.22989700230784774,0.0325123458612677
PHE   8,8.796879999999998,0.2721497852287084,0.03848779172673644,-6.171300000000002,0.8680619620741243,0.12276249997454258,-8.67598,0.9094334387958422,0.1286133103220682,-1.9533599999999998,0.6936903851142819,0.09810263507164328,0.15811632,0.0996362378040761,0.01409069188063553,-7.845643680000002,0.5781400096050373,0.08176134425339551
GLU   9,16.054440000000003,0.8336251953964654,0.11789240572656028,-4.950199999999999,0.4944611208174136,0.06992736231261878,-21.527359999999998,6.88372758833468,0.9735060915104742,-55.562940000000005,6.088523707467984,0.8610472801931341,0.6193133279999998,0.06602184676146956,0.009336899110298846,-65.366746672,1.4657466410291988,0.20728787787463013
VAL  10,13.638579999999996,0.36756338718661097,0.05198131271910983,-5.847779999999999,0.3974024806163167,0.05620119778083061,-21.841600000000003,0.3061123976579487,0.0432908304378417,0.01946,0.3298993307055957,0.046654810770166026,0.000343008,0.0008448858829072717,0.00011948490742650303,-14.030996992000002,0.5469790787859381,0.07735452315534153
PRO  11,19.543400000000002,0.4485071682814237,0.06342849202051414,-4.842020000000001,0.25724738987985685,0.03638027476531728,-4.787919999999999,0.5766572583433032,0.08155165155899849,-1.9854799999999997,0.3597404753429926,0.050874985916460405,0.48911515200000016,0.023870455415126543,0.0033757921788094246,8.417095152,0.27772015514863246,0.03927556099555562
LEU  12,15.714259999999998,0.3226483416974718,0.04562936607057532,-6.865020000000002,0.518634919379686,0.07334605369070286,-33.96429999999999,0.8121474311978486,0.11485499118464676,-0.34801999999999994,0.36448212521329476,0.05154555647192101,0.0013233600000000004,0.0018696441175795997,0.0002644076067892147,-25.461756639999997,0.7054181905982566,0.09976119722887435
ASN  13,18.24366,0.21818529831321207,0.030856060798496406,-2.6586800000000004,0.2444234391378974,0.03456669425906893,-84.44402,1.3958550568028147,0.19740371524376074,-14.659159999999995,1.5483438165989183,0.21896888246507104,0.9125713440000003,0.050551853574256206,0.007149111692781194,-82.60562865600001,0.2517764302976427,0.03560656424128105
ASP  14,12.66064,0.24056232123909618,0.03402064972922831,-0.8008600000000002,0.4824233000177331,0.06822495736898627,-48.96966000000002,6.07085216295021,0.8585481464006226,-33.4517,5.329240164413697,0.7536683717657273,0.7566670079999999,0.053732109402002716,0.007598867785122713,-69.80491299199998,0.5385024318763917,0.07615574425304868
SER  15,12.594260000000002,1.021224712000185,0.14442298379412194,-3.4444999999999992,0.37908828786973464,0.05361117980421748,-18.794780000000006,2.7356217888443024,0.38687534353069597,-1.44688,1.2791193164048456,0.18089478851531346,0.13329489599999994,0.021607675645334862,0.003055786794899138,-10.958605104,0.6744320963267117,0.09537910175249534
GLY  16,6.672619999999999,0.22176572232877362,0.031362409218681754,-2.653939999999999,0.472709018741978,0.06685115053609829,-11.292399999999997,1.3040723906287155,0.1844236861143434,-2.15348,0.8365966588506075,0.11831263411825466,0.05835441600000002,0.047745361347210885,0.006752213755762978,-9.368845584,0.4543584380118504,0.0642559865215014
SER  17,11.637299999999998,0.5523949764435293,0.07812044674732055,-0.24064,0.23524232272276172,0.033268288323867815,-9.25682,0.8943427461549692,0.12647916410223556,-10.34928,0.7559109746524384,0.10690195523001432,0.9352369440000003,0.044284131846009295,0.0062627219854544626,-7.2742030559999975,0.7367644418429319,0.10419422659285177
ALA  18,7.734640000000001,0.24819305066820124,0.035099797834172296,-1.1806599999999998,0.4640373954758396,0.06562479781302198,-2.6408199999999997,1.706873114089035,0.24138831071947123,-3.5336200000000004,1.4615948944902615,0.20670073224834007,0.5688175679999999,0.08414594656154419,0.011900033884605749,0.9483575680000003,0.5129584225698004,0.07254327581317209
GLY  19,6.1406600000000005,0.32996433807306813,0.046664004200239396,-3.680300000000001,0.5384372665408679,0.07614652848291924,-6.5715200000000005,1.4979751164822404,0.2118456725826601,-1.53676,1.0036581800593267,0.14193870102265976,0.015198623999999999,0.02182288011146613,0.003086221302367748,-5.632721375999999,0.6559781604752841,0.09276932111647014
LEU  20,12.832360000000001,0.4220966600199521,0.05969348212326016,-7.602399999999999,0.3671379032461697,0.05192114020319543,-34.07536000000001,0.5598874444021377,0.07918004172759152,0.4697599999999999,0.4496398807935081,0.06358868176020008,0.003883392,0.0033134777864859757,0.0004685965224270449,-28.371756607999995,0.5536940765920226,0.07830416725220857
GLY  21,6.4911,0.2929964675555143,0.04143595781444168,-2.9817599999999995,0.3292808260436713,0.046567341002037584,-15.177579999999999,0.5448902674850825,0.07705912062825071,1.23528,0.47837537729276974,0.06765249464727813,0.04785004800000002,0.012994902151878408,0.0018377566864897761,-10.385109952,0.2676333556306164,0.037849072127623944
VAL  22,12.150239999999997,0.3256967030844521,0.04606046947222352,-6.06306,0.2405129027723583,0.03401366090263906,-28.943540000000013,0.9222123011536453,0.13042051436787863,-2.1947,0.4761100818088163,0.06733213348765918,0.014035680000000004,0.0068849222113252515,0.0009736750367139931,-25.03702432,0.7260947731773064,0.1026853075795563
SER  23,10.70558,0.8977776804978107,0.12696493717558632,-5.21894,0.2759401681524519,0.03902383282047099,-12.217219999999998,2.164190742887529,0.3060627900153847,-5.21434,2.046041540243013,0.2893539695390406,0.10666900800000001,0.03263911369651958,0.004615867725345543,-11.838250992,1.0329354495986678,0.14607913218783866
VAL  24,11.89772,0.3136174765538703,0.04435220887397095,-7.109239999999999,0.42317634905559465,0.05984617321099528,-23.989459999999998,0.6541118622988047,0.0925053866972092,0.46614,0.5607003838058255,0.07929500872059982,0.001048176,0.002980337734590494,0.0004214834044710182,-18.733791824,0.46259097352708,0.065420242859337
LYS  25,9.308560000000005,0.8698366320176963,0.12301347620483613,-6.92988,0.5797453454750726,0.08198837302935232,21.034040000000005,13.608335904084665,1.9245093196885268,-60.88834000000001,12.750794169164509,1.8032346045060228,0.34842225600000004,0.10003676145029902,0.014147334477889488,-37.12719774400001,1.5150967715013692,0.21426704025649265
GLY  26,5.86016,0.2553288358176839,0.03610895024783018,-3.622159999999999,0.5151778473498295,0.0728571498756305,-16.62414,2.7118831612737093,0.3835181946244503,-0.48779999999999984,1.7463217801997426,0.2469671945826003,0.003727008,0.006672137210215029,0.0009435826932700281,-14.870212991999997,1.0498729203623045,0.14847445227446193
ASN  27,18.413400000000003,0.9094493058988479,0.12861555426929483,-6.548100000000001,0.6015624074025833,0.08507377151625424,-83.8254,4.947010256710601,0.6996128998238939,-7.086520000000002,3.6864778108107434,0.521346691743603,0.20192472000000003,0.06598562734719722,0.00933177691161033,-78.84469528,1.7297399447155914,0.2446221689195277
ARG  28,12.6967,0.9090180911291166,0.12855457129172987,-8.996459999999999,0.9743230718811965,0.1377900902387404,-188.83360000000002,11.701394795493512,1.6548271218468873,-18.550919999999998,10.241167739745313,1.4483198312085637,0.484351056,0.14366536209771374,0.020317350352182836,-203.19992894400002,1.9162886276393334,0.2710041366628871
SER  29,10.766139999999998,0.3208820973504838,0.0453795813995778,-4.968179999999999,0.7602642879946407,0.10751760670699455,-8.238799999999998,2.563714578497387,0.3625639926964627,-7.71138,1.9816466878835826,0.2802471621836686,0.14991811200000002,0.04686609894562422,0.006627867274442118,-10.002301888000002,0.7119620259196644,0.10068663529502143
LYS  30,11.263039999999998,0.6867463275475378,0.09712059703276438,-2.58836,0.7452276634693572,0.10539110687339777,5.300480000000001,14.470750736903733,2.046473194984972,-48.39946,13.29942480742681,1.8808226934424181,1.175991408,0.14156722486675807,0.020020628939409094,-33.24830859200001,1.5138750061906192,0.2140942565492427
GLU  31,15.69416,0.6039626928875532,0.08541322314489541,-1.17468,0.5908536685170023,0.08355932713946417,-33.95712,11.955546447804046,1.6907695932065963,-53.084540000000004,11.438093035484517,1.6175906298467446,1.114521696,0.1311702996085945,0.018550281668701662,-71.407658304,1.2619158613081118,0.17846185256356573
ASN  32,18.361560000000004,0.6404177436640556,0.09056874586740836,-2.27822,0.39603824512286573,0.056008265747119694,-80.93348,2.564024681940198,0.36260784794591894,-13.450719999999997,2.2366725736236237,0.31631326882064636,0.7438907519999998,0.06605827485527974,0.00934205082073062,-77.55696924800003,1.1785793192448382,0.16667628576084997
HIE  33,30.131220000000003,0.5261311733775526,0.0744061840977805,-3.793259999999999,1.020686902237904,0.1443469260081425,-15.291239999999998,4.046678784188339,0.5722868019166616,-14.300260000000003,3.7072210930021363,0.524280234843923,1.061126784,0.18142577461971748,0.02565747910312489,-2.192413216,1.453928809227977,0.20561658407351693
ALA  34,8.158080000000002,0.3963821307778179,0.05605689852283359,-2.6012199999999996,0.4163986210351823,0.058887657722140954,-10.522120000000003,0.850668128943324,0.12030264050301935,0.21749999999999997,0.8185472558136152,0.11576006306148938,0.38257286399999996,0.05970635430563108,0.00844375360188767,-4.365187135999999,0.5838051553401664,0.08256251684653948
ASP  35,12.6044,0.36402461455237894,0.05148085469376126,-5.220560000000001,0.3092265939404156,0.04373124429969736,-49.11392,8.698213804776225,1.2301131931135418,-24.831379999999996,8.094770837744568,1.1447734703040586,0.3480386399999999,0.047826913396773266,0.006763746957216022,-66.21342136,0.8060577478230141,0.11399377990272186
LEU  36,10.309119999999998,0.4999203392541972,0.07069941238794444,-4.03032,0.2911437747917697,0.04117394749110188,-31.72928,1.8565955298880081,0.2625622578208884,-0.9863600000000001,1.6746643217074877,0.2368332996181069,0.573920064,0.09789038775274718,0.013843791398589617,-25.86291993599999,0.8722422021769874,0.12335367519928708
GLY  37,4.8793999999999995,0.22249179760163607,0.03146509176850034,-3.490180000000001,0.19791560726731575,0.0279894936002745,-11.277239999999997,1.1974549771912475,0.16934570690750272,0.18298000000000003,1.179563419066563,0.1668154584923112,0.04231727999999999,0.025775304888951377,0.0036451785748256578,-9.662722719999998,0.4181958872449012,0.059141829547038886
ILE  38,14.639419999999998,0.5064329803637592,0.07162043892634555,-8.326199999999998,0.3800148944449457,0.05374222176278223,-10.830039999999999,0.7032967783233663,0.09946118422782088,-1.1615800000000003,0.39949864029806137,0.056497639525912906,0.0019367999999999996,0.003481970322217006,0.0004924249653459905,-5.6764632,0.6924129641690225,0.09792198046907875
PHE  39,8.89616,0.20109603278036173,0.028439273689741206,-6.950559999999999,0.506150576804966,0.07158050103205478,-12.673420000000004,0.9635807613272259,0.1362708981110755,0.8504,0.4775194236887122,0.0675314445277161,0.32146531200000006,0.058447776201435014,0.008265763779461682,-9.555954687999995,0.5830184952513193,0.08245126630987697
VAL  40,11.6988,0.18758518065140875,0.026528550657742934,-7.271399999999999,0.3897290340736965,0.05511600856375877,-24.054380000000005,1.0034142093870435,0.14190419835930335,-0.13154,0.9977155548551903,0.14109828690668078,0.010338912000000002,0.014310844029569182,0.002023858971562277,-19.748181087999995,0.5074670995656432,0.07176668546638704
LYS  41,11.815780000000002,0.46591395299988936,0.06589018312313043,-5.60956,0.47322811243628865,0.06692456147036194,56.676319999999976,4.932233163345348,0.6975231032389344,-93.05708000000003,4.565812619194355,0.6457034129318879,0.8077341600000003,0.044577261570154465,0.006304176788596541,-29.36680584,0.6667659365545856,0.09429494304038935
SER  42,9.735180000000003,0.27717061099605966,0.03919784371618649,-3.878860000000001,0.14590942532953208,0.020634708817908867,-13.737619999999994,0.587490591924765,0.08308371628666002,-7.05952,0.4628468965003443,0.0654564358333083,0.3793606560000001,0.023881678881652497,0.0033773794166672088,-14.561459344000003,0.686719727654484,0.09711683523981293
ILE  43,12.169680000000001,0.11264749264841913,0.015930761187071783,-5.23508,0.2620195290431616,0.03705515715794502,-8.927159999999999,0.31221443656570413,0.044153789055989316,-2.333380000000001,0.25975017921070864,0.036734222626862614,0.2976713279999999,0.0298916881045087,0.004227323071962272,-4.0282686719999985,0.4078343935206889,0.05767649305191641
ILE  44,12.953080000000002,0.24009796667183342,0.03395498007655102,-2.06224,0.49043309676244295,0.06935771368780833,-12.163579999999998,0.7517250053044963,0.10630996976766054,-2.5481799999999994,0.26675372087377347,0.03772467298731774,0.5856935039999999,0.08486438504432199,0.01200163642921326,-3.235226496,0.3789119851262457,0.05358624683112491
ASN  45,20.594160000000002,0.5633607497864661,0.0796712412856696,-1.0515400000000004,0.30300542635404937,0.04285143834225386,-84.11202000000003,0.48311056663750174,0.06832215154645058,-15.96176,0.4404847584196198,0.06229395193756627,1.1243702880000002,0.01354004397367957,0.001914851382270574,-79.40678971200002,0.1756150646372061,0.02483572061669646
GLY  46,5.69826,0.11431269570782299,0.016166256462143196,-1.3785600000000002,0.34557848081152087,0.04887217744279432,-7.83078,1.3669870707508536,0.19332116550445266,-3.973020000000001,1.3388303625179685,0.18933920563897985,0.316583856,0.04084965323491551,0.0057770133623055485,-7.167516143999995,1.0280839755023303,0.14539303014138444
GLY  47,4.5298,0.05283559406307778,0.007472081370004397,-2.76798,0.36835393251600124,0.052093112711759273,-12.085460000000001,1.030542560207957,0.14574072652487846,-1.1965999999999999,0.7174432381728891,0.10146179576569704,0.061477055999999974,0.008605125444853616,0.0012169485110033796,-11.458762944,0.3893012998935058,0.05505551781588715
ALA  48,9.4368,0.20033671655494992,0.02833189015933047,-5.749,0.18770348957866395,0.026545282066690344,-6.140859999999999,0.5524318604135794,0.07812566292838845,-1.47168,0.4840619563650914,0.06845669837203656,0.005301935999999999,0.005068976497154432,0.0007168615309626262,-3.919438064000001,0.35837684531788727,0.0506821395089041
ALA  49,9.457139999999999,0.17378365976135207,0.02457672085533356,-5.2724,0.13506842710269235,0.019101560145702922,-4.494419999999999,0.8764466689993193,0.12394827659955603,-2.5994399999999995,0.6100644936398132,0.08627614808276986,0.0010316160000000004,0.0009458586480780301,0.00013376461281998305,-2.908088384000001,0.3394677841981778,0.048007994440180606
SER  50,11.957119999999998,0.6714376111002507,0.09495561759053663,-4.325220000000001,0.23173936135235076,0.03277289477601739,-0.2000599999999999,1.8233108063081291,0.25785508707023796,-9.311780000000002,1.5631828848858103,0.22106744362750133,0.27171288,0.02663889807558891,0.0037673090945172377,-1.6082271200000002,0.8062456284291293,0.11402035023284936
LYS  51,12.36848,0.30852346685470194,0.04363180711362855,-3.68286,0.5645143757248339,0.07983438863046412,-2.29908,7.170561447585537,1.014070524900512,-41.41168,6.029115727666886,0.8526457231183442,1.0266632640000004,0.038951179820589384,0.005508528677271072,-33.99847673600001,1.0217630622775016,0.1444991180204708
ASP  52,18.104200000000002,0.5405042460516642,0.0764388435286508,-5.419639999999999,0.3745997736251222,0.052976408032253904,-60.486679999999986,9.56070688064448,1.352088133648119,-24.866639999999993,9.076847392701973,1.2836600686349997,0.28248192000000005,0.04041990492774503,0.005716237773864812,-72.38627808000001,0.7067440326798459,0.09994869961420919
GLY  53,6.786999999999998,0.1270398362720399,0.01796614594175763,-1.80724,0.25265055392775265,0.035730183990570284,-9.158280000000001,0.5943873834461608,0.08405906989730179,0.5855599999999999,0.555996876250218,0.07862983230301336,0.22749451200000004,0.030106587071407485,0.004257714375315094,-3.365465488,0.17464512933411422,0.02469855105067076
ARG  54,13.519879999999995,0.7426362673611633,0.1050246281212289,-5.508100000000001,0.47171628125387405,0.06671075625414301,-177.54399999999995,11.439595008566213,1.6178030409169901,-30.374059999999997,9.653443423794426,1.3652030613531443,0.9463263839999996,0.13568282210079383,0.019188448719599856,-198.95995361599998,2.2934131752063633,0.3243376016501982
LEU  55,11.05076,0.7115775308425804,0.10063225947975364,-5.699300000000001,0.5796411389816962,0.0819736360057303,-31.62872000000001,0.9330185644452353,0.13194875077843274,2.029219999999999,0.5367070072208893,0.07590183286324562,0.03302409599999998,0.015733753501983718,0.0022250887589540555,-24.215015903999998,0.5985512223085364,0.08464792563637256
ARG  56,11.893619999999993,0.12283727284568922,0.0173718137223298,-5.15284,0.558791100859702,0.07902499533691826,-150.95522,3.3299431423985153,0.47092507539112627,-54.79720000000001,3.129504184371675,0.44257872610417737,1.0582960319999997,0.0434823540744114,0.006149333485594161,-197.95334396800004,1.087637634393862,0.15381518935071894
VAL  57,11.293260000000002,0.3415378637866634,0.04830074790310341,-3.7314399999999988,0.31586263849972573,0.04466972272132622,-24.663180000000008,0.9671204617831484,0.1367714873502259,-6.523060000000003,0.8709031268745996,0.1231643013539195,0.5338971360000001,0.031073225472057583,0.004394417688926095,-23.090522863999993,0.2648529455373895,0.03745586276134389
ASN  58,19.182059999999993,0.57429788124305,0.08121798524960544,-2.825360000000001,0.2675476600532906,0.037836952942854996,-91.14207999999999,2.8600696413902336,0.40447492761856224,-9.181299999999998,2.1970909334845468,0.31071557959008095,0.8217468000000001,0.0939890438449414,0.01329205805199956,-83.1449332,0.8421839786701047,0.11910280046485955
ASP  59,13.493799999999998,1.1119253392202444,0.15724998950715738,-7.090100000000002,0.42029928622348284,0.05943929508329807,-72.34484,14.16207483578586,2.0028198304111084,-3.29088,14.177812815297006,2.0050455168180097,0.041730191999999985,0.026493138393688602,0.0037466955626181773,-69.19028980800002,1.2386158664918185,0.17516673569632324
GLN  60,19.946820000000006,0.34849015423629337,0.04928395024744578,-7.7682400000000005,0.6004981452094449,0.08492326211350852,-80.00682000000002,2.600699888029795,0.3677945053313926,-2.68572,1.7791423781136808,0.2516087280521089,0.18485409600000005,0.06333296550919722,0.008956633876841416,-70.32910590400002,0.9519160155223199,0.13462125393918223
LEU  61,12.910899999999996,0.7545418013603299,0.10670832488612043,-8.291579999999998,0.3448909445028131,0.04877494512555447,-26.408179999999998,0.6943583423566136,0.09819709849076237,-1.56196,0.5056340558150726,0.07150745393313901,0.026709264000000017,0.019586127690360416,0.0027698967414078925,-23.324110736,0.8101501704096857,0.11457253585522516
ILE  62,14.582900000000004,0.2909738304381419,0.041149913730126955,-7.187619999999999,0.6738267400452577,0.09529349144616532,-13.572220000000002,0.8610410510538975,0.12176959321604064,-1.18324,0.4096032988148402,0.057926654037670645,0.12660681599999996,0.024199216711020897,0.0034222860471531395,-7.233573183999998,0.7008269704279344,0.09911190064560328
ALA  63,6.98188,0.06584789746077487,0.00931229896427807,-5.2823,0.3850297780691683,0.05445143340629207,-6.960060000000001,0.47695120966403887,0.06745108692971373,1.2531000000000005,0.388232675080291,0.054904391445493465,0.065133216,0.01861702846028185,0.0026328454139616492,-3.9422467839999995,0.4705359053003874,0.06654382588593101
VAL  64,10.796479999999999,0.2177098289007503,0.030788819269336708,-6.331939999999999,0.5006233877876922,0.07079883846505196,-25.072679999999995,0.700960952978256,0.0991308486395819,-2.6974600000000004,0.5936087671185429,0.08394895692026155,0.0004986719999999999,0.0008805088508447829,0.00012452275586542406,-23.305101328,0.417175773417419,0.05899756366603993
ASN  65,19.84958,1.2467740306887694,0.1763204743414627,-4.16938,0.8296512011683008,0.117330398073134,-92.91290000000001,1.8928706691151373,0.2676923372080862,-7.172079999999999,1.8398798095527895,0.2601982979805982,0.20717366400000004,0.07524966389652454,0.010641909524648205,-84.19760633600002,0.9183693220113827,0.12987703504558815
GLY  66,6.127059999999997,0.11359972007024294,0.016065426480512464,-0.9360599999999999,0.10158000000000021,0.014365581366585929,-8.575880000000002,0.4167305911496987,0.058934605385966114,-6.28684,0.463728772452183,0.0655811519264504,0.5143096799999999,0.0367183871434042,0.005192764108666811,-9.15741032,0.15608112487299236,0.02207320436258344
GLU  67,14.666700000000002,0.40755153048408405,0.05763649017765035,-2.713199999999999,0.3615658722833283,0.05113313602743412,-43.76543999999999,7.257815655305707,1.0264101332937103,-38.43786,7.069359011989669,0.9997583392040253,0.598702032,0.07338743764292288,0.010378550962243134,-69.65109796799999,1.0033904746405267,0.141900841759261
SER  68,11.13438,0.5071167475049295,0.07171713820280037,-4.353739999999999,0.30629370284092977,0.043316470862711745,-6.16284,3.038043129121113,0.42964417962774737,-6.825419999999999,2.443810058822084,0.3456069329049982,0.42173985599999997,0.05622690123753991,0.00795168463003415,-5.785880143999998,1.3524578279400117,0.19126642028104224
LEU  69,12.00858,1.1482024575831384,0.16238034878641927,-8.843920000000002,0.6681726974367759,0.0944938890722503,-25.255239999999993,1.1201805668731482,0.1584174549978788,-3.3677600000000005,0.6720424855617375,0.0950411597572334,0.005169743999999999,0.008767108787831027,0.0012398564150550983,-25.453170255999993,1.3435372101101706,0.1900048544090714
LEU  70,10.554299999999998,0.832866237759753,0.11778507290824974,-2.6329,0.4210061876029851,0.05953926603511331,-26.329500000000003,2.0398792243659605,0.28848248647014507,-6.421320000000001,1.2303819153417344,0.1740022791574866,0.6533115839999998,0.0668135972522493,0.00944886953850647,-24.176108415999998,0.599571155140454,0.08479216592073331
GLY  71,6.22212,0.45971807186577646,0.06501395321005903,-1.1284399999999999,0.20918089396500789,0.029582645723464245,-1.5879599999999994,0.7366471600433965,0.10417764044169951,-6.767199999999998,0.8346877499999854,0.11804267363966627,0.590715792,0.07258426458672171,0.010264965139341898,-2.6707642080000005,0.3478776601995525,0.04919733051008262
LYS  72,10.536760000000001,0.6621434454859324,0.09364122408426558,-4.9445000000000014,0.6861793424462665,0.09704041323077625,-17.94496,10.012425188654346,1.415970749404097,-22.49912000000001,9.739394684763504,1.377358405249698,0.5932748159999999,0.10920255625740598,0.015443573610503442,-34.258545184000006,0.8042761083201662,0.11374181802790315
ALA  73,7.9214,0.29681320725328314,0.04197572631890493,-2.72784,0.18908753105374385,0.02674101508918483,-14.391960000000005,0.6136857163074708,0.08678826630366729,2.3635199999999994,0.5871698984110157,0.08303836337500908,0.30658248,0.018901660521339816,0.002673098466065087,-6.528297519999999,0.7402200984134907,0.10468293023175056
ASN  74,20.780600000000003,1.4380302778452578,0.20336819220319136,-8.1942,0.31479885641468897,0.04451928121611937,-90.54872000000003,2.381296983073637,0.33676624895008717,-3.83774,1.42046499161366,0.20088408560162227,0.052844976,0.029495601940265997,0.0041713080294282345,-81.74721502400001,0.5329081444373441,0.07536459253623723
GLN  75,20.787840000000003,0.7462209688824181,0.10553158147207069,-4.4691399999999994,0.625551788743345,0.08846638236075878,-78.78816,4.533949004389001,0.6411972173114916,-8.038199999999998,4.198796889586351,0.5937995506902984,0.71119368,0.11399063713997501,0.01612071050269029,-69.79646632,1.001144516356484,0.14158321529267925
GLU  76,16.642179999999996,0.11479210600091061,0.016234055315985773,-3.8064,0.26769437797607204,0.03785770199047906,-40.63644,3.652602174669472,0.5165559533371028,-42.0275,3.587913740601907,0.5074076272583999,0.7015368959999999,0.021380848225433388,0.003023708553544862,-69.126623104,0.5509925320996027,0.0779221111661551
ALA  77,9.411560000000001,0.09389572088211859,0.013278860192029073,-6.842779999999999,0.2055943861101485,0.029075436918474265,-6.832240000000001,0.5453297189774013,0.07712126845429496,-0.34684,0.3511959202496522,0.0496666033467158,0.0008100000000000002,0.0016708339608710377,0.00023629160479373787,-4.60949,0.4708475878818142,0.06658790445931194
MET  78,12.8068,0.38063362962301717,0.05382972413081683,-12.038820000000001,0.6114438548223136,0.08647121921194016,-11.954599999999997,0.9068497560235668,0.12824792240032604,-0.1987799999999999,0.6719891454480497,0.09503361632601381,0.00677088,0.012264197305653559,0.0017344194161274832,-11.378629120000006,0.7407941984919968,0.10476412024346884
GLU  79,16.25326,0.6202299189816022,0.08771375632133477,-5.5825999999999985,0.5463093262978502,0.07725980585013283,-73.80800000000002,18.185344342079365,2.5717960604993464,-9.759299999999998,17.963105399957993,2.540366727895797,0.39717244799999996,0.10298013726010329,0.014563590676828097,-72.49946755199998,1.328489738335556,0.18787682054276275
THR  80,15.3859,0.203947174533132,0.028842486023242794,-4.35364,0.5926480156045354,0.08381308613814356,-40.7443,2.731858804916353,0.38634317724010614,-1.8424,1.0748807933905977,0.15201109959473358,0.11823724799999999,0.04339606148401151,0.006137129870426578,-31.436202751999996,2.022425651772363,0.28601417856277217
LEU  81,16.731719999999992,0.37376120933060497,0.052857817132431095,-8.277140000000001,0.4228823954718221,0.05980460189650735,-24.94914000000001,0.48266021215688826,0.06825846180501467,-1.26072,0.29852310061367127,0.04221754175695219,0.0013952160000000006,0.002803824325406996,0.00039652063875021676,-17.753884784,0.5698724726672507,0.08059213796691168
ARG  82,14.217079999999996,0.7925590663162282,0.11208477805661671,-6.98828,0.8616616978838018,0.12185736593247008,-156.79242000000002,7.776085421572546,1.09970454653596,-47.11884,6.376685033338212,0.9017994457128431,0.790509312,0.12268609053128135,0.017350433314387143,-195.89195068800004,1.9436145169596404,0.2748686009909555
ARG  83,14.6611,0.6161609935722715,0.08713832337151878,-5.276,0.5905436817035687,0.08351548838389271,-178.88459999999998,10.743973814190117,1.5194273481809053,-35.75730000000001,11.585768316775498,1.6384750684096414,1.0425405600000004,0.1768858436470227,0.025015435907742627,-204.21425944000006,1.3102234924402125,0.18529358327487908
SER  84,13.488019999999999,0.8219482341364179,0.11624103402843383,-5.480440000000001,0.6332072381140239,0.08954902639336623,-21.944200000000002,4.19342616007483,0.5930400148387954,-2.8301800000000004,2.889414533707477,0.4086249220887046,0.052844256,0.03719852582315679,0.005260665971939413,-16.713955743999996,2.0543464505514044,0.29052846121828246
MET  85,13.213500000000002,0.5440719162022468,0.07694338827995355,-10.518100000000002,0.6043843561840195,0.08547285534015718,-7.717320000000001,1.1508280747357402,0.16275166712510017,-2.8868799999999997,0.7907071174587986,0.11182287293751689,0.010709280000000002,0.007184181791909212,0.0010159967324671851,-7.898090719999999,0.5849581994126198,0.08272558190306724
SER  86,12.225119999999997,0.5735525308113113,0.08111257678067689,-3.2770000000000006,0.5064717563694883,0.07162592268166523,-15.7956,1.7935512036181076,0.2536464436967316,-5.611440000000001,1.4347307226096426,0.20290156462679074,0.304481664,0.056526257795250265,0.00799402004042408,-12.154438336,0.5149584346586616,0.07282612023526985
THR  87,15.757279999999994,0.763249134686846,0.10793972777436667,-2.7392400000000006,0.4324468781249282,0.061157224005017836,-35.9818,1.088876319881821,0.15399036593237758,-5.316139999999999,0.9103146930594972,0.12873793849522422,0.6425308799999999,0.03898358465414075,0.005513111412780551,-27.63736912,0.5567606646599773,0.07873784829579987
GLU  88,16.249900000000004,0.7027638081175355,0.0993858108584782,-4.358740000000001,0.5263175775137969,0.07443254562353643,-44.397380000000005,9.440015756109718,1.335019831130607,-36.24542000000001,8.510923578766267,1.2036263553412212,0.503361216,0.09649300516091984,0.013646171657270988,-68.24827878399996,1.1445732120040573,0.16186709595450735
GLY  89,6.873739999999999,0.3374530965926998,0.04772307458661941,-4.1868599999999985,0.5284897732217831,0.0747397404865727,-11.43422,0.989909415855813,0.1399943321424119,-1.0079799999999999,0.45981089547769544,0.06502708045114745,0.000349632,0.0010980905604621141,0.0001552934563319395,-9.754970367999999,0.6736017924199676,0.09526167904791445
ASN  90,21.110719999999997,0.6192830706551719,0.08757985174685996,-5.550000000000001,0.4054605776151236,0.057340784787093674,-82.01778,3.2282526622924466,0.4565438697781029,-10.76486,3.768623934594699,0.5329639079787679,0.445436928,0.0714103331586319,0.010098946164651838,-76.776483072,0.6754409801824882,0.09552177947566518
LYS  91,10.833240000000004,0.15729444491115593,0.022244793727930437,-2.689820000000001,0.4554544846633897,0.06441099092546146,31.783899999999974,6.015810343586446,0.85076405765643,-63.053700000000006,5.950025123476317,0.8414606226080857,1.4659722719999997,0.04087935872769314,0.005781214353381858,-21.660407728,0.4727521104180896,0.06685724461937653
ARG  92,11.83612,0.3655130443637277,0.05169135045634625,-4.467079999999999,0.43492439986738113,0.06150759848994295,-164.79110000000003,8.058630814845657,1.1396624992512474,-44.87612,7.944873095625912,1.1235747283167279,1.2917864159999999,0.1142224112771995,0.016153488315517307,-201.006393584,0.6516727208978554,0.09216044001223238
GLY  93,5.689679999999998,0.11394216778707893,0.01611385590106778,-2.61466,0.1819180705702344,0.02572710026411713,-16.652880000000003,1.2866470011622975,0.18195936390303924,-0.5432599999999999,0.6360823471847022,0.08995562821747176,0.09337723200000003,0.032499106230352987,0.004596067679596914,-14.027742767999998,0.7098565423361856,0.10038887495111047
MET  94,9.706479999999997,0.2346138307945508,0.033179406142996026,-7.096519999999999,0.6427071258357172,0.09089251339907027,-4.001339999999998,1.112139282823882,0.15728024570174212,-3.7833800000000006,0.6148745202071648,0.08695638856346222,0.5816155679999999,0.043944452759280786,0.006214684108323866,-4.593144432,0.8571838079850072,0.1212240966699012
ILE  95,14.025980000000004,0.3434072503600631,0.048565119087645416,-8.021819999999998,0.573834181275421,0.08115240817129614,-12.106259999999999,0.46274545097714376,0.06544208926983308,-1.3018200000000002,0.5561258019549172,0.07864806515102578,0.0013173120000000004,0.0023718137492341174,0.00033542511715898676,-7.402602688000001,0.5447520231247607,0.07703956992332184
GLN  96,19.10138,0.6429352654816903,0.09092477721721529,-5.904939999999999,0.3275792673537365,0.04632670426438962,-74.55252,4.633203691788256,0.6552339498164045,-8.783500000000002,2.9783183124038257,0.4211978150465639,0.468177984,0.036515108038878946,0.005164016102010143,-69.67140201599997,0.8981635315399757,0.12701950475327486
LEU  97,11.43494,0.5443558913064467,0.07698354842432713,-7.337679999999998,0.2507300093726964,0.03545857797488005,-29.967839999999995,0.40828878799261836,0.05774075413440342,-1.31236,0.22928364616779806,0.03242560420408539,0.012838319999999999,0.009953530231229524,0.00140764174464954,-27.17010168,0.39970270346580344,0.05652649841585307
ILE  98,12.599979999999999,0.2868535159275813,0.04056721326391921,-5.121000000000001,0.23445443054033643,0.03315686354286045,-16.13714,0.2659803007743427,0.037615294867915046,0.5160199999999999,0.1258399761602013,0.01779646009744636,0.38093212799999987,0.030038668516692343,0.0042481092411936015,-7.761207872000001,0.6203934314498191,0.08773688047635171
VAL  99,11.632439999999999,0.14689617558005194,0.02077425637660489,-6.050760000000002,0.34081323683209047,0.0481982701764216,-31.294059999999995,0.6679757004562956,0.09446602949209612,-0.68608,0.5467374082683569,0.07732034578298264,0.002354256,0.0041765716135682375,0.0005906564220130682,-26.396105744,0.35139087881436304,0.04969417465134729
ALA 100,7.250519999999998,0.20126015402966047,0.028462483939404395,-5.11968,0.13465592300379944,0.01904322325658404,1.0929799999999998,1.0061819614761536,0.14229561761347395,-2.12992,0.7764278676090922,0.10980348205772,0.010986767999999996,0.0044154954152593245,0.0006244453500855958,1.1048867679999999,0.43046969504642496,0.06087760809252645
ARG 101,11.970739999999996,0.2932734430528612,0.041475128064920985,-5.675959999999999,0.8312395553629541,0.11755502527752709,-161.85558000000003,3.4960073746481806,0.4944101043383815,-39.399579999999986,3.13006826181174,0.44265849870077423,0.6830243999999999,0.15472020765655178,0.02188074160410771,-194.27735560000002,1.5058649811770017,0.21296146794832213
ARG 102,11.682080000000001,0.22371516175705708,0.03163810158653209,-3.9635799999999994,0.4234913500887639,0.05989072108432223,-119.00590000000003,5.460267371658275,0.7721984171182426,-87.82640000000004,5.060133682027797,0.7156109680544617,1.398746448,0.0972365567906926,0.013751325737185913,-197.71505355200006,0.839502567513527,0.11872359166246647
ILE 103,12.953320000000003,0.5761092063141197,0.08147414529774274,-1.60236,0.7093815548772041,0.1003217015804656,-7.884460000000002,4.734513150092622,0.669561270809475,-4.837079999999999,4.649978205712367,0.6576062243257739,0.733392288,0.0748399881170285,0.010583972620294296,-0.637187712,0.8956140858804296,0.12665895869044855
SER 104,8.66504,1.698174760853547,0.24015817780787732,-1.0600199999999997,0.28856448083574066,0.04080918024170555,-31.27972,3.6135356538437313,0.5110311129784534,-64.27219999999998,2.7048020629987186,0.3825167761027514,1.2134972160000002,0.1268909556446619,0.01794509104151637,-86.73340278399998,2.6979315590195756,0.3815451401119872
ASP 105,6.093180000000001,1.2368462586756612,0.17491647535895413,-2.1883799999999995,1.3328902864077004,0.1884991520193129,-101.61804000000002,7.776565375434045,1.0997724222619847,-60.04607999999999,7.16261310651366,1.0129464597262903,0.8456555520000001,0.14899371555654511,0.021070893324842528,-156.91366444800005,1.7114295031415077,0.24203268143881676
GLU 106,14.52548,0.6682595376048925,0.09450617012660123,-3.6493999999999995,1.341151654362772,0.18966748587989454,-66.17632,13.085818136348962,1.850614148317252,-12.771960000000004,11.936132924796034,1.688024106453459,0.5276607839999999,0.1374124019189176,0.019433048243199597,-67.54453921599999,1.6113086418295652,0.22787345344443427
ASP 107,16.379459999999998,1.7819151967475992,0.2520008638239177,-2.9032800000000005,0.8643759839329159,0.12224122394675181,-30.37352,15.277386885511547,2.160548773111129,-51.51463999999999,15.633864896128571,2.2109623768413664,0.46764936,0.11949196069389084,0.016898715140785323,-67.94433063999999,1.4591567854865164,0.20635593156637602
GLN 108,21.192920000000004,1.6371657318670712,0.2315301981858886,-2.090700000000001,0.6477563199228511,0.09160657727477814,-69.8161,4.85035220679895,0.6859433873141346,-14.463479999999995,4.000691551419594,0.5657832250889049,1.0785706559999995,0.20142894407890333,0.028486354457087682,-64.09878934400002,1.5077387573232695,0.21322645991221242
HIE 109,29.353280000000005,0.6905616566241569,0.0976601660452715,-3.4203199999999985,0.9162747500613608,0.12958081783967942,-14.59412,4.723682426412676,0.6680295751776256,-15.1001,4.243400104868726,0.6001073978880767,1.098377712,0.1904043609836722,0.02692724296380918,-2.6628822879999996,1.4790842471812897,0.20917410022561791
SER 110,11.504239999999998,1.2131552012830311,0.17156605389179244,-2.58804,0.9594647666277288,0.13568880855840706,-12.59502,4.154302860841993,0.5875071448008095,-6.50102,3.3161294937924244,0.46897153047066725,0.215484192,0.08710763800537313,0.012318880305348473,-9.964355807999999,1.8345351436986552,0.2594424480868713
GLN 111,19.504779999999997,0.6857830936967088,0.09698437519520645,-4.468419999999998,0.7435959679826245,0.10516035028469772,-72.11591999999999,3.3493817927494014,0.47367411568717144,-9.914180000000002,2.6374721586397674,0.3729948897129802,0.6015454559999999,0.1652227608983271,0.02336602692751413,-66.39219454399999,1.1076651474862766,0.1566475074143087
ILE 112,12.421719999999995,0.46074461646354975,0.0651591285393142,-3.0163399999999996,0.42638966263266925,0.06030060437508093,-8.177720000000003,1.7832833879111811,0.25219435527386336,-4.762920000000001,1.3387295744847019,0.1893249520586228,0.6138943199999997,0.0682000849897441,0.009644948514749384,-2.9213656799999996,0.8804033031554397,0.12450782916804942
MET 113,10.919620000000002,0.5029345838177424,0.07112569094215193,-7.720659999999998,0.6068652440204847,0.08582370586266272,-4.8783,2.138482548444108,0.3024271022907837,-1.0767999999999998,1.1293375580401104,0.15971244910776364,0.256977504,0.06698254297340736,0.009472762071523134,-2.4991624960000007,0.9715778483087711,0.13740185699795338
LYS 114,10.026620000000001,0.49164271132596504,0.06952877901990602,-3.8678400000000006,0.33615189185842226,0.047539056448355474,57.27782,5.06680263554833,0.7165541005060191,-85.12859999999996,5.2053032879946155,0.736141050614725,1.1835561600000002,0.08282810530723284,0.01171366298711556,-20.508443839999998,0.7699384355576665,0.10888573777579752
VAL 115,9.49704,0.8210574391600168,0.1161150565947418,-6.496680000000002,0.7608767427119697,0.10760422088375315,-107.22033999999998,7.850431847000704,1.110218718851406,-2.7209600000000007,6.902225029539388,0.9761220247325639,0.11476699199999998,0.043752908625799294,0.006187595677187614,-106.82617300799998,3.0773477680789423,0.4352026949755814


