#Frame       SA_00001
       1    6143.5957
       2    6139.5898
       3    6083.4898
       4    6120.3200
       5    6087.3518
       6    6117.6994
       7    6115.2652
       8    6139.5802
       9    6128.6441
      10    6125.8757
      11    6102.2763
      12    6074.1473
      13    6221.8316
      14    6139.0663
      15    6130.0173
      16    6210.8785
      17    6126.8906
      18    6125.4241
      19    6129.8699
      20    6104.2940
      21    6126.7720
      22    6097.7268
      23    6128.4763
      24    6080.6892
      25    6129.8657
      26    6091.1595
      27    6088.8269
      28    6132.6074
      29    6132.0119
      30    6109.1018
      31    6128.3396
      32    6126.1856
      33    6122.0617
      34    6087.3792
      35    6087.2382
      36    6093.0991
      37    6125.9961
      38    6093.4195
      39    6089.2052
      40    6087.2605
      41    6083.4869
      42    6131.6828
      43    6130.6663
      44    6089.5357
      45    6096.7496
      46    6092.0709
      47    6113.4459
      48    6086.4319
      49    6097.2259
      50    6057.8224
