| Run on Mon Jun 20 15:46:10 2016
| GB non-polar solvation energies calculated with gbsa=2
idecomp = 2: Per-residue decomp adding 1-4 interactions to EEL and VDW.
Energy Decomposition Analysis (All units kcal/mol): Generalized Born Solvent

Total Energy Decomposition:
Residue,Internal,,,van der Waals,,,Electrostatic,,,Polar Solvation,,,Non-Polar Solv.,,,TOTAL,,
,Avg.,Std. Dev.,Std. Err. of Mean,Avg.,Std. Dev.,Std. Err. of Mean,Avg.,Std. Dev.,Std. Err. of Mean,Avg.,Std. Dev.,Std. Err. of Mean,Avg.,Std. Dev.,Std. Err. of Mean,Avg.,Std. Dev.,Std. Err. of Mean
GLY   1,1.1645600000000003,0.002384617369443169,0.0003372358224936983,0.06226,0.017685937916887523,0.00250116932653509,-25.1884,0.42911718679174027,0.06068633454082678,-89.74860000000001,0.4214758356051989,0.05960568429254053,1.0019191679999997,0.006926572312934099,0.000979565250570938,-112.70826083200001,0.009585784417418156,0.0013556346329097434
SER   2,11.246099999999997,0.007419568726384548,0.0010492854719812298,-0.5208200000000002,0.01693834702678601,0.0023954440089462765,-4.296880000000001,0.11735188792685812,0.01659606314762502,-12.133560000000003,0.09342487035019624,0.013212271871219556,0.8391091679999998,0.008830829605378131,0.00124886789949316,-4.866050831999998,0.005447455670675251,0.0007703865689895164
HIE   3,27.210279999999994,0.018146118048107042,0.002566248624805617,-1.7713400000000008,0.016055665666591085,0.002270614013862117,-5.268619999999999,0.10634000000010786,0.015038747022290746,-22.703540000000004,0.08428765271233327,0.01192007416063751,1.3259550239999998,0.007119035539700834,0.0010067836611260986,-1.207264976,0.058973264159066965,0.008340078999116365
GLY   4,3.9219999999999993,0.007766595135993757,0.0010983624174783285,-2.0994,0.023072927859275758,0.00326300475022438,-5.720599999999998,0.05925200418569932,0.008379498791720338,-5.764260000000002,0.06314928661501878,0.008930657758514532,0.17104593599999998,0.0031430357486836326,0.0004444923782811868,-9.491214064,0.03649082931967748,0.005160582572612967
GLY   5,5.68716,0.014513938128571787,0.00205258081448702,-4.0278399999999985,0.015918994943690663,0.002251285854871606,-8.024160000000004,0.4862125197894063,0.06876083396817752,-2.91044,0.48154265273182206,0.06810041503544603,0.023088528,0.001226641506397041,0.00017347330545164588,-9.252191472,0.01628828441181628,0.0023035112722980854
SER   6,11.464360000000005,0.007177074604951961,0.0010149916244486586,-3.1012000000000013,0.019786864329403197,0.0027982851891478417,-2.7857799999999986,0.04608613240449178,0.006517563348375445,-5.933700000000001,0.033986615012346726,0.0048064331889613775,0.437157648,0.0019203265816192412,0.0002715751895911495,0.08083764799999991,0.011350896568117315,0.0016052591871725725
PRO   7,18.8526,0.006144916598123068,0.0008690224392717184,-3.491200000000002,0.013389548162163771,0.0018935680604979753,0.21763999999999992,0.18711309521249447,0.026461787694711792,-3.2288799999999993,0.17874838628643702,0.025278839213858418,0.6066071999999999,0.013975892236330724,0.0019764896346883753,12.956767199999996,0.03663104601168518,0.0051804122073638055
ARG   8,13.795639999999999,0.015274501629652932,0.0021601407363145116,-5.697799999999997,0.023104977819164846,0.003267537299019246,-179.85082,0.9160482233987916,0.129548782131835,-28.302439999999997,0.8935346923317021,0.12636488803463639,0.5382849599999999,0.0023844399916118316,0.00033721073748022414,-199.51713503999997,0.02668859140348972,0.0037743367923449155
VAL   9,10.739699999999996,0.008623804270301585,0.0012195900958311514,-2.2342999999999993,0.018933832153123508,0.002677648221864304,-30.270839999999993,0.021915620014762636,0.003099336705269257,-2.8157399999999995,0.02106827947412862,0.0029795046568179395,0.7332750719999999,0.004867344330182026,0.0006883464364483209,-23.847904927999995,0.025988930623484358,0.0036753898159305035
VAL  10,11.041079999999997,0.030213136216555383,0.004272782699927836,-4.6986599999999985,0.02881014404689035,0.004074369644503481,-21.828400000000006,0.022425877903587396,0.0031714980679376408,-1.4996399999999996,0.021071079706565275,0.0029799006694869105,0.06843211199999998,0.001934322155655405,0.0002735544626526635,-16.917187888000004,0.023976968216007477,0.0033908553635666407
ARG  11,12.000259999999999,0.021465143838707852,0.003035629753498992,-4.776259999999999,0.07645333478671854,0.010812134294402809,-181.87128,0.5029637776118262,0.07112981956810499,-24.443779999999997,0.5016803081647877,0.07094830957821566,1.1419987679999999,0.007767291444856588,0.00109846089042207,-197.94906123200005,0.07076403243747759,0.010007545440129042
ILE  12,14.15072,0.0349925935031391,0.004948700031474797,-7.384039999999999,0.06423144401310253,0.009083697925413773,-14.263580000000001,0.11187959420702241,0.015822163948036944,-2.30124,0.06751845969808704,0.00954855214155759,0.0082584,0.0011592688675195278,0.00016394537548830148,-9.7898816,0.08614603016000058,0.01218288841968745
VAL  13,11.481679999999999,0.07934341560599488,0.011220853443500304,-2.84522,0.016122394363025986,0.0022800508766118886,-20.5105,0.07978627701559196,0.01128348350467069,-2.6129600000000006,0.0827623005963175,0.01170435679565111,0.651287952,0.0061265088304106805,0.0008664191877965313,-13.835712048000003,0.06539251258639901,0.00924789781773388
LYS  14,11.218879999999997,0.17706288600416026,0.02504047347800047,-6.1572,0.10265924215586293,0.014518209255976513,14.10318,3.0203478388424094,0.42714168767752025,-53.32086,2.9115980904649303,0.411762150771511,0.67931424,0.02162156696101712,0.0030577513236028434,-33.47668576,0.16051881244870386,0.02270078815809802
SER  15,11.176900000000003,0.022266791414669408,0.003148999840915827,-2.31008,0.02411376370456517,0.0034102011670856147,-19.537239999999997,0.20738780677771337,0.029329064901585312,-3.7219199999999995,0.21844549343029576,0.03089285794484071,0.38755742399999993,0.004761779556542256,0.0006734173229893,-14.004782576000002,0.034690047114277166,0.004905913510837242
GLU  16,15.938120000000003,0.014210756485261504,0.0020097044553038235,0.4626399999999999,0.009834144599310302,0.0013907580666682755,-42.31128,0.6894775424920728,0.09750684915439613,-40.48522000000001,0.6848028122015829,0.09684574245667141,1.345110192,0.0024540637882436004,0.0003470570292262795,-65.050629808,0.019595814069379786,0.00277126660226584
SER  17,10.379280000000003,0.016105949209330686,0.0022777251806727684,-1.1485999999999998,0.02011665976248823,0.002844925306575598,-7.516219999999997,0.05352281382786725,0.007569268921174009,-10.267800000000001,0.06775691846555637,0.009582275303859782,0.577972368,0.005319110393491485,0.0007522358058235348,-7.975367632,0.010504355745624175,0.0014855402359453453
GLY  18,5.21348,0.017152539170831902,0.0024257353524526236,-2.78332,0.026310028506292653,0.003720799914002181,-11.177740000000002,0.14865124419237133,0.021022460560048632,-0.93148,0.15465422593644165,0.021871410379762864,0.13841611200000004,0.0028029426000983097,0.0003963959439612336,-9.540643888,0.017378649103641883,0.002457712125809338
TYR  19,10.27476,0.04626599615267556,0.006542999923581522,-9.3408,0.056829569767836444,0.008036914830950231,-33.911660000000005,0.2379309656172135,0.03364851984843899,0.63048,0.1760110496531393,0.024891721354699383,0.045670463999999994,0.0065532760385553805,0.0009267731851699648,-32.301549535999996,0.07917470545181543,0.011196994224685241
GLY  20,6.725880000000002,0.03173618754618977,0.004488174684583769,-3.02866,0.01839196563724552,0.002601016724289254,-16.13194,0.11022148792323017,0.01558767230859744,2.2689600000000008,0.07252033094239697,0.0102559235566523,0.04428230400000003,0.0030530759105501758,0.00043177013596546447,-10.121477696,0.02500468577238487,0.003536196574218425
PHE  21,9.739819999999998,0.06806605321348709,0.009625993559172224,-9.3071,0.04955290102480628,0.007007838468421268,-5.43132,0.6111792679729837,0.08643380098086538,-3.983859999999999,0.14887659453390537,0.021054329910976916,0.004624848,0.003184968682435667,0.0004504225906434087,-8.977835151999999,0.4192892328568435,0.05929645196631588
ASN  22,17.600920000000002,0.41039268219600805,0.0580382897060266,-6.289140000000001,0.40191451877234113,0.056839296336250074,-81.16120000000001,2.8785536715511557,0.4070889642326512,-12.575019999999993,1.1430596045701757,0.16165303953839696,0.29180160000000005,0.01572812173706571,0.002224292307121341,-82.13263840000002,1.0911558705524054,0.1543127430798233
VAL  23,10.77054,0.307154567603943,0.043438215525033984,-6.971119999999998,0.14446572465482935,0.020430538710491688,-25.958299999999998,0.21421748294713275,0.030294926968126232,1.6366999999999996,0.13854937747966156,0.019593840869008682,0.0,0.0,0.0,-20.522180000000002,0.4816807112599655,0.0681199394597362
ARG  24,12.289480000000001,0.19877748765890382,0.02811138189416723,-9.342620000000002,0.18509477464258203,0.026176354062393114,-101.78045999999999,2.581044774582144,0.3650148525306276,-101.8401,2.2040806995203464,0.3117040817826452,0.6644514239999998,0.021719178535064835,0.00307155568478913,-200.00924857600006,0.48305979427218027,0.06831497124968744
GLY  25,6.802619999999999,0.05012579774928773,0.007088858300181347,-4.14924,0.11236397287389298,0.0158906654360382,-19.820899999999998,0.40714607943581943,0.05757915074051693,1.9698400000000007,0.25450197327328544,0.03599201422537952,0.038821103999999995,0.008803626718687256,0.0012450208303637666,-15.158858896000002,0.10866643301738774,0.015367754334789723
GLN  26,20.036279999999998,0.2601264338738493,0.03678743307161458,-7.584300000000001,0.3471959821196048,0.049100926671499165,-78.9989,0.44167156349270337,0.062461791520591066,-4.49132,0.09546547857733904,0.013500857454251104,0.28457294400000005,0.01475644582698798,0.0020868765820950264,-70.753667056,0.23325679533652208,0.032987492348059484
VAL  27,12.172159999999996,0.0415847856798132,0.005880976789677029,-2.1293399999999996,0.03790282839052935,0.005360269396218659,-21.550900000000002,0.05984087231840568,0.008462777321692603,-6.81084,0.05386477884487451,0.007617630077664891,0.6137421120000002,0.008662232470863488,0.001225024664072375,-17.705177887999998,0.089571468389495,0.012667318539809678
SER  28,11.100959999999997,0.025513102517234824,0.0036080975598088635,-2.306659999999999,0.06977180232731928,0.009867222912250959,-10.94756,0.8153598999215226,0.11530930286841867,-6.61254,0.3702213505458646,0.05235720550220455,0.6499742399999998,0.007178080939753068,0.00101513394168106,-8.115825760000002,0.4243726298973233,0.06001535287007326
GLU  29,14.31522,0.04353081207529943,0.006156186481800294,-2.2128799999999997,0.03783154239522852,0.00535018803408249,-20.770039999999995,0.7451695635223586,0.10538289030009591,-58.056059999999995,0.6542503010325297,0.09252496489068836,0.9832703039999999,0.012446244586408549,0.0017601647894711682,-65.740489696,0.09348405603050831,0.013220641990399117
GLY  30,4.910900000000001,0.08609581871374153,0.012175787448858858,-2.0869799999999996,0.08595894136156568,0.012156430068075978,-10.349739999999999,0.1643430327090188,0.02324161457386195,-1.71126,0.11555203330102432,0.01634152526540961,0.2220619680000001,0.004736740169749845,0.0006698762189497667,-9.015018031999999,0.05200187379664248,0.007354175519202586
GLY  31,5.3868399999999985,0.04312834798620683,0.006099269464484006,-1.6924400000000004,0.11754338092805999,0.016623144347564945,0.17978000000000008,0.5039398095010951,0.07126785132161625,-11.016879999999999,0.26891884575103586,0.038030867883883324,0.38748412800000004,0.005280895561282799,0.0007468314124242012,-6.7552158720000035,0.16058415639498727,0.022710029187603318
GLN  32,18.566300000000005,0.02695941393711605,0.0038126368823499755,-1.9974600000000005,0.07161458231392963,0.010127831357204367,-67.59228000000002,0.0836715100728101,0.011832938432920506,-14.309259999999997,0.09025670279888111,0.012764225319325535,1.1447870400000002,0.00426586675233467,0.000603284661642816,-64.18791295999999,0.01506404793270479,0.00213037808906695
LEU  33,11.906179999999997,0.009350272727499808,0.0013223282503117498,-3.1675400000000007,0.03280683465372159,0.004639587050582471,-22.98256,0.028533601242943237,0.004035260586111613,-0.7031000000000001,0.03902319822874433,0.005518713618226397,0.7809510240000003,0.0034517352956190926,0.0004881490868786425,-14.166068975999995,0.014985586329218838,0.0021192819426894124
ARG  34,11.1317,0.01415238495935365,0.0020014494749442937,-3.9426799999999997,0.02137422747141271,0.0030227722375319437,-127.64789999999999,0.7084315704450408,0.10018735349366473,-79.44816,0.6778069742932795,0.09585638157166276,1.2163250880000005,0.00875607176756004,0.0012382955446795568,-198.690714912,0.07284529327977818,0.010301880171130798
SER  35,10.41982,0.024368578128973948,0.003446237368574334,-3.322659999999999,0.009358653749486759,0.0013235135058077992,-12.89904,0.024132103099011717,0.003412794749120817,-7.305640000000002,0.05075500369390184,0.007177841458221252,0.58497264,0.0028217614787877363,0.0003990573353083577,-12.52254736,0.025730005429921998,0.0036387722638929064
ILE  36,12.835220000000003,0.0654743583391079,0.009259472555084235,-4.349679999999998,0.06468985701038373,0.00914852731320609,-6.794880000000001,0.360816997382301,0.051027229123278756,-4.3735800000000005,0.21230761550165905,0.030024830923753857,0.23403312000000004,0.00676084477940219,0.0009561278380129912,-2.4488868800000008,0.14816607302256984,0.020953846995208063
ASN  37,19.75464,0.008896651067165232,0.001258176459888614,-3.074199999999999,0.05758784593997737,0.008144151275616837,-81.72396,0.4537415105510671,0.06416873980329739,-17.37682,0.46033638526627324,0.06510139592973697,0.666017856,0.012621571761839478,0.001784959796405867,-81.75432214400003,0.061204721179232445,0.008655654677293434
GLY  38,6.03742,0.06644368743538,0.00939655639051932,-1.0432599999999999,0.06404835985409935,0.009057805915341976,-8.03774,0.3169157496875439,0.04481865513377615,-7.193559999999999,0.22868232638314753,0.03234056474460779,0.5393544480000002,0.0053882809688308,0.0007620180023997357,-9.697785552000001,0.2140884089558529,0.030276673149224474
GLU  39,14.691480000000002,0.05780354314275341,0.00817465546657002,-2.4326,0.4991909854955318,0.07059626619021721,-0.0391599999999999,4.447909060940882,0.6290293318184772,-78.5828,3.8144351980338307,0.5394425989852746,0.7791815520000003,0.08485555588372805,0.012000387797347628,-65.58389844799999,0.27608990468705913,0.039045008764273414
LEU  40,11.189660000000002,0.055346403676384964,0.007827163470771975,-3.073640000000001,0.09773653564552391,0.013822033424926135,-19.32946,0.34117251999523246,0.04824908048862637,-11.289640000000002,0.25026975526415873,0.03539348821463686,0.9313210080000002,0.009176920708192739,0.0012978125726348679,-21.571758992000003,0.07180172322967562,0.010154297079316657
TYR  41,9.861859999999998,0.6688657267344693,0.0945918982154423,-7.46534,0.32671091870334357,0.04620390122056421,-36.71710000000001,4.177613233653866,0.5908037293382619,1.58416,2.3480362123272287,0.3320624656416319,0.16802942399999998,0.010499913630474327,0.0014849120259962914,-32.568390576,0.8453493759851036,0.11955045524617663
ALA  42,10.436659999999996,0.039339349258187335,0.0055634241255860485,-4.014680000000001,0.09825221422437037,0.013894961388929131,7.335680000000001,0.18572371307936625,0.02626529938911291,-1.9066999999999998,0.15826980128881288,0.022382729949673393,0.10777219199999993,0.003768553116297492,0.0005329538927591305,11.958732191999998,0.11705530381864347,0.016554119820802873
PRO  43,19.2269,0.06223897492756816,0.00880192024507659,-6.4120800000000004,0.11158384112403918,0.015780338145930092,1.6952400000000005,0.07426669778573232,0.010502897124124656,-9.175200000000006,0.09387331889250901,0.013275692072276073,0.13004611200000002,0.006422235327754148,0.0009082412301261534,5.4649061119999995,0.04376889838660162,0.006189856970846189
LEU  44,11.765900000000002,0.03818861086756891,0.005400685141710452,-8.093480000000001,0.040520236919457844,0.005730426860206828,-36.901740000000004,0.10923805381015182,0.015448593722555866,3.13236,0.10049194196552128,0.014211706723685016,0.05605718399999999,0.0022501786865369877,0.0003182233216263485,-30.040902816000003,0.06386351854858859,0.00903166540722797
GLN  45,20.28196,0.1455653750034737,0.0205860527541838,-7.928219999999999,0.3309678709482477,0.046805925180476014,-82.68961999999999,0.6348605481542036,0.0897828397415292,1.916420000000001,0.12125099422271124,0.017147480048098,0.0020555999999999994,0.0031591349509636287,0.00044676914930196263,-68.4174044,0.20741588121956117,0.029333035227227033
HIE  46,29.97286,0.08324422142166346,0.01177251069237054,-10.386660000000001,0.18215900856115097,0.02576117404156164,-12.715620000000001,0.26459137476483263,0.03741887106793686,-11.423680000000001,0.17543243029722486,0.024809892220640804,0.29459289599999994,0.01697004268073553,0.0023999264513146464,-4.258507104,0.26437836017302385,0.03738874625546493
VAL  47,11.67236,0.21384066591749964,0.030241636992742207,-7.392940000000001,0.08190907397837255,0.011583692330163561,-33.462999999999994,0.809502069176313,0.11448088049982251,1.6530999999999998,0.16019516222408556,0.02265501710438599,0.0,0.0,0.0,-27.530479999999997,0.8304189121161769,0.11743896879658086
SER  48,12.596940000000002,0.252359775717091,0.03568906174165425,-4.64316,0.2951803082863112,0.04174479953239726,-14.884539999999994,1.299462122726254,0.18377169577495994,-4.0408,1.9556669655133003,0.2765730746113945,0.14584910399999998,0.007701633688327821,0.0010891754814462728,-10.825710896,0.8535835622678777,0.12071494503779719
ALA  49,6.690119999999999,0.028309461315754358,0.00400356241362163,-3.4453799999999997,0.08305850708990481,0.011746246719700525,-0.64196,0.36845981924763554,0.05210808735695453,-3.2217600000000006,0.1460644460503531,0.02065663205849226,0.23108659199999987,0.007826681736828975,0.0011068599460601347,-0.38789340800000005,0.29626868339959517,0.04189871901701281
VAL  50,10.82836,0.04681357068197081,0.006620438656155462,-5.71418,0.034779125923589393,0.004918511156862182,-26.861480000000007,0.07341804682402321,0.010382879754147655,-0.06834,0.07075778685063576,0.010006662180767373,0.145226592,0.004494236253507479,0.0006355809862219125,-21.670413407999998,0.032073460763314125,0.004535872320372015
LEU  51,14.663080000000003,0.014409496863904029,0.002037810589190566,-2.4502,0.026589471600604382,0.0037603191353908962,-22.636640000000003,0.04767546958072372,0.006742329567356541,-1.851540000000001,0.05746275663415558,0.008126460976336736,0.660636432,0.0064270315799815365,0.000908919522621007,-11.614663568000001,0.030632734421178493,0.004332122847100377
PRO  52,18.12652,0.005759305517543119,0.0008144887972759675,-2.14872,0.005173161509177527,0.0007315955166625328,-6.70632,0.031286060793793855,0.004424517148781243,-3.8705200000000004,0.030993057287021147,0.0043830801954711585,0.9252684000000001,0.0024669752231789334,0.00034888298186580406,6.326228399999999,0.00656784765136614,0.0009288339224162274
GLY  53,5.304599999999999,0.006086049622942808,0.0008606973918041381,-1.244,0.008781799360042428,0.0012419339757011368,-19.83054,0.04125346531092429,0.005834121013759714,2.79848,0.03242853064814231,0.004586086785043442,0.30678120000000003,0.0016689992920294332,0.0002360321434379118,-12.664678799999999,0.013013564256942401,0.0018403959066981693
GLY  54,4.336040000000001,0.005253417934597841,0.0007429454891922319,-2.14188,0.022256360888481055,0.0031475247417560013,-10.92862,0.035494726369040525,0.005019712342381903,-2.5295799999999997,0.040682227077697565,0.005753335728082186,0.06725851199999998,0.0046127379115073145,0.000652339651412619,-11.196781488,0.016435690431978345,0.002324357631586949
ALA  55,9.32492,0.018656730688797977,0.0026384601569640433,-4.568359999999999,0.02831025255985113,0.00400367431243491,-5.286080000000001,0.04171418943225381,0.005899277243849377,-1.3933400000000002,0.042187965108536944,0.005966279242541586,0.10655164799999998,0.006944723393030097,0.0009821322009352861,-1.8163083520000003,0.03438059943582,0.0048621510004653425
ALA  56,9.378680000000001,0.011103945244105117,0.0015703349960061682,-6.237159999999999,0.03884088567479213,0.00549293072958739,-7.847779999999997,0.05349739806808232,0.007565674589955423,-0.7482599999999999,0.04301851229412836,0.006083736351947006,0.0,0.0,0.0,-5.454519999999999,0.04528851510055048,0.00640476322749372
ASP  57,17.10258,0.016148176366198804,0.0022836970024671032,-5.3492999999999995,0.016846661390290577,0.0023824777018856113,-46.15983999999999,0.7367679515293131,0.10419472293745977,-31.512620000000005,0.7217456031038986,0.10207024204926823,0.46249387200000003,0.0014089786018192533,0.00019925966477862687,-65.456686128,0.022256549764022693,0.00314755145279126
ARG  58,13.739939999999999,0.021682628993789255,0.003066386799092086,-3.2758399999999988,0.010872644572852917,0.001537624141379082,-158.16125999999997,0.42314162216415907,0.059841262086910554,-52.97782,0.4124419323978042,0.05832809744883419,1.575650016,0.0035182362316033655,0.0004975537394365889,-199.09932998399995,0.0350889587009194,0.004962328128438964
ALA  59,7.528819999999999,0.020712981437265472,0.0029292579265762994,-3.3736200000000007,0.008955199606476626,0.001266456473723745,-8.90242,0.023999241655264077,0.003394005303554378,-3.399579999999999,0.02580472049849216,0.0036493385702214627,0.26362281600000004,0.0013645548500841945,0.00019297719755910532,-7.883177184,0.03731284159024908,0.0052768326627609125
GLY  60,6.550740000000004,0.03233995052473067,0.0045735596638549,-2.1391999999999998,0.01441665703280842,0.002038823189987913,-15.25906,0.07314654058770759,0.010344482973981012,1.7465800000000002,0.0407387235931509,0.005761325541920279,0.2000360159999999,0.0018006319281291406,0.00025464780936022466,-8.900903984000001,0.024430907339255407,0.003455052050025538
VAL  61,11.170160000000001,0.02610008429112217,0.003691109318358594,-5.66088,0.028011169200837075,0.003961377538175132,-20.053520000000002,0.07731138079042012,0.01093348032396029,-2.2904599999999995,0.1006680108078181,0.014236606618153767,0.023668704000000002,0.0021484396757610012,0.0003038352527401663,-16.811031296,0.0344478680129606,0.00487166421387672
ARG  62,11.234180000000004,0.007609704325667231,0.0010761747063007805,-5.119619999999999,0.07183561512231279,0.010159090116738854,-131.10988,0.6269178140707281,0.0886595675152118,-67.667,0.6846703440349167,0.0968270086288832,1.2833648640000004,0.005774767823791135,0.0008166754975961187,-191.37895513599997,0.026202681938819982,0.003705618816842776
LYS  63,8.946180000000002,0.008289004764097687,0.0011722422955962146,-3.3943399999999984,0.053826985797196074,0.007612285333605865,55.09306000000001,0.9507166646269241,0.13445164010895094,-94.00221999999998,0.9709625799216064,0.1373148449081906,1.184227632,0.004880265462164515,0.0006901737604574058,-32.173092368,0.03147271458523769,0.004450913981114066
GLY  64,6.284899999999997,0.014519297504600391,0.002053338744713571,-2.76536,0.035244721590668424,0.0049843563275587125,-14.35469999999999,0.17327714794587104,0.02450508926743801,-4.033039999999999,0.13647167618231265,0.019300009533681585,0.15917443199999998,0.003289092762295019,0.00046514795923408025,-14.709025568,0.07785220829243239,0.011009964882785302
ASP  65,14.535180000000004,0.04605678668573456,0.0065134132370290405,-6.592299999999998,0.034002499908431474,0.004808679652509371,-82.28618,1.4641234878248832,0.2070583293470949,9.557899999999997,1.2731345922564852,0.18004842070954616,0.009226079999999996,0.001050826125293861,0.00014860925580865474,-64.77617391999999,0.1661668741342597,0.02349954470178131
ARG  66,13.808500000000004,0.06766483577080287,0.009569252844281756,-8.97758,0.04664422365126563,0.0065964893693983735,-146.3323,1.277771689309674,0.18070420526381217,-57.473339999999986,1.2144318442803328,0.17174659847590174,0.6378032160000001,0.011062076371872034,0.001564413843310839,-198.33691678399998,0.10317148287842062,0.014590651033680601
ILE  67,13.102260000000001,0.02624942666048066,0.0037122295187769646,-8.456120000000002,0.05411492954764983,0.007653006729315092,-12.52436,0.04230496897533665,0.00598282608806941,-0.8966600000000001,0.0600368586786454,0.008490493978561718,0.0,0.0,0.0,-8.774880000000001,0.04892060506563787,0.006918418316332301
LEU  68,13.223899999999999,0.02870836115267466,0.00405997536956174,-7.52768,0.05430780422725889,0.007680283328089243,-34.05548,0.06659706900041813,0.009418247819468813,-1.7401000000000004,0.06224154561061184,0.008802283794559084,0.12743092799999997,0.003657886801041211,0.0005173033123658016,-29.971929072000002,0.038775074518025344,0.005483623626541884
GLU  69,15.481259999999995,0.018038636314868694,0.0025510484123203135,-6.130999999999998,0.026200763348449528,0.0037053474871905226,-13.644139999999998,0.5704961002496453,0.08068033222540091,-67.36715999999998,0.565600684584407,0.07998801590267755,0.400950288,0.0024447409784095096,0.0003457385848155998,-71.26008971200001,0.037250050784978346,0.005267952701920293
VAL  70,10.863500000000002,0.01265582869448144,0.0017898044582806234,-6.44462,0.033646331152322045,0.0047583097839710205,-26.311260000000008,0.04363613639422813,0.006171081589827962,-2.02864,0.030725077705330128,0.004345182159584508,0.0,0.0,0.0,-23.92102,0.027790278876684196,0.003930138928953733
ASN  71,18.348879999999998,0.03649418583991789,0.005161057256257604,-4.15458,0.01599261079346816,0.0022616967081877017,-89.51503999999997,0.0606679355405503,0.008579741724262294,-8.3896,0.06054717169287437,0.008562663137139529,0.343741824,0.003795338982411968,0.0005367419862730307,-83.36659817599998,0.04997389334730366,0.007067375773634342
GLY  72,6.154260000000002,0.01004750715194743,0.0014209320882324723,-1.1995200000000001,0.008025559170535072,0.0011349854624598465,-5.18124,0.03641074566666252,0.005149257033791153,-6.527020000000001,0.0338328183866953,0.004784683061577031,0.51228792,0.00330220706120433,0.00046700260117193645,-6.24123208,0.014525361278556682,0.0020541962918503858
VAL  73,10.736979999999999,0.009018846935382678,0.0012754575652985207,-2.364020000000001,0.011964096288312447,0.001691978723246907,-30.471919999999997,0.05716811698822155,0.008084792638007465,-0.11186000000000001,0.05156859897263059,0.007292901205967343,0.5229668160000004,0.00208283993339608,0.000294558048206101,-21.687853184000005,0.013373747725266793,0.0018913335412828627
ASN  74,20.46222,0.015738220992512077,0.002225720557523553,-4.406359999999999,0.032199850931337475,0.0045537465893489395,-92.54741999999999,0.05607854852169634,0.007930704387758064,-5.233080000000001,0.05651011944760324,0.00799173773341241,0.5972451840000002,0.003575982196764268,0.0005057202521468762,-81.12739481599999,0.021272980340330653,0.003008453730939183
VAL  75,13.477759999999998,0.01597943678637626,0.002259833622237685,-6.30428,0.01259847609839596,0.0017816935763584842,-34.41399999999999,0.11334884208134413,0.016029946975072307,1.9593200000000002,0.12837701351877365,0.018155251361520384,0.02218939199999999,0.004032805293581194,0.0005703247940592536,-25.259010607999993,0.025123126153342067,0.0035529465735266554
GLU  76,15.346580000000003,0.039537875510932505,0.005591499977497981,-5.904180000000001,0.08786573621149771,0.012426091581819683,-0.5534399999999999,0.4635767103727279,0.0655596471009416,-79.04010000000001,0.47806272600979755,0.06760827907881087,0.5038381440000002,0.004616102156036082,0.0006528154274365912,-69.647301856,0.14314347228019506,0.0202435439863829
GLY  77,6.13714,0.0396146488058228,0.005602357360984174,-3.5664999999999996,0.10472750355089949,0.014810705587515852,-12.19558,0.14893758289967873,0.02106295496837928,-2.8582799999999997,0.07687497382113308,0.010871763058492303,0.04852137599999997,0.004892166583041494,0.0006918568331125723,-12.434698624,0.04623567102702518,0.006538711303183978
ALA  78,7.081019999999999,0.02156987714412758,0.0030504412795946665,-4.27624,0.2002526963613839,0.028320007909605045,-12.398559999999998,0.47022208199958565,0.06649944456911276,2.4948999999999995,0.32357003878604346,0.0457597137228811,0.07434431999999998,0.01015087775924826,0.0014355508997120302,-7.024535679999999,0.34598445063688926,0.04892959024608934
THR  79,14.965539999999997,0.06686141189151801,0.00945563154963985,-6.7517799999999975,0.1084227448464644,0.015333291623158754,-31.613879999999998,0.1188110499905824,0.016802419825646942,-4.95156,0.10541198413845887,0.01490750576052661,0.12948364800000006,0.0032981210501839943,0.00046642475195184,-28.22219635199999,0.12844684206438703,0.01816512660914511
HIE  80,30.74252,0.060453036318649754,0.008549350384846777,-11.983579999999996,0.1161116858894766,0.01642067209349025,-10.737520000000004,0.43951333267596165,0.06215657159141429,-5.76154,0.413994889340427,0.058547718725838055,0.011795615999999991,0.0019157348041272174,0.00027092581419068757,2.271675616,0.23916116894612788,0.033822496871661716
LYS  81,11.547899999999997,0.012971121773323178,0.001834393633102659,-3.5663,0.037326800023637904,0.005278806683341708,4.48968,1.4812968431749245,0.209487008551843,-46.026019999999995,1.444055393535938,0.20422027223565403,1.054794384,0.008111773368799919,0.0011471779913053734,-32.499945616,0.04573545910665483,0.006467970654999134
GLN  82,20.82454,0.038054807844586924,0.005381762536731688,-6.139819999999999,0.05865345343640474,0.00829485093297824,-77.06465999999999,0.501148026436103,0.07087303357424472,-9.717179999999999,0.41396119093460093,0.058542953051583094,0.5989746240000001,0.011770219447572687,0.0016645603974864852,-71.498145376,0.21558269231273916,0.03048799672815817
VAL  83,13.18474,0.05814836541065774,0.008223420699357874,-7.6222,0.03597443536706548,0.005087553439481834,-25.654700000000005,0.07408812320277795,0.010477642864413737,-2.4366400000000006,0.07167949776607274,0.010137011788487204,0.0,0.0,0.0,-22.5288,0.07314888926018562,0.010344815126428214
VAL  84,13.18414,0.06805938877207778,0.009625051064829554,-6.418220000000002,0.2610512815520636,0.036918226284580566,-33.149640000000005,0.30228475052426884,0.042749519388998854,-1.0776,0.22722614286212814,0.0321346292961348,0.08895599999999998,0.026188725316609134,0.0037036450524012264,-27.372364,0.2194941243982921,0.031041156758527196
ASP  85,14.385280000000002,0.03391226326818315,0.004795918264463154,-4.387100000000001,0.09873099817176595,0.013962671664114466,-62.477039999999995,2.144839079838145,0.30332605158149345,-19.304060000000003,2.215953622348585,0.3133831666315156,0.52211376,0.010187822008341582,0.0014407756055239767,-71.26080624,0.05821031671645891,0.008232181937044948
LEU  86,12.594940000000001,0.030327156147002588,0.004288907553129764,-5.977779999999999,0.04884436098477341,0.006907635775011382,-31.27934,0.10200188429620383,0.014425244815930266,-1.8709400000000003,0.1026978889753824,0.014523674741607215,0.336624336,0.003164345820146123,0.00044750607748892616,-26.196495664,0.05210485348790994,0.00736873904680653
ILE  87,14.447519999999997,0.05773049107790218,0.008164324344482821,-7.6809199999999995,0.09678880927057237,0.01368800467563862,-9.667580000000003,0.31338609350124647,0.04431948636885856,-0.8658999999999998,0.31262790982252436,0.044212263004736685,0.0,0.0,0.0,-3.7668800000000005,0.1409494434185468,0.019933261449144805
ARG  88,13.746239999999998,0.5452692017710441,0.07711271002889622,-4.33858,0.22049708297389248,0.03118299652053844,-143.42046,1.60497348526504,0.2269775270111034,-64.29603999999999,1.44214895153067,0.20395066062168127,1.2332337119999999,0.056842225356241574,0.008038704601426467,-197.075606288,0.6521767427075759,0.09223171946013622
ALA  89,8.430360000000002,0.08269093299733862,0.011694263893012117,-2.1372800000000005,0.09044844719505479,0.012791342071883321,-4.94842,0.44828170116568317,0.0633966061552192,-7.145480000000001,0.3374358155264438,0.047720630674792264,0.36707976,0.010069831170780832,0.0014240891812525593,-5.43374024,0.12219741667569967,0.017281324394973065
GLY  90,5.598759999999999,0.17668826333409324,0.02498749383192235,-0.50342,0.03742196681095194,0.005292265299472407,-5.210160000000001,1.7870485092464574,0.25272682383949613,-8.820400000000001,1.4534428093323724,0.20554785330914935,0.5514580799999997,0.019719900807548946,0.002788815117068787,-8.383761919999998,0.20716140172122122,0.029297046391437206
GLU  91,14.646099999999999,0.1456784472735037,0.02060204358796428,-1.2196,0.15904376756100713,0.02249218530956904,-9.629579999999999,2.048208564477755,0.2896604330453169,-65.2007,1.5556513523284745,0.22000232407869746,0.8549775360000001,0.01929574851631958,0.002728830924791967,-60.548802463999984,0.502594967014321,0.07107766187321111
LYS  92,10.8048,0.0908358959885518,0.012846135605732176,-2.805,0.0815355137347863,0.011530862933879256,20.912540000000003,0.7044406351140579,0.09962295000650173,-63.496179999999974,0.7094465924955585,0.10033089928865972,1.292591952,0.007943197888076611,0.0011233378181931268,-33.29124804799999,0.11262045189182696,0.015926937046600836
GLU  93,15.058420000000002,0.055808633740765626,0.007892532673370346,-4.137020000000001,0.03181665601529667,0.004499554644619207,-38.140420000000006,0.9059741958795626,0.12812409949729364,-45.132299999999994,0.9149624964991748,0.12939523716118784,0.5167692,0.011608768187679887,0.001641727741346223,-71.8345508,0.04889993156043629,0.006915494641188514
LEU  94,12.836959999999998,0.04510696620294223,0.006379088336170573,-8.25264,0.033909149207573916,0.004795477869788392,-32.18673999999999,0.05655503868380741,0.007998090272717548,0.16406000000000007,0.03423238817260607,0.0048411907626119835,0.0,0.0,0.0,-27.438359999999992,0.07036725375214989,0.009951432460323944
ILE  95,13.176819999999994,0.06763333202004695,0.009564797541123292,-5.0294,0.04190942614744969,0.0059268878848996965,-12.757359999999998,0.058203697477069334,0.008231245835233214,-0.7659799999999999,0.028775329711407813,0.004069446153963041,0.36239399999999994,0.004844995772142028,0.0006851858730603562,-5.013526,0.07145304942433933,0.010104987156881575
LEU  96,11.506679999999996,0.019808523421749148,0.002801348247362275,-8.190759999999997,0.03581651016002201,0.0050652194425176884,-34.73264,0.047896454983767434,0.006773581622763632,0.3491600000000002,0.0403531213166949,0.005706793145015677,0.00025876800000000004,0.0005914955085002758,8.365009702038603e-05,-31.067301232000005,0.033519006769893334,0.004740303397125874
THR  97,16.207980000000003,0.02067606345358587,0.0029240369352547834,-5.29744,0.010471217694163037,0.0014808538077646495,-45.12474000000001,0.07362412918728922,0.010412024201457325,2.4647800000000006,0.07018498129940061,0.009925655242851439,0.13201488000000006,0.0027138564124116757,0.00038379725447657833,-31.617405120000008,0.02413397860007801,0.0034130599850252363
VAL  98,11.885120000000002,0.009345886793186067,0.0013217079855327328,-6.700219999999999,0.014198999965211847,0.00200804183229377,-26.897120000000005,0.04962686369058671,0.007018298368926864,-1.51482,0.05532185463267645,0.007823691711716388,0.0006320159999999998,0.00045362351939025417,6.41520533333112e-05,-23.226407984,0.014569086709441638,0.002060380001588197
LEU  99,11.580440000000003,0.017178079053633676,0.0024293472373165927,-8.670640000000002,0.0375493062511955,0.005310273815814151,-34.10488,0.1714689056366375,0.024249365187660517,0.49284,0.12972407024141666,0.018345753950165147,0.0,0.0,0.0,-30.70224000000001,0.07279548337399475,0.010294835986700852
SER 100,11.968420000000002,0.015789984166352095,0.002233040975771156,-4.899559999999999,0.011187779046806118,0.001582190886082675,0.16080000000000003,0.16523256337659353,0.023367413207285054,-11.047939999999999,0.1496330725475262,0.021161312057626877,0.26315063999999994,0.00227449504269103,0.00032166217369240265,-3.5551293599999996,0.03001717358613331,0.004245069398961716
VAL 101,7.881879999999999,0.00605521263042908,0.0008563363825005669,-2.0687,0.012862736878281402,0.0018190656942502126,-70.58704,0.9126698408512368,0.12907100669007132,-40.06869999999999,0.8855538210635576,0.12523622239594,1.0249519680000003,0.00272203888259251,0.00038495443050692326,-103.817608032,0.025164003846079027,0.0035587275522733683
TYR 102,3.5644599999999995,0.1822504002739129,0.025774098781529284,-0.8434600000000002,0.12365503790788165,0.01748746316650854,-12.761379999999999,0.662878115191667,0.09374512207043702,-106.3638,0.6785556719991238,0.09596226341663502,1.6656019199999996,0.015268889714981502,0.00215934709173059,-114.73857808000001,0.24300312687404563,0.034365831772434526
MET 103,9.966040000000003,0.0627945730133945,0.008880493679897005,-5.000159999999999,0.08207030157130034,0.011606493355018286,-5.63152,0.5660776709957677,0.08005547196787895,-1.6932799999999995,0.46750148833987815,0.0661146945239863,0.6914131200000001,0.0076888222527954336,0.0010873636708579357,-1.6675068800000008,0.1374186669722598,0.01943393425554015
GLN 104,19.268320000000003,0.28360468543363904,0.04010775924928077,-4.9971,0.22996445377493754,0.032521884939223734,-77.78265999999998,5.077567652370932,0.7180765037849888,-8.44706,3.896692445703148,0.5510755305110177,0.6769226879999998,0.0212381421703632,0.0030035268696935596,-71.281577312,0.9567188507454575,0.1353004774102227
THR 105,14.2894,0.23759158234251668,0.033600523805447105,-4.613259999999999,0.1907617162850122,0.026977780635183277,-36.26296,0.4949584208804391,0.06999769116198874,-2.555659999999999,0.18098006630567076,0.025594446428866158,0.316450368,0.020297830151595555,0.0028705466687131967,-28.826029632000008,0.16666941667166435,0.023570614948988013
VAL 106,11.84128,0.051216028741074525,0.007243040245651782,-2.2237999999999993,0.05119218690389681,0.007239668500702921,-18.877499999999994,0.8037099290168447,0.11366174818295392,-1.4468400000000003,0.6366438992089689,0.09003504366634135,0.8473885919999999,0.015752946327131916,0.0022278030343165387,-9.859471408000001,0.22796700259510744,0.03223940268435435
LEU 107,9.130339999999997,0.19452111556342444,0.027509439979773898,-8.033140000000001,0.08974096277623042,0.012691288665856414,-85.63462,1.5966468850688782,0.2257999679185164,-16.41296,1.7008401095928614,0.24053511504143657,0.10652371199999999,0.020190056466693,0.002855305168027585,-100.84385628800001,0.1759827514249485,0.02488771938088953


