#Frame       SA_00001
       1    6381.9164
       2    6357.1247
       3    6401.8028
       4    6387.0767
       5    6443.2678
       6    6455.0113
       7    6502.1786
       8    6474.2170
       9    6418.6167
      10    6369.2842
      11    6410.1157
      12    6449.0994
      13    6412.3803
      14    6408.5720
      15    6402.7470
      16    6408.1816
      17    6373.5915
      18    6415.1433
      19    6402.7533
      20    6454.8201
      21    6401.8475
      22    6408.1968
      23    6431.2077
      24    6446.2442
      25    6368.9509
      26    6402.8339
      27    6382.9904
      28    6409.6721
      29    6391.7403
      30    6359.7300
      31    6374.1533
      32    6409.9172
      33    6404.3636
      34    6455.2601
      35    6453.4919
      36    6401.9080
      37    6406.1581
      38    6391.0426
      39    6475.5194
      40    6493.9353
      41    6404.3073
      42    6407.8901
      43    6400.6502
      44    6408.5931
      45    6475.9927
      46    6390.7710
      47    6455.4412
      48    6408.4310
      49    6445.4692
      50    6450.2533
