| Run on Mon Jun 20 15:46:16 2016
| GB non-polar solvation energies calculated with gbsa=2
idecomp = 2: Per-residue decomp adding 1-4 interactions to EEL and VDW.
Energy Decomposition Analysis (All units kcal/mol): Generalized Born Solvent

Total Energy Decomposition:
Residue,Internal,,,van der Waals,,,Electrostatic,,,Polar Solvation,,,Non-Polar Solv.,,,TOTAL,,
,Avg.,Std. Dev.,Std. Err. of Mean,Avg.,Std. Dev.,Std. Err. of Mean,Avg.,Std. Dev.,Std. Err. of Mean,Avg.,Std. Dev.,Std. Err. of Mean,Avg.,Std. Dev.,Std. Err. of Mean,Avg.,Std. Dev.,Std. Err. of Mean
GLY   1,1.1631999999999996,0.004573838650445915,0.0006468384651566867,0.03488,0.039852046371547864,0.005635930446696448,-32.66742,0.2624579272948951,0.037117156033277234,-82.34190000000001,0.24544655222702383,0.034711384299717325,1.0036922400000001,0.0051623904100199115,0.0007300722532114962,-112.80754775999999,0.008151689303623375,0.0011528229569435866
SER   2,11.232840000000003,0.013822242939977384,0.001954760342813178,-0.5233800000000002,0.015849151396830144,0.0022414084857501674,-4.2014,0.10270345661175945,0.014524462124294693,-12.204140000000002,0.07310020793355186,0.010337930547192236,0.8285306399999999,0.006283794421097985,0.0008886627293481162,-4.867549360000001,0.015582426984382985,0.0022036879576002905
HIE   3,27.19326000000001,0.02769823819812819,0.00391712241136334,-1.77692,0.02438182929968958,0.0034481113671086705,-5.192480000000001,0.13408150357149953,0.01896198808141912,-22.83012,0.10262526784294862,0.01451340456256694,1.3292583839999998,0.009009351373556568,0.001274114690066837,-1.277001615999999,0.076589808015515,0.010831434523509289
GLY   4,3.909299999999999,0.007733692520609036,0.0010937092849868666,-2.12308,0.036394966684964856,0.005147025548799426,-5.912800000000002,0.06599272687192871,0.009332780936026498,-5.57172,0.08024513443190923,0.011348375742805825,0.17319355200000008,0.003194173064452019,0.0004517242868314875,-9.525106448000003,0.052871229914598576,0.00747712104045714
GLY   5,5.678559999999999,0.012557324555870435,0.0017758738694032671,-4.018939999999999,0.012000683314033473,0.0016971529100450638,-8.5695,0.3125527955401899,0.044201640241056155,-2.40808,0.3173023693576832,0.04487333141187527,0.023270688000000005,0.002255273992457606,0.00031894390670008635,-9.294689312000003,0.020957954042811283,0.002963902284693575
SER   6,11.462679999999999,0.005780795798583637,0.0008175279819666385,-3.0908400000000014,0.018739647808584163,0.0026501864084994974,-2.6221599999999996,0.04499793773054637,0.006363669381735868,-6.14338,0.031015409073630987,0.00438624121544785,0.43813814400000006,0.0036633054448688,0.0005180696243248661,0.0444381440000001,0.007831312047318165,0.0011075147708493158
PRO   7,18.876260000000002,0.008928180099830848,0.0012626353384490357,-3.4917800000000003,0.014926875091549028,0.002110978919831777,0.18846,0.11203110460938968,0.015843590754623785,-3.229880000000001,0.10661250208110891,0.015077284636163403,0.6161156639999998,0.006836436798392723,0.0009668181638593489,12.959175663999996,0.02656984810748164,0.003757543954379365
ARG   8,13.764280000000001,0.011094214710256286,0.0015689588907123536,-5.64026,0.018783833474487647,0.0026564352052978165,-187.42436,0.42326217691231927,0.05985831110289622,-20.83382,0.43087973681766034,0.0609355967559285,0.557488368,0.004675861251545106,0.0006612666397709922,-199.576671632,0.030902963319582828,0.004370338984407232
VAL   9,10.73732,0.007963516810378409,0.0011262113477423276,-2.2486000000000006,0.025125286067977023,0.0035532520315836877,-30.34594,0.025966447583155836,0.003672210233874906,-2.75172,0.02066401703445653,0.002922333314323709,0.731337984,0.003420053973794374,0.00048366867137880013,-23.87760201599999,0.042018575746701994,0.005942323969258716
VAL  10,11.015539999999998,0.035251218419186346,0.004985275117858959,-4.6808,0.050989410665333045,0.007210991610032533,-21.646180000000005,0.028146537972640946,0.0039805215734758145,-1.6360000000000001,0.025969982672300915,0.003672710170976223,0.06841295999999997,0.0023627109094435275,0.0003341377812101906,-16.879027039999993,0.030289286552274534,0.0042835519836831645
ARG  11,11.97728,0.03253554364148407,0.004601220707696849,-4.7023,0.06541230771036553,0.00925069727101211,-187.65722000000005,0.7792376348672834,0.11020084315408459,-18.80988,0.7691058611141014,0.10876799396882002,1.134791424,0.00728988886528077,0.0010309459701472678,-198.05732857599997,0.0725241754222531,0.010256467248207583
ILE  12,14.253160000000006,0.03939206011128723,0.005570878565919861,-7.377600000000001,0.12236028767527107,0.01730435783262418,-13.9454,0.13769255608062167,0.019472668024703314,-2.6297799999999993,0.10730466718649158,0.01517517156410676,0.011354399999999995,0.0017269520822535884,0.00024422790562914813,-9.6882656,0.1768907102463693,0.025016124148822486
VAL  13,11.332240000000002,0.07499481582064975,0.010605868564123523,-2.9966599999999994,0.029218220342927644,0.004132080347737373,-20.9128,0.07987139663333662,0.011295521236454541,-2.18072,0.07933197085665153,0.011219234911526372,0.6302499840000002,0.00611552471399382,0.0008648657991557903,-14.127690015999999,0.060269375809862,0.008523376866606777
LYS  14,11.500039999999998,0.20203048878842472,0.028571425725745576,-6.614599999999997,0.08889229437950243,0.012571268830195397,-0.010620000000000185,5.362592376416465,0.7583850868206731,-39.08022,5.282934946750682,0.7471198250829599,0.5988863520000001,0.03912281952879002,0.005532802197588982,-33.606513647999996,0.09040568332670103,0.012785294347622779
SER  15,11.266979999999998,0.034210811157299466,0.00483813931184377,-2.2244200000000003,0.022353603736275117,0.003161276957175416,-19.241100000000003,0.19371383533449354,0.027395273314934923,-4.09594,0.2176857744548352,0.030785417456971855,0.397206288,0.008535897707361465,0.0012071582304779992,-13.897273711999993,0.02474020602901078,0.0034987934902131657
GLU  16,15.943580000000003,0.023891496395134524,0.0033787678227387152,0.45624000000000003,0.016390924318046403,0.0023180267470412196,-42.617799999999995,0.6972976408967839,0.09861277807669959,-40.14802000000001,0.6924578395826025,0.09792832681092895,1.3435487999999995,0.004299883884696544,0.0006080954106367362,-65.02245119999996,0.019073707555441577,0.002697429590964365
SER  17,10.384559999999999,0.020457917783929528,0.002893186478794687,-1.2611400000000001,0.03172192301862745,0.004486157375749821,-8.8282,0.2638165271547821,0.03730929106804627,-8.861519999999999,0.2756328166238801,0.03898036675045875,0.47691777600000007,0.018770291245158246,0.002654520044859576,-8.089382224,0.027444529419221066,0.003881242571760983
GLY  18,5.159680000000001,0.017808357587897408,0.002518482082439433,-2.810199999999999,0.03803472097968947,0.005378921825055334,-11.48322,0.10240611114559094,0.014482411125198127,-0.6098000000000002,0.09727445707892564,0.013756685647349616,0.13521412800000004,0.003425827432373952,0.000484485161721304,-9.608325872,0.029247261749726843,0.004136187422873956
TYR  19,10.2704,0.07841020341745487,0.01108887731013979,-10.045860000000001,0.06750289178978057,0.009546350506851112,-33.03812000000001,0.27557885550056627,0.03897273549521562,-0.17855999999999997,0.2221719298201283,0.03141985563302289,0.030823055999999995,0.004565533907185922,0.0006456639971016558,-32.961316944,0.1543255632346415,0.02182493045472967
GLY  20,6.8629,0.04475634033310511,0.006329502350126321,-3.1441399999999997,0.023022606281675444,0.0032558882044721425,-14.099019999999996,0.2120429664010036,0.02998740388901218,0.28524,0.22591410403071355,0.03194907898516014,0.011641680000000003,0.0039715315518323606,0.0005616593783993989,-10.083378320000001,0.035426643448662025,0.005010083963445379
PHE  21,10.286859999999997,0.1828252728702431,0.025855398043765968,-9.409439999999996,0.10516352219311494,0.01487236793524271,-8.302199999999996,0.30283599521863586,0.042827477161294855,-1.70102,0.35846330300325097,0.05069436647202537,0.015218208000000009,0.00282971935992525,0.0004001827496516002,-9.110581792000001,0.21328756714921013,0.030163417014797515
ASN  22,18.13534,0.032985821198018836,0.004664899570425217,-7.078459999999999,0.04691618484050852,0.006634950489625015,-91.81700000000001,0.4587766341004747,0.06488081380447702,-3.0440399999999994,0.4618709759229345,0.06531841982167112,0.2564271359999999,0.0039069648507168205,0.0005525282679598702,-83.54773286400001,0.08112328000721548,0.011472564281039429
VAL  23,10.77922,0.028749462603140447,0.004065787992429933,-7.360899999999999,0.10556614040505115,0.014929306748820571,-24.355079999999997,0.2460477059435867,0.03479640027362075,0.57402,0.0980023448699055,0.013859624525938566,0.0,0.0,0.0,-20.362740000000002,0.1584127280235174,0.02240294284233788
ARG  24,12.31682,0.08951842045061187,0.012659816428347234,-8.113660000000001,0.1286580910786454,0.018195001731245324,-146.30481999999998,1.2318943573238388,0.17421617075382603,-60.28998000000001,1.0370887809632467,0.14666650194232037,0.8102227680000001,0.006374002572350788,0.000901420088441948,-201.58141723199998,0.22051940177352664,0.031186152875452292
GLY  25,5.90962,0.03511802386230656,0.004966438562981591,-3.404459999999999,0.03633136936596298,0.005138031529693124,-16.01314,0.2214489566466344,0.03131761178630419,-1.1520400000000002,0.1094301530657776,0.015475760659818639,0.09831110399999998,0.00434954888810224,0.0006151191027759003,-14.561708895999997,0.13963148617644222,0.019746874148503592
GLN  26,19.904639999999997,0.06320973342825173,0.008939206228822159,-8.296100000000001,0.1269812978353964,0.017957867356655492,-81.03766,0.11885732792210087,0.01680896451348614,-2.86452,0.06401163644211631,0.009052612440613674,0.29383689599999996,0.005353296100498768,0.0007570703948724361,-71.99980310400001,0.1467390375223386,0.020752033699366575
VAL  27,12.50906,0.05534886087345166,0.007827510970913689,-3.3339400000000006,0.1067899639479029,0.015102381534045814,-25.075219999999998,0.14962343265688816,0.021159948771218868,-4.07192,0.12690403303284434,0.017946940463489172,0.463237344,0.010528666449956026,0.00148897828872304,-19.508782655999998,0.14028954113173206,0.019839937172759364
SER  28,11.364019999999998,0.06890384314384775,0.009744474947365788,-3.0066600000000006,0.1480499388719914,0.02093742314612779,-10.365200000000002,0.16302650091301857,0.023055428861742062,-6.6010399999999985,0.2421195539398214,0.034240875689741955,0.4340005920000001,0.017890874852927174,0.002530151785972936,-8.174879407999999,0.08430517268208845,0.011922551858521525
GLU  29,14.439699999999998,0.10271421518029868,0.014525983615648682,-2.2274799999999995,0.07333191392567705,0.010370698722846891,-11.795780000000002,1.8300723951800077,0.25881132013881814,-67.13941999999999,1.4486406468135478,0.20486872497286518,0.9643620960000001,0.030763338671711174,0.004350593077341066,-65.758617904,0.3548659662616183,0.05018562623118138
GLY  30,4.8965000000000005,0.05519719195741261,0.007806061747108403,-2.1119600000000003,0.09554767605755347,0.013512481933382317,-9.592179999999999,0.16907911639242215,0.02391139795162225,-2.43418,0.17406397559517173,0.02461636350072713,0.22300156800000004,0.007729357333320043,0.0010930961969209143,-9.018818432000003,0.04523107233156499,0.006396639593197765
GLY  31,5.36514,0.02579613149262149,0.003648123901362502,-1.7646799999999996,0.0392338833153456,0.005548508988912524,0.12804000000000001,0.05895352746019525,0.00833728780839428,-10.941479999999997,0.07247295771594414,0.010249223970718004,0.3972611520000001,0.0036286329561400262,0.0005131661939447201,-6.815718848,0.02957722480286143,0.004182851245356453
GLN  32,18.530960000000004,0.012404773270211078,0.0017542998596895756,-1.9684999999999997,0.023768256141340115,0.0033613390189040798,-66.9606,0.06540152903283453,0.009249172935817231,-14.920140000000002,0.07858193431082114,0.011113163725987491,1.1590037280000005,0.011859354786419722,0.001677166037994905,-64.159276272,0.013859445863489958,0.001960021630712319
LEU  33,11.909999999999995,0.009705668454501375,0.001372588796025256,-3.189559999999999,0.01489585177168019,0.002106591559860942,-22.988740000000004,0.027823594298465294,0.0039348504410856334,-0.7126199999999998,0.03716228733541755,0.005255541075855341,0.770685696,0.005473620601286421,0.0007740868489624032,-14.210234304,0.02313835592998095,0.0032722576767194984
ARG  34,11.146219999999998,0.01334059968864701,0.0018866457009874891,-3.8403600000000004,0.03053375836675918,0.0043181255192493795,-140.04330000000002,0.4851589533303581,0.06861183717065278,-67.33822,0.5035407149371756,0.07121141082711982,1.222161696,0.0068031660349719015,0.0009621129673733256,-198.85349830399994,0.046934280623145606,0.006637509619747727
SER  35,10.413860000000001,0.013268021704451042,0.0018763816240295252,-3.31388,0.008479716976332442,0.0011992130753014712,-12.595720000000004,0.02075865120550179,0.002935716607139323,-7.589639999999998,0.030336618137597023,0.004290245680672333,0.581254848,0.002931471970632178,0.00041457274185846093,-12.504125151999997,0.015831488512172604,0.0022389105766468347
ILE  36,12.773060000000001,0.0478595486804597,0.006768362283296147,-4.299000000000001,0.03865229618000441,0.0054662601474624005,-7.108299999999999,0.22539727150085279,0.03187598782783967,-4.15434,0.13720489932942315,0.019403702945570537,0.23758833600000004,0.0041125376180520465,0.0005816006475218747,-2.5509916639999988,0.092886878962676,0.013136188399552452
ASN  37,19.743219999999997,0.008154238173722019,0.0011531834216098097,-3.0565999999999995,0.03699405357625833,0.005231749229470143,-81.50424,0.3031964749162706,0.04287845668903038,-17.5895,0.3098912873897324,0.0438252461487818,0.669507552,0.010900721851657668,0.0015415948682271031,-81.737612448,0.03920381612239661,0.005544256845707429
GLY  38,6.082360000000002,0.038284075017863003,0.005414185811317085,-0.9981399999999999,0.04089939363853666,0.005784047717645443,-7.939539999999998,0.19128337199047857,0.02705155389253926,-7.237479999999998,0.13768387559930442,0.019471440419262635,0.534314016,0.0016950298904002306,0.0002397134259631787,-9.558485984000004,0.13319862966195703,0.018837130855745086
GLU  39,14.723880000000003,0.03840814496860423,0.005431731952019205,-2.76916,0.3094856610571798,0.04376788192270665,9.455620000000003,2.6535647260995745,0.3752707224284865,-87.57481999999999,2.2676437788156503,0.32069325866320675,0.8273711519999998,0.05281659281349906,0.007469394187518772,-65.337108848,0.16654022710807256,0.02355234478569316
LEU  40,11.148160000000003,0.03100023225635757,0.004384094889365676,-3.1640599999999997,0.0634222074671292,0.00896925459556543,-19.210480000000004,0.21038861566132636,0.029753443363714827,-11.335159999999997,0.1528820931308574,0.021620792954964514,0.9267174720000003,0.0073943735779379025,0.001045722339917305,-21.634822527999994,0.04296401096898651,0.006076028700628715
TYR  41,9.41708,0.4021714480169145,0.05687563161847466,-7.678160000000003,0.19218640534631182,0.027179262094448726,-34.014680000000006,2.529053929357644,0.3576622366870547,0.046259999999999975,1.4168421197861105,0.20037173415429627,0.17020497600000004,0.006509967360978689,0.0009206484132502248,-32.059295024000015,0.5269193218188947,0.07451764511927143
ALA  42,10.54972,0.021610219805856097,0.0030561465935305364,-4.06978,0.023488116144318765,0.0033217212405890046,6.963959999999999,0.07545964749466116,0.010671605689884275,-1.6710600000000004,0.048013918815277716,0.006790193517124647,0.10971676799999999,0.0034247941619570733,0.0004843390352175891,11.882556767999999,0.049170160268920446,0.0069537107516366
PRO  43,19.378220000000002,0.053867351892952026,0.007617993961613677,-6.460379999999999,0.04411207997833248,0.006238390176984446,1.22346,0.054877394253007986,0.007760835522029923,-8.71662,0.041635508883406856,0.0058881501339219456,0.12356625599999999,0.009099297957186683,0.0012868350579127205,5.548246256000001,0.051398945467196644,0.007268908577138461
LEU  44,11.780499999999995,0.037251174478866014,0.005268111616233882,-8.08022,0.01953180995221778,0.002762215053212018,-36.04574,0.20585682500126043,0.029112551382384732,2.348500000000001,0.1788815529896698,0.025297671829635247,0.05093136000000002,0.0028521118541874834,0.0004033495265597014,-29.94602864000001,0.05949171183295586,0.008413398572295812
GLN  45,20.078360000000004,0.05217729774353221,0.0073789842116882345,-8.250659999999998,0.06798135332587397,0.009614015186192829,-82.08784000000001,0.11843789257808328,0.01674964739828131,1.4665999999999997,0.09785274651230583,0.013838468123315947,0.0006320159999999998,0.00045362351939025417,6.41520533333112e-05,-68.79290798400001,0.06221307756841319,0.00879825780542193
HIE  46,29.809779999999996,0.023423313179340995,0.003312556717393649,-9.988059999999999,0.12132046983096703,0.01715730538284295,-12.104559999999998,0.36386316988678863,0.0514580229701962,-12.129180000000002,0.22014519663147278,0.03113323227675206,0.34855488000000007,0.011072977355702888,0.0015659554752285195,-4.06346512,0.10669860662035335,0.01508946165688154
VAL  47,11.449860000000001,0.03408401971524511,0.004820208294149159,-7.304500000000002,0.05627121822022089,0.007957951997829239,-34.39523999999999,0.2403376424967444,0.03398887535676723,1.7991400000000006,0.1830657816196077,0.02588941111728805,0.0,0.0,0.0,-28.45074,0.09148372751441655,0.012937752818733255
SER  48,13.345339999999998,0.013634676381974797,0.001928234425795688,-4.437319999999999,0.050212922639647974,0.007101179620338119,-19.889940000000003,0.0765248743860918,0.01082225152157085,-1.0902000000000003,0.07402161846379082,0.010468237674029969,0.12246364800000001,0.005052687168239741,0.000714557871975315,-11.949656352,0.06692836166522463,0.009465099677437222
ALA  49,6.627360000000001,0.008284346684383595,0.0011715835436455861,-3.384719999999999,0.017618217844346078,0.00249159226203179,0.32195999999999997,0.06252550199718528,0.008842441291860546,-3.9986,0.06351062903167971,0.008981759293144787,0.26322321600000004,0.0033442273319453215,0.0004729451648495864,-0.17077678400000004,0.032833015829310475,0.0046432896279421385
VAL  50,10.86038,0.014871301220875762,0.002103119587669807,-5.6898599999999995,0.009984007211801158,0.0014119518405759986,-25.854139999999994,0.06582158005108542,0.009308577120507136,-1.06902,0.07846846245466957,0.01109711638219577,0.15828667200000004,0.003079542875622308,0.0004355131300614509,-21.59435332799999,0.027566575650635677,0.00389850251533129
LEU  51,14.672740000000001,0.012299284530453158,0.001739381499045246,-2.6107799999999997,0.02764944122397868,0.00391022147709884,-21.545640000000002,0.09701232086686472,0.01371961398872105,-2.9704799999999993,0.10750241671703047,0.015203137570910862,0.508782096,0.02244173749274201,0.0031737409525452527,-11.945377903999999,0.0505755070808762,0.007152456803767162
PRO  52,18.14318,0.005191107772545247,0.0007341335015673875,-2.1598600000000006,0.00981225764014842,0.0013876627832196916,-7.587399999999999,0.06856879756875588,0.009697092347734986,-2.9659999999999997,0.07334493847566059,0.010372540672369944,0.9258890399999999,0.002292441218246226,0.0003242001461786913,6.355809039999998,0.007435361803319003,0.0010515189503404606
GLY  53,5.291439999999999,0.005909856175549277,0.0008357798755136178,-1.23606,0.008846264748489327,0.0012510507583656622,-19.98266,0.03831950417251493,0.005419196250418302,2.9555000000000002,0.020155644370728396,0.0028504385627453025,0.314554032,0.002562734955119118,0.0003624254530297062,-12.657225968,0.016300580001547226,0.002305250131273573
GLY  54,4.3368,0.004634652090600364,0.0006554387843407854,-2.10794,0.00914857365936528,0.0012938036945443633,-10.165440000000004,0.0669319535048643,0.00946560764027045,-3.2620799999999996,0.0687970464482241,0.009729371613829028,0.07642584000000002,0.001601094971323131,0.00022642902230925335,-11.12223416,0.01610599087140607,0.0022777310725799727
ALA  55,9.365480000000002,0.010894475664331943,0.0015407115239441868,-4.4607199999999985,0.020653367764493474,0.002920827280122596,-4.8595,0.056363552052715066,0.007971009973647154,-1.8229599999999997,0.04635944779655965,0.006556215981802215,0.12851654399999998,0.005041182973396744,0.0007129309331382001,-1.6491834560000003,0.022086032495016016,0.0031234366693464535
ALA  56,9.42714,0.011340211637769783,0.0016037481098315233,-6.275899999999999,0.027231048455874915,0.003851051804393723,-7.21984,0.057174945562040315,0.008085758344178082,-1.2021199999999999,0.05504857491344082,0.007785044123189933,0.0,0.0,0.0,-5.2707200000000025,0.03163734502089097,0.004474196240602092
ASP  57,17.09434,0.015836173780596492,0.002239573173661677,-5.342580000000001,0.012836027422323005,0.0018152884067642152,-42.2474,0.43142837180715177,0.06101318546022162,-35.399800000000006,0.42910222558186245,0.06068421870623491,0.4573290240000002,0.0020710698763909256,0.00029289351078144163,-65.43811097599999,0.014173019775783129,0.0020043676786694583
ARG  58,13.714540000000001,0.022428740489266644,0.0031719028986867456,-3.2607600000000003,0.009177276284482292,0.0012978628587159823,-159.02786000000003,0.4062923090530325,0.05745840937506796,-52.15276,0.40333428121106263,0.05704008106586886,1.558524672,0.0030445150612164085,0.00043055944904213985,-199.16831532799998,0.02991812590103487,0.004231061941002929
ALA  59,7.50526,0.012902418377554615,0.0018246775056949601,-3.3971800000000014,0.01088795664892967,0.0015397895959446653,-8.823680000000001,0.031204768865726956,0.004413020734062876,-3.4903800000000005,0.02640824871133251,0.0037346903486088242,0.26513265600000013,0.0016734544081002758,0.00023666219199484502,-7.940847344000002,0.02903159092090893,0.004105686961761701
GLY  60,6.4867799999999995,0.021188006041265382,0.0029964365503200576,-2.1648,0.016652927670516984,0.002355079616486331,-14.716560000000005,0.06516414965167756,0.00921560242179124,1.3590799999999998,0.05884890483263636,0.008322491934511792,0.20428156799999994,0.0031225300673308346,0.00044159243701370396,-8.831218431999998,0.019219903071789123,0.0027181047591620486
VAL  61,11.113859999999999,0.018378258893930983,0.002599078298060115,-5.627160000000001,0.022023042478169653,0.00311452853573463,-20.51122,0.027554520497467497,0.0038967976592205974,-1.87186,0.05515542040451755,0.007800154357445846,0.022398624,0.0013118620028891145,0.0001855253036447718,-16.873981375999996,0.042130476003332105,0.005958149055314649
ARG  62,11.24068,0.00899875547067565,0.001272616203110859,-5.040959999999999,0.025254670855315565,0.00357154980368558,-137.85732,0.3544626603788019,0.050128590166254997,-60.97702,0.3671842856108988,0.05192769966012091,1.289472336,0.005311801820578157,0.0007512022175299727,-191.345147664,0.03779587237421852,0.0053451435313342415
LYS  63,8.962640000000002,0.008678156484197752,0.0012272766596348476,-3.6027200000000006,0.03421522468136246,0.004838763478402545,43.885079999999995,0.538571512058258,0.07616551366605734,-82.90298000000003,0.5076289388882226,0.07178957300287873,1.1803871520000004,0.003927846642616954,0.0005554813992910524,-32.477592848,0.018260622484684425,0.0025824419975215797
GLY  64,6.27626,0.008590250287095424,0.0012148448460189722,-2.77144,0.02058753020637967,0.0029115164433627895,-14.83144,0.15495123878155295,0.021913414339138407,-3.5603,0.10645191402692086,0.01505457405574462,0.15331737600000003,0.0022835075954807183,0.00032293674113108067,-14.733602624,0.031575919095488694,0.00446550930292357
ASP  65,14.52328,0.024666609007372116,0.0034883852995979993,-6.612039999999999,0.017031688114229226,0.0024086444321251613,-71.11256000000002,0.5406624514406131,0.07646121714932,-1.5160799999999994,0.5296442896888456,0.07490301377114299,0.009154799999999994,0.0010692000000000613,0.00015120771408894,-64.70824520000001,0.04459839803185071,0.006307165935675682
ARG  66,13.841500000000002,0.030601470552163054,0.004327701468342987,-8.99562,0.025606163320038455,0.003621258344753886,-162.08547999999996,0.7518392711244978,0.10632612939489672,-41.90373999999999,0.6960982634658047,0.0984431604937701,0.6327021600000002,0.00890629106802361,0.0012595397618841346,-198.51063783999996,0.07901440961241064,0.011174324969677418
ILE  67,13.13288,0.028123755082839024,0.003977299586301022,-8.501339999999999,0.02628049466912143,0.003716623198694535,-12.28874,0.03975515564023453,0.0056222280280672915,-1.0849199999999999,0.03206296305708383,0.004534387720519547,0.0,0.0,0.0,-8.742120000000002,0.02889057977901042,0.004085744974829843
LEU  68,13.275140000000004,0.017435607240256022,0.0024657672227380596,-7.545939999999999,0.026176638440070385,0.0037019357099284437,-33.84988000000001,0.05277978399994411,0.007464188635184344,-1.94768,0.047855382142429556,0.00676777304583711,0.13448865600000004,0.004263437425371185,0.0006029411029288959,-29.933871344000007,0.022725496408212875,0.0032138705232155704
GLU  69,15.432399999999998,0.02680223871260717,0.0037904089489330262,-6.1559599999999985,0.026081380331999374,0.0036884641790924408,-6.382280000000001,0.4394717756579879,0.062150694541571266,-74.51134,0.43242847316204747,0.06115462115020574,0.403492608,0.0024195975787478755,0.0003421827711350348,-71.21368739199998,0.046230785599789874,0.0065380203994385615
VAL  70,10.912479999999999,0.02179196182113348,0.003081848795816366,-6.603320000000001,0.03490412010040486,0.004936188002869191,-26.325239999999994,0.040937298400864686,0.005789408260541726,-2.00058,0.03992747925930847,0.00564659826798845,0.0,0.0,0.0,-24.016659999999998,0.03472498236329214,0.004910854101133427
ASN  71,18.453559999999996,0.058525946384135566,0.00827681871271651,-4.064200000000001,0.02327058228725879,0.00329095730749605,-89.67222,0.11646103039323306,0.01647007686700554,-8.437640000000002,0.09416618501338372,0.013317109596286134,0.339628176,0.004945815809695235,0.0006994439795070271,-83.38087182400004,0.07752137089286923,0.010963177409045054
GLY  72,6.1243799999999995,0.010316763058386896,0.0014590106236960479,-1.2390999999999999,0.010107917688674148,0.0014294754282673887,-5.2339,0.02490401574038726,0.00352195968176087,-6.46508,0.023398153773040695,0.0033089986400325357,0.5027456159999999,0.003130003984114866,0.0004426494084617065,-6.3109543839999995,0.018028281874612626,0.002549584073336222
VAL  73,10.724160000000001,0.009677520340833213,0.0013686080516147827,-2.39232,0.01243774899252617,0.001758963331062281,-30.30991999999999,0.04708241285608444,0.006658458681032398,-0.23014000000000007,0.03741711373155305,0.005291578970401889,0.5169779999999997,0.002603083204539149,0.00036813155718448817,-21.69124200000001,0.010538622759085535,0.001490386323463253
ASN  74,20.44894,0.010377687608866225,0.001467626656252983,-4.399219999999999,0.020815657568545178,0.002943778524315075,-92.18560000000001,0.12277410149964836,0.017362879944897366,-5.578440000000001,0.12153158601774675,0.017187161720300985,0.591597792,0.001941591980613502,0.0002745825711578454,-81.122722208,0.01606421867797567,0.0022718235923320385
VAL  75,13.4836,0.026861124325717724,0.003798736632201986,-6.347080000000001,0.0213146334708167,0.0030143443731440495,-33.984680000000004,0.04223715899114841,0.005973236308139079,1.5640200000000002,0.029490669710935627,0.00417061050686706,0.02313864,0.0011608635268626885,0.00016417089437534778,-25.261001359999995,0.04195839891499596,0.005933813680104785
GLU  76,15.31296,0.0192155770136929,0.002717492962158919,-6.045280000000002,0.03873088689884704,0.00547737455350879,7.518880000000004,0.3726591815586165,0.0527019668703053,-87.00970000000002,0.354222768881014,0.050094664385288035,0.49266072,0.0036025407754060354,0.0005094762023581302,-69.73047927999997,0.057012674181529006,0.008062809705467671
GLY  77,6.115340000000001,0.013537518235857398,0.0019144941890022627,-3.6989200000000007,0.028620859525756246,0.004047600770809967,-12.325139999999998,0.10583704644413612,0.014967618648280844,-2.60892,0.09218890171815362,0.013037479511009318,0.053565552000000016,0.005079108143217003,0.0007182943620897114,-12.464074448000002,0.029329309266509958,0.004147790693973328
ALA  78,7.056860000000001,0.027905562169440238,0.003946442448566795,-4.323919999999999,0.06713235881449152,0.00949394923095509,-11.648919999999999,0.2566740220591794,0.036299188310494244,1.8108200000000005,0.2571937549786111,0.03637268964484145,0.07471368000000003,0.0014093262049629386,0.0001993088232866392,-7.0304463199999985,0.050663412774638185,0.007164888546199964
THR  79,15.109760000000001,0.19621677400248322,0.027749242295940828,-6.961760000000001,0.11771126709022,0.01664688703631109,-33.20036,0.13203571637896197,0.01867267008207754,-3.6840199999999994,0.11232105590673067,0.015884596060336514,0.112664304,0.0058091807238182126,0.0008215422165900069,-28.623715695999998,0.12948228942911577,0.018311560979777396
HIE  80,30.93208,0.09070630408002833,0.012827808542271406,-11.723139999999999,0.23657624648311745,0.03345693363117449,-7.945159999999999,2.3423750029403982,0.33126184973220296,-7.416379999999999,1.0059868963361311,0.14226803123681733,0.08176320000000001,0.022063407730992034,0.003120237044533633,3.9291631999999987,1.2199736452533372,0.17253032748550123
LYS  81,11.548720000000003,0.017613676502872933,0.0024909500193615207,-3.460379999999999,0.04257881632933531,0.006021553952273899,-4.8076799999999995,0.5702712491437775,0.08064853347705764,-36.694700000000005,0.5476844438175056,0.07745427683474818,1.0937263680000004,0.004139596569885495,0.0005854273611885211,-32.320313631999994,0.06594760855011034,0.009326400241763792
GLN  82,20.73814,0.08086680653972607,0.01143629345542819,-6.185240000000001,0.09369131443200894,0.013249952754630914,-78.39375999999999,1.534572859919691,0.21702137509480948,-8.661979999999998,0.9511990641290728,0.13451986170079303,0.5750796959999999,0.03164424444487499,0.004475171966499169,-71.92776030400002,0.7043069077821268,0.09960403810585404
VAL  83,13.326939999999995,0.06545453689514523,0.009256669379596452,-7.639119999999998,0.05092765064305189,0.007202257423920285,-26.655340000000002,0.19482470171864183,0.02755237354557961,-1.5574000000000006,0.08421900023152794,0.011910365233692963,0.0,0.0,0.0,-22.524920000000005,0.09344470878456086,0.013215077449513026
VAL  84,12.875239999999994,0.0203946659713221,0.002884241321671276,-6.483699999999996,0.2185854752723724,0.030912654366795786,-33.56898,0.2034649345701885,0.028774286993651498,-0.56518,0.17974456208742426,0.025419719746684822,0.06111503999999999,0.013052360492723113,0.00184588252297918,-27.68150496,0.277028406680623,0.03917773298903464
ASP  85,14.426380000000004,0.03412734387464012,0.004826335255528643,-4.37362,0.061521667727725944,0.008700477688036118,-56.37772000000002,0.518214011385904,0.07328652831137109,-25.212360000000004,0.5580474087386167,0.07891982138853137,0.5059022400000001,0.006367219847683138,0.0009004608663204645,-71.03141775999998,0.04919865117813368,0.00695773997465797
LEU  86,12.61248,0.03857731976153537,0.005455656880676693,-6.110400000000001,0.09715101646399171,0.013739228508170892,-31.748599999999993,0.1143863628260834,0.016176674565917676,-1.3719400000000004,0.1358162597040533,0.019207319646425868,0.33607800000000004,0.007889903400774327,0.0011158008395188658,-26.282381999999995,0.0660415690898445,0.009339688268725787
ILE  87,14.4405,0.08655639779931283,0.012240923167794892,-7.868139999999999,0.16828535408652154,0.02379914300979173,-8.51372,0.24087706740158663,0.03406516155839819,-1.2614,0.1420278845860907,0.02008577606168101,0.0,0.0,0.0,-3.20276,0.25611283138492025,0.03621982396423279
ARG  88,13.064639999999999,0.1370112053812333,0.01937631048472257,-4.2368,0.45588722289619327,0.06447218935324027,-157.64944,2.446800606179374,0.34602986016815807,-51.288259999999994,2.7719384250739028,0.39201129148026304,1.110831984,0.10908840355706935,0.015427429980803686,-198.999028016,0.2590240129762734,0.03663152721313504
ALA  89,8.64248,0.09657789395091672,0.013658176745081692,-1.40274,0.10527940159404314,0.014888755757281946,-7.372420000000001,0.18925613226519844,0.026764858901171994,-5.4329,0.085667555118586,0.012115221830404897,0.39571833600000006,0.016886272814255626,0.0023880796031852396,-5.169861663999999,0.15121872013521123,0.021385556489991714
GLY  90,7.570920000000002,0.18942986459359434,0.026789428362676008,-0.7726400000000002,0.05950420489343135,0.00841516535785181,-15.64712,0.5835345967464252,0.08252425408327094,-0.18386000000000002,0.4339188868901653,0.06136539748099087,0.475315056,0.007962533287243457,0.001126072256566692,-8.557384943999999,0.15465319661344482,0.021871264811508646
GLU  91,15.655859999999995,0.1346084707596642,0.01903651249586193,-1.0886599999999997,0.24239460472543495,0.03427977374487756,-5.741819999999999,3.077223681762509,0.43518514652042095,-69.61398000000001,2.3665864234371625,0.33468586165528713,0.9481184640000001,0.008432221420746306,0.0011924961894152354,-59.84048153599998,0.40760208953846255,0.05764364030769064
LYS  92,10.746580000000003,0.0721811859138039,0.010207961206747529,-3.2011999999999996,0.06990278964393147,0.009885747316216142,17.01508,0.7393688346150069,0.10456254335085326,-59.607900000000015,0.7220332748556805,0.1021109249785564,1.2449160000000001,0.013694028638478498,0.001936628102406186,-33.80252399999999,0.05306937095002942,0.007505142414414035
GLU  93,15.074479999999996,0.03891387413481878,0.005503252856594031,-4.266800000000001,0.10263059972541595,0.014514158604616767,-31.474500000000003,1.627269888494051,0.2301307145949641,-51.60988,1.4843826008142569,0.209923400582217,0.521697888,0.012902914995431052,0.0018247477380685774,-71.75500211199997,0.08964867056753374,0.012678236576532392
LEU  94,12.970080000000003,0.05102855671076537,0.0072165276968689,-8.233880000000001,0.054476284748339654,0.007704110071880052,-32.29842,0.055221767449760976,0.0078095372465665095,0.26064,0.05337443582840012,0.007548285103253589,0.0,0.0,0.0,-27.301579999999994,0.12717060824012166,0.017984639890841574
ILE  95,13.166039999999999,0.06578235629744558,0.009303030044070671,-5.024919999999999,0.04835983457382504,0.006839113392842267,-12.581900000000001,0.05224873204163292,0.007389086547007496,-0.8831000000000002,0.027800899266025424,0.003931640878818137,0.3724358400000001,0.004645328182157563,0.0006569486116881181,-4.951444160000001,0.07922038207626902,0.01120345387486381
LEU  96,11.5833,0.025334758732268585,0.003582875939862443,-8.138840000000005,0.023647714475779888,0.003344291853077448,-34.98192,0.05361076010975815,0.007581706403635049,0.6199999999999998,0.045554363128028436,0.0064423598160926665,0.0,0.0,0.0,-30.917460000000002,0.03537016256567367,0.005002096360371685
THR  97,16.24352,0.01657858860193509,0.002344566484586061,-5.3101400000000005,0.011680770521861748,0.001651910409098474,-44.881700000000016,0.05148601750364597,0.007281222422623469,2.25854,0.05227359180312901,0.0073926022481940095,0.131968944,0.0019784963256127487,0.00027980163367868845,-31.55781105599999,0.013112442983508296,0.0018543794703121362
VAL  98,11.87314,0.008546367649280665,0.0012086389038639383,-6.6293,0.014761097519992368,0.0020875344308285064,-27.320120000000006,0.026773598927136027,0.0037863586716293516,-1.14052,0.031716393237563895,0.004485375346612117,0.0,0.0,0.0,-23.216799999999992,0.012345039505335635,0.0017458522296477299
LEU  99,11.55666,0.014637773052736926,0.002070093717411998,-8.651019999999999,0.02507547806166085,0.003546208115778978,-33.65314000000001,0.10837047752746272,0.015325899908018649,0.10910000000000006,0.08351149621459301,0.011810309056074683,0.0004213439999999999,0.0004753401393360339,6.722324717893359e-05,-30.637978656,0.0422734558725676,0.0059783694623365665
SER 100,11.982399999999998,0.008133879767612633,0.0011503043082069905,-4.86898,0.007721372935027892,0.0010919670324856996,0.09308000000000001,0.13650492152299853,0.019304711134849953,-11.06972,0.11034492104311361,0.01560512838781596,0.26725132800000007,0.0022742034293276835,0.00032162093333506126,-3.5959686720000015,0.042676802991125196,0.006035411358877392
VAL 101,7.89296,0.0071048152679365865,0.0010047726110071356,-2.0507400000000007,0.009738192850619611,0.0013771884402350965,-61.42965999999999,0.5020433292069141,0.07099964850633585,-49.15465999999999,0.4943952511918875,0.06991804694084204,1.0215899999999998,0.0029256927796078324,0.0004137554408258435,-103.72051000000002,0.014729264221332538,0.002083032522558526
GLU 102,9.218739999999999,0.02516331456737107,0.0035586300735436635,0.7628400000000001,0.07061426484783481,0.009986365104481369,-65.28829999999999,0.6430429923431118,0.0909400120960607,-100.35870000000001,0.6530073276725036,0.09234918191234662,1.8277931519999995,0.005380927090306828,0.0007609780069252712,-153.837626848,0.10706047011432437,0.015140636882971695
ALA 103,6.324459999999999,0.014218593461222642,0.002010812771073047,0.13686,0.03620221540182309,0.005119766400921036,0.8647000000000002,0.0489008179890621,0.006915620001126985,-5.713839999999999,0.028949169245527095,0.004094030776645852,0.8198919360000001,0.007634233797761415,0.0010796436975121252,2.4320719360000003,0.014331007944845011,0.002026710579807639
ALA 104,6.81804,0.008385606717050135,0.0011859038747979226,0.08038000000000001,0.013744657143777683,0.0019437880542898646,-0.9105199999999999,0.05112660364233258,0.007230393626906042,-5.445319999999999,0.048467902781224294,0.006854396545298805,0.7983138239999998,0.005766354246307462,0.0008154856380575699,1.3408938239999997,0.013792844719461964,0.0019506028065969236
ALA 105,6.830840000000002,0.008254356424431002,0.001167342280409181,-0.21414000000000005,0.026814928677883293,0.0037922035810329796,0.1245,0.0626454307990615,0.008859401785673796,-6.37416,0.04890617956863169,0.0069163782429812895,0.7489428480000001,0.008380613856878822,0.001185197777740992,1.115982848,0.028235768464454532,0.003993140670645814
ALA 106,6.932920000000001,0.029392407182202776,0.004156714086786353,-1.6786,0.03531458622155914,0.004994236678412297,-3.9386799999999993,0.09360158973011688,0.01323726376560135,-2.79482,0.06090047290457055,0.008612627473657887,0.37738512,0.004113967348830018,0.0005818028419875497,-1.1017948800000001,0.07191589617425949,0.010170443571985315
ALA 107,6.953699999999999,0.012290240031049133,0.0017381024136730412,-2.33424,0.0185758552966205,0.0026270226493160806,-1.52126,0.316588996018496,0.04477244518674388,-4.888439999999999,0.17965724700108784,0.02540737152875515,0.578115936,0.006236233794389965,0.0008819366410155716,-1.2121240640000002,0.139838261392289,0.019776116579964906
SER 108,10.05246,0.17865432656386418,0.025265537160324862,-3.123719999999999,0.09971119094669179,0.01410129185571849,-13.38394,0.8333457004149117,0.11785287916720744,-5.364299999999999,0.24572165146768146,0.034750289207430986,0.4090501440000001,0.0031563828510500205,0.00044637994359967957,-11.410449856,0.694012122165549,0.09814813556178527
GLU 109,14.854519999999994,0.07932042360024118,0.011217601882864,-3.3775800000000005,0.15162863713690888,0.021443527508316528,-84.92606000000002,1.5899897032366503,0.22485850023508433,1.4516199999999997,1.4645269118729098,0.20711538212310557,0.5199952320000001,0.0070047963599041444,0.0009906278013838128,-71.47750476800002,0.22577027960866194,0.031928739140333555
SER 110,11.19264,0.716191643626187,0.1012847935674432,-3.73094,0.12866008083318128,0.018195283125030368,-4.95076,0.8702345329852174,0.12306974789931109,-7.396439999999999,0.6603576352250337,0.09338867237518676,0.30195403200000004,0.03410766935932999,0.004823552858890173,-4.583545968,0.45924867096282945,0.06494756989774524
LYS 111,9.980839999999995,0.11480633432040699,0.016236067504225928,-4.278499999999999,0.23372105168343266,0.03305314811028136,33.09544,2.176292426674253,0.3077742265492583,-62.62454,1.637205609689771,0.2315358377616586,0.9605959200000003,0.06709305398320127,0.009488390688407344,-22.866164080000004,0.7547067445379626,0.10673165137400334
VAL 112,10.06302,0.4080056612352462,0.05770071396438877,-7.47916,0.4611777253944116,0.06522037939171518,-102.53634000000002,2.221243314991927,0.3141312421392156,-7.570060000000001,2.4236195527351256,0.3427515641510629,0.09327096000000001,0.007827190867124405,0.0011069319479570159,-107.42926904000004,0.8056754260182948,0.11393971143457936


