#Frame       SA_00001
       1    6426.1577
       2    6368.5294
       3    6383.7076
       4    6198.1404
       5    6276.1181
       6    6232.5880
       7    6451.8273
       8    6411.2223
       9    6365.7134
      10    6168.7835
      11    6352.8423
      12    6399.9235
      13    6369.4958
      14    6486.0435
      15    6418.9098
      16    6357.4693
      17    6350.2411
      18    6437.5379
      19    6474.5617
      20    6379.6654
      21    6300.0979
      22    6402.2129
      23    6370.7582
      24    6379.8277
      25    6219.8164
      26    6386.1863
      27    6403.7062
      28    6314.9350
      29    6360.0596
      30    6360.8495
      31    6272.3677
      32    6416.2857
      33    6363.8878
      34    6251.7143
      35    6423.6314
      36    6407.5383
      37    6244.2482
      38    6242.0227
      39    6294.0909
      40    6339.5227
      41    6090.5823
      42    6291.9436
      43    6435.0108
      44    6164.8433
      45    6408.0456
      46    6374.3696
      47    6350.1673
      48    6345.7643
      49    6474.8981
      50    6442.7785
