| Run on Mon Jun 20 15:45:59 2016
| GB non-polar solvation energies calculated with gbsa=2
idecomp = 2: Per-residue decomp adding 1-4 interactions to EEL and VDW.
Energy Decomposition Analysis (All units kcal/mol): Generalized Born Solvent

Total Energy Decomposition:
Residue,Internal,,,van der Waals,,,Electrostatic,,,Polar Solvation,,,Non-Polar Solv.,,,TOTAL,,
,Avg.,Std. Dev.,Std. Err. of Mean,Avg.,Std. Dev.,Std. Err. of Mean,Avg.,Std. Dev.,Std. Err. of Mean,Avg.,Std. Dev.,Std. Err. of Mean,Avg.,Std. Dev.,Std. Err. of Mean,Avg.,Std. Dev.,Std. Err. of Mean
ARG   1,8.579,0.01739425192355767,0.0024599186977629552,-3.4849800000000006,0.06800514392301603,0.009617379684706353,-250.72182,1.4360685316486783,0.20309075939547772,-49.906639999999996,1.383437295434568,0.19564757858963203,1.6058381760000007,0.012221709077445828,0.0017284106732702257,-293.928601824,0.022361038232950565,0.0031623283537781997
MET   2,11.117719999999998,0.010859171239474521,0.001535718724299672,-5.525499999999998,0.024703238654525866,0.0034935655139769766,-7.7032799999999995,0.07238426348331269,0.010236680712048836,-0.5245800000000002,0.07779976606648485,0.011002548432067697,0.4393293120000001,0.003855802404082891,0.000545292805368481,-2.196310688,0.014495274662402226,0.0020499414017892312
LEU   3,12.30986,0.015035970204252704,0.002126407298629193,0.20854000000000006,0.01473799172207554,0.0020842667775501636,-14.644679999999996,0.05392158751433636,0.007625664036746222,-6.61262,0.047782796067059985,0.006757507824614401,1.1885564160000004,0.008180439249161503,0.0011568888132333377,-7.5503435839999975,0.021401246298796996,0.0030265932767445714
PRO   4,18.48094,0.017599329531831787,0.0024889210512589847,-4.67132,0.03145564496238084,0.00444849997189919,-0.2348800000000001,0.0440298262544829,0.006226757743802069,-4.653160000000001,0.046112627337850966,0.006521310297784518,0.4835426400000001,0.005685078282511384,0.000803991481028034,9.40512264,0.030111499674769813,0.004258409122345251
ARG   5,13.113319999999998,0.04786582914859031,0.006769250475616983,-5.403459999999999,0.03097431839455193,0.004380430115883777,-245.105,0.7685070201466507,0.10868330506703268,37.9615,0.7437094661220551,0.10517640134550642,0.6038220959999999,0.005775392956225622,0.0008167639046728317,-198.829817904,0.07197957319637645,0.010179448862814248
LEU   6,12.424220000000002,0.009873783466584006,0.0013963638490378334,-3.49348,0.03918940673196707,0.005542219050170331,-31.385260000000002,0.04353932016001546,0.006157389706679817,-6.010959999999999,0.03933342598883407,0.0055625864488007505,0.8753731200000003,0.006114949784466672,0.0008647844918423202,-27.590106879999993,0.045905212148835375,0.0064919773604497156
CYS   7,10.608659999999997,0.01669204601116972,0.002360611785275194,-5.342439999999999,0.03946550899210957,0.005581265806259869,-4.704319999999999,0.0901306695858627,0.012746401531409527,-1.3173799999999998,0.09373556208825422,0.013256210318187443,0.053630064000000005,0.0022550174205765764,0.00031890762195669876,-0.701849936,0.037013343499431466,0.005234477236567001
CYS   8,10.006140000000002,0.024059933498882982,0.0034025884263915065,-4.0319,0.054263892230440085,0.007674073233944039,4.138720000000001,0.044051351852066725,0.0062298019230061915,-7.2738200000000015,0.07323569894495509,0.010357091869782845,0.6294911039999999,0.016236340005032174,0.002296165223841735,3.4686311040000004,0.025498357508543963,0.0036060123006820713
LEU   9,13.322900000000002,0.17132404968327228,0.02422887946227656,-7.523080000000002,0.20965455778484046,0.029649631903265514,-33.67558,0.6095752977280624,0.08620696533346431,0.22387999999999997,0.22061238768482613,0.031199303069139227,0.01746648,0.004657138159857405,0.0006586187947515621,-27.634413519999985,0.4922814597093124,0.0696191116825734
GLU  10,15.576380000000004,0.1095061441194467,0.015486507417690427,-3.9325399999999995,0.26450438257239317,0.037406568514100014,5.2467,2.1407451156081145,0.3027470776076955,-79.21029999999999,2.471220696335903,0.34948338243753174,0.9621264959999998,0.05738034073745432,0.00811480560844973,-61.35763350400001,0.3768206329798191,0.05329048497420746
LYS  11,9.80532,0.30405660262524414,0.043000097116170706,-6.55688,0.4248795895309821,0.06008704778902285,-4.128799999999999,4.702598515714478,0.6650478599319001,-34.242920000000005,4.3141355557746826,0.6101109012892546,0.6899906880000002,0.08130397458572737,0.011498118353397308,-34.433289312,0.5716281449725008,0.08084042752542843
GLY  12,6.84308,0.15161317093183638,0.02144134025661933,-1.36034,0.15963102580638683,0.02257523616709218,-3.1283199999999995,0.7886955417650113,0.11153839317472748,-3.7652400000000017,0.5912842145702742,0.08362021554624051,0.17830123199999995,0.0158122981526846,0.0022361966499813597,-1.2325187680000005,0.2568294083966008,0.03632116325707313
PRO  13,18.42478,0.07001522405901091,0.009901647943684425,-1.1543199999999996,0.05719805591102675,0.00808902664107486,-4.68994,0.6408265415851645,0.09062655862383857,-6.001579999999999,0.5589381035499559,0.0790457846567445,1.1324600640000002,0.03245579182455294,0.0045899420975840585,7.711400063999999,0.11380497106296127,0.016094453354271746
ASN  14,17.00434,0.9457328927345194,0.13374682832874968,-1.9395000000000004,0.46719996789383234,0.06607205309357322,-83.85061999999996,4.77386169422694,0.675125995286914,-12.362699999999997,3.6187691899318595,0.5117712467499534,0.697626432,0.15828635772700758,0.022385071383617346,-80.450853568,0.8279043349383622,0.11708335388173093
GLY  15,5.456979999999999,0.16899650765625987,0.02389971531211713,-3.1661600000000005,0.10565535670280617,0.014941923838647557,-11.71918,0.7044830357077309,0.09962894635596424,-0.16012000000000004,0.5736665805151979,0.081128705844479,0.09731548799999999,0.012531397356729918,0.0017722072097373803,-9.491164512,0.18267137024779095,0.025833632926170306
TYR  16,9.503259999999997,0.25271421091823715,0.035739186448498585,-11.46644,0.30837919255355833,0.04361140364629063,-31.325620000000004,1.0564506971930547,0.14940469039489299,-0.3617799999999999,0.6619620016284922,0.09361556404786545,0.005715792,0.007313673527191106,0.0010343096292922732,-33.644864208,1.476759608395139,0.20884534665571863
GLY  17,6.409739999999999,0.34639560101134126,0.04898773568966182,-4.099920000000001,0.10980033515428271,0.015528112312829793,-9.05526,1.156728884570621,0.16358616765484746,-2.8658200000000007,0.37091824921402133,0.052455761857015254,0.011647440000000002,0.01459004676072013,0.002063344200466805,-9.599612560000002,0.6805739766558994,0.0962476947984963
PHE  18,9.64246,0.18971591498865467,0.026829881997497657,-9.756100000000002,0.1700246158647439,0.02404511176931965,-7.617340000000001,0.6231196228654639,0.08812242216371471,-0.12856000000000004,0.2742779728669438,0.03878876290886316,0.000229248,0.0011230812491071162,0.00015882767341342,-7.8593107520000025,0.34336093614049884,0.048558569267901565
HIE  19,29.19789999999999,0.27502736227562574,0.038894742575388844,-10.089300000000001,0.23739631420893006,0.033572908721165355,-19.93558,3.0625759751555677,0.4331136479863011,-6.0448,1.732696776703872,0.24504032810947618,0.23170665600000004,0.03193270766173223,0.004515966825851696,-6.640073344000001,1.0443308189850402,0.14769068078128456
LEU  20,11.410319999999999,0.0907020264384989,0.012827203592404817,-9.516539999999997,0.22547498397836382,0.03188697803180584,-31.640820000000005,0.826686873973299,0.1169111789008857,0.14450000000000002,0.30694222583411357,0.04340818586395888,0.0,0.0,0.0,-29.602540000000005,0.606088119335557,0.08571380383575475
HIE  21,29.304419999999997,0.2487376199938602,0.03517681156677222,-9.339859999999998,0.3039222275517729,0.042981093611035914,-30.825320000000005,3.3695016096745887,0.47651948748397777,-0.027060000000000004,2.656131468207099,0.3756337145784441,0.23025830399999997,0.03461514300086007,0.004895320469530042,-10.657561696,0.8271637281116322,0.11697861625985616
GLY  22,5.330199999999999,0.07888168355209799,0.011155554670219966,-2.93324,0.13038137290272855,0.018438710583986266,-6.735040000000002,0.92466039084627,0.13076672653240018,-5.5945399999999985,0.722244784266394,0.10214083692627646,0.07563038399999998,0.01752816464403923,0.0024788568163108854,-9.856989616000003,0.4190200796810337,0.059258387959157284
GLU  23,15.280560000000003,0.16096759425424836,0.022764255489692752,-5.050320000000002,0.16819208542612005,0.023785952829343315,3.687720000000001,2.1835594339518183,0.308801936574238,-75.58072000000001,2.0952280070672815,0.29630998638585004,0.4682939040000001,0.031910115367719094,0.004512771792991846,-61.19446609599998,0.28162759340302684,0.03982815621290561
LYS  24,9.217620000000002,0.31200544161918425,0.04412423270720573,-2.6815800000000003,0.5773478705252113,0.08164931887039795,20.430419999999998,3.5144333488629673,0.4970159306018303,-56.97477999999999,3.7645965589425154,0.532394351051959,1.3108530240000005,0.0725008406089043,0.01025316720725625,-28.697466975999998,0.5361689281867534,0.07582573699647527
GLY  25,6.120239999999998,0.1478675840068613,0.020911634273784622,-1.5757000000000003,0.3355282551440318,0.04745086089840699,-7.848759999999998,0.5149659235328475,0.07282717932201392,-3.6101,0.3573059333400392,0.050530689684586044,0.364101552,0.04200213926297765,0.005939999499438646,-6.550218448000001,0.3047440365814299,0.043097314958578076
LYS  26,9.693979999999994,0.15343461017677593,0.02169893066494254,-4.17898,0.2771407938214805,0.03919362693091834,7.4703,1.8100045220938035,0.2559732943101689,-42.7038,1.7455642067824748,0.24686005752248094,0.9554870880000003,0.032431689597321726,0.0045865335279206805,-28.763012912000008,0.39318500292068836,0.055604756365214246
LEU  27,11.065279999999998,0.06847891354299493,0.009684380826907804,-2.94164,0.8029380738263682,0.11355259137509793,-27.050860000000004,0.20710219795930757,0.029288673715133027,-7.389200000000001,0.13849953068503554,0.01958679146770859,0.7849655999999999,0.18025948167864225,0.025492540373628032,-25.5314544,1.0826979572082456,0.15311661350375458
GLY  28,4.91344,0.054889037156868735,0.007762482077284451,-3.4906,0.03439825576964996,0.0048646479831417535,-5.697100000000001,0.29970854175349737,0.0423851884506859,-4.696780000000001,0.2718477728435252,0.038445080725623366,0.032195088000000004,0.001835948729637047,0.00025964235932743665,-8.938844912000002,0.098350622462435,0.013908878415421155
GLN  29,18.958539999999996,0.03677619338902217,0.005200939146321091,-9.105080000000001,0.18497673799683026,0.026159661159865195,-78.99275999999998,0.37068302146559273,0.05242249562980784,-2.96846,0.4478720000178657,0.06333866566324287,0.09978350399999998,0.011657821269258939,0.001648664894670752,-72.00797649599998,0.1894465658840042,0.02679179028181668
TYR  30,9.01428,0.04643879412735881,0.006567437247516287,-9.62786,0.1499714652858635,0.021209168017623396,-27.46109999999999,0.43783957107638183,0.06191986595598379,-1.4680000000000002,0.4397356478613024,0.062188011706437334,0.16835918400000005,0.021003699725898897,0.0029703717012378276,-29.374320815999994,0.21847013105817206,0.030896342231589446
ILE  31,12.685260000000001,0.07069025675451626,0.009997111982987318,-8.329820000000002,0.15305263016358367,0.02164491053342135,-5.056260000000001,0.2769442405972644,0.039165830107376884,-2.293920000000001,0.25242629340066064,0.03569846876267844,0.004045248,0.002745565856011469,0.00038828164699599154,-2.9906947519999996,0.21504599060412843,0.03041209564463156
ARG  32,13.901180000000004,0.5087355576327337,0.07194607252656512,-7.620039999999998,0.6520222990051975,0.09220987782228357,-209.07246000000004,4.006840771528383,0.5666528561364915,2.423519999999999,3.6519257070208875,0.5164602863647892,0.8404842239999998,0.0760362231032639,0.010753145794426227,-199.52731577599997,1.0991761905478619,0.15544698761103795
LEU  33,11.740319999999997,0.21794452872239525,0.03082201083642239,-4.62066,0.3610792494730224,0.051064317169624646,-35.31638,0.32120553482094144,0.04542532236530788,-0.06153999999999999,0.27075592034155044,0.038290669463983,0.6742943999999998,0.035666945566651766,0.005044067814878186,-27.583965599999996,0.5399925209984445,0.07636647467760385
VAL  34,11.078120000000002,0.08431053077715046,0.011923309607592043,-6.2631999999999985,0.06037549171643346,0.008538383922032464,-28.47459999999999,0.16712833392467466,0.023635515649309432,-3.70938,0.13087977536656464,0.018509195336373983,0.13958020799999998,0.011876773875558376,0.001679629469205312,-27.229479792000003,0.13426377813428758,0.01898776559729617
GLU  35,17.279,0.16117357103465169,0.022793385005330784,-2.899299999999999,0.3028326435508714,0.042827003163893956,-32.58707999999999,3.9456381072775404,0.5579974923528006,-44.189859999999996,2.8387048385486984,0.4014534882249696,0.315947376,0.024200521160293084,0.0034224705241383546,-62.08129262400001,1.6737251004569895,0.23670047367505453
PRO  36,17.628339999999998,0.12510837062336333,0.017692995450196012,-1.8154600000000003,0.1830469021862957,0.025886741162224072,-8.71196,0.37273255613109824,0.052712343601859,-1.5853600000000003,0.33659992632203406,0.04760241808984051,0.972518688,0.033535059313435464,0.00474257356960466,6.488078688000001,0.06108933007136267,0.008639335910320765
GLY  37,5.9861400000000025,0.11221711277677197,0.015869896281926206,-1.4490399999999999,0.12610788397241549,0.017834347983596264,-21.272140000000004,0.8193622400378751,0.11587531923579622,4.771760000000001,0.4157135821692528,0.058790778596645936,0.30447633600000007,0.013687706444158669,0.00193573400911108,-11.658803663999995,0.40347549963776486,0.05706005236729878
SER  38,12.68436,0.07474991906355798,0.010571234932597486,-4.19562,0.24393219467713378,0.03449722180118367,-6.595040000000001,0.8223070949468837,0.11629178461095033,-2.192240000000001,0.4034551553766472,0.05705717525429988,0.031437360000000004,0.020791961449290925,0.002940427386992578,-0.2671026399999999,0.2531780778063314,0.03580478713292645
PRO  39,19.506819999999998,0.06185683147493227,0.008747876999727615,-7.828280000000002,0.1615748792354709,0.022850138555359792,-7.139979999999998,0.29695484437879166,0.0419957568332879,-2.2680799999999994,0.28916354127033767,0.04089390018083437,0.15292540799999998,0.023549861777155685,0.003330453391726533,2.4234054079999994,0.16274264379702688,0.023015285403420904
ALA  40,9.799039999999998,0.12168269556517267,0.017208531837438364,-7.003940000000001,0.05193742773757831,0.007345061470125582,-7.397919999999999,0.17071237096362918,0.024142375028163132,-1.5687,0.10513748142313425,0.01486868521423458,0.0,0.0,0.0,-6.171520000000002,0.17245953032515499,0.024389460674632824
GLU  41,17.2104,0.12148069805537393,0.017179965075646068,-5.761379999999998,0.13901638608461483,0.01965988585929567,10.67118,2.161135467202374,0.3056307087843112,-85.67895999999999,2.106125855309262,0.2978511748642993,0.6003599039999998,0.026554038846528554,0.0037553081872542696,-62.958400095999984,0.0507932616197464,0.007183251945981016
LYS  42,12.134139999999997,0.34164297212163,0.04831561246638623,-3.6243600000000002,0.057324256645853944,0.008106874120152267,-21.622759999999992,1.634627034647484,0.23117117218201869,-21.612339999999996,1.6141310926936083,0.22827260827354043,1.2871654559999999,0.016251142089644215,0.002298258554722709,-33.438154544,0.3217836520503801,0.045507080487959255
ALA  43,7.33478,0.022664765606046994,0.003205281890807892,-3.858719999999999,0.05489700902606353,0.0077636094698377255,-8.42364,0.11041535400473111,0.015615089112771716,-3.1746,0.09413097258606329,0.01331212980705807,0.17945323200000005,0.005496691150043312,0.0007773495172567417,-7.942726768,0.0563863523303785,0.007974234419836905
GLY  44,6.1452,0.03796472046525516,0.0053690222573667245,-1.9759199999999995,0.02104266142868367,0.0029758817180869654,-11.051540000000003,0.0772754061780257,0.01092839274548536,-1.8243599999999998,0.04962731505935947,0.00701836220211087,0.2884157279999999,0.005782703980082892,0.0008177978395822102,-8.418204272,0.036874401527742906,0.005214827874492519
LEU  45,10.288899999999998,0.020775225631391364,0.002938060584927481,-7.394819999999999,0.03526113441234268,0.004986677451059567,-28.042559999999998,0.11711262271844351,0.016562225937350624,-1.3808799999999997,0.13967414077058224,0.019752906419056627,0.005185584,0.0015003972806373652,0.00021218821832250727,-26.524174415999997,0.0450117362111708,0.006365620781579789
LEU  46,10.72352,0.018642145799021046,0.002636397542071218,-3.4603999999999995,0.023167218218843,0.0032763394207544825,-31.528160000000003,0.13287352783700407,0.01879115451474501,-0.5668,0.12881195596682807,0.01821676151240942,0.8788314239999999,0.016573682977089096,0.0023438727244671493,-23.953008576000002,0.05620870238434024,0.007949110923532688
ALA  47,6.988980000000001,0.018873780755146112,0.0026691556717183948,-3.3888,0.01935458601987314,0.0027371518043421295,2.3729400000000003,0.10371526599299542,0.014667553579242718,-8.205179999999999,0.10338233698289036,0.014620470307102914,0.41578646399999997,0.004706762342235849,0.0006656367139256892,-1.8162735359999997,0.038815569291566245,0.005489350452336561
GLY  48,6.16034,0.02431181605718156,0.003438209999398615,-2.6357799999999996,0.032003306079269885,0.004525950949808079,-12.358560000000002,0.13154514966322764,0.01860329347181351,-1.6664800000000002,0.12823716154063952,0.018135473305100187,0.180888336,0.0035298799892213954,0.0004992004154306292,-10.319591664000002,0.06794048400792824,0.009608235391820449
ASP  49,11.958719999999996,0.025480219781531456,0.0036034472387289004,-8.30382,0.03762535846986287,0.005321029223722947,23.937580000000004,0.7992246515215516,0.1130274341564689,-90.67688,0.8491234925518643,0.12008419592964562,0.027930815999999997,0.0027442010293241927,0.0003880886313548481,-63.05646918399999,0.10124546487883761,0.0143182709560421
ARG  50,13.264939999999998,0.08752974580140106,0.012378575362341085,-9.340000000000005,0.07457989005018159,0.010547189198926105,-198.81233999999992,1.4381115618889189,0.20337968750288637,-5.069439999999999,1.3518525682928608,0.19118082364086644,0.4097931840000001,0.007999597129429178,0.0011313138753959622,-199.54704681599992,0.16634280151129058,0.02352442459004029
LEU  51,12.85096,0.028742275484511547,0.004064771580365995,-8.760539999999999,0.03578447149296451,0.00506068849077038,-33.197919999999996,0.08800746332131845,0.012446134821906126,-0.20956000000000002,0.07166509889758048,0.010134975480976745,0.0,0.0,0.0,-29.31706,0.04745499341215786,0.006711149528579952
VAL  52,12.490160000000001,0.016141078028675534,0.002282693145947532,-6.7326,0.03759095635929022,0.0053161640305883365,-32.0076,0.07800846107962298,0.011032062363865653,-0.7219999999999999,0.07303697693634342,0.010328988333810782,0.05715993600000003,0.003274051033795716,0.0004630207375895554,-26.914880064,0.03756362215402976,0.005312298390208733
GLU  53,15.446800000000003,0.016937532286244856,0.002395328787233965,-7.84042,0.020188204476862356,0.002855043257113998,0.6635599999999999,0.8606173635245805,0.12170967475102379,-77.76688000000001,0.8326195203064398,0.11775018179139478,0.323767296,0.0032474900432788887,0.00045926444628765936,-69.17317270400002,0.030421452183968755,0.004302243026565323
VAL  54,11.347359999999998,0.023232528921008282,0.003285575748831508,-6.889279999999998,0.06268621539110558,0.008865169597994256,-25.545600000000004,0.06884533390019693,0.009736200490776269,-2.5701199999999993,0.07102411984674532,0.010044327354287935,0.003454127999999999,0.0020369266047690605,0.00028806492300229865,-23.654185871999992,0.06358328926878024,0.008992035002420068
ASN  55,17.468820000000004,0.07953733462861992,0.011248277734680151,-4.533860000000001,0.11159570063401682,0.015782015333915437,-89.82926000000003,0.24044540418497504,0.034004115160867224,-7.286540000000001,0.2160626955306734,0.0305558794342367,0.404351712,0.011240029095772892,0.001589580158871022,-83.776488288,0.10125026109146301,0.014318949242936387
GLY  56,6.067760000000001,0.009439406760481646,0.0013349337061429425,-2.1103399999999994,0.012186238139922978,0.0017233943251787353,-7.9851800000000015,0.05287709901260031,0.0074779510562564344,-6.500800000000001,0.052137894088616694,0.007373411693369375,0.3296165759999999,0.0023725632628701274,0.0003355311143939097,-10.198943424,0.024437464467602067,0.003455979368009345
GLU  57,13.85124,0.01632980097622853,0.0023093826011435794,-3.41422,0.046002299942509824,0.006505707647905244,-1.8153800000000002,0.9236061257917251,0.13061763093855283,-79.00654,0.8980218084204863,0.1269994620775065,0.7097266080000001,0.004488719533922262,0.00063480080425619,-69.67517339200002,0.052062849095833225,0.007362798728711117
ASN  58,20.365180000000006,0.012492701856511263,0.001766734839616177,-4.845059999999999,0.03641121255879353,0.005149323062309538,-91.84031999999998,0.15064520438408144,0.02130444911464348,-4.968,0.15680484686385093,0.022175554108069425,0.5750424000000001,0.00579379056520134,0.0008193657194857014,-80.71315759999999,0.023710373276007887,0.0033531531455858942
VAL  59,12.899099999999999,0.027927226859793403,0.003949506298459001,-6.725079999999999,0.0403865522174072,0.005711520988334646,-31.28862000000001,0.1246763634352237,0.017631900407745038,-0.08256000000000002,0.09291009848235011,0.013139472135515945,0.0,0.0,0.0,-25.19716,0.06540775489049304,0.009250053405051039
GLU  60,16.764719999999997,0.08289560663933207,0.011723209117048859,-4.92326,0.03428107932953806,0.00484807673206207,-31.107580000000006,1.3995551448940693,0.19792698671982348,-46.6762,1.3739451080740552,0.19430518057944968,0.425339856,0.003480658577458911,0.0004922394566232636,-65.516980144,0.10524197540956957,0.014883462895514905
LYS  61,9.51222,0.16811820722338874,0.023775504873716678,-1.7906400000000005,0.08570688653777221,0.01212078413304895,-3.7767799999999987,8.073695172075794,1.1417929210815767,-39.1757,6.934968314996086,0.9807526245695154,1.3116535200000004,0.07555524570955972,0.010685125319089096,-33.91924647999999,1.014837373731699,0.14351967775344618
GLU  62,15.642200000000003,0.055030900409601353,0.007782544570886134,-4.353400000000001,0.1340941460317991,0.01896377599530086,-38.64912,1.2912942289037355,0.18261658115297705,-48.25018,1.2960613826515173,0.18329075850138013,0.30839500799999997,0.0072610151621874085,0.0010268626118962111,-75.30210499200003,0.0495289880684398,0.007004456665700276
THR  63,14.69768,0.04244782208863058,0.00600302856909416,-4.0241999999999996,0.03658524292673545,0.0051739346729703616,-29.340279999999996,0.23317221446911193,0.03297553080707861,-6.417560000000002,0.2461735290399338,0.034814194346552134,0.5509555200000001,0.008382663751512755,0.0011854876766202666,-24.533404479999994,0.048141446945773395,0.006808228718297755
HIE  64,31.08176000000001,0.11542972927116908,0.016324228863634195,-10.50114,0.6493756697012925,0.0918355879166679,-13.727840000000004,2.3580390866989167,0.33347708570154744,-7.449399999999998,1.1260703530419565,0.1592503965458194,0.17249212799999994,0.05181166418700366,0.007327275818238096,-0.4241278719999999,0.9732201696309768,0.13763411630671715
GLN  65,21.07514,0.03967569028975557,0.005610989930428684,-4.207239999999999,0.07028130903737162,0.009939278042198572,-75.1467,0.19724525343143046,0.02789469125164472,-10.631380000000002,0.20578988216137142,0.02910308423517725,0.7672553280000001,0.011614862235572603,0.001642589569864186,-68.14292467200002,0.06982291105665583,0.009874450778069302
GLN  66,20.941419999999997,0.029316268527979045,0.00414594645504395,-6.238459999999999,0.03636713351383807,0.005143089343990291,-73.91288,0.09626248281468626,0.01361357087442363,-10.262739999999999,0.1328942150736024,0.018794080131801554,0.6816486239999999,0.006296239093371836,0.0008904226717790129,-68.79101137600001,0.062453104655894175,0.008832202761667183
VAL  67,12.652459999999998,0.04624119808168742,0.006539492946750309,-7.05714,0.05491521100742596,0.007766183618728207,-28.712360000000004,0.312518144112664,0.04419673978917988,-0.08674,0.19207517382525002,0.027163531581883827,0.0,0.0,0.0,-23.20378,0.17501043283206927,0.024750212766789795
VAL  68,13.01796,0.058814610429768516,0.008317641973546872,-5.24264,0.21591394211583448,0.030534842524565252,-31.441060000000004,0.4068601926948488,0.0575387202498786,-1.5343799999999999,0.3172847232376629,0.04487083587364967,0.057787776,0.025378556234952054,0.0035890698420917464,-25.142332224,0.2078311298885332,0.029391760257168796
SER  69,14.55286,0.054974543199914905,0.0077745744578585265,-4.3579599999999985,0.1406127960038401,0.019885652315183203,-8.175840000000003,0.5965277314592833,0.0843617608161374,-4.716060000000001,0.4510365577200987,0.06378620170538389,0.3967853760000001,0.02182214735598973,0.0030861176750944853,-2.300214624,0.2715994411246575,0.03840996131714436
ARG  70,14.185160000000002,0.06526480215204905,0.009229836834902453,-7.092639999999999,0.19652193363590617,0.027792398385168383,-212.76200000000009,1.1594870762408056,0.1639762348616074,3.838800000000001,1.0837551199417632,0.15326611889129219,0.6768882720000002,0.012540303708059322,0.0017734667580215106,-201.153791728,0.22307973994212207,0.031548239371681205
ILE  71,14.161920000000007,0.06301962868745047,0.008912321358550902,-7.280580000000001,0.14329830285106554,0.020265440335702403,-10.152199999999999,0.5649582639452306,0.0798971639046104,-0.34409999999999996,0.5781065040284532,0.08175660584931348,0.00050976,0.0022485119303219184,0.00031798760670189645,-3.61445024,0.09842064036116786,0.013918780441620843
ARG  72,12.721499999999997,0.28937935309913765,0.04092442058235532,-3.1928199999999993,0.4065388389809806,0.05749327397183146,-161.62096000000003,3.2365337505402954,0.45771499250923453,-47.72098,3.478301680360644,0.49190614103911484,1.3122535680000007,0.10973559931945723,0.015518957283271618,-198.501006432,0.3091281059727283,0.043717315997733965
ALA  73,8.45832,0.03474388579311655,0.004913527449816732,-2.0746200000000004,0.2459584428313011,0.034783776563219355,-10.843419999999998,0.22734371247094007,0.032151256149665276,-2.741999999999999,0.38852068156020203,0.05494512171248762,0.570554352,0.018207184076909015,0.002574884665418819,-6.631165648,0.13514020362161852,0.019111710878355455
ALA  74,8.749860000000002,0.8653522290951691,0.12237928586161777,-3.4867399999999993,0.1714576110880088,0.02424776789727536,-2.3842200000000005,1.91472768079432,0.270783385443051,-2.2074799999999994,1.3283091393196091,0.18785127998499243,0.08624476799999999,0.008747608662061814,0.0012370986808220182,0.7576647680000002,0.6713182821137709,0.09493874192343023
LEU  75,12.73778,0.4187182484678926,0.05921570257964011,-1.5348800000000002,0.5403900680064341,0.07642269631464182,-24.583180000000006,1.4282523403096394,0.20198538301570051,-5.706040000000001,0.9336836072246254,0.1320428020302499,1.0423961280000003,0.09412037832197072,0.013310631551861763,-18.043923872,0.7121055507165454,0.10070693276645003
ASN  76,19.186519999999994,0.6217311071518136,0.08792605638833347,-2.766500000000001,0.2831755815743941,0.040047074799539686,-80.69506000000001,2.546047818953743,0.3600655356014822,-17.92798,1.3140198855420657,0.18583047433615313,0.861740928,0.10045799534854931,0.014206905947073172,-81.34127907199999,1.0382551016107415,0.14683144459009664
ALA  77,7.401380000000001,0.5941063840761022,0.08401933058528627,-3.1618399999999998,0.21540504729463048,0.03046287392876844,-3.73044,0.6473411823760333,0.09154786795988215,-1.5872,0.5158356715078937,0.07295018026022959,0.3872553119999999,0.0298975750872259,0.0042281556170422835,-0.6908446880000001,0.8704349330550195,0.12309808874897256
VAL  78,11.057400000000003,0.09503704540828839,0.013440267854426912,-7.250979999999999,0.30610334790721927,0.04328955060981994,-20.826560000000004,0.3593908268165382,0.05082553814764285,-1.54018,0.15239602225780016,0.021552052152869303,0.0016621920000000007,0.0012787848713274642,0.0001808474908388833,-18.558657808,0.18771375976637214,0.026546734490564848
ARG  79,12.665639999999998,0.06895295787733471,0.00975142081958675,-7.010680000000001,0.0365406294414847,0.005167625373379728,-183.32128,1.1271345800769952,0.15940090097645898,-21.21717999999999,1.1278884464344887,0.1595075137791574,0.8479916639999995,0.00655697574606097,0.0009272964028230867,-198.035508336,0.07557159768414513,0.010687437837512123
LEU  80,11.293339999999999,0.04523609620705129,0.006397350076482605,-7.912939999999999,0.13021680536712862,0.018415437219909094,-35.27331999999999,0.08444108952694307,0.01194177340305636,0.14700000000000005,0.07553859940454274,0.010682771176057254,0.0008082720000000001,0.0007003743293525249,9.904788753083015e-05,-31.745111728,0.09430536570631202,0.013336792718642104
LEU  81,13.607539999999997,0.018209019748047353,0.0025751442685208086,-7.22072,0.030829232880795737,0.0043599119257579895,-35.390519999999995,0.0398212204739843,0.005631571006455776,0.87938,0.04511668870828342,0.006380463306061949,0.23439542400000007,0.004125963085168993,0.0005834992952896727,-27.889924576000002,0.035859112352650095,0.0050712443023778345
VAL  82,11.87792,0.013288852472319913,0.0018793275394730054,-6.71604,0.018324802864122948,0.002591518473825601,-32.796600000000005,0.03629380111957762,0.005132718577337849,0.8501599999999998,0.03534535895984696,0.004998588600796096,0.0,0.0,0.0,-26.784560000000006,0.01610982307574329,0.0022782730281147206
VAL  83,11.65736,0.03837173959993756,0.005426583455408046,-5.72758,0.038637334276547655,0.005464144214783655,-30.772999999999993,0.06654291848668618,0.009410589780375895,-1.8339800000000002,0.05307334170748832,0.007505703964319162,0.116912016,0.004465468857952881,0.000631512662127166,-26.560287984000002,0.03599303758409318,0.005090184190242912
ASP  84,14.039400000000002,0.022242302037351926,0.0031455365199621814,-4.4381,0.026787497083510005,0.003788324167752958,14.803719999999998,0.6570862969200116,0.09292603527537949,-84.81518,0.651632617049202,0.09215476847156547,0.33047913600000006,0.00457382415917418,0.0006468364157813843,-60.07968086400001,0.024189918703405734,0.003420971110305898
PRO  85,17.988979999999998,0.00946253666517005,0.0013382047686336163,-3.9087,0.024644066222985678,0.003485197268456704,-1.49286,0.10812474462397872,0.01529114802753581,-10.246400000000003,0.105986225519895,0.014988715755496896,0.5853682079999999,0.006996913028702851,0.0009895129299936582,2.926388208,0.028041268437957376,0.003965634213110393
GLU  86,13.880899999999999,0.013734991811770451,0.001942421169928918,-2.9706599999999996,0.02435455604200893,0.0034442543460184633,25.82714,0.4759704616883645,0.06731238822086687,-105.43781999999997,0.46988550478463054,0.06645184536289524,0.7511070240000001,0.0050023627090366425,0.0007074409187029036,-67.94933297600001,0.02702465695525109,0.0038218636384596484
THR  87,13.11388,0.012036012627271974,0.0017021492294381853,-2.033080000000001,0.016411995612891788,0.0023210066781359302,-32.43104000000001,0.07226007472414704,0.010219117769298203,-7.893880000000001,0.07932834045889728,0.011218721495752284,0.565512048,0.004203199078531972,0.000594422114221401,-28.678607951999993,0.02393199528450053,0.0033844952305989605
ASP  88,12.40778,0.015426328142895754,0.0021816122477300937,0.24628000000000003,0.012240980352895395,0.0017311360431807262,-14.690299999999993,0.3488152089576126,0.04932991992698608,-70.34497999999999,0.3422622672771871,0.04840319402719632,0.9911024639999998,0.003993161709462477,0.0005647183446270767,-71.39011753600002,0.01372119433616764,0.0019404699122165172
GLU  89,15.0074,0.013991425941739955,0.0019786864323747396,-1.7091800000000001,0.00599896657770764,0.0008483819894417056,35.596059999999994,0.47483927428191036,0.06715241416368756,-115.69797999999999,0.4691656632841881,0.06635004440162676,0.9850996799999998,0.0036292805396175108,0.0005132577760783828,-65.81860031999999,0.023240172440692358,0.0032866567057516565
GLN  90,19.65150000000001,0.0077388629317901945,0.0010944404915484106,-1.5002000000000002,0.006832276340923601,0.000966229786321498,-66.50356,0.04591085276826525,0.006492775064499507,-10.691239999999999,0.048455158652138695,0.0068525942532794565,1.239287472,0.002869523958290098,0.0004058119699368384,-57.804212528,0.013399043218700881,0.0018949108642710034
LEU  91,8.308220000000002,0.006989391958988906,0.0009884492901143566,0.2887,0.014855638660117637,0.0021009045670852436,3.56836,0.28636848709311047,0.040498619828334144,-110.67307999999998,0.2829563104235595,0.04001606517600494,1.526134176,0.007304708658820717,0.0010330418054488439,-96.98166582399998,0.01626864616689449,0.002300734005067125
GLU  92,9.278740000000003,0.1918253174113193,0.027128196548961155,0.4626799999999999,0.5098712166812324,0.07210667896942699,-68.72810000000001,6.530198916572191,0.9235095872810484,-96.53238000000002,7.017910708722217,0.9924824503798337,1.7490316320000003,0.1625101737784647,0.022982409178111327,-153.770028368,0.24581586468920777,0.034763612968994724
ALA  93,6.343959999999997,0.04544797465259961,0.0064273142136095016,-0.39632000000000006,0.5430052463834949,0.07679253838752825,1.2183599999999999,1.2360203842979296,0.1747996790843737,-5.768979999999999,1.5509060511842796,0.21933123715513098,0.673165584,0.10834313089330042,0.01532203250992689,2.0701855839999994,0.2873796176147625,0.04064161527803911
ALA  94,6.8937800000000005,0.07052015031165794,0.00997305529913359,-1.0059799999999997,0.48070292239594375,0.0679816592324725,-4.308820000000001,1.50669988637419,0.21307954137363808,-2.33624,1.0429965207995664,0.14750198252226987,0.49586284799999986,0.10793783342020294,0.01526471479160189,-0.26139715199999997,0.6561239289801946,0.09278993589613126
ALA  95,7.20774,0.3741423157035299,0.05291171371256082,-1.21614,0.2281518801149781,0.03226554831395225,-0.24311999999999998,0.8004772986162693,0.11320458520749059,-5.75216,0.5908723503431231,0.08356196914865116,0.548358624,0.055913611505759894,0.007907378771270597,0.5446786239999998,0.4675999661936013,0.06612862139561916
ALA  96,7.08456,0.422996319605749,0.059820713202035455,-0.6182999999999998,0.32821396984284523,0.046416464751206574,0.0593,0.736777042259054,0.10419600856078892,-5.761480000000001,0.8061595931327706,0.11400818300455404,0.597507408,0.11249763202534646,0.01590956769451028,1.361587408,0.7076502837942134,0.10007686287589461
ALA  97,7.300120000000003,0.242125227103538,0.034241677996248915,-0.8160199999999997,0.31521551294312944,0.04457820534745655,-1.1234199999999996,0.7989248798228785,0.11298504003628099,-4.72398,0.7441436552171925,0.1052378049562042,0.6916955039999999,0.12067877586628957,0.017066556152068965,1.3283955039999997,0.862696982300846,0.12200377725881983
SER  98,10.38472,0.5241790549039581,0.07413011285570888,-2.4875,0.34598903161805883,0.04893023809465924,-9.519080000000004,1.6801310406036438,0.23760641041856942,-7.459140000000002,1.64733280195592,0.23296803902681337,0.42473937600000006,0.08853049160394513,0.012520102190985663,-8.656260624,0.8582526069588547,0.12137524767032777
GLU  99,15.597139999999998,0.35470410259840235,0.050162735252403834,-2.8395799999999998,0.4732825409837163,0.06693225882935717,-15.350600000000002,4.109716335709785,0.5812016579467038,-64.77647999999999,3.6772179660174635,0.5200371519343904,0.792199728,0.06684184006766736,0.009452863675766853,-66.577320272,0.7600867659561609,0.10749250129955072
SER 100,10.791899999999996,0.6919428083303432,0.09785549039272982,-4.143599999999999,0.2961026173474338,0.04187523373069118,-4.09854,1.6391712931844582,0.23181382738741055,-6.909120000000001,1.5790263156768465,0.22330804309742164,0.3164587199999999,0.03599498623326351,0.005090459770851411,-4.04290128,0.884001771853618,0.1250167294917233
LYS 101,10.98982,0.21813515901838793,0.030848970031421594,-5.63092,0.43148551957164427,0.061021267374582085,-24.64096,3.3921781908384685,0.47972644034699913,-4.774140000000002,3.862541790116968,0.5462458984816269,0.7492242240000002,0.0414992518422081,0.0058688804783587345,-23.306975775999998,0.6826184107164102,0.0965368214360715
VAL 102,8.696339999999998,0.1337826012605313,0.018919716911219527,-6.70188,0.18590101021779198,0.026290372990886074,-65.89796,3.6770918996403377,0.5200193234563613,-47.78412000000001,3.90018841411533,0.5515699351052312,0.12625732799999997,0.033255732306879414,0.004703070765503796,-111.561362672,0.41813097540818056,0.059132649627054


