#Frame       SA_00001
       1    5967.2021
       2    5918.5631
       3    5931.4672
       4    5967.7567
       5    5947.1347
       6    5918.7307
       7    5976.2779
       8    5966.0481
       9    5981.6381
      10    5965.3111
      11    5927.4829
      12    5957.1770
      13    5958.2658
      14    6034.7838
      15    5959.6511
      16    5904.0800
      17    5968.2383
      18    5965.8404
      19    5928.9956
      20    5909.5187
      21    5770.3004
      22    5917.8652
      23    5956.8707
      24    5903.4388
      25    5917.4081
      26    5922.1993
      27    5992.3930
      28    5909.2894
      29    5923.8114
      30    5931.7389
      31    5975.5851
      32    5920.0142
      33    5929.1040
      34    5996.6602
      35    5922.0559
      36    5921.1132
      37    5913.8680
      38    5912.2796
      39    5992.3193
      40    5845.5029
      41    5900.9948
      42    5982.6322
      43    5950.9027
      44    5996.6935
      45    5998.6570
      46    5795.8682
      47    5860.9544
      48    5914.3367
      49    5990.6082
      50    5923.1509
