| Run on Mon Jun 20 15:45:53 2016
| GB non-polar solvation energies calculated with gbsa=2
idecomp = 2: Per-residue decomp adding 1-4 interactions to EEL and VDW.
Energy Decomposition Analysis (All units kcal/mol): Generalized Born Solvent

Total Energy Decomposition:
Residue,Internal,,,van der Waals,,,Electrostatic,,,Polar Solvation,,,Non-Polar Solv.,,,TOTAL,,
,Avg.,Std. Dev.,Std. Err. of Mean,Avg.,Std. Dev.,Std. Err. of Mean,Avg.,Std. Dev.,Std. Err. of Mean,Avg.,Std. Dev.,Std. Err. of Mean,Avg.,Std. Dev.,Std. Err. of Mean,Avg.,Std. Dev.,Std. Err. of Mean
ARG   1,7.76412,0.021659769158354988,0.00306315393016161,-1.9724199999999994,0.03944266218197558,0.0055780347793850235,-270.84346,0.5678069464193216,0.08030002844358579,-33.95231999999999,0.568095746860113,0.08034087099360444,1.5499781279999996,0.008684655497203054,0.0012281957588682615,-297.45410187199997,0.018278792981099957,0.0025850116937681696
MET   2,9.779419999999998,0.015933725240454822,0.0022533690334177714,-4.209319999999998,0.03386528606133727,0.00478927468415877,-4.592240000000001,0.04470237577559806,0.006321870609214928,-3.612999999999998,0.04424206143489864,0.0062567723308577326,0.5276049119999999,0.005675135586925392,0.0008025853715336084,-2.107535088,0.03437412392032599,0.004861235224281843
LEU   3,12.242080000000003,0.01353638060870125,0.001914333304226948,0.5014399999999999,0.009828855477624654,0.001390010071906187,-15.369100000000003,0.027807373121594283,0.00393255642025277,-6.746460000000003,0.02748105529232418,0.0038864081102729774,1.2185848799999999,0.0030600410821541167,0.00043275515998011943,-8.153455119999999,0.010469455088020002,0.001480604537613389
PRO   4,18.304719999999996,0.01715347195639368,0.002425867268251849,-4.565239999999999,0.017836546751015585,0.0025224686321188004,-0.3720400000000001,0.022805227470910194,0.003225146198236467,-4.4422999999999995,0.030367252098373366,0.004294577976952244,0.45458568000000016,0.002938807604714621,0.00041561015717926067,9.37972568,0.01658292156805225,0.0023451792585308805
ARG   5,12.935720000000002,0.03158989711967672,0.004467486094061759,-5.1105,0.04529911698926357,0.006406262560974202,-242.1615800000001,0.47081504174417693,0.06658330174038699,34.56768,0.466759314421853,0.06600973528193523,0.662769936,0.004463137981549366,0.0006311830264249593,-199.10591006400003,0.033714250299960495,0.0047679150019445315
LEU   6,12.408539999999995,0.008273354829107604,0.0011700290605648914,-3.364380000000001,0.034358050002745014,0.004858962029057495,-31.350699999999996,0.02551176200103475,0.003607907982189791,-6.045979999999999,0.021121070049101857,0.0029869703715272016,0.8967018239999999,0.006329213939773473,0.0008950860192788495,-27.455818175999998,0.04105821016864822,0.005806507766726723
CYS   7,10.621200000000002,0.01784712861921197,0.0025239651342706575,-5.391439999999999,0.024770272505749532,0.0035030455321308374,-4.8112400000000015,0.0949828531893198,0.013432603917322865,-1.14978,0.09206004344991284,0.013019256199952315,0.05033836799999999,0.0019481620299598096,0.00027551171644694624,-0.6809216319999999,0.017308971276621093,0.0024478581930123893
CYS   8,9.998899999999999,0.01669161466239308,0.00236055078334619,-4.04616,0.04245861985508042,0.00600455560386983,4.24168,0.0735484710922436,0.010401324531045643,-7.35616,0.09242821214326802,0.013071323115890722,0.6292386719999999,0.01161461356310658,0.0016425544022667822,3.4674986719999996,0.042749219066353865,0.006045652538449613
LEU   9,13.49688,0.21451560689156987,0.03033708806067535,-7.514380000000002,0.19752811344204593,0.02793469369797126,-34.234719999999996,0.20461505712048866,0.028936938884554057,0.6900599999999999,0.07019555826403909,0.009927151051535486,0.01391860800000001,0.0036419333795026597,0.0005150471578551941,-27.548241392000005,0.177479058373547,0.025099329138907635
GLU  10,15.708879999999997,0.10347011935835797,0.014632884609695276,-3.8963199999999993,0.3145545065644589,0.04448472492890345,7.08616,2.0602579388028106,0.29136447190417725,-81.0379,2.35701424051757,0.3333321505646467,0.9687146399999998,0.05940120245328623,0.008400598613070735,-61.17046536,0.18277879022029683,0.02584882440436906
LYS  11,9.850260000000002,0.09964934721284802,0.014092545831003524,-6.4463599999999985,0.6367891569428809,0.09005558621207514,-8.08404,1.4877932646708654,0.21040574129048814,-30.631499999999996,1.5240055806985153,0.21552693613561247,0.7856180639999999,0.08851886973732608,0.012518458610846385,-34.526021936,0.6988626432693716,0.09883410283474556
GLY  12,6.7816600000000005,0.058522682781971015,0.008276357169672182,-1.4543400000000006,0.058060523593894214,0.008210997990496826,-4.118579999999999,0.09024346846178491,0.012762353701424489,-3.05068,0.1034812910626859,0.014634464527272814,0.156206448,0.004304005497126894,0.0006086782946565208,-1.6857335520000003,0.1301339705747851,0.018403722611232236
PRO  13,18.34446,0.010088032515959508,0.0014266632401730712,-0.9939800000000001,0.015327739559351782,0.0021676697165357896,-4.8389,0.08016738738417402,0.011337380649871664,-5.9494,0.08647288592380274,0.012229112805098334,1.1783172959999997,0.004400081985853344,0.000622265561994734,7.740497295999998,0.019893117979734278,0.002813311724482828
ASN  14,18.571339999999992,0.01824786015835233,0.002580637132022952,-1.8530000000000002,0.10537248217632483,0.01490191933946758,-84.88068000000003,0.26234171912932946,0.037100721716897093,-12.055539999999997,0.24350582826713393,0.034436924485227456,0.6211465920000001,0.021108351621437316,0.0029851717142376764,-79.59673340799998,0.05313313814849019,0.00751416045810381
GLY  15,5.6392,0.03605052010729198,0.005098313446633629,-3.432719999999999,0.05312929135616523,0.007513616439516052,-11.736039999999996,0.48023931367612566,0.06791609505855238,-0.4853200000000001,0.37078222395363014,0.0524365249802082,0.05364057600000001,0.005055178163687588,0.0007149101519299305,-9.961239423999999,0.078755844481802,0.011137758338231067
TYR  16,9.795360000000002,0.11801741566396871,0.01669018298282075,-11.318460000000002,0.27213035185353995,0.03848504343246385,-33.01136000000001,0.5485107750990054,0.0775711377252792,1.4622600000000008,0.74325209209258,0.10511171888995033,0.03309263999999999,0.012459524754467956,0.001762042888849189,-33.039107359999996,1.2788644375061544,0.1808587431957843
GLY  17,6.978260000000001,0.3186498900046641,0.04506389960932909,-3.94392,0.0459981912688218,0.006505126593699947,-17.27854,1.2001652254585338,0.16972899389320217,2.5773800000000007,0.42029170298733814,0.05943822265175783,0.002612016000000001,0.0023803345001373218,0.0003366301333078782,-11.664207984000003,0.7970805522270186,0.11272421272632857
PHE  18,10.069260000000002,0.22788232138532358,0.0322274269528189,-10.04544,0.16320577930932517,0.02308078265569179,-2.828759999999999,0.5169888029735312,0.07311325767601998,-3.128059999999999,0.4316329185778171,0.06104211274194308,0.0,0.0,0.0,-5.933,0.15079164433086717,0.021325158850525237
HIE  19,29.881000000000004,0.20594222490662165,0.029124628752823453,-9.07536,0.25926571389216324,0.03666570888446398,-33.26451999999999,2.672892854118987,0.3780041325065202,4.23038,2.2607617467570544,0.3197199923558115,0.20482675199999995,0.02991534824508847,0.004230669121131828,-8.023673248,0.6132945922708256,0.08673295301194792
LEU  20,11.239859999999998,0.09185662959208853,0.012990489136301337,-8.66626,0.09979435054161745,0.01411305239841702,-35.21153999999999,0.8383946376262259,0.1185669067151885,1.97302,0.4198383255492515,0.059374105399576216,0.0,0.0,0.0,-30.664920000000002,0.4858667652760174,0.0687119368959689
HIE  21,28.296539999999997,0.14420557686845326,0.020393748257720248,-10.62058,0.5895243536954071,0.08337133363452781,-18.00738000000001,5.0949960034920165,0.7205412448375127,-7.200580000000001,2.6117595531748323,0.36935857817573425,0.27246815999999996,0.029621914841441655,0.004189171371222765,-7.259531840000001,1.903672983517616,0.2692200151613866
GLY  22,5.836220000000001,0.19260792195540039,0.027238873544982584,-2.6697800000000003,0.05501392187435827,0.007780143443405134,-15.398119999999999,0.8819214169074399,0.1247225228737798,-0.09992000000000001,0.7284575715853326,0.10301945773493472,0.10130529599999996,0.010599533224307227,0.0014990003640639501,-12.230294704000002,0.18073666132723906,0.025560023766701436
GLU  23,15.975999999999997,0.19382486940556687,0.027410975903854662,-5.43478,0.22912208885220298,0.032402756549403874,-21.65088,1.0460511008550573,0.14793396537645281,-49.17514,1.1104247837654364,0.15703777891962914,0.54646704,0.023138964308023296,0.003272343714367352,-59.738332960000015,0.29141529615942197,0.04121234641116266
LYS  24,9.59304,0.04113147699741522,0.005816869261018159,-1.5099799999999997,0.10210416054206967,0.014439708861331474,38.19066,0.9943799195478586,0.1406265568376049,-74.92406000000001,0.9964219871100625,0.14091534880177997,1.4921176319999998,0.027294629128059942,0.0038600434692846095,-27.15822236800001,0.11337828159049498,0.01603411035038338
GLY  25,6.3856,0.01867190402732601,0.0026406059910773255,-1.1965800000000004,0.0068296119947506,0.0009658529908722265,-4.9767,0.055065506444635544,0.007787438603294665,-6.154960000000001,0.06318764436182087,0.00893608236308949,0.634876848,0.0037245431196912494,0.0005267299393510763,-5.3077631520000015,0.021973755138210205,0.0031075582532722355
LYS  26,9.812660000000001,0.031241389213269907,0.004418199633278282,-4.66778,0.05216561702884942,0.0073773323091759725,9.520740000000002,1.1603365341141172,0.1640963663461176,-45.74659999999999,1.102439676354926,0.15590851419993418,0.8845947360000003,0.006593687337588965,0.0009324882058866058,-30.196385264,0.1349177506311068,0.019080251274738246
LEU  27,11.134359999999997,0.02775014234264521,0.003924462765875275,-2.6805000000000003,0.021742354978148377,0.0030748333288027614,-27.26138,0.09774311024352222,0.013822963213491772,-6.759760000000001,0.0621956783063469,0.008795797178182987,0.8936834399999999,0.005104521182809184,0.0007218883086149501,-24.673596559999993,0.08154946091410625,0.011532835362894367
GLY  28,5.01148,0.00900941729572337,0.0012741240128690723,-3.62188,0.017936153433758685,0.002536555144282629,-7.372819999999998,0.20119937276249744,0.028453888170168376,-2.91716,0.15519334521816475,0.02194765335975783,0.007242047999999998,0.000732534609759833,0.00010359603800300384,-8.893137952,0.05725124560599196,0.00809654879987469
GLN  29,19.044460000000004,0.04293400051059018,0.006071784580901002,-8.842900000000002,0.09531531881058888,0.013479621656385018,-79.21928,0.3299279945678598,0.04665886445244242,-3.13162,0.299784715420924,0.042395961034042945,0.09495532799999996,0.0028102420194036273,0.0003974282377391364,-72.05438467200001,0.18927064624873752,0.026766911488408495
TYR  30,8.996820000000001,0.03293186298965938,0.004657268727418887,-9.2785,0.15694511779604162,0.022195391413540506,-25.81528,0.4027101210547983,0.056951811490060664,-2.7666799999999996,0.09188284714789176,0.012994196858600258,0.20364696000000002,0.011622696313678014,0.0016436974758147224,-28.65999304,0.26273497906887955,0.03715633707090207
ILE  31,12.80202,0.053629652245265835,0.007584378155060765,-8.762599999999997,0.12270191522563238,0.01735267126412431,-6.98982,0.24089638353446488,0.034067893272107096,-0.61484,0.342468530525069,0.04843236405545368,0.0002376,0.0005312897514539501,7.51357172056007e-05,-3.565002399999999,0.22722955511290707,0.03213511186126778
ARG  32,13.879659999999996,0.331203841161373,0.046839296408047806,-7.624860000000001,0.3207518049832177,0.045361155276291656,-171.86538000000002,6.005355562795661,0.8492855283778336,-30.12084,6.884807077500436,0.9736587543323388,0.8242767359999997,0.08122183248810608,0.011486501706547528,-194.90714326400004,0.9753773952486491,0.13793919407927824
LEU  33,11.781139999999994,0.04843181186067785,0.0068492925183672735,-5.089919999999999,0.3932781122819023,0.055617924017355505,-35.53933999999998,0.5542500017155118,0.0783827869371388,0.06092,0.3388681655157357,0.047923195552884414,0.5687832960000001,0.06007434893745767,0.008495795901808637,-28.218416704000003,0.30697591928753126,0.04341295083783753
VAL  34,11.111239999999999,0.13337969260729635,0.018862737023039294,-6.379599999999998,0.030811686095301997,0.004357430435555859,-29.750860000000007,0.2363153833321911,0.033420042010578146,-2.4450800000000004,0.3177177892407012,0.04493208065513962,0.12476491200000002,0.008869182954040941,0.001254291882077297,-27.339535087999998,0.241737964303465,0.034186910765842335
GLU  35,16.79512,0.4878286026875269,0.06898938260342166,-3.8558000000000003,0.5773654648487381,0.08165180708349318,16.9795,4.6254145079116835,0.6541323928685978,-88.89465999999999,3.394712798514729,0.48008488800210536,0.3650502239999999,0.020266236528952652,0.0028660786557505877,-58.61078977599999,2.018455668146629,0.285452738094181
PRO  36,17.772179999999995,0.11027777473368536,0.015595632465670285,-1.7565,0.11506280893495197,0.01627233849205532,-7.56914,0.4734326144236415,0.0669534824187666,-2.9014200000000003,0.44097501471171485,0.06236328464729823,0.9557766720000003,0.0196733589753209,0.002782233108033327,6.500896672,0.12141323484733017,0.0171704243372684
GLY  37,6.144340000000001,0.11949219388730266,0.016898748119313887,-1.5555999999999996,0.08944249549292317,0.012649079017858637,-19.79036,0.7697720639254153,0.10886220927392513,3.897580000000001,0.3211277060609923,0.0454143157165216,0.306752112,0.014885057890496519,0.002105065074544883,-10.997287888,0.5334127766574255,0.07543595830920218
SER  38,12.509640000000005,0.0536267694330937,0.007583970463853604,-4.8158199999999995,0.25501079898701534,0.03606397304790362,-7.880080000000001,1.1835290083474823,0.16737627750669895,-0.01714,0.5037675261467337,0.07124348677598535,0.0004213439999999999,0.0004753401393360339,6.722324717893359e-05,-0.20297865600000015,0.4126543786359814,0.05835814188396473
PRO  39,19.43262000000001,0.06559966158144381,0.009277193109556311,-7.901479999999998,0.06103089053935256,0.008631071312446021,-8.70346,0.14588697131680547,0.0206315333409761,-0.90536,0.11036154402689274,0.015607479232726715,0.11686334399999994,0.008379523509799381,0.0011850435793782483,2.0391833439999996,0.03662476542029326,0.005179523997611188
ALA  40,9.59882,0.12245843213110788,0.017318237554675795,-7.00354,0.05369030080001799,0.007592955155927648,-8.74362,0.09264337860854366,0.013101752249226791,-0.46092000000000005,0.08319924038114772,0.011766149412615837,0.0,0.0,0.0,-6.609260000000002,0.09698016498229052,0.013715066459913557
GLU  41,17.363299999999995,0.14131726716899043,0.019985279582788836,-5.862779999999999,0.10688223238695027,0.015115430261833793,14.110840000000001,2.388506138656549,0.33778577750994837,-89.10654000000001,2.424174195142836,0.34283000243258804,0.595139328,0.020009279176927127,0.0028297393985319903,-62.90004067199999,0.033032290925706774,0.004671471382338824
LYS  42,11.561100000000001,0.47695145455275423,0.06745112156220799,-3.69376,0.03905563211630748,0.005523300462593626,-24.694080000000007,1.8741674294469226,0.26504729968817586,-18.412580000000002,1.7972408195898666,0.2541682341914526,1.309859568,0.01706685426720535,0.0024136176771726936,-33.929460432000006,0.41126169504898596,0.05816118668228239
ALA  43,7.339399999999999,0.01991783120735767,0.0028168067026503292,-3.827079999999999,0.034694575945089644,0.0049065539842329114,-8.859299999999998,0.07877569422132578,0.011140565515315478,-2.80324,0.06459119444628596,0.009134574319581533,0.18148478400000007,0.0030011318035232824,0.00042442412990118525,-7.968735216,0.05914828891042522,0.008364831236828548
GLY  44,6.23904,0.03750944414397303,0.005304636462548273,-2.1073800000000005,0.02053279328291406,0.002903775473410025,-11.8126,0.09278728361144023,0.013122103489905758,-1.0558599999999998,0.06404186443257409,0.009056887324020541,0.2707724159999999,0.00253678961709479,0.00035875622813827027,-8.466027584,0.0354983037222522,0.005020218256524838
LEU  45,10.347560000000001,0.013968765154603192,0.001975481713124454,-7.5517800000000035,0.03179703759712295,0.004496780181313848,-27.63026,0.17072794850263007,0.02414457802485548,-1.8712799999999998,0.177639977482549,0.0251220865375472,0.0032575679999999984,0.0018860823818105112,0.0002667323284109375,-26.702502431999996,0.04926567561832417,0.006967218661890756
LEU  46,10.786180000000002,0.013118978617462683,0.0018553037485298362,-3.54728,0.027130086619769286,0.003836773644603456,-31.713619999999995,0.14423202002446844,0.02039748788470711,-0.43176000000000003,0.11652923410028874,0.016479722327757768,0.873432576,0.013270255667437555,0.0018766975541048617,-24.033047424000006,0.031716478210478065,0.004485387363596883
ALA  47,6.989800000000002,0.014848568953759257,0.002099904759623842,-3.4177,0.017711295830691032,0.0025047554770965307,3.2391,0.1392100930248848,0.01968728015750123,-8.871000000000002,0.11931588326780866,0.016873814032386004,0.40976942399999994,0.002641817693240082,0.00037360944110973284,-1.6500305759999996,0.039349494623510124,0.00556485889690952
GLY  48,6.120360000000001,0.014437118826162526,0.002041716924555098,-2.6455200000000003,0.013165469987709285,0.0018618786211634416,-11.02826,0.19578721204413152,0.027688493061202777,-3.0022199999999994,0.1399390281515696,0.01979036715172601,0.212480784,0.0033936759236778747,0.0004799382517564291,-10.343159216000002,0.07275482306889079,0.010289085751208028
ASP  49,12.072820000000002,0.03324977593895997,0.004702228407874379,-8.531200000000002,0.03467044851098455,0.004903141849779243,15.990999999999994,0.9150851545075896,0.12941258362309124,-81.49132000000002,0.8517064151442724,0.12044947634571995,0.011886768,0.001973935071418518,0.0002791565749243972,-61.946813232,0.12311841854298357,0.01741157372814145
ARG  50,13.28316,0.02187634338745811,0.0030937821513674236,-8.723559999999999,0.030880518130878304,0.004367164755379635,-190.95073999999997,0.6678415324127462,0.09444705526541367,-13.897200000000003,0.6434640627105641,0.09099956043849715,0.43563599999999986,0.004192048747830292,0.0005928452193310749,-199.85270400000002,0.05718857353644809,0.008087685630801596
LEU  51,12.841260000000004,0.020674438320648657,0.0029238071067507363,-8.899239999999997,0.04848445524124163,0.00685673741664352,-33.01010000000001,0.04995087586503205,0.007064120610074323,-0.40476000000000006,0.05639771626581993,0.007975841522999225,0.0,0.0,0.0,-29.472840000000005,0.02420608187495857,0.003423256927947997
VAL  52,12.538599999999999,0.009610411022681732,0.0013591173608256393,-6.512380000000002,0.016363239287878476,0.0023141114925274006,-32.5522,0.027432097989499554,0.003879484502109798,-0.20217999999999997,0.028206162447238888,0.003988953747538392,0.06211396800000001,0.001245284833190686,0.00017610987001157854,-26.666046031999993,0.02076789917632441,0.0029370244677155008
GLU  53,15.43898,0.01063671001716009,0.0015042579565297555,-7.85134,0.012182955306012601,0.001722930062354828,-4.509060000000002,0.3106359547766209,0.043930558020581274,-72.72429999999997,0.30617904893297115,0.04330025635155033,0.3266971199999999,0.002015395623715187,0.00028501998246054,-69.31902287999999,0.01403952175292257,0.0019854882072215187
VAL  54,11.305700000000002,0.0221885105400507,0.0031379292534598068,-7.049740000000001,0.04921902477696474,0.006960621236636094,-25.782240000000005,0.06240306402540258,0.00882512594783609,-2.3044600000000006,0.05881673571354339,0.008317942534060704,0.00021384,0.00045641469564421344,6.45467852646435e-05,-23.830526160000005,0.05752043599481813,0.008134618069748535
ASN  55,17.284860000000002,0.041342476944262394,0.005846709159667287,-4.719900000000001,0.07995580028982455,0.011307457716026452,-89.30161999999999,0.26259961082704214,0.037137193110549964,-7.445380000000001,0.1366586828562101,0.01932645627112959,0.38587204799999997,0.00759784169506612,0.0010744970769926293,-83.79616795200003,0.11103628233598445,0.015702901639503733
GLY  56,6.0366,0.010291744264009028,0.0014554724318637075,-2.1013199999999994,0.011326853049393158,0.001601858920145885,-7.909319999999999,0.027582197156862612,0.003900711729928373,-6.633899999999998,0.03737338625325539,0.005285394971116197,0.33314932799999997,0.004381829096398928,0.0006196842136128409,-10.274790672000002,0.03467544599354688,0.00490384860054098
GLU  57,13.784859999999998,0.016746354829501753,0.0023682922120193558,-3.5308800000000002,0.03303128214274482,0.004671328718884195,-8.02596,0.4889963582686636,0.0691545281814597,-72.78562000000002,0.46291203872491427,0.0654656483350553,0.698586768,0.002654737310502322,0.0003754365509050258,-69.85901323200001,0.02859516500597336,0.004043967016974405
ASN  58,20.361660000000008,0.0055735446216881885,0.0007882182394483057,-4.972180000000002,0.017489070872515087,0.0024733281221215094,-92.80358,0.06261216814369867,0.008854697735840331,-3.9305600000000016,0.04968466966770135,0.007026473368609039,0.5661943200000001,0.0025166191835536995,0.0003559036980709947,-80.77846568,0.011409134841329665,0.0016134953227551821
VAL  59,12.88652,0.028630221793593907,0.004048924795425026,-6.76188,0.027546063239703624,0.003895601622357582,-31.8336,0.11668881694468873,0.016502290750045022,0.5312600000000001,0.07525684287823914,0.010642924785978686,0.0,0.0,0.0,-25.177700000000005,0.024578242404275176,0.003475888374741946
GLU  60,16.739440000000005,0.03286284223643563,0.004647507718889464,-5.252019999999999,0.01753452594205357,0.002479756439703503,-40.843500000000006,0.5051547584641805,0.0714396710517349,-37.484400000000015,0.46115433425170954,0.06521707138459032,0.39215721600000025,0.00149142020033161,0.00021091866745061611,-66.448322784,0.01942344226215353,0.0027468895475108272
LYS  61,9.484680000000004,0.013390205372351556,0.0018936610040540649,-1.8209599999999997,0.05598391197480216,0.007917320758946673,10.204020000000002,0.491532765540593,0.06951323033782612,-52.5436,0.49639476226200036,0.0702008205081889,1.3231529279999998,0.007812989431047801,0.0011049235616065452,-33.35270707200001,0.06755245144044994,0.009553359299863421
GLU  62,15.78786,0.03214965629509864,0.004546647995816205,-4.583299999999999,0.06231155591069358,0.008812184746147225,-50.12592000000001,0.6655584975030022,0.09412418537214054,-36.62236,0.6727892912344831,0.0951467740283188,0.30031372800000006,0.002950150095097791,0.0004172142275523572,-75.243406272,0.023218409580666288,0.003283578972571167
THR  63,14.652539999999997,0.02441819813406629,0.003453254696990995,-3.8997200000000003,0.03945632522166535,0.005579967024988275,-26.110500000000002,0.5594337941170598,0.07911588588901838,-9.551400000000003,0.5458810493138112,0.07719923833820481,0.553928832,0.005337871427052511,0.0007548890166341487,-24.355151168000003,0.033728859755392776,0.004769981090945653
HIE  64,30.862360000000002,0.04747368113056511,0.006713792371062087,-10.82,0.12479967948663413,0.017649339930981334,-12.31544,0.49556324157462245,0.07008322572484055,-9.830019999999998,0.26468679528845546,0.037432365567800475,0.08610983999999998,0.008291475390640948,0.0011725916949527184,-2.0169901599999993,0.39717540748157526,0.05616908479015042
GLN  65,21.04096,0.12487320929632996,0.017659738616392386,-4.431440000000002,0.12011413905106294,0.0169867044478781,-76.04016,3.238037068101884,0.45792759371764974,-9.854059999999999,2.8745156907555796,0.4065179075120806,0.6548968799999999,0.04861756310384931,0.0068755617110993475,-68.62980311999999,0.6530731423797373,0.09235848951750399
GLN  66,20.94478,0.01572296410159238,0.002223562907317725,-6.287859999999999,0.024298156308953687,0.0034362782192783685,-72.97224000000001,0.15895364858050176,0.022479440561123245,-11.194640000000003,0.15701869442830912,0.02220579672066315,0.6760242719999999,0.0071992786405173995,0.0010181317492722645,-68.83393572799997,0.02198515197714872,0.0031091700096917384
VAL  67,12.668999999999999,0.01590974544096928,0.0022499777776522276,-7.041600000000001,0.03912850623252884,0.0055336064189442456,-27.47631999999999,0.1837164597983088,0.02598143090779398,-1.2228400000000001,0.1266704953807299,0.017913913251994668,0.0,0.0,0.0,-23.071759999999998,0.1098230504044535,0.015531324734316216
VAL  68,13.144059999999998,0.03641231110608639,0.0051494784203575845,-5.869000000000002,0.10011093846318858,0.014157824691653963,-30.12212,0.21539950232097174,0.03046208975107332,-2.88386,0.23730596368402018,0.03356013122739585,0.04247712000000001,0.009198713575451706,0.0013008945494789308,-25.688442879999993,0.10720547534791891,0.015161143719768141
SER  69,14.443420000000001,0.031461779988624435,0.004449367595631111,-4.354379999999999,0.04991788857733043,0.007059455503108969,-7.33582,0.29850083349965323,0.04221439271148827,-5.56036,0.25676228383466854,0.036311670410487835,0.40318315199999993,0.006323290479943818,0.0008942483155561224,-2.4039568480000004,0.10039461757012995,0.014197942975693798
ARG  70,14.092360000000006,0.0485030968076654,0.006859373732249558,-7.450620000000002,0.11155821619212702,0.015776714233305584,-202.90135999999998,0.7412610001868946,0.10483013597225516,-5.736179999999999,0.5898572603605118,0.08341841374660736,0.648420192,0.006950771224994333,0.0009829874935339638,-201.347379808,0.1326475322763775,0.01875919391605759
ILE  71,13.786040000000005,0.058726130468702405,0.008305129017453079,-7.782119999999999,0.028988025113962073,0.004099525826257704,-9.06368,0.5540660769258658,0.07835677604394141,-1.3036200000000002,0.562428907151828,0.07953945883647934,0.0035331839999999982,0.0012595753670757491,0.0001781308566949594,-4.359846816,0.07695641253295989,0.01088328023156907
ARG  72,12.782100000000003,0.36064022238227395,0.051002229363026085,-3.1497,0.35729680938961744,0.05052939936314316,-155.21955999999997,8.581085882707773,1.2135488035213635,-54.25561999999999,8.59547298265786,1.2155834467086264,1.3983592319999993,0.15420143391989322,0.02180737591868916,-198.44442076800001,0.23492449314502759,0.03322334043393232
ALA  73,8.401299999999999,0.03326695056659535,0.004704657267007446,-1.9612800000000001,0.2112310621097183,0.02987258328300372,-10.5637,0.14517482564138606,0.020530820733719753,-3.0699400000000003,0.29456003870178266,0.04165708016652048,0.5634455040000002,0.010965917820305201,0.0015508149705344423,-6.6301744959999995,0.10800386223932139,0.01527405267675237
ALA  74,8.728539999999999,0.6997275529804519,0.09895641953910934,-3.5159400000000005,0.06588062234069472,0.009316926961179039,-1.33956,1.796481730049042,0.25406088271908367,-3.04598,1.0788991888031056,0.15257938652386824,0.08438270399999999,0.007835832567301752,0.0011081540689162925,0.9114427040000005,0.05320462020860608,0.007524269547992036
LEU  75,12.625800000000002,0.4371304153224338,0.061819576187476966,-1.3630600000000002,0.6141319535734967,0.0868513737830323,-24.24424,1.1299135818282853,0.15979391117311229,-6.130799999999999,0.7877731399330758,0.11140794585665939,1.047974976,0.11027670024527882,0.015595480510062572,-18.064325024000006,0.6479267706048286,0.09163068264139498
ASN  76,19.18088,0.5231769352714173,0.07398839173816292,-2.69396,0.15901282464002583,0.02248780931971792,-80.34613999999999,2.4425785638137785,0.3454327732107242,-18.446520000000007,1.214834050230626,0.17180347898687892,0.8586254879999998,0.09327151658713613,0.0131905843740635,-81.44711451200001,0.9438257836392161,0.1334771223739994
ALA  77,7.49748,0.557151549939499,0.07879312782216302,-3.2344199999999996,0.16917506790305864,0.02392496754438948,-4.024099999999999,0.4497749770718836,0.06360778725911057,-1.4967599999999999,0.4774029978959081,0.06751497943419674,0.366072048,0.020574605993471298,0.0029096886836449875,-0.8917279520000001,0.7027679040768624,0.0993863901146013
VAL  78,11.155140000000001,0.08995688078163235,0.01272182408301641,-7.483480000000001,0.2578632381709262,0.03646736886587674,-20.501640000000002,0.20616728741465315,0.02915645739794744,-1.8415400000000002,0.10322871887221517,0.014598745425548615,0.0002484,0.0006836683406447896,9.668530395049706e-05,-18.671271600000008,0.09027779373759717,0.012767208028483079
ARG  79,12.577820000000001,0.04238522855840732,0.005994176507158305,-6.93806,0.022084754922560446,0.0031232559933170954,-179.96552,0.4336879172694942,0.061332733443985946,-24.5069,0.4344762939445751,0.06144422674260175,0.855906624,0.004448202383997855,0.0006290708139630101,-197.97675337600006,0.040692289701021025,0.005754758797919895
LEU  80,11.166459999999999,0.04383067875374019,0.006198594034155765,-7.6132599999999995,0.11462561842801607,0.01621051041763037,-35.10474,0.05247353999822355,0.0074208791931214815,-0.04458000000000002,0.05016735591996052,0.007094735513040635,0.0013608000000000003,5.0409313045933295e-11,7.128953417946986e-12,-31.59475920000001,0.07916858972909539,0.011196129330883802
LEU  81,13.644540000000001,0.016194085342393204,0.0022901895121439815,-7.10884,0.023002052082388844,0.0032529814017326596,-35.64643999999999,0.0262694956396974,0.0037150677010360945,1.0968,0.030270777988019575,0.0042809344774242235,0.23947718400000007,0.0017228792365395933,0.00024365191826452966,-27.774462816000003,0.031211289668398545,0.004413942914820448
VAL  82,11.979940000000001,0.006998314082343439,0.0009897110688996712,-6.621639999999998,0.016408241832357607,0.002320475813401769,-32.66596,0.0349822583619377,0.00494723842178919,0.6878800000000002,0.04195742604116376,0.005933676094967986,0.0,0.0,0.0,-26.619780000000006,0.015226673956533163,0.0021533768819162395
VAL  83,11.368120000000003,0.027458069850942603,0.0038831574779790816,-5.010560000000001,0.01438771698372283,0.0020347304489966547,-31.93820000000001,0.03870245468913943,0.005473353631851117,-0.77542,0.04820501633647794,0.006817218787746371,0.228925152,0.0030197419255452384,0.0004270559985972721,-26.127134848,0.027647564587934076,0.003909956080684248
ASP  84,14.01566,0.023271965967596373,0.00329115298944599,-3.9054999999999995,0.0273833891256247,0.003872596028519838,12.829900000000002,0.3961788611220034,0.05602815185242641,-83.10243999999999,0.39395472633582773,0.05571361169451087,0.3822456960000001,0.004231902869624568,0.0005984814432868684,-59.78013430399999,0.04406805069729666,0.006232163496346207
PRO  85,18.040879999999998,0.008477358077704836,0.001198879476658329,-3.74226,0.016178763858951055,0.0022880227271760254,-4.4528799999999995,0.040505130539318056,0.005728290495439623,-7.584500000000002,0.039310176799073115,0.005559298516853338,0.6244968959999999,0.003011157911034442,0.0004258420356231945,2.8857368959999996,0.02063246029642186,0.0029178705176324204
GLU  86,14.62466,0.01062753028567799,0.0015029597464536627,-2.24076,0.013470798046261506,0.0019050585293012012,-3.0159600000000006,0.31346591266036017,0.04433077450259414,-77.01174,0.3098528560454399,0.04381981113594993,0.7318958399999996,0.005988485982719231,0.0008468998094842708,-66.91190415999999,0.021542447344190637,0.003046562120086266
THR  87,13.214579999999998,0.008265809099002267,0.001168961933179594,-1.9561799999999994,0.009538742055552605,0.001348981838294111,-31.241459999999993,0.0498024939199597,0.007043136234161061,-8.688939999999999,0.03861160965338157,0.0054605062036868135,0.567013248,0.002994835256248657,0.0004235336636459954,-28.104986751999995,0.008897159021595132,0.0012582482954929973
ASP  88,12.789060000000001,0.017553814401336645,0.0024824842397750436,0.1498199999999999,0.007845227848828287,0.0011094827623720064,-13.835739999999994,0.32715377485227937,0.04626653053776475,-71.33610000000002,0.3124037291703955,0.04418055907287046,0.944964288,0.0015297870074482186,0.00021634455334754217,-71.28799571200004,0.01336488043890626,0.0018900795176196115
GLU  89,14.984679999999999,0.011529856894172833,0.001630567999196015,-1.4713999999999998,0.016657730937937442,0.0023557589010793027,23.250380000000003,0.44551412502844573,0.06300521178440106,-103.48143999999996,0.4467930688905593,0.06318608175993255,1.001105568,0.0032036243353565424,0.0004530608983809715,-65.716674432,0.009452310934061979,0.0013367586318717949
GLN  90,19.66448,0.006017441294063379,0.0008509947088848337,-1.3914800000000003,0.005550639602735844,0.000784978980603424,-66.6574,0.030454556316383094,0.004306924657868418,-10.615820000000001,0.04105444677513269,0.005805975542511702,1.2517240319999996,0.004268930495762608,0.000603717940393558,-57.74849596800001,0.0145991403596474,0.0020646302295601777
LEU  91,8.3466,0.007062577431612352,0.0009987992789096329,0.05553999999999999,0.006747473601282291,0.0009542368678687844,-5.40102,0.2892428384593223,0.04090511449684638,-101.74117999999999,0.28333991529997027,0.040070315097886194,1.4834643840000004,0.005484177573025308,0.0007755798302234756,-97.256595616,0.007760635717978568,0.0010975196285002353
ASN  92,11.340899999999998,0.6047074085870454,0.08551854184912881,-0.70654,0.20206407003720384,0.02857617483149206,-81.63793999999999,2.24860046615708,0.31800012755978063,-86.14072,2.2019257938445937,0.31139933209941684,1.0842456960000004,0.04025869243288901,0.0056934388841998725,-156.06005430399998,0.5376504173937513,0.07603525120937984
LYS  93,9.109540000000004,0.2625691687916138,0.03713288795661306,-3.46454,0.29652488664528853,0.04193495162749117,51.594240000000006,4.7988730492063665,0.6786631350294372,-84.54613999999998,4.616515811778642,0.6528739271927194,1.1519825759999998,0.07794584485178892,0.011023207092002897,-26.154917424000008,0.4080715034873252,0.0577100254649755
VAL  94,10.766440000000003,0.0993414636489483,0.01404900451983365,-2.8530200000000003,0.31131993126042634,0.04402728690255546,-33.469800000000006,0.8402680286668107,0.11883184421691083,-0.4956000000000001,0.4619961471700816,0.06533612170920458,0.5547935519999997,0.028509180319126828,0.004031806945944928,-25.497186447999997,0.2533762027744863,0.035832806234627396
THR  95,14.856880000000004,0.47160821197246927,0.06669547294979915,-3.9197199999999994,0.3426050811065164,0.048451675223876965,-43.36326000000001,1.0442195518179518,0.14767494522761024,-0.013200000000000003,0.3802161490520885,0.05377068346227337,0.320335344,0.03617095981118625,0.005115346192903176,-32.11896465599998,0.15343372627099153,0.021698805661787727
ASP  96,16.73136,0.08241862896215882,0.011655754287048096,-5.005700000000002,0.11641395964391649,0.016463420057798085,16.184479999999997,4.0991840907185555,0.5797121735758205,-88.70606000000002,3.735046797081902,0.5282153836531415,0.6110604000000002,0.02154220023035059,0.0030465271729118617,-60.18485960000002,0.4716743348261771,0.06670482413344879
LEU  97,9.48876,0.06096115484485901,0.008621209195952592,-7.7395,0.10049303458448525,0.014211861243340751,-30.463100000000008,5.636974285022041,0.7971885484626551,-74.03844,5.226757469636456,0.7391751300794757,0.263540016,0.04209908771419789,0.005953710080895319,-102.48873998400002,0.5494356113143328,0.07770192931714819


