#Frame       SA_00001
       1    6089.1785
       2    6135.5335
       3    6122.7924
       4    6034.3411
       5    6078.7412
       6    6114.5250
       7    6031.8495
       8    6047.1527
       9    6085.5064
      10    6074.2754
      11    6072.5926
      12    6046.9591
      13    6042.7261
      14    6023.2518
      15    5997.6339
      16    6048.3960
      17    6079.8416
      18    6067.8844
      19    6089.0773
      20    6044.2725
      21    6078.2553
      22    6014.6431
      23    6077.2459
      24    6095.1497
      25    6033.7257
      26    5947.5760
      27    6090.3189
      28    6058.2739
      29    6076.9153
      30    6103.6127
      31    6098.1414
      32    5992.3520
      33    6025.9981
      34    5955.2705
      35    6026.9171
      36    6075.7145
      37    6109.7024
      38    6038.8903
      39    6071.3110
      40    6078.8267
      41    6079.0712
      42    6066.0982
      43    6078.1724
      44    6053.2250
      45    6111.4300
      46    6079.8669
      47    6068.8600
      48    6066.0127
      49    6112.6632
      50    6103.2052
