| Run on Mon Jun 20 15:45:54 2016
| GB non-polar solvation energies calculated with gbsa=2
idecomp = 2: Per-residue decomp adding 1-4 interactions to EEL and VDW.
Energy Decomposition Analysis (All units kcal/mol): Generalized Born Solvent

Total Energy Decomposition:
Residue,Internal,,,van der Waals,,,Electrostatic,,,Polar Solvation,,,Non-Polar Solv.,,,TOTAL,,
,Avg.,Std. Dev.,Std. Err. of Mean,Avg.,Std. Dev.,Std. Err. of Mean,Avg.,Std. Dev.,Std. Err. of Mean,Avg.,Std. Dev.,Std. Err. of Mean,Avg.,Std. Dev.,Std. Err. of Mean,Avg.,Std. Dev.,Std. Err. of Mean
ARG   1,7.767639999999999,0.021954279764941066,0.003104804019571286,-1.92134,0.04560772303020465,0.0064499060458271164,-270.33016,0.8376386896546674,0.11845999952780585,-34.526300000000006,0.8201204606636745,0.11598254782502389,1.557892512,0.008678963021201826,0.0012273907211918194,-297.452267488,0.02034808509789054,0.002877653791375867
MET   2,9.78756,0.018529069053388632,0.0026204060753449807,-4.2109,0.03691788184605255,0.005220976920077498,-4.5807,0.041787677609472364,0.005909670041539033,-3.6257800000000002,0.04079082740032804,0.005768694132996397,0.528452928,0.00767483709520658,0.0010853858709045274,-2.1013670719999995,0.031766498427759526,0.004492461290564112
LEU   3,12.242879999999998,0.015166594872227579,0.002144880416332248,0.50512,0.011839999999998036,0.0016744288578494668,-15.422100000000007,0.030008165550530458,0.004243795470349727,-6.696960000000001,0.03232148511416738,0.004570948260449561,1.216945152,0.004521551241454184,0.0006394439088629412,-8.154114847999999,0.016346692995473366,0.002311771493414771
PRO   4,18.31136,0.02259447720078378,0.0031953416092078105,-4.57864,0.02394974738910482,0.003387005757308166,-0.43629999999999997,0.022973245308401315,0.0032489075086865214,-4.41272,0.03318737109207765,0.004693403029792501,0.45422193599999977,0.003909292864862873,0.0005528574988777446,9.337921935999999,0.01765845396206659,0.0024972825083695487
ARG   5,12.917720000000005,0.04816805580358335,0.006811991779057164,-5.078880000000001,0.04704365632043982,0.006652977679198476,-240.29069999999996,0.3246326693803466,0.04590999238270671,32.73756000000001,0.30217922893449034,0.04273459638266006,0.664834896,0.005208056321386848,0.0007365303883308211,-199.049465104,0.06694548159495355,0.009467520801118172
LEU   6,12.394280000000004,0.011806845466983941,0.0016697400988251987,-3.52032,0.031817253181263695,0.004499639096640162,-31.386339999999997,0.045504993136500436,0.006435377844933352,-5.999340000000002,0.04348729009695766,0.006150031544597071,0.8701356959999998,0.004430314093522079,0.0006265410276631589,-27.641584304000002,0.03185579829545514,0.004505090198965438
CYS   7,10.643720000000005,0.024619536955746237,0.0034817283062161947,-5.473400000000001,0.04084213510572913,0.005775950138279643,-4.716579999999999,0.08550019649110013,0.01209155374632783,-1.2010800000000001,0.08529099366287067,0.01206196799863094,0.045356831999999986,0.0032614859296610224,0.000461243763521564,-0.7019831679999997,0.03707596547940227,0.005243333321904738
CYS   8,10.03984,0.021967576105876165,0.003106684406139321,-4.06808,0.04238907406392261,0.005994720343763696,4.164320000000001,0.06035675272904534,0.008535733829021524,-7.273360000000001,0.08130750518845568,0.011498617656023481,0.626606064,0.011052298304872773,0.0015630310158144243,3.489326064000001,0.04081582111944659,0.005772228778651556
LEU   9,13.38028,0.24647507297895535,0.034856839099373704,-7.4017,0.20665780894991712,0.029225827618728075,-33.74814,0.2890705803087682,0.04088075351557209,0.33965999999999996,0.12611004876694,0.017834654131773896,0.015786431999999996,0.00278452445156729,0.0003937912244165966,-27.414113568,0.20054442664419572,0.028361264801855787
GLU  10,15.658779999999997,0.13626639938049315,0.01927097900996421,-4.028520000000001,0.30947828615265727,0.04376683895370695,3.048379999999999,1.9903869461991577,0.28148322136852166,-76.8708,2.3221937903629337,0.32840779527898445,0.9427929119999999,0.06230375575586724,0.008811081637672823,-61.249367088,0.3339576631878054,0.04722874565386205
LYS  11,9.92668,0.10904044020444373,0.015420646938425682,-6.187499999999999,0.6203166368879695,0.08772602008526328,-3.178019999999999,1.0875219628127093,0.15379883091883423,-35.477720000000005,1.1423722692710396,0.16155583564820336,0.8037298080000003,0.08344835885629581,0.011801380085235052,-34.112830192,0.6730805886705469,0.0951879697067954
GLY  12,6.804739999999998,0.08308834093915536,0.011750465863123317,-1.4341600000000003,0.07363487217344533,0.01041354348912956,-4.25134,0.11540062564820631,0.01632011298980338,-2.931320000000001,0.1280592737758378,0.018110316176143906,0.15426388799999996,0.004797420288139712,0.0006784576835891021,-1.6578161120000003,0.14449647256421078,0.020434887121537872
PRO  13,18.3579,0.015316984035702098,0.002166148655794209,-0.9952400000000001,0.01895316332435691,0.002680382062317788,-5.34416,0.05858578667219201,0.008285281407411086,-5.49102,0.06181763178900712,0.008742333326980004,1.1808822239999999,0.004503622754514363,0.0006369084379246288,7.708362224,0.01892998137593733,0.0026771036397320674
ASN  14,18.5257,0.014811144453579879,0.002094612136051971,-1.7293599999999998,0.12104854563356078,0.017118849494052013,-86.14784000000002,0.23478231278896933,0.033203233095148256,-10.925699999999997,0.2649997169811196,0.037476619377973114,0.64121472,0.025943195900954112,0.003668921949443139,-79.63598528,0.05656960403521124,0.00800015012446715
GLY  15,5.55374,0.08851232908472588,0.01251753362288499,-3.3986799999999993,0.04810382105408701,0.006802907613665828,-11.943839999999998,0.44451912714752156,0.06286449783462753,-0.4908399999999999,0.27388124141678666,0.03873265660911995,0.06772060799999999,0.006110787529078142,0.0008641958600402682,-10.211899392,0.10418977699442135,0.014734659568613896
TYR  16,9.734059999999998,0.09879846355088655,0.013972212709528765,-11.59776,0.2642424311120687,0.03736952298331258,-31.82210000000001,0.7815055534028789,0.11052157526922424,0.6600400000000001,0.5958518594415895,0.0842661780787523,0.017314848000000004,0.007617285501863232,0.0010772468465202931,-33.00844515199999,1.3804715796826652,0.19522816304578358
GLY  17,7.217059999999999,0.06852485972265683,0.009690878597949513,-3.861859999999999,0.07423422660744539,0.010498305006052693,-15.242740000000001,0.6031351361013464,0.08529618894182665,-0.13902,0.5963151009323846,0.08433169031864593,0.0018290880000000008,0.0018447495761365548,0.0002608869869754334,-12.024730911999997,0.08238870310689786,0.01165152213201053
PHE  18,9.75372,0.09345994650129219,0.01321723238807913,-10.19652,0.10839875276049225,0.015329898629821611,-5.678460000000001,0.31947865092989713,0.04518110410337203,-1.2183,0.31129453898197496,0.04402369589209891,0.0,0.0,0.0,-7.339560000000001,0.1550523988849861,0.02192772053816303
HIE  19,30.197680000000002,0.19263316848449888,0.027242443943367976,-8.74238,0.30093686314571266,0.042558899327868285,-30.199460000000013,1.05003878423575,0.14849790896839535,1.92892,0.7920418130376706,0.11201162739644491,0.178977456,0.02225513191272684,0.0031473509383380576,-6.636262544000002,0.5811294648280424,0.08218411706544361
LEU  20,11.632380000000003,0.09233805066134496,0.013058572356836797,-9.5899,0.4262957776004908,0.06028732702649987,-34.19882000000001,1.0364832403852786,0.1465808655725274,1.7934400000000001,0.3682122844229921,0.05207308064633749,0.0,0.0,0.0,-30.362899999999996,0.5807452884011951,0.08212978631412446
HIE  21,28.601900000000004,0.24444445176689378,0.034569665893559705,-10.072300000000002,0.6540225454829027,0.09249275539196954,-20.606939999999994,5.236525212046658,0.740556497458503,-5.787040000000002,3.019120070219132,0.42696805497367074,0.28281268800000003,0.045440287601345726,0.006426227100395712,-7.581567312,2.188344842482595,0.30947869553881
GLY  22,5.253080000000001,0.24581056445968694,0.03476286340334751,-3.6576,0.37243232942374926,0.05266988513372705,-6.6726,2.530969087128485,0.3579330808964155,-5.3299400000000015,1.9819180347330165,0.28028553642312626,0.03226305599999999,0.016196777246800197,0.00229057020491608,-10.374796944,0.5488921022786831,0.07762506553219936
GLU  23,15.43426,0.1817229550718361,0.025699506765710724,-4.97632,0.4264630084778759,0.06031097704398443,-21.606979999999993,3.0047496301023613,0.42493576784263,-51.37388,2.021339730376923,0.28586060608626196,0.5478949439999999,0.031382081630052766,0.004438096545672019,-61.97502505600001,1.2572516400022091,0.177802232060694
LYS  24,9.864980000000001,0.21705211263657984,0.030695804143238383,-1.73754,0.2708359067775182,0.03830198125423814,33.85338000000001,1.3868091128918172,0.19612442558742085,-70.62704000000001,1.3912460596167309,0.19675190461081082,1.4776718400000002,0.06094611866582269,0.008619082759120648,-27.168548159999997,0.14901184097196143,0.021073456645673068
GLY  25,6.456880000000001,0.0756218592735777,0.01069454589965632,-1.43822,0.10479203977402211,0.014819832387716288,-5.4864999999999995,0.5911086955882225,0.08359539341375335,-5.708220000000001,0.31992907276455035,0.04524480337010759,0.5690432159999999,0.0416977987644241,0.005896959253375265,-5.607016784,0.33131491340977204,0.04685500439605672
LYS  26,9.84436,0.07416731355556185,0.010488842071505345,-4.830959999999999,0.268854976520824,0.03802183541072494,9.900379999999998,1.4977638116872867,0.2118157895719783,-45.91646000000001,1.1525505491729298,0.1629952617960916,0.841274928,0.0275706985161516,0.0038990855765641355,-30.161405072,0.4116307806647321,0.05821338327062889
LEU  27,11.052560000000003,0.09105913682833332,0.012877706628061635,-2.7833200000000007,0.08722624375724046,0.012335653691635097,-27.151119999999995,0.2273682158970705,0.032154721457421105,-6.9019,0.13410581642869837,0.018965426438658187,0.8772202080000002,0.015842100559543715,0.002240411346778512,-24.906559792,0.22961025352250639,0.032471793459145325
GLY  28,4.9826999999999995,0.026058587835781306,0.003685240833365248,-3.5946599999999984,0.03619094361868349,0.0051181723300622204,-7.073999999999999,0.2771665203447661,0.039197265210732656,-3.2211800000000004,0.2202106891138517,0.031142494312433433,0.006591456,0.002647368327993672,0.0003743944194045635,-8.900548544,0.10051314186093412,0.01421470484164639
GLN  29,18.994860000000003,0.058448271145980446,0.008265833775190558,-9.156699999999999,0.25171867233089606,0.03559839603129023,-78.86552000000002,0.2754292823851443,0.03895158266237601,-3.4463600000000008,0.3493360994801381,0.0494035849711328,0.073429488,0.023096703448385374,0.003266367126281603,-72.40029051200003,0.24370730813750033,0.03446541804174919
TYR  30,8.899899999999999,0.06614506784336215,0.009354325202817123,-9.055260000000002,0.19134950326555414,0.02706090626715015,-26.33264,0.6550535172028962,0.09263855681085333,-2.5780799999999995,0.13694244630501784,0.019366586482910557,0.18785807999999996,0.021657481180525573,0.0030628303612339333,-28.87822192,0.4690490122021465,0.06633354744739789
ILE  31,12.730520000000004,0.09812038320299739,0.013876317667092413,-8.558580000000001,0.18804585504595697,0.026593699855403746,-6.88048,0.5247111677866158,0.07420536498124566,-0.67682,0.4567223966481173,0.06459030075793117,0.0008557920000000004,0.0026269483962834137,0.0003715066049678255,-3.384504207999999,0.3261774413354264,0.04612845612767146
ARG  32,13.864100000000002,0.6308400827467716,0.089214260070905,-7.65848,0.3046434794969433,0.04308309403931071,-166.63082000000003,2.716981352086901,0.3842391876836085,-36.65212,2.968489573099441,0.4198078214040349,0.901170864,0.08442190044565889,0.011939059657156205,-196.176149136,0.9872488103891023,0.13961806570889726
LEU  33,11.7962,0.38181210038444946,0.0539963850641846,-4.743860000000001,0.2464527549044539,0.0348536828470091,-36.19865999999999,0.425304061114317,0.06014707713602228,0.77578,0.3339449230037793,0.04722694391975837,0.6119660160000001,0.03513580728261627,0.004968953518400329,-27.758573984000005,0.36611967277699853,0.051777140669283093
VAL  34,11.117840000000003,0.138220021704086,0.019547262928542197,-6.387839999999999,0.0356535327844242,0.005042170961024648,-28.962200000000006,0.22904078239369333,0.03239125807977059,-3.2353400000000003,0.28625587225417015,0.04048269368507876,0.12070036799999997,0.010956326223647238,0.0015494585139265921,-27.346839632,0.2406077338610785,0.034027072043819336
GLU  35,16.820939999999997,0.48862097417130174,0.06910144085330086,-4.285479999999999,0.14658652598384286,0.020730465310750668,-3.67014,1.4968157402967142,0.21168171203011377,-66.52825999999999,1.4152425772291162,0.20014552467652683,0.35679715200000006,0.019858844655640362,0.0028084647445067055,-57.30614284800001,0.6387091468666256,0.0903271137910531
PRO  36,17.88047999999999,0.027207528374616062,0.0038477255626032845,-1.6905000000000001,0.11552926036290903,0.01633830468561584,-8.335740000000001,0.4288196735225559,0.060644259810800134,-2.24074,0.4527007316097457,0.06402155143387249,0.9676869119999998,0.020987993724276472,0.002968150537187319,6.581186912000001,0.13526504397133382,0.019129365969925333
GLY  37,6.219459999999999,0.012847116408231066,0.0018168566261906297,-1.56162,0.04078131434860263,0.005767348784319434,-19.243399999999998,0.16736391486840718,0.02366883182587575,3.6322999999999994,0.17837054128978366,0.025225403861984217,0.32397868799999996,0.010994769938922925,0.0015548952762796807,-10.629281311999998,0.03636616685654459,0.0051429526380048305
SER  38,12.567020000000003,0.03419736247045761,0.004836237380310984,-4.8618,0.04538986671048023,0.00641909650962682,-5.776100000000001,0.23590991924881669,0.033362700730001825,-1.86232,0.25828932924145565,0.03652762724295162,0.0018908639999999993,0.0008647531397479881,0.0001222945618336321,0.06869086399999988,0.09155277288860633,0.012947517309193086
PRO  39,19.436919999999997,0.01974319123123278,0.002792108880373496,-7.9115,0.043899999999897084,0.006208397538803333,-8.13666,0.15182379391913736,0.02147112684513819,-1.3959200000000005,0.10512560867837666,0.0148670061545687,0.11935151999999999,0.0063031825013081045,0.000891404617946269,2.1121915200000005,0.04200384063447769,0.005940240109703646
ALA  40,9.495339999999999,0.029585543767620893,0.004184027724635226,-7.046099999999998,0.0323130004804034,0.004569748352035482,-8.084559999999998,0.07450078120425334,0.010536001518644563,-1.1439,0.07132664298844027,0.010087110587279605,0.0,0.0,0.0,-6.779220000000001,0.04968029387965227,0.00702585453872853
GLU  41,17.48204,0.029329820999562467,0.0041478630639556445,-5.871560000000001,0.06689100387939217,0.009459816488698772,10.55198,0.6989879681367889,0.09885182644746596,-85.70957999999999,0.6847871812483687,0.09684353190606858,0.585215712,0.010266855945313081,0.0014519526920792603,-62.961904287999985,0.045547211259228074,0.006441348389107288
LYS  42,11.213840000000003,0.05759665268000638,0.008145396736735769,-3.6446200000000015,0.03653868634739101,0.005167350578377701,-18.260879999999997,1.2505047083478613,0.1768480718356957,-24.768979999999992,1.24437201013216,0.1759807773366371,1.3241266559999998,0.006822748453512935,0.0009648823395618052,-34.13651334400001,0.04281702296671808,0.006055241457997299
ALA  43,7.328119999999999,0.017360460824100494,0.0024551399146489714,-3.9229200000000004,0.033505127965676174,0.004738340637810531,-8.594280000000001,0.07201695355948286,0.0101847352444614,-3.0126200000000005,0.05446719746779885,0.007702824936341463,0.176560704,0.0028281183687371655,0.0003999563353064573,-8.025139295999999,0.03030112062475105,0.004285225574262605
GLY  44,6.179779999999999,0.03565181061340449,0.005041927409263369,-2.0890399999999993,0.024352379760560913,0.0034439465733445305,-11.507920000000002,0.11714996201440815,0.01656750651122689,-1.2964799999999999,0.06842871911704548,0.00967728226311448,0.2746877760000001,0.0045747906710773036,0.0006469731012055435,-8.438972224,0.036395241639178316,0.005147064433197197
LEU  45,10.314439999999998,0.020802076820924473,0.0029418579165678385,-7.447039999999999,0.042058987148997966,0.005948039004578864,-27.565780000000004,0.08602053010541814,0.012165140031760545,-1.97804,0.06354587634142256,0.008986744015492338,0.0046619999999999995,0.00111297305627764,0.00015739815907436726,-26.671758000000004,0.06729415823669833,0.00951683112468199
LEU  46,10.770240000000003,0.02836234122807426,0.00401104076253962,-3.4843000000000006,0.0354091796006962,0.00500761420238093,-31.62634,0.1577047380381939,0.022302817938410994,-0.5152,0.11333278431239577,0.016027676063609483,0.870484464,0.007701927182997309,0.00108921698786048,-23.985115536,0.0485197554749886,0.006861729623575511
ALA  47,7.003679999999998,0.018925580572498046,0.00267648127214115,-3.4357000000000015,0.03441119004024974,0.004866477165231915,3.4994599999999996,0.15009706326241173,0.02122693025380751,-9.20212,0.17924482028774913,0.025349045583606292,0.4090271040000001,0.006635261938728716,0.0009383677423648147,-1.7256528959999997,0.12059212635340634,0.017054302060439716
GLY  48,6.142659999999999,0.023415046444746956,0.0033113876245757065,-2.6239800000000004,0.038641682157963354,0.005464759098070222,-10.599380000000002,0.1821452047130621,0.02575922188264362,-3.40892,0.17046311507185002,0.024107124921897583,0.21452745600000006,0.006280159994778759,0.0008881487438489067,-10.275092543999996,0.0982672931502318,0.013897093871075055
ASP  49,12.13762,0.04850603673734296,0.006859789501091801,-8.49716,0.06184540726701183,0.008746261372749569,13.000380000000005,0.7720753561666588,0.10918794398649266,-78.7089,0.6147912572553591,0.08694461340389353,0.014057567999999996,0.003944470216058939,0.0005578323275927284,-62.054002432000004,0.21733594156968297,0.030735943615897217
ARG  50,13.261759999999999,0.03853027900268427,0.005449004312761538,-8.646619999999999,0.043887989245710725,0.0062066989616568645,-192.54548000000003,0.6801061458267685,0.096181533528151,-12.411619999999996,0.6549512009303764,0.09262408710482843,0.44120001600000003,0.005898844707469806,0.0008342226187636552,-199.90075998400008,0.0808492565378434,0.011433811510359977
LEU  51,12.80752,0.03559844940410459,0.005034380994673713,-8.911620000000001,0.055798885293453275,0.007891154034730225,-32.74283999999999,0.06420634237451094,0.009080148017640371,-0.6443999999999999,0.06563169965801678,0.009281723977796495,0.0,0.0,0.0,-29.49134,0.0358779096367486,0.005073902639788623
VAL  52,12.57028,0.01836196067926182,0.0025967733824373554,-6.50714,0.023759638044628516,0.003360120235978941,-32.324540000000006,0.029451797898803554,0.004165113202475941,-0.41051999999999994,0.030978857306234897,0.004381072014929824,0.062355168000000016,0.0021672450461757693,0.0003064947337287677,-26.60956483200001,0.038919743007140926,0.005504082840477412
GLU  53,15.469240000000003,0.012266311590246996,0.0017347184211221587,-7.848159999999999,0.022194017211511,0.0031387080144060753,-4.3606799999999994,0.297952710341774,0.042136876391115914,-72.85278,0.2836835060415726,0.04011890616655418,0.3279454560000001,0.0035927940812675407,0.000508097811654234,-69.26443454400001,0.021865446228654023,0.003092241060390216
VAL  54,11.315199999999997,0.020093780133876925,0.002841689638467181,-6.833899999999997,0.06945278972105852,0.009822107716816764,-25.6431,0.060982374502207136,0.008624210108673655,-2.506279999999999,0.03606718175858902,0.005100669759957209,0.0011880000000000011,0.0003360171424198423,4.7519999999999274e-05,-23.66689199999999,0.052032380189416624,0.007358489774642614
ASN  55,17.3367,0.04199059418463495,0.005938366778801556,-4.5748200000000026,0.10190774062835396,0.014411930890741784,-89.74266,0.315463126843976,0.04461322324113748,-7.3478400000000015,0.1611373774143596,0.02278826645446194,0.4030686719999999,0.007484547158383554,0.0010584748099607031,-83.925551328,0.11838392053329176,0.016742014598507993
GLY  56,6.079960000000001,0.013918275755225149,0.0019683414337888037,-2.0784599999999993,0.020479462883624754,0.002896233416013854,-7.972060000000003,0.05879435687176676,0.008314777687905632,-6.537019999999997,0.06753265580471617,0.009550559774210371,0.335406096,0.0032264097986999915,0.0004562832495094975,-10.172173904,0.04464520014051216,0.006313784753357351
GLU  57,13.840679999999997,0.017684388595941604,0.002500950219465671,-3.4220800000000002,0.03688839383871584,0.005216806686087205,-6.790040000000001,0.46596866675775034,0.06589792081697196,-74.13484,0.455354910371124,0.06439690899400287,0.7083593280000001,0.004530716136189276,0.00064074002070615,-69.797920672,0.04088262696210149,0.005781676551524389
ASN  58,20.367380000000004,0.007152314301175215,0.0010114899887077033,-4.9394599999999995,0.020830948130032865,0.0029459409362582937,-92.50916000000002,0.09324362925818026,0.013186640510180725,-4.287119999999999,0.0807003444851006,0.011412752165901008,0.5694095520000002,0.0035034814133087246,0.0004954670930223257,-80.798950448,0.013668396599880646,0.0019330031847445508
VAL  59,12.93486,0.046138924998481566,0.006525029348616766,-6.7071000000000005,0.054723029886893,0.00773900510401923,-31.775879999999994,0.13944269647661217,0.01972017525310999,0.40757999999999994,0.09634190988349799,0.013624803558216938,0.0,0.0,0.0,-25.14054,0.05014666888095273,0.007091809923927619
GLU  60,16.758739999999996,0.04754610815026581,0.006724035098416386,-5.206,0.03481149235515116,0.0049230884615102085,-39.74303999999999,0.6370469043956247,0.09009203720640889,-38.67641999999999,0.5898730063332883,0.0834206405634327,0.38685225599999995,0.00336995820865383,0.0004765840603308787,-66.479867744,0.030112245398096437,0.00425851458354948
LYS  61,9.462680000000006,0.020203405650881943,0.002857193027760247,-1.9195799999999996,0.08580281813555292,0.012134350909713109,8.160980000000002,0.6314062239160917,0.08929432452289202,-50.56304,0.6199985470940114,0.08768103539519649,1.3177166399999998,0.006952174000143439,0.0009831858758980463,-33.541243359999996,0.09655549765890901,0.013655009431091275
GLU  62,15.790500000000002,0.04970804763802018,0.007029779512877602,-4.7075,0.08173524331647515,0.011559108962202403,-46.97216,0.7801301265812678,0.11032706054270683,-39.699160000000006,0.7776084197070293,0.10997043733651908,0.29326104,0.004469799026892756,0.0006321250404913799,-75.29505895999996,0.09048120651938213,0.01279597493995911
THR  63,14.670140000000002,0.034108655791298334,0.004823692361436972,-3.7967199999999997,0.08341343776636971,0.011796441497336416,-28.160959999999996,0.3087306891127844,0.04366111276640913,-7.93856,0.25726462329669464,0.03638271193849908,0.5415782399999999,0.011584963956586354,0.0016383613147007894,-24.684521760000003,0.109824254287012,0.015531494989020388
HIE  64,30.72041999999998,0.06771590360848301,0.009576474927146587,-10.819160000000004,0.27554450529803115,0.03896787764298608,-13.556080000000001,1.0970379727247017,0.15514459794655586,-9.015320000000001,0.6979075423005435,0.09869903116039032,0.061700976,0.017337467965012163,0.0024518882333329265,-2.608439024,0.5766767820579569,0.08155441262920361
GLN  65,20.264620000000004,0.2930270902150442,0.04144028851248399,-3.0170200000000005,0.5491833387858711,0.0776662525940317,-73.97264000000001,0.7424332632621691,0.1049959190062274,-14.709880000000004,1.2206580952911468,0.17262712333812497,0.8154329759999998,0.06497461839088607,0.00918879865384074,-70.619487024,0.8033522218608624,0.11361116075181912
GLN  66,20.96938,0.05119448798428655,0.007239993922612449,-6.20438,0.05163250526555881,0.007301938920585352,-74.18088,0.4440836245583883,0.06280290846782743,-10.006760000000003,0.2825556624807869,0.03995940500056435,0.6916895999999998,0.008980020575490527,0.0012699666888248149,-68.7309504,0.13931301390197684,0.019701835367524716
VAL  67,12.79336,0.05720481098660839,0.008089981953025101,-7.085680000000001,0.07325692868230778,0.010360094208031825,-27.813900000000004,0.28955788713088615,0.04094966910725971,-0.9460999999999999,0.174423306928862,0.024667180625276165,0.0,0.0,0.0,-23.052319999999998,0.17713920401791175,0.025051266475010544
VAL  68,12.971680000000003,0.08738041885861868,0.012357457343570029,-5.360500000000001,0.21333881503371752,0.030170664560128846,-30.791380000000004,0.21087047114224458,0.029821588019336664,-2.0372600000000003,0.23164557496312868,0.032759631377657,0.09290275199999998,0.023397125510782373,0.003308853221789396,-25.124557248000002,0.24897562007174986,0.03521046986057196
SER  69,14.16798,0.1414750140479959,0.020007588360359995,-3.1632600000000006,0.3817050594372542,0.05398124718825932,-10.3264,1.1675053404588782,0.16511018866199634,-4.604219999999999,0.5058781786161552,0.07154197811075658,0.43446484800000007,0.011299459842274859,0.0015979849356435258,-3.4914351519999993,0.41978164862119965,0.05936609007154376
ARG  70,13.990340000000002,0.09763352088270826,0.013807464937456281,-7.161600000000001,0.1824778342702824,0.025806262805750334,-205.75152000000006,0.8447375507041447,0.11946393008516314,-3.01256,0.6777670148362189,0.09585073045105075,0.6782771519999998,0.011481466165517658,0.0016237245167202885,-201.25706284799995,0.15488483684804016,0.02190402368764425
ILE  71,13.858099999999995,0.061805582273006594,0.008740629268085207,-7.74966,0.06127433720556915,0.008665499870153822,-8.447500000000002,0.5829291294831324,0.08243862808173878,-1.5897000000000003,0.5655769532079601,0.07998465977923505,0.0027514080000000003,0.0017997436675082357,0.0002545221903385241,-3.9260085919999996,0.09169667632706266,0.012967868328626793
ARG  72,12.650319999999997,0.14895052064378514,0.021064784641697462,-2.9815399999999994,0.26505495354738673,0.0374844310080885,-153.57446,2.630412235448557,0.371996465800348,-55.802180000000014,2.9130214258734815,0.4119634407953689,1.4744782079999998,0.07881119949694146,0.011145586719546624,-198.23338179199996,0.22100646759748865,0.031255034384853844
ALA  73,8.39604,0.02914375404837157,0.004121549223367287,-1.9231599999999998,0.2332049193306208,0.032980155972948746,-10.747940000000002,0.18015786521818788,0.02547816963597454,-2.908760000000001,0.32184018145655907,0.04551507495324837,0.5675559840000001,0.014775280976538928,0.0020895402744894537,-6.616264016,0.12580547634226605,0.01779158108640402
ALA  74,8.45158,0.7634784106967267,0.10797215229863667,-3.5653799999999993,0.07366488715801792,0.010417788248955258,-0.5073599999999999,1.7758287728269302,0.25114011349842147,-3.4134200000000003,1.045533454079781,0.14786075906744137,0.0861984,0.007751443224587177,0.0010962196136176223,1.0516183999999997,0.07428336379072074,0.010505254053153175
LEU  75,12.49258,0.4849633012919378,0.0685841677940288,-1.13766,0.6405696405544055,0.09059022733164987,-24.126539999999995,1.2524033728796413,0.1771165835488197,-6.091899999999999,0.8734708524043685,0.12352743258078458,1.093033152,0.11709459483238573,0.01655967640925424,-17.770486848,0.6895923716928399,0.09752308845570426
ASN  76,19.436760000000007,0.5721249360058834,0.08091068438713594,-2.776560000000001,0.20550875017866446,0.02906332616890115,-81.91561999999998,2.5855680759954227,0.3656545439511636,-17.44376,1.265375352375704,0.17895109848223548,0.8141781599999999,0.10064195659201428,0.01423292199561909,-81.88500184,1.0314508714215942,0.1458691811285966
ALA  77,7.712499999999999,0.5812176270554738,0.08219658508721585,-3.1030199999999994,0.18140942533397503,0.02565516696496168,-3.7036000000000007,0.5020955685922669,0.07100703627106145,-1.8171000000000004,0.5100778862095455,0.07213590645441395,0.3831894720000002,0.025941752574803,0.003668717832301356,-0.528030528,0.7570025993656376,0.10705633427745712
VAL  78,11.037160000000002,0.11080548000887441,0.015670261261381106,-7.296920000000001,0.2812455752540673,0.03977413068817249,-20.692360000000004,0.2302569660180384,0.03256325241735908,-1.6671000000000005,0.11391931355129518,0.016110623824047477,0.0011276640000000004,0.0012335790824685704,0.0001744544268686811,-18.618092336,0.06954813643423678,0.009835591778307205
ARG  79,12.635300000000003,0.04912687655397074,0.006947589509965424,-7.0766399999999985,0.028122418104271393,0.003977110508978727,-179.68291999999997,0.37031261606576293,0.05237011239580628,-24.775519999999997,0.36858444025771375,0.05212571142921546,0.8421307200000002,0.005600802945796989,0.0007920731486125283,-198.05764928000005,0.05585333465705578,0.00789885433757715
LEU  80,11.277940000000001,0.041990194093265744,0.005938310197337504,-7.7812,0.11648690913574439,0.01647373667386921,-35.05873999999999,0.059470937447100414,0.008410460630473137,-0.05640000000000001,0.04748557675757976,0.006715474666767791,0.0013608000000000003,5.0409313045933295e-11,7.128953417946986e-12,-31.61703919999999,0.08127090500578273,0.01149344160855134
LEU  81,13.658340000000003,0.027026364904686934,0.00382210517898525,-7.14306,0.019339503613309855,0.0027350188299506274,-35.580079999999995,0.031416454294897644,0.004442957574551872,1.05802,0.0338464119220955,0.004786605477789386,0.24634324800000001,0.002105574288048854,0.00029777317147427633,-27.76043675200001,0.04087648945010047,0.005780808576253282
VAL  82,11.992220000000001,0.010080257934700016,0.0014255637483471767,-6.6051,0.021399299053682777,0.003026317894699592,-32.61997999999999,0.02706472982766662,0.003827530798424977,0.6104400000000002,0.03618461551543279,0.005117277401118097,0.0,0.0,0.0,-26.622419999999998,0.021268841057932676,0.003007868348008612
VAL  83,11.362300000000005,0.0302273055352134,0.0042747865441894115,-4.98586,0.03017019058612663,0.004266709270628136,-31.99829999999999,0.05476431320306268,0.007744843446581919,-0.6998000000000002,0.040432165413192195,0.005717971668344877,0.227696256,0.002646237046689577,0.0003742344320682525,-26.09396374400001,0.029360581124042773,0.004152213202477678
ASP  84,13.992539999999995,0.030309872981624023,0.004286463344441853,-3.8931400000000003,0.04127566353187794,0.005837260316273035,11.447179999999998,0.3607231453622759,0.0510139564433212,-81.76515999999998,0.3516906231420883,0.04973656490069864,0.380544192,0.00424152990228202,0.0005998429113018261,-59.83803580799999,0.04819757901700883,0.006816166991940279
PRO  85,18.044200000000004,0.011417530371618603,0.001614682630034975,-3.7475599999999996,0.034308109828494554,0.004851899421884268,-4.538540000000001,0.07222969195553246,0.010214820996954484,-7.501559999999997,0.07436186119272005,0.010516355262205023,0.62742312,0.006072134801673531,0.0008587295389084371,2.8839631199999998,0.03584810460058367,0.005069687571151477
GLU  86,14.624440000000007,0.009962248733457706,0.0014088747270590077,-2.22674,0.017610008517917213,0.0024904312879544246,-3.39478,0.4566056193259099,0.06457378595064683,-76.61772,0.44037456965630395,0.06227836889321603,0.7342102079999999,0.004672220138843711,0.0006607517086745481,-66.880589792,0.029568872649496442,0.004181670072500074
THR  87,13.215660000000005,0.009896686308921153,0.001399602800062842,-1.9583599999999999,0.014048145785140943,0.0019867078295540755,-31.234800000000003,0.07656082549021924,0.01082733577547478,-8.6936,0.0636484092495621,0.009001244358420386,0.5665309919999999,0.0040580549045092715,0.0005738956282811666,-28.10456900800001,0.011333613358013691,0.0016028149721595837
ASP  88,12.78586,0.018294272327357523,0.0025872008039095813,0.15753999999999996,0.009780000000000464,0.0013831008640009526,-14.363800000000003,0.5055287133288984,0.07149255625587485,-70.82810000000002,0.49059418055794846,0.06938049437663657,0.9452424960000003,0.0028605847150160006,0.0004045477700292803,-71.303257504,0.016205366572870233,0.0022917849190580686
GLU  89,14.986020000000003,0.011225845173577711,0.001587574249357415,-1.4708399999999997,0.02137415261481038,0.003022761651209719,22.136980000000005,0.8024422095078366,0.11348246557066151,-102.36841999999999,0.8065905799136841,0.11406913373963118,1.002185424,0.004909770770459974,0.0006943464411727496,-65.71407457599999,0.012984123782452617,0.001836232394867554
GLN  90,19.66296000000001,0.0074644758351979,0.0010556362962143107,-1.3905200000000004,0.005967377983618561,0.0008439146876239982,-66.63093999999998,0.04463514760838677,0.006312363110630559,-10.641480000000001,0.05834457643992168,0.008251169129225099,1.2496943520000003,0.00458308083319555,0.0006481455071757331,-57.75028564800001,0.02009338215021986,0.002841633355078639
LEU  91,8.34692,0.006907503164588609,0.0009768684657496284,0.046820000000000014,0.009352411453737395,0.0013226307118768897,-6.601400000000001,0.4881369889692698,0.06903299500963073,-100.55252,0.4808166486278402,0.06799774255042705,1.488106368,0.007521494556084484,0.001063699961053008,-97.27207363199997,0.012801794737285477,0.0018104471740185634
TYR  92,5.136060000000001,0.7116780286056272,0.10064647200970255,-2.2155600000000004,0.5242534562594694,0.07414063479631118,-39.23949999999999,2.5777824753070466,0.3645534937426913,-81.85578,1.9536208771410246,0.2762837140188059,1.3268874239999997,0.11493463702301163,0.016254212246437187,-116.84789257599998,0.4194224282254859,0.05931528863599382
MET  93,10.80722,0.36314169631150794,0.05135599119869062,-4.42604,0.4078771364026173,0.05768253780824822,-1.3084,1.2730333067127502,0.18003409677058393,-5.092320000000002,0.7883769768327734,0.11149334128996075,0.7257139200000001,0.06696000247741661,0.009469574364009862,0.7061739199999999,1.0466845651854126,0.14802355076117965
GLN  94,18.617460000000005,0.1961506777959761,0.02773989488077445,-4.010699999999999,0.36935507306656024,0.052234695366203496,-78.77930000000002,3.167624764708887,0.4479697902760192,-5.810339999999999,2.4821630454907706,0.35103086429543534,0.7111945439999999,0.05105455240183661,0.007220204042756521,-69.27168545600001,0.7555605173093565,0.10685239307725235
THR  95,14.353479999999998,0.32909781160014356,0.04654145885122287,-3.9970400000000006,0.17786196445558128,0.02515348023634044,-36.696920000000006,1.108686625516647,0.15679196622273028,-2.5734200000000005,0.7611548354966942,0.10764354914252869,0.35915846400000007,0.0331779644867478,0.004692072734909164,-28.554741536,0.3460827517493764,0.04894349212273691
VAL  96,12.042780000000002,0.179732611397923,0.02541802966396758,-3.0190599999999996,0.3734462429855234,0.052813274164740555,-20.376040000000003,0.97901556596406,0.13845370911607452,-0.30774,0.7145454166111487,0.10105198191030199,0.6250716000000001,0.021565694866280072,0.003049849816189311,-11.0349884,0.3501540376849699,0.04951925890137842
LEU  97,10.329539999999998,0.2812365701683592,0.03977285717673861,-8.34694,0.16079905596736832,0.022740420576584264,-55.78634000000001,2.208427355472335,0.31231879176247246,-47.112519999999975,2.2225774428808047,0.31431991631465467,0.19036209599999998,0.025416163078049014,0.0035943882528463224,-100.72589790399998,0.3059042114518889,0.043261388462230835


