#Frame       SA_00001
       1    5038.1357
       2    5037.6197
       3    5045.2137
       4    4984.2440
       5    5090.8005
       6    5006.5169
       7    5110.2113
       8    5072.6149
       9    5039.8352
      10    5023.5168
      11    5162.3409
      12    4989.1983
      13    5175.5497
      14    5092.4962
      15    4930.3774
      16    5157.1035
      17    5158.2143
      18    4987.4149
      19    4987.8091
      20    5077.6138
      21    4944.8593
      22    5261.6208
      23    4933.3552
      24    5145.4684
      25    5141.5090
      26    5081.6821
      27    5106.4317
      28    5023.7826
      29    5043.4378
      30    5190.6800
      31    5006.3757
      32    5030.0375
      33    5095.1434
      34    4932.4362
      35    5024.2513
      36    4965.0961
      37    4935.9686
      38    4957.4020
      39    4968.8170
      40    4851.1434
      41    5149.9519
      42    5142.1655
      43    5082.5657
      44    5037.7485
      45    4904.1710
      46    4993.0694
      47    4948.8411
      48    4955.1046
      49    4961.6592
      50    5132.1814
