| Run on Mon Jun 20 15:45:38 2016
| GB non-polar solvation energies calculated with gbsa=2
idecomp = 2: Per-residue decomp adding 1-4 interactions to EEL and VDW.
Energy Decomposition Analysis (All units kcal/mol): Generalized Born Solvent

Total Energy Decomposition:
Residue,Internal,,,van der Waals,,,Electrostatic,,,Polar Solvation,,,Non-Polar Solv.,,,TOTAL,,
,Avg.,Std. Dev.,Std. Err. of Mean,Avg.,Std. Dev.,Std. Err. of Mean,Avg.,Std. Dev.,Std. Err. of Mean,Avg.,Std. Dev.,Std. Err. of Mean,Avg.,Std. Dev.,Std. Err. of Mean,Avg.,Std. Dev.,Std. Err. of Mean
SER   1,4.375640000000001,0.027291581119368417,0.003859612415761631,-1.2330999999999996,0.06631236687074607,0.009377984858166941,-104.03878,0.9429271507381782,0.13335003649037513,-10.690620000000001,0.9074120759610552,0.12832744644852495,0.9640740959999999,0.005101810807988851,0.0007215050037319471,-110.62278590400001,0.05485774386146037,0.007758056537006665
ILE   2,11.834919999999997,0.05008745950874212,0.007083436454207634,-2.8866400000000003,0.040715481085205334,0.00575803855492426,-5.221619999999999,0.06305200710536106,0.008916900358324636,-2.4662200000000007,0.04178530363651117,0.00590933431106319,0.349811712,0.0045499857441845355,0.000643465154803001,1.6102517120000004,0.09300154527593414,0.01315240466508815
HIE   3,29.357459999999982,0.2329854252971151,0.032949114829044376,-6.0263599999999995,0.12736950341437378,0.018012767916133363,-29.60882,2.8593301641468027,0.40437034974388963,-1.6070000000000004,1.6333463809002662,0.23099006039221676,0.7929036000000004,0.03281514022636784,0.004640761635930432,-7.0918164,1.03829373606705,0.1468369083273053
THR   4,14.380319999999994,0.06440914220979431,0.00910882824539085,-4.36468,0.23816082297473634,0.03368102658768099,-25.062239999999992,0.43691393019736496,0.06178896056748453,-7.0116200000000015,0.6709050272579502,0.09488029886124842,0.08180495999999998,0.01239428896303474,0.0017528171547494893,-21.976415040000006,0.08202862030480894,0.011600598733781385
LYS   5,9.21144,0.05507092154680603,0.007788204414387779,-4.556539999999999,0.20581615194148678,0.02910679934310922,-12.206199999999999,1.9957882051961515,0.2822470747412655,-23.130859999999995,1.8350082616708308,0.2595093570721566,1.071620928,0.021336929263220936,0.0030174974743442415,-29.61053907199999,0.43301297948203965,0.06123728282670832
LEU   6,10.98866,0.050453784793857,0.0071352426728526,-7.588039999999998,0.07541059872483859,0.010664669146334195,-28.472099999999998,0.1895271220702353,0.02680318264692679,-1.6881,0.11944040354921616,0.016891423859461706,0.042357744,0.004518551466838016,0.0006390196766683164,-26.717222256000003,0.14984005398469982,0.02119058365318792
ARG   7,12.252879999999996,0.0859389643880934,0.012153604897394012,-6.2007,0.09034074385345627,0.012776110519243168,-148.89582000000001,1.4155983002243273,0.2001958315049544,-47.44934,1.4535384358180967,0.20556137693645268,1.2127950719999996,0.024604790256928,0.0034796428080692966,-189.08018492800005,0.21806262198486576,0.03083871174576346
LYS   8,13.398599999999998,0.5892117785652216,0.08332712883569092,-9.2545,0.4631034981513299,0.06549272478680343,-39.877059999999986,10.42887323426652,1.4748653968169476,-2.8065000000000015,8.475859843697274,1.1986675943730185,0.16934889600000003,0.03934645951080688,0.005564429667154694,-38.370111104,1.6267781364587868,0.23006117035520457
SER   9,11.818419999999998,0.29175079023041756,0.041259792437692434,-3.7653999999999996,0.21227840210441642,0.030020699525495506,-15.488720000000002,1.5858520238659901,0.22427334400681043,-5.04058,1.101803595746533,0.155818558817619,0.27921326399999996,0.042073226211022996,0.00595005271204199,-12.197066736,0.775928771895744,0.10973289926504608
SER  10,11.9836,0.06490731853973039,0.009179281017615734,-1.4194199999999995,0.1503692907478173,0.021265429033998636,-1.1422400000000004,0.14802412776300816,0.020933772904089393,-10.615099999999993,0.16028739813263992,0.02266806123166753,0.8017362720000001,0.025130018634281742,0.0035539213175289843,-0.39142372799999997,0.3025386279131967,0.04278542307365902
ARG  11,11.737619999999993,0.42673012033387847,0.06034875236492738,-4.23564,0.6409133095825046,0.0906388294717004,-176.56865999999994,2.9402872554266137,0.4158194113897082,-30.592299999999987,2.781578575198033,0.3933746145851488,0.9079512479999999,0.08610993112630334,0.012177783245383132,-198.751028752,1.125759133733184,0.15920638348908556
GLY  12,5.354840000000001,0.30660034964102256,0.0433598372690667,-3.5471999999999997,0.367924666202197,0.05203240528747409,-18.52749999999999,2.03252978575971,0.2874431188948663,2.1173399999999996,0.7240593514346741,0.10239745547619833,0.05740689600000002,0.012172118699009667,0.0017213975346954623,-14.545113104,1.72520273499361,0.24398051056711198
PHE  13,8.60186,0.509678330322166,0.07207940071892814,-10.316439999999998,0.32105053558593794,0.04540340216327794,-10.502599999999997,0.6895371491080342,0.0975152788028661,-0.81266,0.38030795994825023,0.05378366748372593,3.8304000000000005e-05,0.0001876505102151337,2.653778965324731e-05,-13.029801696,0.7708748488486599,0.10901816661340843
GLY  14,5.860240000000001,0.2530793203720816,0.03579082072263633,-4.47822,0.15153722842917175,0.021430600364896444,-9.96118,0.9402768037125933,0.1329752208195174,-1.7872400000000002,0.49952607779774627,0.07064365539806106,0.0,0.0,0.0,-10.366399999999999,0.39478541006481677,0.05583108811406876
PHE  15,9.145679999999997,0.08775088375649698,0.012409848991866295,-10.63624,0.16841479269937254,0.023817448393970594,-9.514479999999999,0.39303039271795426,0.055582891180655465,-0.060100000000000035,0.48603288983359966,0.0687354304562065,0.0,0.0,0.0,-11.065140000000001,0.3990201503683714,0.05642997083111025
THR  16,14.893879999999998,0.29870544956542017,0.042243329793016975,-5.281819999999999,0.42293023963771686,0.05981136808333623,-38.82596,1.477886165575563,0.20900466590005307,-1.77068,0.5137863151155344,0.07266035749980855,0.08307705599999995,0.01576778269921524,0.0022299012141782037,-30.901502943999994,1.2495863058743795,0.1767181901123242
VAL  17,11.954300000000003,0.20961939318657877,0.029644658878087805,-7.435879999999998,0.4875744718502252,0.06895344307574873,-29.651239999999994,0.3369831188660089,0.04765660969910945,1.5227999999999997,0.5756430143760981,0.08140821580160085,1.9152000000000002e-05,0.000134064,1.895951270259866e-05,-23.610000847999995,0.23168153432576188,0.03276471679949002
VAL  18,9.93444,0.08833689150090918,0.012492723001846635,-4.870180000000001,0.33167005834110064,0.04690522947390602,-25.96936,0.7442088352069128,0.10524702279874998,-4.045639999999999,0.6276143006656318,0.0887580655940642,0.18230572799999994,0.06018190522822318,0.008511006658320549,-24.768434271999993,0.5823144794377464,0.08235170343870897
GLY  19,4.898479999999998,0.1613896204841323,0.022823939011490657,-3.714559999999999,0.42239475186134484,0.0597356386757532,-10.373899999999999,1.6892647305854689,0.23889810924325025,0.9990199999999997,1.2949598988385704,0.18313498516667975,0.059209631999999984,0.038709537549774194,0.005474355299608125,-8.131750368,0.5704680225698524,0.08067636144184462
GLY  20,6.8755,0.23580706096297757,0.03334815437171821,-4.135019999999999,0.16586675254556507,0.02345710109967202,-18.003839999999997,0.6968463922558812,0.09854896188190289,3.101419999999999,0.7402159979357423,0.10468235033662616,0.002861567999999999,0.0012295425981136273,0.00017388358177677435,-12.159078431999996,0.17909866434703423,0.02532837601224825
ASP  21,15.144399999999997,1.3119746339011589,0.1855412320752495,-3.69944,0.5522154347716147,0.07809505572057727,-31.354440000000004,6.428135412886073,0.9090756281674259,-51.75989999999999,8.240325855814291,1.1653580583666252,0.519577344,0.0589039843510374,0.008330281354704963,-71.149802656,1.1978975282352018,0.16940829307634298
GLU  22,15.991739999999995,0.42447434834180553,0.060029738030446284,-2.1737200000000003,0.3320973977615592,0.046965664394320934,44.38399999999999,7.45068353105946,1.053685769857415,-113.85711999999995,7.647752850714454,1.0815555803157881,0.7652226240000001,0.030443570224075064,0.004305370989794468,-54.889877375999994,0.47540449241926785,0.06723234807924258
PRO  23,18.76574,0.042464483982928666,0.0060053849167832785,-3.6452999999999998,0.13617389617691691,0.019257897081458166,-6.402640000000002,0.35784514863272665,0.0506069462425818,-6.407540000000001,0.3596440023133911,0.05086134256977384,0.6234390719999999,0.02956173062900895,0.0041806600382764585,2.9336990719999996,0.18926297083251165,0.026765826020636145
ASP  24,12.42218,0.07283562040612637,0.010300512220220246,-1.2237000000000002,0.07236580684273158,0.010234070548906272,40.24626,2.569166789525302,0.3633350517745225,-122.63802000000001,2.5635171034337647,0.3625360655051422,1.009765584,0.014967145140737576,0.0021166739648037646,-70.18351441600001,0.08955929092686746,0.012665596386529364
GLU  25,14.008600000000001,0.5518951712054093,0.0780497636126911,-4.61166,0.28095370508325235,0.03973285401277062,35.28362,14.622045228886423,2.0678694672323985,-114.42547999999996,15.161802571251311,2.144202682628687,0.5011999199999999,0.08669341205730519,0.01226029990998402,-69.24372008000002,0.800265894567505,0.11317468816020028
PHE  26,9.5936,0.1443574729620943,0.020415229609290115,-2.7749599999999996,0.1800836427885732,0.0254676729993152,-3.3476200000000005,0.8502155230293031,0.1202386323608175,-3.2815600000000007,0.7994516660811929,0.11305953886337898,0.7488178559999998,0.032262574030653,0.004562616975121549,0.938277856,0.21012648607817894,0.029716372642556197
LEU  27,12.654399999999999,0.09142450437395541,0.012929377401888608,-7.9019600000000025,0.13927253282661978,0.019696110478945778,-28.070119999999996,0.16026248968485882,0.022664538645200558,-3.3972000000000007,0.1198393925218018,0.016947849421088495,0.012242880000000003,0.004777601002009255,0.0006756548132648777,-26.702637119999995,0.1411449558868698,0.019960911087576347
GLN  28,20.83688,0.09256125323214714,0.013090137967115298,-6.913740000000001,0.08647607992966136,0.012229564505738689,-86.84376,3.636975257325794,0.5143459734925515,-0.5618799999999999,2.8494357381067568,0.4029710665941166,0.3885151679999999,0.06326853564701367,0.008947522118349234,-73.09398483199999,0.9071384287598091,0.12828874689019418
ILE  29,13.586899999999998,0.09129101817829836,0.01291049960305983,-8.5666,0.17826014697632622,0.02520979174845418,-8.061579999999998,0.3759597366740749,0.05316873585106942,-0.7086599999999998,0.36704242861009967,0.05190763805067614,0.004947983999999998,0.0012449358331030607,0.00017606051394585963,-3.7449920160000003,0.24117368830603994,0.03410711008899432
LYS  30,12.26702,0.5276931869940388,0.07462708618188513,-5.124979999999999,0.517616247426609,0.07320199172153781,-21.097059999999995,3.9154580187252934,0.5537293832983797,-21.1891,3.44421180097858,0.4870851040629371,0.79231104,0.03829823556023272,0.005416188414424066,-34.35180896,0.6462343715470154,0.09139134127134428
SER  31,10.71602,0.1597713979408747,0.02259508778472938,-3.2688400000000013,0.4439482113940675,0.0627837581544768,-14.69436,1.8071673055918103,0.25557205130451816,-5.91146,0.599615617208233,0.08479845380665972,0.35683502399999995,0.02106719065377886,0.0029793506743673774,-12.801804975999998,1.174137342791219,0.16604809542640495
LEU  32,10.70788,0.058458751269640424,0.008267315888492088,-5.563599999999999,0.07793202165993986,0.011021252197464075,-26.854580000000006,0.2930053985844139,0.04143722085266126,-3.337399999999999,0.2540980912954859,0.0359348966883193,0.42741403199999994,0.01026096151216954,0.0014511190933498505,-24.620285968000005,0.12313689195379178,0.017414186262952276
VAL  33,11.099479999999998,0.046055288513554435,0.00651320136348745,-3.7542399999999994,0.147906667868645,0.020917161566525063,-24.810579999999995,0.4154457890028099,0.05875290692385649,-3.9295600000000004,0.38820490259654755,0.054900463823176385,0.25672204800000004,0.03508351861255737,0.004961558783764754,-21.138177952,0.17689507811287425,0.02501674185842748
LEU  34,12.6953,0.13684535066998346,0.019352855086519273,-0.7297000000000001,0.14672399258471547,0.020749906023883404,-36.139720000000004,2.1574828299663635,0.30511414787255176,1.9846399999999995,1.4148931091782169,0.20009610243080705,1.133167536,0.05567798021028174,0.007874055473892123,-21.056312463999994,0.8024119568072032,0.1134781871927081
ASP  35,12.239140000000004,0.14786615704714784,0.020911432471206647,-3.18392,0.3148295945428234,0.044523628243888336,-15.763460000000002,2.867116469277103,0.4054714995754942,-65.51236,2.5295747370656274,0.3577358900194566,0.656064432,0.031085419964257652,0.0043961422505516545,-71.564535568,0.7957226981382197,0.11253218315951827
GLY  36,6.456680000000001,0.08615763227932104,0.012184529207136975,-2.3954400000000002,0.17348777017415454,0.024534875748615587,1.78014,0.4362699169092451,0.061697883334843766,-4.567460000000001,0.4180488110256844,0.059121029828647,0.00026769599999999994,0.0013518246408406678,0.00019117687410270104,1.2741876960000003,0.25492186414903484,0.036051395762499674
PRO  37,20.227780000000003,0.16284486973768617,0.023029742334591576,-7.459160000000002,0.2885614222309897,0.04080874768967347,-5.737359999999999,0.30144045912920736,0.04263011855484977,-5.23794,0.30451833508018883,0.04306539594616777,0.13789483200000002,0.015919333735774668,0.0022513337673076084,1.9312148320000007,0.32589259106354507,0.046088172215897436
ALA  38,9.524440000000004,0.043608329478811735,0.006167149098137,-6.0552,0.038725702059419095,0.005476641306485018,-3.787199999999999,0.2255343876219534,0.03189537897564772,-3.95272,0.16280884988231,0.023024648357792808,1.9152000000000002e-05,0.000134064,1.895951270259866e-05,-4.270660848,0.11864787574949916,0.016779343503169956
ALA  39,8.75484,0.0226710035068489,0.0032061640631993716,-4.069380000000001,0.04935823740769177,0.006980308875678873,1.9908800000000002,0.21000329902170345,0.029698951361958555,-6.80472,0.1844032581056871,0.026078558855884906,0.29666361599999985,0.007651594444441875,0.0010820988637108328,0.1682836159999999,0.05301844869196124,0.007497940919615366
LEU  40,12.089659999999999,0.031134938574937154,0.0044031452396329366,-3.18478,0.1331889319725925,0.018835759395362785,-27.89182,0.2625335551886766,0.037127851432585186,-6.8378999999999985,0.2738301846035511,0.038725436085347016,0.9262144799999997,0.025647529427135572,0.003627108395721818,-24.898625519999996,0.15083968526993421,0.021331952865283013
ASP  41,16.88868,0.04791510826529216,0.006776219595135136,-4.683699999999999,0.05904989415750049,0.008350916117423298,-7.741160000000004,1.113542587600459,0.15747870296645994,-74.86858000000001,1.0881193333450416,0.15388331186969287,0.38900908800000006,0.006412855160958083,0.0009069146742161218,-70.01575091199999,0.09011563965806597,0.012744275978636364
GLY  42,7.118420000000001,0.03754894938601598,0.00531022334745647,-2.1809600000000002,0.03696644965367345,0.005227845445300719,-0.9920600000000003,0.070225753110944,0.009931421247736157,-6.876519999999998,0.05798663294252849,0.008200548274367428,0.3543683040000001,0.0052434807001782435,0.0007415401520233644,-2.576751696,0.03749020035705414,0.005301914980103061
LYS  43,10.431760000000002,0.037488430214179184,0.005301664644096951,-2.45618,0.09607677971289987,0.013587308489911522,-29.590520000000012,0.8393989811758331,0.11870894234210215,-12.282060000000001,0.8067676594906363,0.11409417657356569,1.0928604959999995,0.01386448479515777,0.001960734243262768,-32.804139504,0.043720326473183975,0.006182987864975624
MET  44,10.740820000000001,0.05320702585138271,0.00752460975725613,-9.642759999999999,0.09527592770476613,0.013474050912775877,-11.57448,0.1612402232695706,0.022802811054789266,-2.4627200000000005,0.1351517724633977,0.019113346959649963,0.012502656000000003,0.001887619340879943,0.0002669496872470178,-12.926637343999998,0.10894814617300344,0.015407594591326788
GLU  45,15.127200000000002,0.016053660016404396,0.0022703303720925778,-5.0498400000000006,0.04240960268616817,0.005997623529363346,24.87774,0.9860202190624724,0.13944431665722387,-103.63176000000003,1.024878989145634,0.14493977662409838,0.6859193759999997,0.005127879445198931,0.000725191665761455,-67.99074062400001,0.05480956388243285,0.0077512428590291085
THR  46,13.417979999999998,0.027136315153029656,0.003837654492224507,-3.0563000000000007,0.09125442455023546,0.01290532448254953,-19.59841999999999,0.16523293739572276,0.023367466101577566,-16.9721,0.17738480769230186,0.02508600007973966,0.6588989279999999,0.008943041810022215,0.0012647371016603047,-25.549941071999992,0.10278286474077364,0.014535692129596147
GLY  47,6.170680000000001,0.02994691302945827,0.0042351330557467435,-1.7905000000000004,0.08017112946689393,0.011337909860285067,-12.79048,0.14968369851116364,0.02116847165006531,-3.2740000000000005,0.1788473091774032,0.025292829023261774,0.316989936,0.0056681630194542285,0.0008015993015853803,-11.367310064000002,0.0429717816430392,0.0060771276398921235
ASP  48,12.8432,0.05520579679715499,0.007807278655214975,-6.515360000000002,0.06416128427621709,0.009073775840270182,-4.792580000000001,1.5377088812906035,0.2174648754902731,-69.69555999999999,1.525404813943178,0.215724817598765,0.005280767999999999,0.001145171405413179,0.0001619516932777176,-68.155019232,0.09728414509143564,0.013758055739218024
VAL  49,11.53622,0.05142578730646498,0.007272704586451692,-5.680579999999999,0.03445930353354506,0.0048732814407070535,-28.545740000000002,0.21853473957239863,0.030905479255295843,-0.20979999999999996,0.19762388519609675,0.027948237869318354,0.22197139200000002,0.009177248652352529,0.0012978589509427155,-22.677928608,0.07613854581349482,0.01076761641088096
ILE  50,13.34624,0.07004842896177828,0.009906343826067514,-7.612760000000001,0.08736144687435933,0.01235477429982556,-8.66242,0.14563997940126633,0.020596603409300904,-1.9081800000000002,0.12434382815403888,0.017584872817283128,0.0,0.0,0.0,-4.837120000000001,0.13701469118304008,0.01937680345154166
VAL  51,12.692279999999998,0.04024626193800977,0.0056916809467553505,-6.073879999999999,0.04864139800638041,0.006878932475341081,-31.704939999999993,0.0958460035694943,0.013554671814723892,0.8095399999999998,0.08231529869957564,0.011641141181173226,0.17896032000000006,0.008895146805128549,0.0012579637251112499,-24.098039680000007,0.06494068841953,0.009184000231274473
SER  52,11.4865,0.05124265801107973,0.007246806193131528,-5.99872,0.06822053649754378,0.009647840794719514,-16.35156,0.1608697808791189,0.022750422589523794,-0.5431,0.15733724924505293,0.022250847174882987,0.02708927999999999,0.009364710826843535,0.0013243701059024288,-11.37979072,0.10644076481186181,0.015052997318629985
VAL  53,11.244639999999999,0.07838386568717763,0.011085152592603769,-5.877599999999998,0.14770903831524368,0.020889212527050473,-26.990339999999993,0.12760103604806206,0.018045511575202754,-1.3287999999999998,0.09532261011953475,0.013480652803184886,0.020526048,0.0071697101623493685,0.0010139501349878681,-22.931573951999997,0.17532055565017488,0.024794070756326426
ASN  54,18.52882,0.37923299909164904,0.053631645061483366,-3.15158,0.06808115451431637,0.009628129205616447,-88.58000000000001,0.32987549166111835,0.046651439420164635,-10.575439999999999,0.11329133417882332,0.016021814129503452,0.5977095840000001,0.023804414311964225,0.003366452556432801,-83.180490416,0.11358511419925207,0.01606336089842791
ASP  55,13.79722,0.118210200913325,0.016717446934247263,-2.2245600000000003,0.15691120546346524,0.022190595485474383,25.31898,1.9097290225578827,0.27007646841588717,-107.11055999999996,1.5546923188871935,0.21986669626875457,0.804756096,0.052921506677783586,0.007484231248493986,-69.41416390399998,0.587236860043185,0.08304783317984632
THR  56,15.081920000000002,0.054320103092922845,0.007682022650351619,-2.32632,0.09369854641348264,0.013250975511259207,-31.718159999999997,0.3446419800312869,0.04873973623233633,-9.19028,0.2254646792736696,0.03188552072649236,0.6223779360000001,0.03787537716656256,0.005356387206894901,-27.53046206400001,0.22071963738522007,0.031214470467224986
CYS  57,10.480679999999998,0.03105958145375323,0.004392488133352967,-4.50702,0.036294071141220165,0.005132756764164751,3.468860000000001,0.146817439018615,0.020763121345301016,-6.03066,0.10737944123527818,0.015185746211497516,0.567221328,0.003987636604042662,0.0005639369767252525,3.979081328,0.07666575079869352,0.010842174454902832
VAL  58,13.045679999999997,0.044653080521969486,0.0063148992075907125,-5.991000000000001,0.09157423218344951,0.012950552111773705,-27.444399999999987,0.12881661383864926,0.01821742023495955,-1.7826200000000005,0.09088671850164678,0.012853322994461458,0.01283688,0.004501288500329659,0.0006365783245320253,-22.15950312,0.07223194997221578,0.010215140328736246
LEU  59,11.63478,0.0436707178786309,0.006175972150252902,-3.3161,0.058780353860799016,0.008312797363103168,-28.046580000000002,0.1162901698341743,0.016445913535015986,-4.440560000000001,0.10975648682422198,0.015521911222523863,0.673246368,0.013445994595457587,0.0019015507916491457,-23.495213631999995,0.13222525291903983,0.01869947459663188
GLY  60,6.814420000000004,0.06199035086160175,0.008766759492474387,-1.6903599999999994,0.06831596006793096,0.009661335725460674,-9.39134,0.10989132995819387,0.015540980921409457,-2.8484,0.11327983050834488,0.016020187264822683,0.2679029279999999,0.01308126648069261,0.0018499704470012056,-6.847777072000001,0.05357402559822492,0.007576511359193305
HIE  61,28.13476,0.12229203735397144,0.017294705779622357,-7.33918,0.13627643816887483,0.019272398709032128,-4.1916,0.4801993752599032,0.06791044691356424,-21.889619999999994,0.39361600018327536,0.05566570858262387,0.47366856000000007,0.012164285106288461,0.0017202896973886187,-4.811971439999999,0.1061883292502394,0.015017297539142818
THR  62,14.403660000000002,0.0536379007796705,0.007585544673983242,-5.32662,0.09828507312915657,0.013899608339808467,-39.27626,0.531628509770584,0.07518362486617573,-0.7435400000000003,0.5260556704380246,0.07439550636967256,0.20894040000000003,0.007531484036708661,0.0010651126869509852,-30.733819599999997,0.17011524720635404,0.024057928976567763
PHE  63,11.600399999999995,0.20682891480659038,0.029250025641038957,-7.101839999999998,0.22437195546682698,0.03173098624373588,-8.85778,0.3516301630975582,0.04972801455920302,-1.0317999999999998,0.2786508926955012,0.039407187161734775,0.09228729599999999,0.0407255263747393,0.00575945917339395,-5.298732704,0.3252633417868201,0.04599918292977164
ALA  64,9.114880000000001,0.023135807744551307,0.0032718973088800944,-3.2901800000000003,0.06125575564792009,0.00866287204107009,-4.89562,0.33879592028239836,0.04791297853400417,-1.3154400000000004,0.30195225847805623,0.04270249791288535,0.4468838399999999,0.03442875636729302,0.004868961419026484,0.06052384000000002,0.10030796537562896,0.01418568850482653
GLN  65,20.5522,0.06755146186474217,0.00955321935272473,-5.976079999999997,0.04998993498730768,0.007069644404119981,-71.36234,0.2594342005191194,0.03668953649175597,-11.134600000000002,0.2434681909406894,0.034431601763476524,0.6556373280000001,0.009971756061001856,0.0014102192662144937,-67.26518267200002,0.08076247879325867,0.011421539284029588
VAL  66,12.59228,0.039118813886825435,0.00553223571426975,-6.2341,0.13290601942725233,0.01879574951950423,-28.50938,0.2495209722648951,0.03528759430735356,0.75692,0.20630752191813084,0.02917628955162052,0.0028288799999999998,0.0015278109893569964,0.00021606510218913206,-21.391451120000006,0.2287151667441364,0.032345209072998156
VAL  67,13.206359999999995,0.06417343998990661,0.009075494917786187,-5.086239999999998,0.20972082013960539,0.029659002815343845,-24.3416,0.5194442414735223,0.07346050911884601,-1.63534,0.43251652500222365,0.06116707356086265,0.09117028799999999,0.029763279051184127,0.0042091632894879615,-17.765649712000005,0.3831286680216062,0.05418257584500946
LYS  68,11.41388,0.05312650562533671,0.00751322247768417,-4.444520000000001,0.10898958482348581,0.015413454901478647,11.796980000000001,1.7312741376223353,0.24483913656112907,-51.33991999999999,1.8050270783566305,0.255269377466263,1.204845696,0.013257175526526124,0.001874847742837392,-31.368734304000007,0.10436519694828147,0.01475946769639988
ILE  69,14.514060000000002,0.06419794700728992,0.009078960733421865,-4.479559999999999,0.19922411099061993,0.028174543971465748,-15.501420000000003,0.20884444833373655,0.029535065125989735,-1.7726999999999995,0.27076360538300104,0.03829175629296768,0.3903454080000001,0.03301585893550974,0.004669147547999481,-6.849274591999998,0.21035004372521926,0.029747988468197862
PHE  70,10.754840000000003,0.24618166950428286,0.03481534558206078,-8.360819999999999,0.2140093166196746,0.030265487803774162,-11.593719999999996,0.865250091938797,0.1223648414864414,-0.052000000000000005,0.558916737985185,0.07904276310959783,0.00041918399999999996,0.0013172437210114156,0.00018628639352051454,-9.251280815999998,0.7809961666004953,0.11044953709678176
GLN  71,20.70636,0.5944320570092007,0.08406538769317483,-3.7368399999999995,0.20134411935788207,0.028474358429998403,-74.24276000000002,1.3536883180389152,0.19144043785966575,-12.56882,0.9858014341640776,0.13941337580016863,0.7747122240000001,0.03434675463186649,0.004857364622388651,-69.06734777599999,0.8129495168662939,0.11496842322769679
SER  72,11.296760000000004,0.06659776572771109,0.009418346351587512,-2.120240000000001,0.08851792134928205,0.01251832448852296,-8.146199999999999,0.13672907518162808,0.019336411249258896,-9.402359999999998,0.25410798964229153,0.03593629652594906,0.668424384,0.011881125681063233,0.0016802449074418899,-7.703615616,0.13254532083094508,0.018744739034821566
ILE  73,13.67076,0.10889234316481211,0.015399702854226248,-3.73154,0.28557627422459436,0.040386584010039944,-1.726299999999999,2.7728898156976958,0.3921458384325913,-1.07092,1.2692163698912806,0.17949430038861958,0.20907172799999998,0.01478532149384782,0.0020909602180646017,7.351071728000003,1.3449721213481123,0.19020778150242124
PRO  74,18.323099999999997,0.06013559678043141,0.008504457654828592,-3.4335799999999987,0.07227145771333833,0.01022072756706767,-5.8819799999999995,0.23616100355476136,0.033398209413078424,-2.19614,0.1999256871940137,0.028273761829653517,0.684846144,0.007371325292517158,0.0010424628201341586,7.496246144,0.09057199691608304,0.012808814640993878
ILE  75,11.672080000000001,0.1048657885106533,0.014830262034071458,-2.1618199999999996,0.08001467115474872,0.011315783313586892,-5.5374,0.10746776260817666,0.01519823673983756,-5.910899999999999,0.2324915697396765,0.032879273106326073,0.9089765280000002,0.015212392124615627,0.002151357125876908,-1.029063472,0.24155494120467277,0.03416102739098838
GLY  76,6.511879999999999,0.042636435123229975,0.006029702480251241,-1.7649000000000001,0.09846771044357489,0.013925437156513044,-16.600900000000003,0.2148397775088277,0.030382932709020236,-0.017219999999999996,0.21367847715668506,0.030218700038221358,0.25030065600000007,0.005526182223129812,0.0007815201848095281,-11.620839344,0.05776097015880687,0.00816863473744123
ALA  77,7.336820000000005,0.10395704689887227,0.014701746562864106,-2.3934799999999994,0.13388057962229108,0.018933573144021505,-9.0036,0.677911262629548,0.0958711301696176,0.15467999999999998,0.4956840703512672,0.07010031349430615,0.26381966400000006,0.005826163637855631,0.0008239439633260402,-3.641760336000001,0.26314354647029403,0.037214117226924456
SER  78,10.54382,0.26400512798052106,0.03733596325260975,-3.93644,0.28183223094599946,0.03985709633176987,-4.921759999999999,1.3800872517344747,0.19517381086611058,-9.40066,1.3243998128963865,0.18729841774024591,0.3316040639999999,0.03895528872108574,0.005509109763551911,-7.3834359360000015,0.5396598881781363,0.07631943329302682
VAL  79,13.143619999999997,0.4819629815661465,0.06815985850926183,-5.985940000000002,0.27783803987210853,0.03929223241302926,-35.290580000000006,0.20649155817998457,0.02920231620936872,2.78118,0.11898196333898581,0.01682659062317721,0.003939696,0.003176953537020015,0.00044928907790828796,-25.347780303999997,0.28933979490588746,0.04091882620901558
ASP  80,13.329180000000001,0.2715589578709362,0.03840423612049819,-5.615879999999997,0.21133335184025728,0.02988704923542569,2.4083600000000005,1.7779193430524336,0.2514357647750215,-79.24536000000003,1.7213025272720461,0.24342893790152118,0.29989641599999994,0.015380011194787208,0.00217506204211181,-68.82380358399998,0.30092081776130264,0.042556630167843675
LEU  81,10.517299999999999,0.06561531833386282,0.009279407308717678,-7.308839999999999,0.08751465248755161,0.01237644084542638,-33.89208,0.1633134213711752,0.0230960055420668,-1.2724,0.17712492766406418,0.025049247493687296,0.004224816000000001,0.0029882027347126203,0.0004225956834550959,-31.951795184000005,0.09581364209812702,0.013550095211553296
GLU  82,14.68816,0.04105477316942701,0.005806021701635473,-5.2733799999999995,0.11269141759694681,0.015936973112865224,4.848720000000001,1.1152481704087163,0.15771990880037873,-86.96820000000001,1.1097755989376725,0.1569459703208381,0.307296576,0.016633393116096865,0.0023523170133067464,-72.39740342400002,0.1535472540482624,0.021714860914019977
LEU  83,10.902080000000002,0.03863461660195826,0.005463759877557411,-8.062740000000002,0.06071797427422228,0.008586818269842582,-33.84165999999999,0.11247623926883996,0.015906542301871475,0.9272799999999998,0.09408869007484476,0.013306150156976428,0.0,0.0,0.0,-30.07503999999998,0.050568353753837704,0.007151445170555769
CYS  84,10.171780000000002,0.047703370949753715,0.006746275416805642,-3.8153999999999995,0.018712562625145392,0.00264635598512365,5.435759999999999,0.08660590280117077,0.012247924232298172,-6.2728399999999995,0.0718385300518025,0.010159502350020626,0.49820270399999983,0.0061094556544860935,0.0008640075045291227,6.017502704000001,0.07689786162170621,0.010874999882290645
ARG  85,8.857079999999996,0.02104076044409418,0.0029756128782681334,-4.071520000000001,0.06697857567906698,0.009472201011376925,-239.84905999999998,0.41856370653298564,0.05919384704961003,-57.592160000000014,0.452165206973532,0.06394581681352066,1.2663849599999997,0.0059760746019878125,0.000845144575188456,-291.38927504,0.04588494077038616,0.006489110554616627
ARG  86,6.744339999999999,0.7342290544509938,0.10383566866929692,-3.0039599999999997,1.3124696866594663,0.18561124310773836,-244.34527999999997,22.227281511728037,3.143412296857054,-50.422419999999995,21.436739928533925,3.031612833999753,1.6393331519999996,0.24616234312458676,0.034812612419233,-289.38798684799997,1.6938853807504783,0.23955156785628404
ARG  87,10.99504,0.4708431993774571,0.0665872838310739,-4.3149000000000015,0.49950312311335177,0.07064040911546199,-158.92070000000004,9.47953662633315,1.3406089261972836,-45.97624000000002,8.151779453738822,1.1528357060951782,1.1731645439999998,0.08731407260321246,0.012348074566149215,-197.04363545599998,1.7353755414766299,0.24541916265668035
GLU  88,14.792759999999998,0.275725628841501,0.03899349238015009,-2.9711199999999995,0.4331924579214218,0.0612626649110211,-46.43264000000001,5.111164629553529,0.7228278338636257,-39.62118000000001,4.742813104856578,0.670735061668902,0.6578647199999998,0.08148250801901691,0.011523366793666818,-73.57431527999998,0.6681826977947881,0.09449530333644325
MET  89,10.866339999999997,0.2400874515673245,0.03395349301621039,-6.3950999999999985,0.3526361439217802,0.04987028173171322,-7.964339999999997,0.8252487772787303,0.1167078013159394,-4.252459999999998,0.6057141309231705,0.08566091388725802,0.44140550400000017,0.06677963714137065,0.009444066853568044,-7.304154496000001,0.4656036314862924,0.06584629703380793
GLN  90,20.125659999999996,0.3610238003237682,0.051056475475734914,-5.651940000000001,0.7026680129335594,0.0993722633736393,-65.71857999999999,2.90425250341646,0.41072332788875715,-8.942359999999999,2.9961320916141188,0.4237170638621955,0.607394304,0.07424416328044345,0.010499710263824565,-59.57982569599998,0.673655855888961,0.0952693247770224
VAL  91,8.95124,0.2906877747687321,0.04110945934939965,-6.353400000000002,0.4109640860220888,0.058119098410070125,-81.35418,9.552728087180233,1.3509597618552678,-26.774379999999997,10.468732748312952,1.480502383352354,0.022208976000000002,0.015351389940387285,0.00217101438549736,-105.50851102400003,1.6980676127245555,0.24014302477415708


