#Frame       SA_00001
       1    6015.5977
       2    6019.0469
       3    5979.3033
       4    5978.2443
       5    5975.2136
       6    5960.1987
       7    5933.2744
       8    5950.5480
       9    5966.3200
      10    5951.7311
      11    5940.0884
      12    5986.3745
      13    5989.8875
      14    6023.9987
      15    5962.8210
      16    6075.5906
      17    5968.8018
      18    5994.3184
      19    5991.4290
      20    6030.6942
      21    5977.4277
      22    5972.8494
      23    5964.7789
      24    5988.3352
      25    5976.8635
      26    5982.2572
      27    5992.4597
      28    5972.1634
      29    5973.2219
      30    5963.4951
      31    5933.5228
      32    5938.1693
      33    5991.3005
      34    5980.9006
      35    5942.6457
      36    5963.0602
      37    5978.9387
      38    6016.9395
      39    5972.0430
      40    5992.2094
      41    5973.5912
      42    5973.2745
      43    5987.3423
      44    5998.2129
      45    5999.4181
      46    5974.2509
      47    5956.1863
      48    5995.6519
      49    5976.2178
      50    5919.4053
