| Run on Mon Jun 20 15:45:50 2016
| GB non-polar solvation energies calculated with gbsa=2
idecomp = 2: Per-residue decomp adding 1-4 interactions to EEL and VDW.
Energy Decomposition Analysis (All units kcal/mol): Generalized Born Solvent

Total Energy Decomposition:
Residue,Internal,,,van der Waals,,,Electrostatic,,,Polar Solvation,,,Non-Polar Solv.,,,TOTAL,,
,Avg.,Std. Dev.,Std. Err. of Mean,Avg.,Std. Dev.,Std. Err. of Mean,Avg.,Std. Dev.,Std. Err. of Mean,Avg.,Std. Dev.,Std. Err. of Mean,Avg.,Std. Dev.,Std. Err. of Mean,Avg.,Std. Dev.,Std. Err. of Mean
ARG   1,7.77176,0.021717789943031043,0.003071359308220451,-1.9239799999999996,0.06000316324996293,0.008485728725338445,-271.99592,0.6438863514609104,0.09105928108629488,-32.88409999999999,0.6562235061324396,0.092804018232052,1.5569485919999997,0.00506799034662458,0.0007167220682172404,-297.47529140800003,0.021884733029400416,0.00309496862590925
MET   2,9.77884,0.01859285884485907,0.0026294273141688252,-4.19972,0.02636970989604989,0.003729240137083777,-4.5653,0.03497727833901649,0.00494653414019358,-3.6405800000000004,0.03437562508525858,0.004861447521062546,0.5240913119999999,0.005433971454940522,0.0007684796129125146,-2.1026686880000005,0.022244240423325377,0.0031458106491354582
LEU   3,12.239260000000002,0.014089442854403562,0.001992548117097821,0.50356,0.008656003696854153,0.0012241437824042792,-15.40522,0.03423056528949797,0.004840932968010574,-6.719140000000002,0.03293205732943875,0.004657296211214057,1.2202750080000004,0.0030495323582094614,0.00043126900198754275,-8.161264992,0.012248459832157756,0.001732193801281958
PRO   4,18.312839999999998,0.015331483949484607,0.0021681992532666555,-4.54562,0.016048538874114487,0.002269606133204455,-0.42746,0.018362145844099387,0.0025967995686998115,-4.4297,0.019386851213913193,0.002741714791842534,0.450750672,0.00478635656101526,0.0006768930362941227,9.360810671999998,0.01956854313746282,0.0027674099100882875
ARG   5,12.89164,0.044879286981709586,0.006346889631916798,-5.061740000000001,0.03507010692867673,0.004959662085240928,-238.96095999999997,0.520247554932186,0.07357411479765393,31.37212,0.5203796552521365,0.07359279660406069,0.6647276160000001,0.004654520854349266,0.0006582486518569138,-199.09421238399997,0.061919562739652635,0.008756748540262852
LEU   6,12.385299999999999,0.0059169248750013505,0.000836779540576964,-3.4770800000000004,0.021062611423863505,0.0029787030734622255,-31.35746,0.035852034811014455,0.0050702433868408964,-6.022500000000001,0.02777426866708807,0.003927874743399005,0.872781264,0.004200997294440717,0.0005941107349290741,-27.598958736000004,0.030007339251273087,0.004243678613988091
CYS   7,10.608319999999999,0.01837110775065391,0.0025980669736792245,-5.4643,0.03259953987412343,0.0046102711417107855,-4.531019999999999,0.0724763382077635,0.010249702044455848,-1.3692000000000002,0.08677557259966548,0.012271919165313805,0.044428175999999986,0.0012133229193521163,0.000171589772808588,-0.7117718239999996,0.019495789055761735,0.00275712092918232
CYS   8,10.037479999999997,0.01823429735644791,0.002578719062183251,-4.15584,0.038473034712607226,0.005440908747622001,4.099379999999999,0.05273514577593492,0.007457875837004939,-7.122100000000001,0.0727088027681259,0.010282577497859408,0.6053516640000001,0.009401108337151614,0.0013295174911738586,3.4642716639999986,0.04297267057348593,0.006077253353641501
LEU   9,13.149379999999999,0.18139987761847337,0.02565381671408647,-7.2413599999999985,0.14777330746799067,0.020898301557796175,-33.14549999999999,0.18400828785942197,0.026022701627984708,-0.033460000000000004,0.10150491810744933,0.01435496318351252,0.021784319999999996,0.003655696607105161,0.0005169935721689426,-27.24915568000001,0.11262481985301871,0.015927554769596567
GLU  10,15.449139999999998,0.15465639463037334,0.021871717079399947,-4.30458,0.22338425101158135,0.03159130374011341,-2.8245999999999998,1.7919035799953063,0.25341343452942644,-70.96691999999999,1.9817181317236185,0.2802572658684213,0.8786521439999998,0.05229694398210647,0.007395904745016098,-61.76830785600001,0.2015448362648294,0.028502744087198655
LYS  11,9.732639999999998,0.11944835871637793,0.016892548889990817,-5.891500000000001,0.3567199601928799,0.05044782056739613,6.802400000000001,2.120816559724101,0.29992875420672727,-45.03762,2.10500002745866,0.2976919587627775,0.8318648160000002,0.05414333907598557,0.007657024443342395,-33.562215183999996,0.42287545656037956,0.059803620586240336
GLY  12,6.9952,0.041841128091789845,0.005917229081239909,-1.2427799999999998,0.08869459735519444,0.012543310248893682,-3.37516,0.5942380788875812,0.08403795504413504,-3.5790200000000003,0.4771608320053108,0.06748073200551405,0.18031852799999995,0.008374366465902953,0.00118431426323624,-1.021441472,0.2068858142267503,0.029258072434207087
PRO  13,18.513379999999994,0.04840408660844191,0.006845371575594045,-1.15364,0.03132651273282784,0.004430237916861858,-4.83088,0.5189591367342911,0.07339190494870679,-5.90318,0.46584412371522615,0.06588030777098827,1.1340797759999994,0.02387519925484339,0.0033764630590559534,7.759759776000002,0.09862017369714024,0.01394699871660861
ASN  14,16.843920000000004,0.8249804807387173,0.11666985845537699,-2.1127399999999996,0.3645940652287158,0.05156138718071907,-84.18432000000001,5.392565940032388,0.7626239888385021,-12.17882,4.0663568200048505,0.575069696429919,0.6450248159999998,0.11562813837996345,0.01635228814888973,-80.98693518399996,0.7410748551821817,0.10480381109323188
GLY  15,5.65798,0.1152702025677158,0.016301668380875763,-2.9546200000000002,0.15637722212650665,0.022115078837753575,-11.310379999999999,1.3177312607660183,0.18635534205383006,-0.6006199999999999,1.0077440129318553,0.14251652504885173,0.10960977599999994,0.00686861555827955,0.0009713689277245787,-9.098030224000002,0.38265505154501955,0.05411559636055424
TYR  16,9.523020000000004,0.07853775907137474,0.011106916403712872,-10.8718,0.24987861052918425,0.03533817199573168,-29.69266,1.8231463529842562,0.25783182985813813,-0.6712399999999998,0.9466853661063954,0.13388152840478032,0.026469216000000007,0.012981084212581916,0.0018358025347740615,-31.686210783999996,1.2200380063560161,0.17253942951993104
GLY  17,6.41304,0.4160316795630067,0.05883576436148616,-4.047740000000001,0.09418212356913744,0.013319363648457289,-9.248359999999996,0.8315979499734697,0.11760570992941434,-2.9249,0.4129846607320865,0.058404850825936806,0.0020797919999999996,0.0019495116586304385,0.00027570258276396334,-9.805880208,0.4603873953143726,0.06510860983992092
PHE  18,9.75006,0.2119585251883083,0.029975462098190485,-9.793840000000001,0.083408958751129,0.011795808068926468,-7.15484,0.7318324223481777,0.10349673370691478,-0.5493999999999999,0.2166639794705158,0.030640913824492928,0.0,0.0,0.0,-7.74802,0.5301057437907806,0.0749682732360799
HIE  19,29.304899999999993,0.3169579309639326,0.04482462046709086,-10.131800000000004,0.2857543000550073,0.04041176066442222,-19.6163,4.088960578190997,0.5782663505686639,-5.954480000000001,2.43777203396872,0.3447530272412409,0.26398843199999994,0.04333186456479096,0.0061280510550441505,-6.133691568,1.588682227488612,0.2246735952415494
LEU  20,11.346459999999997,0.07135578743189235,0.01009123223399938,-9.11362,0.22193277270389558,0.03138603370929145,-32.985600000000005,0.5421232332224675,0.07666780289007659,0.24606000000000006,0.3569120569552113,0.050474987152053834,0.0,0.0,0.0,-30.50669999999999,0.46297007462746603,0.06547385585110464
HIE  21,28.37954,0.19655311852064983,0.027796808593862934,-9.941039999999997,0.6945359302441177,0.09822221321066452,-23.604080000000003,3.447780282094512,0.4875897635020594,-4.6987999999999985,1.6664016202584602,0.23566477717300144,0.294741792,0.03761559151613449,0.005319647967880373,-9.569638208,1.6881328821698407,0.23873804170525706
GLY  22,5.1769799999999995,0.36069080886544636,0.0510093833720836,-2.7900399999999994,0.1508094108469473,0.021327671415324902,-5.81696,2.310912174531952,0.32681233386761877,-7.578380000000001,1.9341567556948402,0.2735310715659188,0.104864112,0.021473073694770785,0.0030367512044981787,-10.903535888,0.38055771059790866,0.053818987559321775
GLU  23,15.385519999999994,0.32406297165853193,0.045829424958242375,-4.6732,0.22216183290567115,0.031418427713686546,-15.612560000000004,1.2606188664302438,0.1782784297889048,-56.33973999999999,1.4478679195286457,0.20475944483223277,0.604856736,0.056765466838823456,0.00802784930779043,-60.63512326399996,0.39597249618827046,0.055998967443618076
LYS  24,9.644299999999998,0.053407583731678275,0.007552972924691609,-1.09442,0.03811671024629281,0.005390516858335281,31.450139999999987,1.4918416941488917,0.21097827567790173,-68.47582000000003,1.4847199020677257,0.20997110218294313,1.5688583999999997,0.01490026387956607,0.0021072155261420283,-26.906941599999996,0.05588922622203455,0.007903930171373927
GLY  25,6.408139999999999,0.014149219060542546,0.002001001749240717,-1.1924800000000004,0.0061424425108179675,0.0008686725504895816,-4.96668,0.11746819824956092,0.01661251191120605,-6.166439999999999,0.12516407791380885,0.017700873650763123,0.632724336,0.004051950670073936,0.000573032359168531,-5.284735664000001,0.016122889236704643,0.0022801208623186905
LYS  26,9.819059999999997,0.04113315451146757,0.005817106497330549,-4.561599999999999,0.09297010272125211,0.013147958016361452,5.541219999999999,1.0870056170968045,0.15372580860740365,-41.9049,1.0404281666697717,0.1471387623979366,0.8871158879999997,0.01272650144091169,0.0017997990939298048,-30.21910411200001,0.11193544109427708,0.01583006189057413
LEU  27,11.087940000000001,0.03280878540808738,0.004639862928910567,-2.674359999999999,0.020763198212330917,0.0029363596510119183,-27.096579999999996,0.08594977370701591,0.012155133565936034,-6.9894799999999995,0.0567070507082315,0.008019588019375981,0.875936736,0.005950339389511225,0.0008415050665369617,-24.796543264,0.07877549150092744,0.011140536846321807
GLY  28,4.9823400000000015,0.02743910348348573,0.0038804752285704356,-3.567379999999998,0.017496159578932764,0.0024743306165970654,-6.73396,0.24940240255459709,0.03527082601811454,-3.5438799999999997,0.1522933537617501,0.02153753263491506,0.006014015999999999,0.001220427856673232,0.00017259456268052124,-8.856865984000002,0.1019021197831437,0.014411135983188949
GLN  29,18.908559999999998,0.06755091709306743,0.00955314231037565,-8.89916,0.17790810661681009,0.025160005723361138,-79.28069999999998,0.21329699951697606,0.030164750953039502,-3.1231999999999998,0.1460514977670539,0.020654800894707143,0.10094731200000001,0.007023683396983038,0.0009932988317828144,-72.29355268799999,0.1381219303697692,0.019533390719007986
TYR  30,8.867800000000003,0.060206311960959415,0.008514458291565429,-8.58476,0.16718008972373463,0.02364283502460564,-26.24195999999999,0.4765542554634621,0.06739494912830407,-3.1246400000000016,0.21551981440226983,0.03047910444878223,0.20953152,0.008254329584501667,0.0011673384846699732,-28.874028479999996,0.18958220290770192,0.026810972253664005
ILE  31,12.639579999999997,0.08199929024110886,0.011596450836394392,-8.417560000000002,0.15240435164376365,0.021553230105928883,-6.528859999999998,0.29834014211972465,0.04219166751860312,-0.8170999999999999,0.3275897586921788,0.046328187963700876,0.0007365600000000006,0.0007084306080344066,0.00010018721738824759,-3.12320344,0.18303230656560648,0.02588467702975108
ARG  32,13.677079999999998,0.652668609326435,0.09230127990446314,-7.570380000000004,0.5236800507943155,0.07405954301775522,-189.83757999999997,4.562618204892958,0.6452516545290007,-14.896880000000003,3.911120707111956,0.5531159948075978,0.8780254559999999,0.08965244985532239,0.012678771048537074,-197.74973454400006,0.7843390955739226,0.11092229864600885
LEU  33,11.718420000000002,0.04679790166231074,0.0066182227221442255,-4.7725599999999995,0.4575974283144545,0.06471404892293517,-35.374359999999996,0.28741306581293824,0.04064634556758882,0.031220000000000005,0.13161493684229006,0.018613162869324493,0.659758896,0.05025912345871801,0.0071077134028302786,-27.737521104000006,0.6745467586877427,0.09539531745910171
VAL  34,11.041299999999996,0.11961509102146395,0.016916128398704655,-6.307080000000001,0.07244027608990927,0.010244602090840113,-28.46238,0.18428476768329793,0.026061801779649497,-3.6725400000000006,0.12135109558629643,0.017161636518697426,0.13408992,0.011478887719775002,0.001623359869426378,-27.266610079999992,0.1677654132163987,0.023725612266775754
GLU  35,17.360860000000006,0.13299082825420136,0.018807743298832256,-3.0596799999999997,0.23392780424737925,0.03308238733828022,-42.46303999999999,5.0291568675474965,0.711230184938746,-34.23711999999999,3.5590842903197633,0.5033305272999231,0.31403606399999995,0.023195495042251393,0.0032803383674709806,-62.084943936,1.7798876279666433,0.2517141222970505
PRO  36,17.64886,0.13065267084965726,0.01847707790758532,-1.8593399999999998,0.18217207360076187,0.02576302171718271,-8.682379999999998,0.4164437003966216,0.05889403290657401,-1.6032200000000003,0.3840300139312007,0.05431004540598326,0.9692595359999996,0.03200351188293296,0.00452598005484123,6.473179535999999,0.051786625248450416,0.007323734777589153
GLY  37,6.002280000000001,0.11551849029483113,0.016336781567981493,-1.4542400000000004,0.13042339667406103,0.01844465364272231,-21.33132,0.9096802611905771,0.12864821627988135,4.8359200000000016,0.4662096026466927,0.06593199429715244,0.29670710400000005,0.00962978426028034,0.0013618571503615417,-11.650652895999997,0.44379592510497057,0.06276222162093636
SER  38,12.660419999999995,0.047631120080666334,0.00673605760090998,-4.237619999999999,0.2540783257186938,0.03593210141364255,-6.436760000000001,0.8642386142726983,0.12222179694309798,-2.4333599999999995,0.4722328984727789,0.06678381696189607,0.019770336000000003,0.012116612720422484,0.001713547803924384,-0.42754966400000016,0.21441559571742147,0.030322944344788393
PRO  39,19.48642,0.057305877535355786,0.008104274921419182,-7.91746,0.09925950030099771,0.014037413152004727,-6.790099999999998,0.3175683391020413,0.04491094521384049,-2.5128000000000004,0.3291993924660217,0.04655582455504312,0.13587163200000002,0.013586656130621988,0.0019214433367225172,2.4019316319999997,0.12168687201574052,0.017209122476741927
ALA  40,9.717439999999996,0.11347108177886107,0.01604723427888119,-7.072960000000002,0.06044467222146914,0.008548167522879792,-7.194740000000001,0.17887188823289252,0.0252963050266241,-1.7861200000000002,0.1471996793474748,0.020817178291016963,0.0,0.0,0.0,-6.336380000000002,0.1675195379649163,0.023690840255245923
GLU  41,17.221960000000003,0.13138888232991217,0.018581193933600446,-5.717840000000001,0.13639975953057704,0.019289838983257087,2.9207999999999994,2.287147708391394,0.3234515308357654,-78.02316000000002,2.2531592785234444,0.3186448409874633,0.6067962720000001,0.026721720281202538,0.003779021923161682,-62.991443727999986,0.03531800767559906,0.004994720545082926
LYS  42,12.11962,0.3743665524589641,0.052943425578632575,-3.6139199999999994,0.04447104226352624,0.006289155110194591,-13.748500000000002,1.6871304187880607,0.2385962719742275,-29.374340000000007,1.672226164249133,0.23648849208362627,1.2895162560000002,0.014476861314109964,0.00204733736110087,-33.327623744,0.3717801897053811,0.05257765865029921
ALA  43,7.34178,0.023545097153803846,0.0033297795722301558,-3.942200000000001,0.05244959485059259,0.007417492837868209,-8.219139999999998,0.11729262721955684,0.016587682418026894,-3.2803600000000004,0.10267088389605483,0.014519855646663414,0.16705872000000002,0.004630841637540912,0.0006548999049012389,-7.932861280000001,0.06732527373178983,0.009521231520197826
GLY  44,6.194680000000001,0.03767728227967546,0.005328372359327652,-2.0597400000000006,0.01935335629803024,0.002736977895411312,-11.18494,0.08705938433054419,0.01231205620521073,-1.7045000000000001,0.0778892161983938,0.011015198591037867,0.275568624,0.005324335514090902,0.0007529747494652079,-8.478931375999998,0.04123953875461088,0.005832151501278156
LEU  45,10.327080000000002,0.014859125140826853,0.0021013976299156362,-7.452360000000001,0.03486187602538969,0.004930213788487555,-28.107239999999997,0.11169163979481009,0.01579558318015109,-1.4501,0.13989428151286415,0.01978403902139322,0.004686335999999998,0.0007312841761613704,0.00010341919998762457,-26.677933664,0.05240714784289182,0.007411489924470951
LEU  46,10.781079999999998,0.029952522431941343,0.00423592634505358,-3.4415799999999983,0.018926267461125107,0.002676578412862373,-31.574199999999998,0.16624090952643078,0.023510014887351705,-0.6288400000000001,0.12985674568538938,0.018364517091391155,0.8718294240000003,0.014000319712249082,0.0019799442014622037,-23.991710576000006,0.04735728211935236,0.006697331065031698
ALA  47,6.9945400000000015,0.022043783703043014,0.0031174617878862434,-3.3988000000000005,0.021766028576542914,0.003078181281194734,3.124360000000001,0.2309411838542286,0.03266001543171485,-8.77814,0.1572591504491613,0.02223980233724749,0.41471755200000004,0.005881542037603469,0.0008317756517246314,-1.6433224479999995,0.1153457723061482,0.016312355555775374
GLY  48,6.147080000000001,0.032807828334188396,0.004639727578221753,-2.6662400000000015,0.043290904356391,0.006122258406820465,-10.880899999999999,0.24370549850183124,0.03446516212061857,-3.0482799999999997,0.18244736665680128,0.025801954034530516,0.21559665599999994,0.0046803089229770995,0.0006618956354970027,-10.232743344000003,0.054745821334926545,0.0077422283015107455
ASP  49,12.123239999999996,0.032703247546681184,0.004624937621416117,-8.427580000000003,0.04722926635025451,0.0066792269013461174,13.214599999999995,0.6352370266287601,0.08983608183799514,-79.21706,0.6574159538678613,0.09297265580803744,0.018550080000000004,0.0028890172036870844,0.0004085687311383469,-62.288249920000005,0.1257824115703039,0.017788319235071827
ARG  50,13.249040000000003,0.03451837771337672,0.004881635791337454,-8.657960000000001,0.04909988187336478,0.006943771885622936,-193.59005999999994,0.5626436673610349,0.07956983051653119,-11.399479999999997,0.5115100874861598,0.07233845030135755,0.43464700799999995,0.0035688144238539533,0.0005047065759806984,-199.96381299199996,0.07423556768225266,0.010498494662670754
LEU  51,12.876639999999998,0.017613358567638272,0.0024909050565294394,-8.738580000000002,0.026980059302257445,0.003815556577888286,-32.71508000000001,0.055557480141297515,0.007857014190709683,-0.8132599999999998,0.04867845930183662,0.006884173734008409,0.0,0.0,0.0,-29.390280000000004,0.03044407331587364,0.004305442137718934
VAL  52,12.566199999999998,0.011265877683757062,0.0015932357012405627,-6.45254,0.01760932707440412,0.002490334917288604,-32.25944,0.037607531157388116,0.0053185080610147015,-0.48978,0.03242115975717058,0.004585044383645543,0.05981875200000004,0.004339265129776129,0.000613664759726205,-26.575741247999996,0.026960753411437475,0.0038128263126251563
GLU  53,15.44992000000001,0.014859125130784944,0.0021013976284954957,-7.91766,0.015085900702110225,0.0021334685373538076,-4.90536,0.17264006024094675,0.024414991460165503,-72.20216,0.16871032688601015,0.023859243239459375,0.31422052800000005,0.002528391846126539,0.0003575686039785699,-69.26103947200001,0.017738790890958395,0.002508643865809368
VAL  54,11.396019999999998,0.01927017384551669,0.0027252141201617,-6.89214,0.032137212075460164,0.004544888117397616,-25.621879999999997,0.06204825219155766,0.008774947977084696,-2.5382599999999997,0.053274688173666325,0.0075341786546396445,0.0014685120000000004,0.0005437405677857769,7.689652853750928e-05,-23.654791488,0.03250081598891488,0.004596309475971576
ASN  55,17.35302,0.05246121996193992,0.007419136876881358,-4.53612,0.08207353775729664,0.011606951020830921,-90.02047999999999,0.29011158129742004,0.041027973287231616,-7.109439999999998,0.1642693105848387,0.02323118869107571,0.39856276799999996,0.006355527629437294,0.0008988073369587147,-83.914457232,0.09453431677605752,0.013369171289437494
GLY  56,6.06332,0.008665887144629786,0.0012255415129930097,-2.1024199999999995,0.010520627357888272,0.0014878413894199017,-7.89226,0.03261460409076017,0.004612401543658206,-6.611899999999997,0.03618963940183559,0.005117987885946763,0.3316619519999999,0.003515194072495854,0.000497123513169715,-10.211598047999999,0.03044056379992131,0.004304945817213219
GLU  57,13.844360000000002,0.01186214145764196,0.0016775601328185416,-3.4413400000000003,0.02033087307520439,0.002875219643784004,-7.353619999999999,0.3436933452949343,0.048605579021347524,-73.53014000000002,0.34121289600210175,0.04825479051827727,0.7134170400000001,0.004528706879801254,0.0006404558689427275,-69.76732295999999,0.021066867068438647,0.002979304912489706
ASN  58,20.369440000000008,0.015233069277629095,0.0021542813168991992,-4.961640000000001,0.03360104760263042,0.004751905722958391,-92.6195,0.04799760410003592,0.0067878862679685275,-4.18974,0.05437198175536368,0.00768935940115378,0.566000784,0.0039475827313172574,0.0005582725037218691,-80.835439216,0.008028377961374726,0.0011353840996833398
VAL  59,12.824639999999997,0.017066645835766222,0.0024135882005158894,-6.674379999999997,0.02684763676835777,0.003796829203547813,-31.51924000000001,0.06069285295080262,0.0085832655782141,0.20246000000000003,0.045339258926453484,0.006411939488173593,0.0,0.0,0.0,-25.16651999999999,0.03486960854817479,0.004931307332346959
GLU  60,16.755280000000003,0.019357727136284166,0.0027375960252850762,-5.2023199999999985,0.022918499078403185,0.0032411652225913063,-39.13093999999998,0.2958160516298638,0.04183470721826131,-39.22836000000001,0.29436098654408127,0.041628929940416386,0.38117059200000014,0.003773825931946932,0.0005336995814994636,-66.42516940800002,0.029826707232782888,0.004218133388953324
LYS  61,9.4649,0.015505160430943968,0.002192760816821162,-1.8067000000000004,0.041908591004694386,0.005926769777878589,7.774339999999998,0.35817647103074585,0.05065380230546147,-50.15469999999998,0.34693435978813786,0.04906392768656115,1.3307372640000008,0.004292248677267091,0.0006070156292469097,-33.391422736,0.059788959206393925,0.008455435698985402
GLU  62,15.657020000000005,0.02420288412304624,0.0034228046975356445,-4.440080000000001,0.031959874843004714,0.004519808845472395,-46.99365999999999,0.5759492897820034,0.08145152968488611,-39.87126,0.5731242381891848,0.08105200705718932,0.29938896,0.003435253629764176,0.00048581822734039,-75.34859103999999,0.030223800755920904,0.004274290893548555
THR  63,14.695519999999998,0.024824375116875155,0.0035106967967722027,-3.96564,0.0305068910247405,0.004314325903302606,-27.553799999999992,0.26925400647057407,0.038078266767397895,-8.144060000000001,0.25944104609712526,0.036690504602681785,0.552474576,0.002613521092351272,0.0003696076974351315,-24.415505424,0.04662496298549443,0.006593765499922977
HIE  64,30.924200000000006,0.06414078265718852,0.0090708764735021,-11.117339999999999,0.3899586957614731,0.055148487631119875,-12.519719999999998,1.8884292630649546,0.2670642275408688,-8.201039999999999,0.4678051714122294,0.06615764179594452,0.11420971199999999,0.034424763278922604,0.004868396711053565,-0.7996902879999999,1.2455294686134126,0.17614446668484424
GLN  65,21.081899999999997,0.01862927802955707,0.0026345777646618737,-4.19582,0.03472733217513757,0.0049111864147115105,-74.84602000000001,0.13328338080142,0.018849116476830595,-10.977820000000003,0.13114872321112833,0.01854723030530928,0.765213984,0.007945437859385384,0.001123654597973546,-68.17254601599998,0.07973497827664874,0.011276228767436076
GLN  66,20.9591,0.015984054555372135,0.0022604866733918726,-6.2129199999999996,0.016420523743341672,0.0023222127379103215,-73.64334,0.05577117895213887,0.007887235766365169,-10.60364,0.05463323530605186,0.007726306232613915,0.6710562719999998,0.003973417916097026,0.0005619261505920655,-68.829743728,0.026530444499310524,0.0037519714426711617
VAL  67,12.689680000000001,0.02005935193184927,0.002836820755443618,-7.03194,0.030085484872514986,0.004254730073728128,-28.172699999999995,0.3195680991591026,0.0451937539932593,-0.5949199999999998,0.21187475923290175,0.02996361580317038,0.0,0.0,0.0,-23.109880000000008,0.14553894873746503,0.02058231551580457
VAL  68,12.9388,0.0662006042266892,0.00936217923346775,-5.396240000000001,0.1680928981247807,0.023771925626666385,-31.10258,0.34426083657643713,0.0486858344080305,-1.9426400000000006,0.31466119938752807,0.04449981357264268,0.060203519999999996,0.008966924284457863,0.001268114593585297,-25.44245648,0.22098347303311675,0.031251782462374283
SER  69,14.5305,0.03593396721738336,0.005081830378869373,-4.315259999999999,0.024132807544882857,0.003412894372811309,-7.5130599999999985,0.20426379121134958,0.02888726238328368,-5.283380000000001,0.1772570889978528,0.025067937928753815,0.3964721759999999,0.002562497333360394,0.0003623918482383159,-2.184727824,0.05901863460791809,0.008346495349525987
ARG  70,14.128440000000001,0.0324753198599673,0.004592703778837008,-7.1445799999999995,0.12635332840892985,0.017869059068689026,-205.83626,0.6787636351474232,0.0959916738471149,-3.1528400000000003,0.5419556941300624,0.0766441092844059,0.659430576,0.008598718831885985,0.0012160424791086099,-201.34580942400004,0.11829512551366896,0.016729457086405816
ILE  71,14.210779999999998,0.07180815831135817,0.0101552071372957,-7.536600000000001,0.1314003044136605,0.018582809260175193,-9.07526,0.6003110130590762,0.08489679763100777,-1.35702,0.6175512445133601,0.08733493454511772,0.000515952,0.0007197272267296826,0.00010178480052502927,-3.757584048,0.13447271603444538,0.019017313878505863
ARG  72,12.71988,0.038723966739116454,0.005476395895134312,-2.9160399999999997,0.10719961940230968,0.015160315563998033,-153.74676,1.2406029108478327,0.17544774620405446,-55.98194,1.167469664017048,0.16510514325120698,1.3963507199999996,0.02719306919701441,0.0038456807260967823,-198.52850927999992,0.07439907311689173,0.010521617822989581
ALA  73,8.47934,0.033349428780291554,0.004716321447848394,-1.74338,0.20144973467344093,0.02848929469116417,-10.54884,0.14660755232943523,0.020733438885061056,-3.30618,0.27901797003060486,0.039459099736309115,0.5962204799999999,0.015253093469533067,0.002157113165275815,-6.522839519999998,0.11548695582625997,0.016332321920667938
ALA  74,7.882160000000002,0.5960801409206489,0.08429846195512473,-3.3971000000000005,0.09066647671547665,0.01282217610236115,0.3339600000000001,1.359565856588051,0.19227164733262161,-3.9476,0.8891348379183001,0.12574265465624634,0.09861868800000001,0.007471484504290605,0.0010566274717028195,0.9700386879999995,0.06856406597320802,0.009696423199075443
LEU  75,12.23444,0.31909284918342423,0.04512654349714711,-0.78398,0.4428306895417255,0.06262571669849377,-23.87248,0.8518320782876768,0.12046724779788925,-5.966479999999999,0.5480150085536053,0.07750102574805162,1.1512249919999997,0.07880119122974993,0.011144171336826814,-17.237275007999997,0.5417286327999559,0.07661199796315318
ASN  76,20.011019999999995,0.5073761716914039,0.07175382632309234,-3.1659799999999994,0.2600840241152908,0.03678143542604154,-84.75015999999998,1.966365524108226,0.27808607927767326,-15.633459999999998,0.9966263534545625,0.1409442505673884,0.716287536,0.08681348170163909,0.012277280321928652,-82.82229246399999,0.8068917008610632,0.114111718672401
ALA  77,8.212279999999998,0.4555514917109315,0.06442470979368939,-2.95972,0.15406752285929742,0.021788438034884526,-3.1387600000000004,0.38496184538210976,0.054441826273555406,-2.3173799999999996,0.3669217295282499,0.05189056862282435,0.4194901439999999,0.0287403991253871,0.004064506223113828,0.21591014399999994,0.654371678963054,0.09254213032224039
VAL  78,10.968779999999999,0.07175689235198478,0.01014795703579231,-6.877299999999999,0.28641510085889416,0.0405052120103106,-21.016960000000005,0.19365298448477586,0.027386667705239655,-1.47452,0.10104043547016413,0.014289275418998963,0.002140272,0.001055869441747418,0.00014932248846145072,-18.397859728000004,0.1155669597595544,0.016343636185418755
ARG  79,12.565840000000003,0.045938811477152244,0.00649672902302895,-7.06884,0.024774470730861777,0.003503639250820001,-178.34421999999995,0.46154502664681196,0.0652723236329773,-26.08914,0.4534524014712939,0.06412785360513534,0.8447099040000003,0.0075227111501929384,0.0010638720134418158,-198.09165009599997,0.059226404307807456,0.00837587842226936
LEU  80,11.17274,0.03305014977236837,0.004673997004654541,-7.658700000000002,0.08018135693517378,0.011339356242720078,-35.236320000000006,0.05413702614166111,0.007656131659608393,0.07436000000000001,0.048832677583765555,0.0069059834925953864,0.0013334400000000004,0.00033161295993974267,4.6897154540546994e-05,-31.646586559999996,0.056665026195039284,0.008013644855725125
LEU  81,13.639540000000002,0.01554504422704297,0.0021984012373573755,-7.1718399999999995,0.017522967785278044,0.0024781218694967045,-35.54613999999999,0.0434653931440801,0.006146934847823662,1.01326,0.03626502998757768,0.005128649724829935,0.249821856,0.0023174724186611857,0.0003277400924896228,-27.815358144,0.0213470635582767,0.0030189306800955367
VAL  82,11.991679999999997,0.012703448354991093,0.0017965388952534587,-6.608800000000001,0.013965672199358688,0.0019750443031989946,-32.69782,0.03183689055926197,0.004502416241269623,0.6762599999999999,0.034014002998766224,0.004810306435145432,0.0,0.0,0.0,-26.638680000000004,0.014761354947831776,0.0020875708366226886
VAL  83,11.320900000000002,0.031641902597187285,0.004474840779223071,-4.9484400000000015,0.023829527901158217,0.0033700041542766026,-32.01404,0.03563198562934751,0.005039123733130647,-0.7258800000000001,0.035081413882571355,0.004961261129995618,0.223574112,0.003031008778386827,0.00042864937220665576,-26.143885888,0.03582192687877376,0.005065985482229916
ASP  84,13.975279999999998,0.018949448543298657,0.0026798567129424048,-3.8548399999999994,0.0302313479687665,0.00427535823062499,11.146660000000002,0.22177453505756536,0.031363655526739635,-81.49498,0.2185716806914586,0.03091070351845423,0.3819608639999998,0.003008227773700831,0.00042542765162751364,-59.845919136,0.0354525180447764,0.005013743183919966
PRO  85,18.039900000000003,0.00970412282695801,0.0013723702112818357,-3.7198800000000007,0.031566209781957885,0.00446413619863591,-4.6978,0.048526693684937505,0.006862710834636345,-7.352239999999997,0.047171839057585443,0.006671105455731821,0.6307123680000001,0.005708609784306785,0.0008073193379262404,2.900692368,0.028933160497761453,0.004091766797825173
GLU  86,14.6264,0.011274750554170451,0.001594490514608142,-2.2238199999999995,0.01641912299731485,0.002322014642507464,-2.59738,0.3126429202780723,0.04421438580371801,-77.41749999999998,0.307144672758937,0.043436816182633474,0.735649776,0.004065086356501516,0.0005748900257582274,-66.876650224,0.028819262852653366,0.004075659238381752
THR  87,13.219299999999999,0.0078466553393114,0.001109684640012144,-1.9432400000000003,0.009388418397087425,0.001327722862639411,-31.43176,0.056035545861030205,0.007924622893164847,-8.51038,0.04978388896043944,0.007040505095552966,0.571489344,0.002788493442444855,0.0003943525244893953,-28.094590656000005,0.009010115558887652,0.0012742227621927757
ASP  88,12.7741,0.013486660074489303,0.0019073017588458509,0.15996,0.011331301778701036,0.001602488065478138,-13.089959999999998,0.374498222158784,0.05296204648615646,-72.07173999999998,0.3606725833813879,0.05100680589940997,0.949115952,0.0029512615072179987,0.00041737140496173557,-71.278524048,0.01715666345242476,0.0024263186139489904
GLU  89,14.985339999999997,0.007625247547249486,0.00107837284977724,-1.4702799999999998,0.012804749119004656,0.0018108649866881324,24.93792,0.5736338149030155,0.08112407208716621,-105.16156000000005,0.5751386323248503,0.08133688540785163,1.0041539039999998,0.0041274081960213675,0.0005837036648263287,-65.70442609600002,0.012663129113846055,0.0017908368934882683
GLN  90,19.6624,0.0047665501155477645,0.0006740919819138692,-1.3922200000000005,0.0043233783084797115,0.0006114180239121658,-66.52404000000003,0.034787905895877075,0.004919752832450832,-10.751139999999998,0.04040594510805368,0.005714263557231233,1.2473000640000003,0.0033336913251413606,0.0004714551484780447,-57.757699936000016,0.010312899458493468,0.0014584642281591609
LEU  91,8.34676,0.00720155538751429,0.0010184537299203738,0.06436000000000001,0.006854954412685662,0.0009694369499869356,-4.9664199999999985,0.31420872616783013,0.04443582419625194,-102.17011999999998,0.30530500422376466,0.0431766477633623,1.5020987039999998,0.007631020695096831,0.0010791892961755701,-97.223321296,0.010869401346405955,0.0015371654798963681
ALA  92,1.6436200000000005,0.02322316946493506,0.0032842521218599896,-0.42753999999999975,0.16395831299449323,0.02318720699006252,-16.130580000000005,2.396858870188187,0.3389670321314388,-74.83398,2.398920369582998,0.33925857217173533,1.0763569440000003,0.04676691820895069,0.006613841000149131,-88.672123056,0.28231218975789923,0.039924972757886784
SER  93,9.591500000000002,0.2522135008280801,0.03566837534846687,-2.47232,0.14429087843658125,0.020405811721174078,-8.058380000000001,0.6199417679104808,0.08767300560605555,-6.983719999999996,0.25631496561856126,0.03624841006169629,0.4745093760000001,0.0304209295898104,0.0043021691205906865,-7.448410623999999,0.740681415412157,0.10474817030735728
GLU  94,15.4295,0.31298544694597236,0.04426282638963989,-3.3885199999999998,0.5947075664559879,0.08410435061279567,-28.313720000000004,5.083924016111961,0.7189754293659829,-50.54476,3.9893219301531593,0.564175317829501,0.724270896,0.037801892597831475,0.005345994919522438,-66.09322910399999,1.1237859191340138,0.15892732880432364
SER  95,11.713940000000004,0.9776651453334327,0.13826273079900037,-3.6903799999999984,0.2630024250838888,0.037194159649064945,-5.8952399999999985,2.228247370109528,0.3151217651131076,-6.860799999999999,1.3155774397579165,0.18605074576577188,0.360230832,0.035906658182956935,0.005077968298183257,-4.372249168,0.5407574708467624,0.0764746549226065
LYS  96,10.918580000000002,0.24154180507717593,0.03415916966202207,-5.525259999999999,0.2538747573115597,0.03590331249341858,-15.453040000000005,4.212145462635387,0.5956873239947259,-13.628680000000001,4.529769938705499,0.640606208174726,0.7447345919999999,0.02182502544838174,0.0030865246988239395,-22.943665407999998,0.6103254520019695,0.08631305316826747
VAL  97,8.5536,0.24876728080681548,0.03518100623916746,-6.531320000000002,0.21469545314233765,0.030362522161373123,-70.64126000000002,2.557499629012384,0.3616850661113472,-44.14351999999999,3.455806865205416,0.488724893771555,0.17848583999999998,0.02754276229911622,0.0038951347988628524,-112.58401415999997,1.0248392053154523,0.14493415034087775


