#Frame       SA_00001
       1    6132.3787
       2    6081.5317
       3    6129.6762
       4    6124.8109
       5    6171.5237
       6    6026.0838
       7    6013.9396
       8    6128.8110
       9    6028.5970
      10    5896.8582
      11    6111.4435
      12    6031.2112
      13    6102.7539
      14    6101.8159
      15    6088.7944
      16    6116.9034
      17    6067.8109
      18    6138.9602
      19    6181.8656
      20    6177.2432
      21    6149.2653
      22    6090.0547
      23    6081.3425
      24    6098.6182
      25    6074.4515
      26    5989.8995
      27    6107.6250
      28    6075.4635
      29    6051.0341
      30    6106.0392
      31    6099.3254
      32    6080.1488
      33    6109.4875
      34    6090.2764
      35    5996.6984
      36    6178.5243
      37    6082.4818
      38    6104.4083
      39    6120.5555
      40    5985.6853
      41    6087.3470
      42    6130.9580
      43    5958.6359
      44    6120.7148
      45    6126.0392
      46    6143.5079
      47    6144.2553
      48    6096.3917
      49    6149.3096
      50    6157.7351
