| Run on Mon Jun 20 15:45:53 2016
| GB non-polar solvation energies calculated with gbsa=2
idecomp = 2: Per-residue decomp adding 1-4 interactions to EEL and VDW.
Energy Decomposition Analysis (All units kcal/mol): Generalized Born Solvent

Total Energy Decomposition:
Residue,Internal,,,van der Waals,,,Electrostatic,,,Polar Solvation,,,Non-Polar Solv.,,,TOTAL,,
,Avg.,Std. Dev.,Std. Err. of Mean,Avg.,Std. Dev.,Std. Err. of Mean,Avg.,Std. Dev.,Std. Err. of Mean,Avg.,Std. Dev.,Std. Err. of Mean,Avg.,Std. Dev.,Std. Err. of Mean,Avg.,Std. Dev.,Std. Err. of Mean
ARG   1,7.741980000000003,0.018815408577713588,0.002660900599219362,-1.82756,0.04052019743286693,0.005730421275959588,-278.4567599999999,1.1560012034749931,0.16348325800739552,-26.613020000000006,1.1474121576833933,0.1622685835027631,1.5631685279999998,0.005827513974274384,0.0008241349297337569,-297.592191472,0.02333795435592112,0.00330048515681879
MET   2,9.777679999999998,0.016054208172234602,0.002270407893033515,-4.20488,0.026598225504815325,0.0037615571243967793,-4.709840000000001,0.04082908767033288,0.005774104952270487,-3.4844399999999998,0.040574947935881685,0.005738164166350609,0.52063056,0.005648331120030053,0.0007987946474720515,-2.10084944,0.025103479719711604,0.003550168148237409
LEU   3,12.28006,0.01605167904019419,0.002270050219750257,0.49617999999999995,0.0074342181835036535,0.001051357218075154,-15.417739999999998,0.029352212863949855,0.004151029751785991,-6.718679999999999,0.030957028281441284,0.004377984924638173,1.220642208,0.004102375954916647,0.0005801635713396398,-8.139537792,0.01509093593417918,0.002134180626701969
PRO   4,18.315160000000002,0.015840909061694365,0.002240242843536703,-4.57422,0.023553589959788335,0.0033309806363707424,-0.5744199999999997,0.03898004104667331,0.005512610271006533,-4.240759999999999,0.04257443364281656,0.006020934146802455,0.44880969600000015,0.0020334857096442997,0.00028757830694708464,9.374569696000002,0.021925521343429722,0.0031007369645979074
ARG   5,12.865460000000002,0.03091873865346714,0.004372569953520247,-5.010459999999999,0.037349275762861844,0.0052819852328651945,-244.76508,0.7821403925193349,0.11061135507806594,37.11309999999999,0.7721493961668341,0.10919841482373327,0.6725570400000003,0.0054617826135824445,0.0007724127046861862,-199.12442296000006,0.04442046421468484,0.006282002293931603
LEU   6,12.391840000000004,0.009464375303191759,0.0013384647913162759,-3.4655800000000005,0.029470724456583965,0.004167789821946151,-31.431459999999987,0.034808740295418486,0.0049226992614903676,-5.9477600000000015,0.03028435899895228,0.0042828551224094,0.8573307840000001,0.005931735814441413,0.0008388741237197263,-27.595629216000003,0.03469961640946248,0.004907266813540583
CYS   7,10.60482,0.019406895682551346,0.0027445495077823975,-5.458879999999999,0.02463464227497516,0.0034838645209479464,-4.5799199999999995,0.09660327944743292,0.013661766796427771,-1.3152200000000003,0.10416166089305635,0.014730683351426752,0.045510048000000004,0.002658979149240507,0.0003760364374923198,-0.7036899519999998,0.029500225580768386,0.004171961910938837
CYS   8,10.0354,0.018597849338345254,0.002630133076525935,-4.143919999999998,0.04414015858630815,0.0062423610918056205,4.0889,0.04747978517232555,0.006714655612926377,-7.108020000000002,0.07885442029442705,0.011151699063344695,0.6112907999999998,0.009876119798067724,0.0013966942562048809,3.4836508000000013,0.028563097560663234,0.004039431995367581
LEU   9,13.137280000000002,0.1976042550146761,0.02794546174243866,-7.25178,0.1695783347011184,0.02398199808189657,-33.16405999999999,0.1826604949106999,0.02583209492124935,0.009739999999999999,0.1065483570966723,0.015068213165468558,0.024045120000000003,0.0046371700473456885,0.000655794877198656,-27.24477488000001,0.09482164874186985,0.013409806165733007
GLU  10,15.42092,0.15229915823823525,0.02153835351185184,-4.28504,0.2612852050920504,0.03695130806886133,2.8344399999999994,2.309854083356783,0.3266626971786036,-76.59719999999999,2.564650947010353,0.3626964152015043,0.8892660960000001,0.05583994905691639,0.007896961327851388,-61.73761390399999,0.19157433886761474,0.027092702822923993
LYS  11,9.678660000000002,0.08574441322882943,0.01212609120859336,-5.990000000000001,0.37599611700121843,0.053173880806274415,-0.9317799999999999,1.982310533594573,0.2803410441444492,-37.339939999999984,1.919365347296348,0.2714392505295441,0.8068360320000001,0.0581786022456382,0.008227696833569133,-33.776223968,0.4174142642358406,0.05903129136103125
GLY  12,6.978759999999998,0.04983996789744812,0.0070484358548810805,-1.2339,0.09594983064080946,0.01356935517996343,-3.2063199999999994,0.527160295925258,0.07455172400421141,-3.7350000000000008,0.42105738326265946,0.05954650619473792,0.182156256,0.0084972002699277,0.0012016855863932077,-1.014303744,0.19550248327821027,0.027648226332966416
PRO  13,18.494659999999996,0.055856820533785254,0.007899347314991909,-1.14684,0.0414754674476334,0.005865516857020697,-4.681140000000001,0.4470552990402824,0.0632231667033527,-6.04284,0.3983558389179329,0.05633602300482527,1.126714896,0.02438045168298666,0.0034479165426861687,7.750554896,0.08328564624818562,0.011778369047519197
ASN  14,16.826700000000002,0.7993984801085492,0.11305201723099491,-2.15552,0.350112167169322,0.049513337516269136,-83.29676000000003,4.393352945347629,0.62131393196024,-12.82202,3.3345837130892453,0.4715813511919244,0.6511760639999999,0.10456134898996242,0.014787207784163117,-80.79642393599997,0.6331520121095999,0.08954121625692103
GLY  15,5.648480000000001,0.11250622027243919,0.015910782256061833,-3.011920000000001,0.13421636859934322,0.01898106087656576,-11.87676,0.9353547040561546,0.13227913081056863,-0.10832000000000001,0.7099749133596202,0.10040561514178378,0.10846972800000002,0.007901170242211904,0.0011173942115154786,-9.240050271999998,0.2822939420397714,0.03992239214084091
TYR  16,9.529719999999998,0.11624354433710377,0.016439319693985033,-10.936899999999996,0.34288915118462315,0.04849184879958927,-30.519180000000002,1.2707150379213827,0.1797062440539861,-0.38383999999999985,0.5895651061587687,0.08337709690316641,0.022175280000000002,0.01151849197379586,0.0016289607567427746,-32.28802472000001,1.162249078864226,0.16436684101854251
GLY  17,6.327460000000001,0.39074386546685796,0.05525952739573186,-4.063480000000001,0.09999904799543301,0.014142000989953942,-9.415320000000001,0.712288184374807,0.10073276106609597,-2.763019999999999,0.2505906215324213,0.03543886555746535,0.002902176,0.0032231111312246113,0.00045581674748135334,-9.911457824000003,0.4044047061991724,0.057191462019437644
PHE  18,9.703980000000001,0.18849259826305298,0.026656878887055282,-9.808560000000003,0.1037238950286827,0.014668773909172633,-7.396660000000001,0.6985403241044892,0.0987885200213066,-0.27064000000000005,0.19544541539775237,0.027640155715914473,0.0,0.0,0.0,-7.771880000000003,0.49281922202765965,0.06969516275896738
HIE  19,29.315419999999996,0.30345524151047687,0.04291505181173194,-10.060120000000001,0.25395028174824147,0.03591399326168317,-19.626179999999998,3.7585979177879856,0.5315460150843044,-6.172959999999996,2.2597212921951333,0.3195728498605613,0.2718226080000001,0.040569594528414,0.005737407080206039,-6.272017391999999,1.4358604261632353,0.20306132883548594
LEU  20,11.342040000000003,0.07888420881219192,0.011155911795927302,-8.989820000000002,0.14953563989890392,0.021147533000316923,-32.958380000000005,0.7639068500800378,0.10803274277729,0.26609999999999995,0.47166043929929086,0.0667028590091909,0.0,0.0,0.0,-30.34006000000001,0.5582546161023567,0.07894912493493385
HIE  21,28.950680000000002,0.28900404426218607,0.04087134389762578,-9.871680000000003,0.5133190602344277,0.07259427768081395,-31.37464,2.493536065590325,0.3526392522224285,0.96096,0.96209772809211,0.13606116553962042,0.19918411199999994,0.026240287390139113,0.0037109370307702436,-11.135495887999998,1.673126106234272,0.2366157630996995
GLY  22,5.422500000000001,0.09110636640756756,0.012884385899211459,-3.0635000000000003,0.17087319860059574,0.024165119490703386,-7.62976,0.4996033050330922,0.07065457697842213,-5.638980000000001,0.41686187112758377,0.058953171178485426,0.09866707200000001,0.01766527391084586,0.002498246994775382,-10.811072927999996,0.34553498013516604,0.04886602551814698
GLU  23,15.463899999999999,0.14341161040883205,0.02028146444419368,-4.68288,0.35210814475101887,0.04979561137289198,1.8316999999999999,1.7955899782522735,0.2539347699705576,-74.40986,1.5903931464891954,0.22491555572702404,0.4727871359999999,0.04008290844947197,0.005668579274860238,-61.324352864000005,0.3607865509187031,0.05102292334310411
LYS  24,9.705399999999996,0.17102140216970807,0.02418607864044646,-1.02504,0.09565144222644965,0.013527156685719166,18.82454,1.7103586081287192,0.24188123401372044,-56.21663999999998,1.6784900090270636,0.23737433350738119,1.6100006399999995,0.01777175263461885,0.002513305360301776,-27.10173935999999,0.0903675651281946,0.012779903620292677
GLY  25,6.369260000000001,0.03875967492123146,0.005481445794677785,-1.18374,0.019659918616299992,0.002780332354232274,-5.4364,0.250297742698558,0.035397446235567204,-5.692699999999998,0.24451570501713638,0.03457974262484533,0.6274311840000001,0.011030701276405958,0.0015599767347579516,-5.316148815999998,0.021171581332426043,0.0029941137457201953
LYS  26,9.875780000000002,0.09424187816417572,0.013327814224329014,-4.19988,0.1458227197661574,0.0206224467995431,1.9025,1.0638955258858833,0.15045754816558723,-38.01463999999999,1.0659380237146656,0.1507464009786454,0.9401469119999999,0.02139857195431026,0.0030262150673202115,-29.496093087999995,0.11438233146691426,0.016176104445636497
LEU  27,11.202099999999996,0.0643600031082751,0.00910187892700972,-2.620959999999999,0.043483771685604876,0.006149533966091759,-26.626380000000005,0.45833428368321927,0.06481825600853662,-7.452960000000001,0.47063182892786115,0.06655739153542356,0.8891215200000003,0.0113340569798125,0.0016028777097560278,-24.609078479999994,0.1399060576815127,0.01978570442313478
GLY  28,4.980220000000001,0.014006127229937567,0.0019807655084900814,-3.507379999999999,0.04472265197866629,0.00632473809735218,-5.9019,0.24200241734325728,0.034224310073390836,-4.369760000000001,0.21700318523004725,0.03068888476304937,0.03699043199999999,0.001852252671904349,0.0002619480849548933,-8.761829568000001,0.07758150065844278,0.010971681042042698
GLN  29,18.93758,0.0432754387605699,0.006120071241284427,-9.03328,0.23600135931810598,0.03337563230861515,-79.16998000000002,0.3136784653058813,0.044360833985995565,-3.0291999999999994,0.3962070165961234,0.056032133637761966,0.07305278400000001,0.030672072989997645,0.004337686160855216,-72.22182721600001,0.3352351249373338,0.04740940602702164
TYR  30,8.968660000000002,0.08840805619389427,0.012502787209244798,-9.359359999999999,0.24554020118923683,0.03472462826296371,-26.72413999999999,0.4015970124395076,0.056794394160046814,-2.5901,0.34293977605404685,0.0484990082372825,0.22690583999999994,0.010484704696958544,0.0014827611579915664,-29.478034159999993,0.2588034517166391,0.036600335140664145
ILE  31,12.664420000000002,0.06538228812105182,0.009246451859977679,-8.34878,0.1307919401187281,0.0184967735564995,-5.3615200000000005,0.42531532960851665,0.06014867074175474,-2.07854,0.3949900864578767,0.05586003372716506,0.002496384,0.0019217602746815232,0.00027177794440844545,-3.1219236159999997,0.20662709521531364,0.02922148404072534
ARG  32,13.388900000000003,0.5891872452793839,0.0833236593051348,-7.625619999999999,0.43205207510209925,0.06110139042608278,-204.41596,4.690198332521599,0.6632942092071721,-0.20714,3.8373589720535652,0.5426845101972231,0.9062272800000005,0.07188044387161104,0.010165429859263034,-197.9535927199999,0.7901894208335354,0.11174965957865268
LEU  33,11.710720000000004,0.04363807511687178,0.006171355766613595,-4.728419999999999,0.4092554258650803,0.05787745737331733,-34.99252,0.26505442761821874,0.037484356630472275,-0.35935999999999985,0.09886531444343889,0.013981666853419191,0.6637220640000001,0.046428808822133086,0.006566025112108821,-27.705857936,0.6034472046194704,0.08534032209489872
VAL  34,11.046979999999998,0.10627784152908133,0.015029956487016537,-6.293459999999999,0.07090619436983389,0.010027650173408188,-28.421660000000006,0.14973144091923282,0.021175223446164484,-3.688680000000001,0.12249562277891303,0.017323497106527745,0.13547375999999997,0.010080391055272019,0.0014255825744390125,-27.221346240000003,0.12479769293495245,0.017649058990148275
GLU  35,17.32106,0.10951080494659117,0.015487166558186384,-3.034620000000001,0.26083150806601874,0.036887145620119105,-34.027660000000004,5.896231072846413,0.8338529950105061,-42.528059999999996,4.515252357997322,0.638553112221691,0.3158186400000001,0.03936830240509717,0.005567518718889376,-61.95346136000001,1.7836826062073023,0.25225081326673554
PRO  36,17.64104,0.12646295267863114,0.01788456228158671,-1.8489000000000004,0.1810690752171586,0.025607034189845973,-8.584000000000001,0.4311537080902742,0.060974342144871616,-1.7024800000000004,0.3915995526044421,0.05538053983124383,0.9716839199999999,0.03770899249518392,0.005332856861011435,6.477343920000001,0.06871209137106117,0.009717357151597402
GLY  37,5.99826,0.11252569662082311,0.01591353662766484,-1.4532800000000006,0.12514136646208895,0.01769766176645878,-21.355059999999998,0.8619768537496315,0.12190193570244187,4.86276,0.4339042087834655,0.06136332168323439,0.2943624959999999,0.010213209460243315,0.0014443659334033292,-11.652957504000002,0.4276821004963087,0.06048338269060928
SER  38,12.672780000000003,0.040908820564131636,0.0057853808862482325,-4.210060000000001,0.25581715423323187,0.03617800890043263,-6.6228799999999985,0.8525145779398964,0.12056376782433764,-2.2319999999999998,0.3947391037128199,0.055824539406966966,0.020910672000000005,0.014390912302742165,0.0020351823353459797,-0.3712493279999999,0.27065707024932006,0.0382766899498756
PRO  39,19.490680000000005,0.05369224897307197,0.007593230669203126,-7.893540000000001,0.1324497202714422,0.01873121907403962,-6.925019999999998,0.295173541497216,0.041743842563906036,-2.36572,0.28789151012143305,0.040714007810580176,0.14281963199999997,0.01543558880837991,0.002182921903602523,2.449219632,0.138278403115814,0.01955551930696782
ALA  40,9.720040000000001,0.11153760980037081,0.01577380004943626,-7.043259999999999,0.05241481088412064,0.007412573642154432,-7.360360000000001,0.16426816611861497,0.023231026839110182,-1.5887799999999996,0.12514252514633317,0.017697825629156047,0.0,0.0,0.0,-6.27236,0.16981339876463641,0.02401524116056194
GLU  41,17.213820000000002,0.12168117192070894,0.01720831636157188,-5.72104,0.1338397489537374,0.018927798815498567,9.062999999999995,2.468349245953674,0.34907729803010884,-84.09460000000001,2.4243890281881515,0.34286038441322114,0.6054016320000001,0.02269007182808721,0.0032088607310500616,-62.93341836800001,0.04987885358339454,0.007053935121325841
LYS  42,12.117160000000002,0.35891159691487445,0.05075776480500009,-3.608580000000001,0.05932456152384783,0.008389759948886268,-19.647020000000005,1.9255246193180253,0.2723103031322842,-23.553979999999996,1.8943253943290923,0.26789806642079633,1.2884122080000002,0.011465173203077474,0.0016214203438748743,-33.40400779200001,0.35693795904975556,0.05047865026139367
ALA  43,7.3475800000000016,0.022251372990476095,0.0031468193464553665,-3.9534800000000008,0.03923378136236044,0.0055484945705830905,-8.26858,0.11891477452363829,0.016817088689786788,-3.2116400000000005,0.10044396646886318,0.01420492196388147,0.16471526399999997,0.004278531683359576,0.0006050757533650101,-7.9214047359999995,0.06356958713683904,0.008990097228337601
GLY  44,6.166320000000002,0.03433449577272669,0.004855630957903178,-2.0137400000000003,0.021073025411619803,0.00298017583373456,-11.19692,0.0697595412829748,0.009865488938730878,-1.7021999999999997,0.07348904680291675,0.010392920667455601,0.279384048,0.005858738634834414,0.0008285507635782059,-8.467155951999999,0.03361095283174879,0.004753306533894152
LEU  45,10.302640000000004,0.01390792579597106,0.0019668777285140895,-7.429540000000002,0.030680423725423685,0.004338867133184745,-28.25698000000001,0.12513968035542922,0.017697423314968198,-1.2211,0.13822738513044217,0.01954830427428404,0.004448591999999997,0.0015932850115205454,0.00022532452720181283,-26.600531408000002,0.06346165700165293,0.008974833602240707
LEU  46,10.75624,0.020491520197670827,0.0028979385777188286,-3.4507399999999997,0.018448642226566475,0.002609032004417928,-31.19984,0.11485997736467275,0.016243653776298692,-0.9439200000000001,0.07723026349819198,0.010922008606479088,0.875745792,0.014082233323380268,0.0019915285354426718,-23.962514207999995,0.05752575912990996,0.008135370874732656
ALA  47,6.99726,0.021087256815611695,0.002982188458188254,-3.3951800000000003,0.018242466938379956,0.0025798744155399725,2.04868,0.12123884526008982,0.017145761925327206,-7.8228599999999995,0.15929256228718405,0.022527370197169667,0.41498193599999994,0.004571967773371248,0.0006465738831834339,-1.7571180639999997,0.06797127178831523,0.009612589441478313
GLY  48,6.167959999999998,0.026280761024627158,0.0037166608670513965,-2.6843199999999996,0.01428067225315515,0.0020195920380217157,-12.112359999999999,0.17259278779838613,0.02440830612722593,-1.8693799999999994,0.2238670936069065,0.03165958799479343,0.17904599999999998,0.004093327153698825,0.0005788838775990937,-10.319054000000003,0.05294674123227364,0.007487799953414014
ASP  49,12.059299999999999,0.03632423433521378,0.005137022483967777,-8.430240000000001,0.058670115049991915,0.00829720724096884,22.6256,0.703888570726985,0.09954487631215156,-88.72076000000001,0.6991189186364599,0.0988703456447294,0.018788543999999994,0.0026945348490721574,0.0003810647727844786,-62.44731145599998,0.08133115835187213,0.011501962718473138
ARG  50,12.953320000000001,0.07652671167596957,0.010822511353597165,-9.082060000000004,0.07608952884545381,0.01076068436478196,-203.24469999999997,1.2955108374728528,0.1832128996555435,-1.0449800000000002,1.180285261960006,0.16691754249329216,0.4385687039999999,0.006604647782434852,0.0009340382468616754,-199.97985129600002,0.18457040687399676,0.026102197261392655
LEU  51,12.826720000000002,0.03057060025564598,0.004323335749142095,-8.763,0.04482186966204152,0.0063387695966978285,-33.096759999999996,0.06629737853307285,0.009375865187125451,-0.38416000000000006,0.06956791214345866,0.009838388485925916,0.0,0.0,0.0,-29.417199999999994,0.029245854415328794,0.004135988395734705
VAL  52,12.469460000000002,0.012088358031796961,0.0017095519875388995,-6.62526,0.03494384638234329,0.004941806147539189,-31.962699999999995,0.06671049392813841,0.009434288526578134,-0.7661800000000004,0.06894249487797337,0.009749941128026757,0.056130336,0.0016640697819213953,0.00023533500543284757,-26.828549664,0.030644400487499574,0.004333772678021458
GLU  53,15.478980000000002,0.01471256605511462,0.002080671045245312,-7.890559999999997,0.013358383137542555,0.001889160660448874,1.7987799999999998,0.6890322573000491,0.09744387631862775,-78.84494,0.6840283154964579,0.09673621208223131,0.31751985600000016,0.0036252017846165672,0.0005126809530143897,-69.140220144,0.017049809485838806,0.0024112071810750684
VAL  54,11.378159999999998,0.019661495367029682,0.002780555340458915,-6.935920000000001,0.02848146063646283,0.004027886790828118,-25.604239999999994,0.054072381122421034,0.007646989473313474,-2.52848,0.04020907360284646,0.005686421721960347,0.0013550400000000005,0.0006658875148251373,9.417071544806245e-05,-23.68912496,0.03482268853026888,0.004924671839780027
ASN  55,17.37722,0.06521818458038763,0.009223244114693604,-4.539160000000001,0.06704457024986707,0.009481534053083773,-90.16633999999998,0.26059452105748343,0.03685363059596142,-6.958880000000001,0.21071569851339506,0.02979969986425635,0.4015307519999999,0.007354781830472128,0.00104012322129489,-83.885629248,0.10151142674439483,0.014355883643776608
GLY  56,6.06162,0.010422840303539089,0.0014740122115713885,-2.1086999999999994,0.010092076099729652,0.001427235089273904,-7.9631400000000045,0.030365776787644273,0.004294369336508065,-6.533919999999999,0.032642205807988205,0.0046163050159430735,0.3239026559999999,0.0025648038200465277,0.00036271803471361224,-10.220237344,0.026672400160373033,0.003772047004784186
GLU  57,13.843580000000001,0.015816560940555578,0.0022367994992234254,-3.4500599999999992,0.026670890498956195,0.0037718335064191575,-0.09512000000000001,0.7452082296915407,0.10538835852218213,-80.67245999999999,0.7320189672430065,0.10352311513894062,0.706953312,0.002295528457570143,0.0003246367477509088,-69.66710668799999,0.02926730370023468,0.004139021782696415
ASN  58,20.37988,0.011068224798429081,0.0015652833621332622,-4.9083,0.030892879438394995,0.004368912908253512,-91.72869999999999,0.14407598689866036,0.020375421468437384,-5.06384,0.14147966072903778,0.02000824550029494,0.5771833919999999,0.0037847275835398105,0.0005352413078529551,-80.743776608,0.021105323325078907,0.0029847434484595817
VAL  59,12.853940000000005,0.021404121095836517,0.0030269998344408075,-6.69918,0.06098055099779196,0.008623952226206157,-31.037420000000015,0.16450909883399426,0.02326509987048106,-0.26086,0.17744452766991708,0.025094445759968467,0.0,0.0,0.0,-25.14352000000001,0.045656649016490074,0.0064568252251628495
GLU  60,16.660880000000002,0.07084338783412363,0.010018767987947475,-4.958539999999999,0.019746604771739514,0.0027925916279015295,-27.777299999999997,0.9861803334077603,0.13946696024508753,-49.82901999999999,0.9827904454162917,0.13898755768784146,0.42904555200000005,0.0028231105836015033,0.0003992481275408269,-65.474934448,0.029829974003606666,0.004218595380113739
LYS  61,9.447579999999999,0.019195926651961938,0.002714713981352373,-1.7221800000000005,0.05511286238255528,0.007794135744261164,-1.52626,0.9151581898229397,0.12942291237644127,-40.99038,0.9068290443069855,0.12824499332127712,1.3416827040000001,0.009156313198838592,0.0012948982307133315,-33.449557295999995,0.06500062923713505,0.009192477142994152
GLU  62,15.647499999999996,0.0632079900021853,0.008938959671143344,-4.418040000000001,0.10914338459105011,0.015435205473196574,-35.559500000000014,1.8765466927308367,0.26538377832863264,-51.20721999999998,1.863212894867749,0.2634980945510406,0.303857712,0.005936903316732992,0.0008396049189021607,-75.233402288,0.05565099260638332,0.007870238850347213
THR  63,14.714579999999998,0.10106890520836416,0.014293301647986933,-4.2869399999999995,0.4230678153677032,0.059830824229656236,-30.770840000000003,2.3203874017929427,0.32815233335752475,-5.26966,1.5143217043944168,0.2141574292150525,0.4546414080000001,0.11251434950056047,0.015911931902527907,-25.15821859199999,1.1667085230792262,0.1649975016674925
HIE  64,30.946399999999997,0.15505895652981308,0.021928647929188184,-11.465819999999999,0.3017044706331028,0.042667455419792916,-14.532219999999997,2.5395666582313026,0.3591489610621227,-6.377840000000001,1.0283097074325454,0.1454249534571015,0.08203752000000003,0.023961347230637836,0.0033886462226299027,-1.34744248,1.6567395118280686,0.2342983486946635
GLN  65,21.050000000000004,0.0378037035179167,0.005346251022296927,-4.265619999999999,0.16081590592974532,0.022742803521116167,-75.67075999999997,0.665109932570767,0.09406074871106335,-10.126080000000002,0.7571145181542542,0.10707216198433171,0.7482765599999999,0.0302805167855527,0.004282311751379478,-68.26418344000001,0.12402737434703728,0.0175401194907105
GLN  66,20.96424,0.05492014566616088,0.007766881484859068,-6.237919999999999,0.05008666089907623,0.00708332351374558,-74.28709999999997,0.39193949788773214,0.05542861535425318,-9.930460000000002,0.4135567777221861,0.0584857603866031,0.678393648,0.0054320120469107825,0.0007682025107715266,-68.812846352,0.08426706361804724,0.011917162422999882
VAL  67,12.692060000000001,0.027415623282219602,0.0038771546266626548,-7.063220000000001,0.04446179933355353,0.006287847962502244,-28.875460000000007,0.3647117332900969,0.0515780279575454,0.12706,0.3256445553053206,0.04605309466257398,0.0,0.0,0.0,-23.119560000000007,0.13840247974463454,0.019573066392092973
VAL  68,12.9115,0.05613563930312192,0.007938778243495917,-5.3249200000000005,0.12725373707671786,0.017996396083655438,-31.818739999999995,0.3298514095780918,0.046648033699322,-1.25642,0.3311574302352276,0.04683273291192809,0.062004383999999996,0.012278001820220766,0.0017363716692997755,-25.426575615999994,0.23063237350899146,0.0326163430538713
SER  69,14.542159999999999,0.03162237182849351,0.004472078711426041,-4.285160000000001,0.04955536701492393,0.007008187212088174,-8.043879999999996,0.4106089935694009,0.05806888075382137,-4.79548,0.31455385802751806,0.044484633211929706,0.3991749119999999,0.005710460114590194,0.000807581014144407,-2.183185088,0.11393693608026868,0.01611311602599524
ARG  70,14.107459999999996,0.04676588927965515,0.006613695487572685,-7.149679999999998,0.10682348805393693,0.015107122558587791,-215.60431999999997,1.3155680056994026,0.18604941158842203,6.515420000000001,1.2555507172551796,0.17756168525895422,0.673943616,0.005928946231068261,0.0008384796170557581,-201.45717638399995,0.1635682369364319,0.023132041904895782
ILE  71,14.222700000000001,0.0473920879474799,0.006702253352450457,-7.522479999999998,0.15833398119174333,0.022391806358588996,-9.431099999999999,0.5972016158719202,0.0844570624637197,-0.98854,0.5868654091016098,0.08299530208391313,0.0004775039999999999,0.0009405685380577004,0.00013301647828626345,-3.7189424960000004,0.11436848991105707,0.01617414695403474
ARG  72,12.727239999999997,0.05514075081187245,0.007798079763758526,-2.920399999999999,0.10499276165530423,0.014848218748393708,-163.18518000000003,1.3183182269825813,0.18643835161224187,-46.6057,1.1996382496403897,0.16965446825829597,1.384373088,0.023277536705834496,0.003291940810802868,-198.599666912,0.08646741988091895,0.012228339789900457
ALA  73,8.47674,0.029886324632312056,0.004226564562450081,-1.7618199999999995,0.23951757263299175,0.03387289996442598,-10.784679999999996,0.1867006630950014,0.0264034609853001,-3.0584999999999978,0.3511475615749227,0.04965976439734972,0.5961142080000001,0.021662082864979202,0.0030634811376903416,-6.532145791999999,0.12166012890937375,0.01720534043036954
ALA  74,7.985179999999999,0.7247041241775941,0.10248864011196691,-3.3827600000000007,0.101124192951004,0.014301120515534359,0.22552,1.5309178324129613,0.21650447614772309,-3.9407799999999997,0.9723754478595209,0.13751465460815468,0.09810892800000001,0.008528711373496842,0.00120614192939649,0.9852689279999999,0.07834348675373663,0.011079442149073125
LEU  75,12.309339999999997,0.37590416917088104,0.05316087741940502,-0.8713200000000001,0.5249078562947976,0.07423318093682904,-23.96348,0.9582686312301669,0.1355196494682404,-5.920819999999999,0.5510264127970638,0.07792690262034031,1.1455799039999994,0.09532510651797933,0.013481005847238629,-17.300700096000007,0.667727608851595,0.09443094404088827
ASN  76,19.9648,0.5732465089295845,0.08106929875112479,-3.1963000000000004,0.2876868610138398,0.04068506605623158,-84.31255999999999,2.3110058862755736,0.3268255867094971,-15.914979999999996,1.1771004628323323,0.16646714388131315,0.72230184,0.10126869600187449,0.014321556332968893,-82.73673815999999,0.95896964070075,0.13561878717830544
ALA  77,8.145559999999998,0.5322294302272742,0.0752686078521516,-2.965019999999999,0.17327832986270017,0.024505256415718945,-3.156599999999999,0.5231260268807157,0.07398119220450605,-2.2745,0.5022655970699152,0.07103108192896944,0.42231182400000017,0.02815242102522713,0.003981353562751368,0.17175182399999994,0.7530772845680991,0.10650121093513085
VAL  78,10.978139999999996,0.08293129927882417,0.011728256818533522,-6.891279999999995,0.3220538489136555,0.04554529209481473,-21.085739999999998,0.24261457581980822,0.03431088235537683,-1.3891200000000001,0.11890948490343592,0.016816340624523786,0.002216015999999999,0.001000974328414074,0.0001415591470830484,-18.385783983999996,0.11996913348700447,0.016966197564346995
ARG  79,12.57928,0.06569780513820017,0.00929107270445875,-7.061099999999999,0.026279459659579778,0.003716476826241436,-184.30638000000002,0.5962287779049097,0.08431948239902592,-20.2098,0.5859587016163841,0.082867074281642,0.8330698079999999,0.0041915481338317085,0.0005927744218204439,-198.16493019199996,0.06995529694956241,0.009893172970590837
LEU  80,11.190079999999998,0.045035026368939114,0.006368914507278365,-7.713300000000003,0.12264473082828811,0.017344584169096268,-35.43834,0.08173777829147931,0.011559467461805518,0.28274000000000005,0.06872199356828909,0.009718757533759104,0.0014410080000000008,0.0007869320163368611,0.00011128899301691949,-31.677378991999987,0.0733431813059223,0.010372292171042415
LEU  81,13.665859999999999,0.020530961984535023,0.0029035164887095863,-7.124339999999998,0.01815996696036759,0.0025682071567599157,-35.26538,0.05324805724300933,0.007530412472308271,0.7243999999999998,0.05064109003566683,0.007161731634179703,0.2460106079999999,0.0028682544525799997,0.0004056324347175653,-27.753449391999997,0.03049292303079115,0.004312350530654374
VAL  82,11.945820000000001,0.013161595645293721,0.0018613307064045048,-6.621380000000001,0.01742629048269395,0.0024644496342478973,-32.9491,0.033200753001026845,0.00469529551750514,0.9098800000000001,0.03283147270531376,0.004643071397253681,0.0,0.0,0.0,-26.714780000000008,0.013662049608537844,0.0019321055846208252
VAL  83,11.298739999999999,0.039300793885726534,0.005557971572522407,-5.27904,0.05741008970554923,0.008119012747864373,-31.28946,0.076871635860068,0.010871290999511412,-1.4139199999999996,0.03844156084241114,0.005436457670212834,0.13960699199999999,0.002808654573551947,0.0003972037389938385,-26.544073007999994,0.03313830415287617,0.0046864639167042135
ASP  84,13.956799999999996,0.01566269453478655,0.002215039503440209,-3.8245000000000005,0.023248440807869395,0.0032878260294517013,16.250020000000003,0.5266831111778422,0.0744842398900561,-86.57700000000001,0.5269897532201852,0.07452760562356363,0.38843279999999986,0.00222490624990699,0.0003146492593627128,-59.80624720000001,0.028299355720606982,0.004002133266650302
PRO  85,18.06444,0.011269711621019673,0.00159377790184797,-3.7280599999999997,0.027703725381254346,0.003917898416242964,-4.8721000000000005,0.07145187191386554,0.010104820631753388,-7.187820000000001,0.06672321634917058,0.009436087748615126,0.6212753280000001,0.007894385561971242,0.0011164347128342078,2.8977353279999987,0.02593928059228086,0.0036683682411804796
GLU  86,14.63748,0.013106090189612962,0.0018534810495835618,-2.1790000000000003,0.01324990565996472,0.001873819628448614,0.72138,0.653631268835878,0.09243742051788331,-80.67796000000004,0.6509159380384076,0.09205341475387212,0.73760256,0.003805111105878316,0.00053812397322696,-66.76049744,0.02365171299090948,0.0033448573285100106
THR  87,13.230300000000002,0.006771262802121843,0.0009576011689153157,-1.9396200000000006,0.011253248419823466,0.0015914496536067945,-31.425480000000007,0.0947380050413801,0.013397977160169038,-8.525979999999999,0.09280527786724996,0.013124648261966852,0.5730396480000002,0.004767693944944371,0.0006742537438184414,-28.087740351999997,0.012455951377097586,0.0017615375369751235
ASP  88,12.766859999999994,0.013474435058157524,0.0019055728804561872,0.17653999999999997,0.008452715539991308,0.0011953944955537528,-9.678200000000002,0.6246786373808507,0.08834290011087437,-75.46640000000001,0.6155377161463677,0.08705017863263535,0.954513936,0.0032836461454907565,0.0004643776912987165,-71.24668606400002,0.012002757028696588,0.0016974461775851706
GLU  89,14.980899999999995,0.00781856765867852,0.001105712442123482,-1.4737799999999996,0.010685111136610196,0.0015111029084857936,29.297779999999992,1.2095224890841938,0.17105231080581307,-109.45970000000001,1.1938953262300274,0.16884229624083555,1.0030451039999997,0.0025899150376379413,0.0003662692971621601,-65.651754896,0.02274641535197908,0.003216828908614039
GLN  90,19.661720000000006,0.0061156847133813945,0.0008648884264861783,-1.3929200000000006,0.007010962843909947,0.0009914998739151291,-66.55951999999998,0.04770460777370523,0.006746450330126291,-10.707020000000002,0.05272589117254454,0.007456567038442033,1.2442008960000002,0.004033499748483073,0.0005704230048133229,-57.753539104,0.013915783184550931,0.0019679889310635383
LEU  91,8.345040000000004,0.008713116544328652,0.0012322207587526974,0.06355999999999998,0.008134273169743137,0.001150359943669833,-0.24194,0.5484877905660253,0.07756788722145266,-106.83565999999999,0.5421185335330195,0.07666713825362097,1.49276664,0.009412820282536639,0.0013311738103743863,-97.17623336000003,0.019056139305492565,0.0026949450652298595
GLU  92,9.143740000000001,0.28230903704975846,0.0399245268976257,-0.5464400000000001,1.1567423941396804,0.163588078196426,-66.45819999999999,5.01095894215861,0.7086566096495444,-96.91789999999999,6.198378646872309,0.8765831147130613,1.6033950719999999,0.28013016725989887,0.03961638817687925,-153.17540492800003,0.9204443751839485,0.13017049187951693
ALA  93,6.52712,0.29491162337213717,0.04170680174743426,-1.3500999999999999,0.35072338102841116,0.04959977620917257,0.09772,0.6347127236789885,0.08976193420375922,-4.236600000000001,0.8323501186399804,0.1177120826423515,0.527670144,0.08093627929772013,0.011446118387085256,1.5658101439999996,0.6879104213676661,0.09728522475959439
SER  94,10.38068,0.5313497319092321,0.0751441997229344,-2.4595000000000002,0.20541774509520525,0.029050456106573856,-10.861299999999996,0.9474534553212209,0.13399015262325217,-7.346019999999999,0.8557381022252163,0.12101964300063149,0.48340425600000003,0.036494512156059866,0.005161103404328965,-9.802735744000001,0.7373521947951147,0.10427734741248194
GLU  95,15.6123,0.5978952834737387,0.08455516187674675,-3.4584200000000003,0.5914361534434626,0.08364170294775196,-8.318360000000002,4.661925781305399,0.6592958666698883,-69.88596000000003,3.992642608398214,0.5646449326505444,0.73943496,0.05288528471632261,0.007479108689578599,-65.31100504000001,0.9376851462568403,0.13260870510722228
SER  96,11.595399999999998,0.6976947470061964,0.09866893736126282,-3.78414,0.18625037020098126,0.026339779953523743,-4.87808,1.169566429750789,0.16540167070498454,-7.47904,0.7562791273068321,0.10695401987770105,0.3589032959999999,0.030139777798417536,0.004262408252943359,-4.186956704,0.749798696069061,0.10603754850305283
LYS  97,10.945440000000001,0.27665539286260005,0.039124980868994574,-5.559239999999999,0.2633480252441815,0.037243034892449366,-24.071200000000008,3.236320886438755,0.45768488897930043,-5.08736,3.6294822923386745,0.5132863082218344,0.7410368159999998,0.022630928641165424,0.003200496621343386,-23.031323183999998,0.5873222124582139,0.08305990383413785
VAL  98,8.626460000000002,0.20825457594005464,0.02945164457206829,-6.639460000000001,0.2238735544900069,0.03166050170164399,-62.63269999999999,2.6173398422827647,0.37014775022957436,-51.665160000000014,3.1621307585864207,0.44719282047900394,0.170927856,0.024337512442517067,0.0034418440170631585,-112.139932144,0.6853570128132938,0.0969241182588071


