#Frame       SA_00001
       1   11094.1206
       2   11026.2037
       3   11095.5565
       4   10951.9622
       5   10910.3749
       6   11206.8040
       7   11120.1372
       8   11165.2325
       9   11029.0592
      10   11082.6112
      11   11095.2876
      12   10922.1776
      13   11154.2170
      14   10926.2851
      15   11166.3162
      16   11099.5413
      17   11117.9383
      18   11417.6558
      19   10897.4076
      20   11111.1712
      21   11064.7166
      22   11145.1383
      23   11113.5221
      24   11044.2862
      25   11006.4322
      26   11004.5375
      27   10949.3024
      28   10920.8640
      29   11103.1865
      30   10994.2320
      31   11133.7455
      32   11115.8405
      33   11174.5851
      34   11301.4309
      35   10730.6113
      36   11148.3864
      37   11028.6314
      38   11095.1808
      39   11084.8794
      40   11024.5059
      41   11177.1835
      42   11041.1015
      43   11108.3878
      44   10809.6668
      45   11149.8212
      46   11056.7396
      47   10891.4123
      48   11011.4906
      49   11187.1325
      50   11526.4172
