| Run on Mon Jun 20 15:50:12 2016
| GB non-polar solvation energies calculated with gbsa=2
idecomp = 2: Per-residue decomp adding 1-4 interactions to EEL and VDW.
Energy Decomposition Analysis (All units kcal/mol): Generalized Born Solvent

Total Energy Decomposition:
Residue,Internal,,,van der Waals,,,Electrostatic,,,Polar Solvation,,,Non-Polar Solv.,,,TOTAL,,
,Avg.,Std. Dev.,Std. Err. of Mean,Avg.,Std. Dev.,Std. Err. of Mean,Avg.,Std. Dev.,Std. Err. of Mean,Avg.,Std. Dev.,Std. Err. of Mean,Avg.,Std. Dev.,Std. Err. of Mean,Avg.,Std. Dev.,Std. Err. of Mean
GLY   1,0.9790999999999999,0.0012206555618660536,0.00017262676505771236,0.125,0.025102191139420436,0.0035499859154650114,-18.664320000000004,0.7363392272587231,0.10413409216966109,-96.65010000000004,0.7229526194684334,0.10224093994054137,1.010890512,0.02066878467192868,0.002923007560081068,-113.19942948800002,0.030546288098599085,0.004319897490919469
SER   2,9.907859999999998,0.023510857067938186,0.003324937292849352,-1.6958800000000003,0.08389055727553997,0.011863916385410555,-3.3121599999999995,0.22127949385336784,0.03129364612824867,-8.02794,0.22478615704713162,0.0317895631929782,0.5119135200000001,0.012213515179108996,0.0017272518810545602,-2.6162064800000002,0.05240939928896658,0.007411808327028338
LEU   3,11.167440000000001,0.030988488185385476,0.004382434026921056,-0.9524400000000002,0.048686408781091525,0.006885297960146018,-29.873020000000007,0.07238908480967284,0.010237362550561551,-1.3769,0.070240800109337,0.009933549214656197,0.98048376,0.006170005331571081,0.0008725705219822127,-20.05443624,0.025801337874755297,0.0036488601949849547
GLN   4,18.41636,0.04386012311924536,0.006202758096259052,-2.5713399999999997,0.06617782408028396,0.009358957634267836,-65.90196,0.151955119683064,0.021489699112781594,-12.3847,0.10850129031452352,0.01534439962977797,0.9691646399999998,0.009692347652727968,0.0013707049501722926,-61.47247535999998,0.08726283034120001,0.012340827815958747
ARG   5,12.432619999999996,0.026551753239177984,0.003754984953562926,-4.27894,0.04492812482173975,0.006353796345489565,-123.44205999999993,0.8576294400361547,0.1212871185589573,-75.72664000000002,0.8442475409490589,0.11939463224102939,1.201443264,0.013150167014694448,0.0018597144539652204,-189.81357673600004,0.037441711500713966,0.005295057620277038
ARG   6,13.969740000000002,0.6744819881954301,0.0953861575282347,-5.057460000000001,0.2507527236142955,0.035461790253732896,-156.76108,3.609454971821828,0.5104540173925426,-47.888220000000004,3.0124938127072975,0.42603096064956947,0.352086768,0.02298544353125711,0.003250632597906473,-195.38493323200004,1.0634173847744792,0.15038992880113966
ARG   7,11.54814,0.060887768886670995,0.008610830854216869,-3.6621599999999996,0.039077031617035664,0.005526326809009407,-130.94967999999997,0.8101417762376797,0.11457134874003558,-75.35925999999999,0.7989205670148481,0.11298443011312014,1.395242064,0.009117379632079339,0.001289392192899082,-197.02771793599996,0.06829946076408218,0.009659002371533408
VAL   8,11.152940000000003,0.044385767989150386,0.006277095506660205,-4.696959999999999,0.08474997581124945,0.011985456520306071,-34.76832000000001,0.13796078283099142,0.01951060101551973,-0.39665999999999996,0.08213150674375823,0.01161514907351602,0.12083025599999997,0.003935174998709992,0.0005565177853487197,-28.58816974399999,0.10461105854828054,0.014794237777318423
THR   9,15.847540000000002,0.2515686951906149,0.03557718606070708,-4.605820000000001,0.20853946293204906,0.029491933676850508,-29.925320000000006,0.23713915239734046,0.03353654054899791,-7.499559999999999,0.16984182759261793,0.02401926160397132,0.48118579200000006,0.018712338782094023,0.002646324328935741,-25.701974207999996,0.1076187928768011,0.015219595645259314
VAL  10,11.468999999999996,0.11267262311704057,0.01593431517202711,-5.69492,0.20958185417637482,0.029639350060352954,-22.756580000000003,0.1401784705294054,0.019824229417540234,0.64878,0.1545499647363272,0.02185666561943975,0.001258272,0.0019954277808069128,0.00028219610303531836,-16.332461728,0.15125788969764678,0.02139109590263457
ARG  11,12.265860000000002,0.3062438250805099,0.043309417082187086,-4.004900000000001,0.2775907959568998,0.039257266843219014,-144.02924000000002,1.3412025732144206,0.18967468689295275,-54.56917999999999,1.3870951616959037,0.19616487899724483,1.1539516319999998,0.04005394019396301,0.005664482544878332,-189.18350836800005,0.36588956898070907,0.051744599078336485
LYS  12,11.439080000000004,0.17565851416856396,0.024841865308348962,-7.500460000000001,0.3035244444851157,0.042924838590261014,4.451659999999999,3.5705475244561584,0.5049516734183579,-42.88984000000001,3.567960287671328,0.5045857828833401,0.25406928,0.03920965573749421,0.005545082691994435,-34.24549072,0.39742648911301887,0.056204593094995446
ALA  13,7.753040000000001,0.3352005942715263,0.04740452265343137,-1.7300399999999994,0.12902107734785737,0.0182463357417328,-9.850739999999998,0.7807573710186899,0.11041576630173937,-2.048039999999999,0.261161173224513,0.03693376731393755,0.472439232,0.02275680231059973,0.0032182978463893524,-5.403340768,0.9309723850626987,0.1316593773150496
ASP  14,13.008639999999998,0.11475953293764732,0.016229448789202273,-1.65636,0.36754856876336717,0.051979217077597395,-53.37271999999999,5.206337565083727,0.7362873194833923,-26.951700000000002,4.954972214856476,0.7007388907431882,0.8277311519999999,0.05412989241631857,0.007655122798495426,-68.144408848,0.2640232644445808,0.03733852813595443
ALA  15,7.34086,0.10670107965717616,0.015089811397103048,-1.1493,0.46111357603089487,0.06521130730172488,0.13087999999999997,0.47201625565228145,0.06675317904040225,-6.126360000000001,0.6789117692307147,0.09601262317007897,0.606806352,0.08831136030327785,0.01248911234525125,0.8028863519999999,0.33192703807658613,0.04694157189662388
GLY  16,6.152660000000001,0.21721543315332728,0.030718901152218186,-2.72834,0.136776841607041,0.019343166441923403,-9.12714,1.2471152634780807,0.17636873194531974,-2.9324399999999997,0.9480285683459124,0.1340714858871938,0.11683785600000002,0.023015982422483223,0.0032549514493216535,-8.518422144,0.863911143271102,0.12217548554992384
GLY  17,4.91944,0.16791559308180581,0.023746850907021163,-3.65112,0.30544712406568514,0.04319674654415493,-4.481460000000001,1.0622104727406838,0.15021924566446118,-2.2730000000000006,1.1044060304072938,0.15618659865686277,0.06914663999999998,0.019373142218483835,0.002739776047116263,-5.416993360000001,0.4990158248739238,0.07057149473755003
LEU  18,11.165580000000002,0.3867940066753122,0.0547009330084856,-7.592659999999998,0.440868261955911,0.06234818752779037,-29.355460000000008,0.881093893066779,0.12460549332991483,-0.9151,0.7968677995753121,0.11269412495778115,0.008668368000000001,0.03029740724915873,0.00428470042365012,-26.688971631999983,0.5446718260217922,0.07702822834025373
GLY  19,5.847699999999999,0.2110575513930008,0.029848045162123825,-3.9546600000000005,0.1823954615663481,0.025794613546243007,-11.534540000000002,0.9853980761093263,0.13935633235701644,-0.48387999999999987,0.7038819685146083,0.09954394261832308,0.000406944,0.001755838501475577,0.00024831306221236125,-10.124973056000004,0.2987899741393698,0.04225528337290031
ILE  20,14.383660000000006,0.19265986712282882,0.027246219701010287,-7.7522199999999994,0.4752020744904291,0.06720372186121946,-12.28804,1.506375769321853,0.2130337043005169,-1.4102199999999998,0.9343936705693167,0.13214322015147054,0.005100192,0.01594249608928087,0.0022546094187541037,-7.061719808000003,1.029726804899445,0.1456253613027909
SER  21,11.37914,0.7310380020217757,0.10338438570693252,-5.474240000000001,0.6657880311330292,0.09415664632940103,-19.872240000000005,3.7627945655323596,0.532139510699964,1.0264199999999999,1.9942002817169595,0.2820225084492371,0.035773056000000004,0.028227270529529846,0.003991938881163548,-12.905146944000002,1.4267048164748444,0.20176653009617423
ILE  22,15.611559999999995,0.3448478597876877,0.048768852026708345,-8.915039999999998,0.6169729316591124,0.08725314875694054,-4.679239999999999,1.3118101777315248,0.18551797446069826,-2.3820599999999996,0.5904883202909302,0.08350765909783416,0.0019677600000000003,0.006937218382954367,0.0009810708322318018,-0.36281224,0.7279550768340673,0.10294839424570865
LYS  23,9.334580000000003,0.22168500986747006,0.031350994752938954,-6.772859999999998,0.4552684047899988,0.06438467525739805,41.77452,5.403711410650962,0.7642001964092839,-78.69314,5.372701785917425,0.759814773223057,0.5895501120000001,0.05573089873316799,0.007881539283168771,-33.767349888000005,0.6660892659656636,0.0941992473679781
GLY  24,5.1964,0.346292015501375,0.04897308648635586,-4.14676,0.23292896427882231,0.03294113003526287,-7.538280000000004,1.2439181651539402,0.17591659396429576,-6.880960000000001,0.9168855535997843,0.12966719850447783,0.04024987199999999,0.023188943091870657,0.0032794117817621375,-13.329350128000002,0.4451993867561046,0.0629607010710668
GLY  25,6.248739999999999,0.30539736803059486,0.04318970997819147,-5.57642,0.22810647426146724,0.03225912695656763,-10.6067,1.0160548853285516,0.14369185989470776,3.0203599999999993,0.5548447263874846,0.07846689370683697,0.00018863999999999998,0.0009241838778078744,0.0001306993374122455,-6.9138313600000005,0.7062256460575662,0.09987538867503112
ARG  26,15.133560000000003,0.3635324007567086,0.05141124515121885,-5.844119999999999,0.17665906600005943,0.024983364705344777,-183.74355999999997,5.742199784611851,0.8120696813253945,-29.419439999999998,5.181150104600353,0.7327252746616599,0.8395987679999999,0.044469511177481234,0.0062889385819295904,-203.033961232,0.6689267274755204,0.09460052502297323
GLU  27,17.028919999999996,0.30759894928319015,0.04350106058480013,-7.187060000000002,0.6700062211651383,0.0947531884846086,-81.51248000000001,7.107203459139013,1.0051103522459368,4.736920000000001,7.944792724395016,1.1235633621082521,0.21067444799999996,0.041906325154707914,0.005926449338300472,-66.72302555200001,1.35722782735145,0.191941000067059
ASN  28,18.55534,0.8459603208188623,0.11963685589315295,-6.590460000000002,0.8622823020333718,0.12194513261298877,-91.06263999999997,2.104639938423417,0.2976410344830472,0.9214600000000002,2.082661059414133,0.2945327516049785,0.061790688,0.03874695026677915,0.005479646256787488,-78.114509312,1.2479560271650876,0.17648763388621133
LYS  29,10.3227,0.37314138071256303,0.052770160128632906,-1.46262,0.38339634270556094,0.05422043076184473,53.92023999999999,2.824176174108253,0.3993988247954851,-92.68960000000003,2.8860730898573586,0.40815237056763004,1.5044686560000002,0.0693015831215034,0.009800723874435648,-28.40481134399999,0.3565448215739374,0.050423052226375754
MET  30,12.96876,0.41130302989397793,0.05816703231212101,-6.88912,0.3367330479771711,0.04762124433485454,0.4433,1.1245705713738023,0.15903829538824918,-5.891940000000001,0.9316446620895766,0.13175445164395785,0.269094816,0.048416011925243495,0.006847058070069685,0.9000948160000002,0.5600572564753943,0.07920405678129695
PRO  31,18.665140000000005,0.30834448332989955,0.043606495020806865,-5.584820000000001,0.23804652402417217,0.03366486227507571,-9.155380000000001,0.9747057995107913,0.13784421609918718,1.4235999999999998,0.33300114113918733,0.04709347300847559,0.22307745600000006,0.021383650881512783,0.0030241049089686765,5.571617456000001,0.5696621781165823,0.08056239782634683
ILE  32,13.076559999999995,0.2776375450117544,0.03926387815795937,-8.43904,0.27925264260158095,0.03949228744956825,-11.914320000000002,0.2527347574038524,0.0357420921603602,1.07158,0.313725490835539,0.04436748440017754,1.9152000000000002e-05,0.000134064,1.895951270259866e-05,-6.205200848,0.33253625681426735,0.047027728436751945
LEU  33,11.737780000000003,0.2091289831657551,0.029575304427830552,-8.08134,0.21996587098908715,0.031107871801197756,-31.12556,0.33774642322279413,0.04776455723646787,-1.25374,0.23739071675193918,0.033572117121206224,0.0063021600000000046,0.011179584583337607,0.001581032013945321,-28.716557839999997,0.27942224191192677,0.03951627241405427
ILE  34,12.919160000000002,0.1090437270085927,0.015421111762726116,-8.101960000000002,0.1602736360103322,0.022666114973666066,-16.481199999999998,0.26187577207565516,0.037034826852631694,0.44804000000000016,0.2549294773069601,0.03605247242561871,0.0031572,0.0014390919737112008,0.00020351833867246458,-11.212802799999999,0.22488082755479993,0.03180295162456833
SER  35,12.595099999999997,0.4191653730928817,0.05927893555051317,-4.198699999999999,0.7354195605231113,0.10400403165262452,-11.482900000000003,3.9111095931972906,0.5531144230627126,-2.2510400000000006,1.5916507903431583,0.225093413426515,0.21428870399999997,0.03313914247489818,0.00468658247334153,-5.123251295999999,1.6898061631667396,0.23897467937320463
LYS  36,9.37422,0.14737615682323535,0.02084213597498436,-5.966980000000001,0.4392646805742342,0.06212140687395674,34.904180000000004,3.7378960750132904,0.5286183324024954,-69.10465999999998,3.7793077758239466,0.5344748312952322,0.8667365760000001,0.03712692213631588,0.00525053968143478,-29.926503424000007,0.2876230849415004,0.040676046757585856
ILE  37,12.51612,0.0882597620658779,0.012481815252538695,-6.194580000000001,0.12889330316188935,0.018228265743061085,-15.61068,0.3939820016193557,0.05571746900209915,-1.3336000000000001,0.36564720701791187,0.051710323920857365,0.23022417599999995,0.007902947763629195,0.0011176455910050528,-10.392515824000002,0.13684593975638304,0.01935293839591684
PHE  38,10.18084,0.1660837571829875,0.02348779018980609,-5.67136,1.1275482918261233,0.15945940865311198,0.59096,1.0354849677325115,0.14643968850007844,-5.090100000000002,0.8355222378847742,0.11816068804809671,0.401611968,0.14263972554095503,0.020172303439319455,0.41195196799999984,1.164216111901978,0.16464502149850502
LYS  39,9.47822,0.06144730750806098,0.008689961564920995,-1.8133399999999997,0.17480109953887885,0.024720608568561182,32.44176,1.1473834678954693,0.16226452615404474,-70.03781999999997,1.2030588795254167,0.17013821837582235,1.6023811679999997,0.03268329277716207,0.004622115590847321,-28.328798831999997,0.06571587971995577,0.009293628836324046
GLY  40,6.39698,0.0783243231697792,0.011076732009039499,-1.34762,0.019382352798356508,0.0027410786198135886,-18.965660000000003,0.11918382608376384,0.016855138326317506,0.25186,0.12123399028325352,0.017145075327918514,0.3231113759999999,0.005221401495942574,0.0007384176810157155,-13.341328624,0.06581193220416827,0.009307212708911342
LEU  41,11.395859999999995,0.25947069275754103,0.03669469727360569,-4.418139999999998,0.27192454909406544,0.03845593852710159,-28.577900000000003,0.46873422106703644,0.06628902925813915,-3.5290200000000005,0.3984346114483445,0.056347163122910326,0.3774867840000001,0.048963175330818606,0.006924438660969543,-24.751713215999995,0.40924301965977355,0.057875702870937094
ALA  42,11.02482,0.34906496186239927,0.04936524032150522,-5.6677800000000005,0.10406522762186964,0.014717045627429126,-4.02486,0.17763896081658798,0.025121942759268153,-2.7651,0.21018137405583315,0.02972413497479718,0.03831897599999999,0.01016911665187415,0.0014381302686434503,-1.3946010239999995,0.1960652370445128,0.02772781173382458
ALA  43,9.402840000000001,0.11347146954185001,0.016047289116848985,-4.972660000000001,0.08225633349469094,0.011632802241927621,-8.631120000000001,0.22456051656508427,0.03175765280998502,-1.8622800000000002,0.22657317052113418,0.032042285062085986,3.8304000000000005e-05,0.0001876505102151337,2.653778965324731e-05,-6.063181696,0.16380202837107063,0.023165105006659057
ASP  44,17.260900000000003,0.06776407602753015,0.009583287535981467,-5.031100000000002,0.04910488774025987,0.006944479822108382,-44.743860000000005,1.3348132005638187,0.18877109314719906,-38.978939999999994,1.3062425564958187,0.18473059391452906,0.36076248,0.006970327883476079,0.000985753222699922,-71.13223752,0.061602959925948365,0.008711974140960244
GLN  45,19.916099999999993,0.08935060156638111,0.012636083254137087,-3.4385999999999997,0.05202191845751125,0.007357010262327965,-73.97495999999998,0.34159244488601603,0.048308466836198785,-14.485839999999998,0.30417313227831433,0.04301657689774976,0.946664208,0.008204025144076525,0.0011602243624802906,-71.03663579200001,0.07630038401733419,0.010790503789158934
THR  46,15.318859999999994,0.04838967245273679,0.006843333106145212,-3.756320000000001,0.09540889685972495,0.013492855591007881,-39.31226000000001,0.14426639386821208,0.020402349080308423,-3.8796599999999994,0.12313043652973937,0.0174132733281277,0.24388876800000003,0.0067402611718355016,0.0009532168763146537,-31.385491232,0.06586324577753325,0.00931446954405
GLU  47,16.054239999999997,0.0193809803713929,0.0027408845293310584,-0.9188200000000001,0.04948563023747155,0.006998324942441239,-18.049500000000002,0.7367884974671215,0.10419762857184979,-63.368399999999994,0.7194977692816131,0.10175235034152454,1.1508477120000002,0.014634282308818277,0.0020696000516727455,-65.131632288,0.045336259627985535,0.006411515323316495
ALA  48,7.652300000000001,0.04673596045864475,0.0066094629131148094,-2.3390400000000002,0.09630201659361178,0.013619161795056461,-9.419299999999998,0.2516400007948279,0.0355872701959622,2.3521200000000007,0.1193999396984577,0.01688570140680886,0.23629752000000004,0.010875185771654057,0.001537983521160008,-1.51762248,0.2336696169174954,0.03304587413592476
LEU  49,10.327840000000002,0.08052114256481561,0.011387409187293975,-7.7466,0.0920851779604115,0.013022810756515396,-26.06582000000001,0.21556369731358788,0.03048531042961647,-4.0582400000000005,0.17653040078126594,0.02496516869560243,0.055402128,0.007515638918602674,0.0010628718488586962,-27.487417872,0.1943836910402632,0.02749000521732817
PHE  50,8.78508,0.08270280285441638,0.011695942544298395,-4.227800000000001,0.1981375279950525,0.028020877930568202,-5.405539999999999,0.17893509549559342,0.02530524388343931,-3.5014,0.2556838673049143,0.03615915928226126,0.7828126560000002,0.01762737417481353,0.0024928871627046536,-3.5668473439999997,0.08984453427016988,0.012705935886996856
VAL  51,10.164539999999999,0.059361674504838764,0.008395008516992016,-3.26546,0.08526434424776165,0.012058199202203291,-20.111159999999998,0.4057878933630238,0.05738707422407955,-6.990939999999998,0.3887526931096667,0.05497793310047563,0.604863936,0.006122350414733144,0.0008658310990116155,-19.598156063999998,0.0850050744140418,0.01202153291068721
GLY  52,6.563660000000001,0.11125189616361358,0.015733394039430564,-3.3182399999999994,0.09379372260445616,0.013264435457268183,-17.492500000000003,0.31945993488996394,0.045178457255621286,-0.015280000000000005,0.21428280752314213,0.030304165258261108,0.03586118399999999,0.00461270797893656,0.0006523354183078672,-14.226498816000008,0.12837336499117566,0.01815473538179921
ASP  53,14.807560000000002,0.46504529499817693,0.06576733633042187,-7.2578400000000025,0.1832404278535797,0.025914109824558103,-92.55510000000002,4.200135937085491,0.593988920603693,16.16828,3.9035840712862786,0.5520501535476637,0.00011894399999999999,0.0006834317066569271,9.665183885100169e-05,-68.83698105599998,0.3776961381518402,0.05341430010302746
ALA  54,8.378260000000001,0.0710396537154412,0.010046524175066518,-5.335680000000001,0.10708733631944276,0.015144436338136487,-5.94968,0.2210684455095583,0.031263799385235484,-0.14022,0.1480081470730581,0.020931512893243045,0.0,0.0,0.0,-3.047319999999999,0.12690680675205193,0.017947332726621332
ILE  55,12.930899999999998,0.15003202991394757,0.021217733149467056,-8.03312,0.1376712954831686,0.019469661322177083,-6.931780000000001,0.208128065382791,0.02943375327748173,-1.2183400000000002,0.14167577209953522,0.020035979836284246,0.00039196799999999997,0.0006191985934867745,8.756790487113413e-05,-3.251948031999999,0.22957526098676803,0.032466844767283023
LEU  56,12.03082,0.0659350255934562,0.009324620742968288,-7.116079999999999,0.12176729281709946,0.0172204956955398,-27.28890000000001,0.2739336598515539,0.03874006969525657,-5.5131,0.1871646601257637,0.026469080074680584,0.193790592,0.012581716735832178,0.0017793234445750412,-27.693469407999988,0.21866632165208932,0.030924087771462227
SER  57,9.628260000000003,0.07126957555609509,0.010079040033600368,-6.0975199999999985,0.10572421482333813,0.01495166184744114,-14.570239999999997,0.13042615688621967,0.018445043995669288,-1.63404,0.12618081629154543,0.017844662171081153,0.1628748,0.007934717688740269,0.0011221385369018185,-12.5106652,0.06681602658608307,0.009449213098191996
VAL  58,11.669380000000004,0.12051819613626998,0.017043846748865374,-5.373319999999998,0.20347810103305908,0.0287761490126875,-24.676579999999998,0.18899334274055496,0.026727694850191955,-3.618979999999999,0.1430439778529823,0.020229473349548423,0.027410976000000004,0.004009452600770292,0.0005670222245701426,-21.972089024000002,0.15557632276822397,0.022001814564295646
ASN  59,19.195659999999993,0.137291166504977,0.019415902966536124,-2.3891800000000005,0.09691577580556691,0.0137059604552143,-88.76350000000001,0.30992749151783905,0.043830366185680036,-11.516059999999998,0.10847458872963026,0.015340623455428679,0.588986352,0.011236445545774854,0.0015890733683701552,-82.884093648,0.18877796279366377,0.02669723552599628
GLY  60,6.220139999999999,0.029234233357730822,0.004134344930008287,-1.0179400000000003,0.01915975991497082,0.002709599232356411,-9.269940000000002,0.06712120678280703,0.009492372095509467,-5.909580000000001,0.06562258452679791,0.009280434903577241,0.514300752,0.006065043347521692,0.0008577266558445893,-9.463019248,0.05395516701935046,0.007630412895887093
GLU  61,15.43328,0.06774512233333047,0.00958060707884204,-4.066,0.2693398596569042,0.038090408241445994,-38.92300000000001,4.795312265118791,0.6781595641145041,-40.51408000000001,4.374216884609093,0.6186076842975567,0.6780409919999998,0.04133573086672925,0.005845755120233268,-67.391759008,0.38059393489054316,0.05382411044791488
ASP  62,16.933839999999996,0.06597737794216903,0.009330610269563092,-2.4794399999999994,0.0471016602680233,0.00666118067613285,-44.23252,1.6700060268154044,0.23617451723671515,-38.07914000000001,1.6573332677523558,0.23438231846275015,0.676361376,0.010734856832183708,0.001518138012220768,-67.18089862400002,0.08291604808879337,0.011726099974555133
LEU  63,12.323920000000001,0.14213076232791186,0.02010032517145599,-7.800539999999999,0.29735219588901185,0.04205195082276618,-31.8929,0.2641791248360314,0.037360570123897055,0.4282799999999998,0.20445312812476146,0.02891403866636417,0.010487808000000003,0.004519044828095414,0.0006390894484864526,-26.930752192,0.2313280034797019,0.032714719987768495
SER  64,11.613520000000001,0.09070374633902317,0.012827446823069553,-2.131120000000001,0.1755048307027307,0.024820131184179573,-25.288060000000005,0.2373130767567236,0.03356113716778458,0.26537999999999995,0.2454958158502912,0.034718351228132965,0.32771937600000006,0.014299025624796872,0.0020221875967308153,-15.212560624000002,0.09734901298110647,0.013767229444151525
SER  65,10.914560000000002,0.05075870762735296,0.007178365273513322,-0.95088,0.1327428551749588,0.01877267460965543,-13.584760000000003,0.7081268688588984,0.10014426218210482,-5.696399999999999,0.314514355793188,0.04447904675237634,0.554261184,0.013850838949422782,0.001958804429251921,-8.763218815999998,0.328093040749532,0.046399362794821666
ALA  66,8.388,0.1463193767072315,0.02069268469773447,-5.34532,0.13260413869861606,0.01875305713743858,-9.961139999999999,0.44605779939377943,0.06308209895049802,2.5833,0.35388598446392433,0.05004703587626362,0.023918688000000007,0.005546334545143804,0.0007843701535200779,-4.311241312,0.19045312888750424,0.026934139786909957
THR  67,15.442659999999997,0.28526251839337946,0.040342212234862174,-6.647520000000002,0.4391323372287437,0.062102690698548485,-34.99653999999999,1.714714824220391,0.24249729600146744,-2.3567,0.8683971499262295,0.12280990269518158,0.125102016,0.07386944040534041,0.01044671644661435,-28.432997984,1.1661676481420162,0.16492101040031748
PHE  68,10.91884,0.2860539361729191,0.04045413561059498,-8.84328,0.5602125682274541,0.07922602117991284,-10.584080000000002,1.3211944117350667,0.18684510556072742,0.9956999999999999,0.9509428426566975,0.13448362651267257,0.03887956800000001,0.02561265039846864,0.003622175756183501,-7.473940432000001,1.093259105185933,0.15461018537418206
ASP  69,15.993299999999994,2.0185695256790575,0.28546883998083483,-5.148879999999999,0.9382095424797183,0.1326828659322674,-72.63830000000002,14.330820208557434,2.026684029887235,-8.43384,13.38308142747402,1.8926535261077237,0.23909083199999992,0.12655668047845994,0.017897817394155635,-69.98862916799996,1.1253479585981343,0.15914823454383578
GLU  70,17.769220000000004,0.28319528880225364,0.04004986182243126,-5.550059999999999,0.26784625515397403,0.03787918066695946,-67.75471999999999,4.926426615874971,0.6967019334206174,-14.199280000000003,4.699028844516697,0.6645430321897886,0.5552343359999999,0.037551548876996646,0.0053105909709964825,-69.17960566400001,0.5114906470077485,0.07233570100253472
ALA  71,9.586340000000003,0.11042202859887959,0.015616033042928528,-6.20408,0.2162285679552715,0.03057933733748574,-5.8793,0.40960377195529507,0.05792672094983547,-0.04282,0.35925693813759535,0.050806603429081935,0.0,0.0,0.0,-2.5398599999999996,0.30816508627681916,0.04358112444625526
VAL  72,12.915120000000002,0.19237719615375992,0.02720624398919565,-5.1786,0.537778876491065,0.07605341806914298,-32.00678000000001,0.41433760582297674,0.058596186155605114,0.9690799999999997,0.39592695487930657,0.05599252692993958,0.12514132799999994,0.0606704776257549,0.0085801012293996,-23.176038672000004,0.6736864733488394,0.09527365473972292
GLN  73,21.466839999999998,0.8196145279338052,0.11591099813220092,-5.617379999999998,0.6124955474124016,0.08661995100437514,-83.48122000000004,7.82753017826145,1.1069799337982034,-4.34074,6.573034990961177,0.9295675230170211,0.5084285759999999,0.1696580041369093,0.02399326504155678,-71.464071424,1.6745749858247703,0.23682066561641235
ALA  74,9.23838,0.0698752860460664,0.009881857720104657,-5.47128,0.2184769131968093,0.030897301370833716,-5.794200000000002,0.3743956196324562,0.052947536297729816,1.2107999999999999,0.3600946542230257,0.050925074374025305,0.04055832000000001,0.01030203779608671,0.0014569281571306055,-0.7757416800000001,0.27788280663393317,0.039298563389200854
LEU  75,13.020499999999995,0.14900996611020034,0.02107319150018006,-6.633740000000001,0.3712728813150393,0.052505914409706506,-28.55480000000001,0.30556393766144824,0.043213266481294706,-0.7647600000000001,0.34128841527365067,0.04826547055608177,0.016379711999999994,0.01851335925572278,0.0026181843744528623,-22.916420288000005,0.31992664230693074,0.04524445965149475
LYS  76,11.744240000000007,0.6015054633166993,0.08506571840639883,-4.751940000000001,0.5437026176137035,0.07689116157270523,54.865200000000016,5.544279931604971,0.7840795872868725,-87.17548000000001,5.465474359065433,0.7729347963392734,0.8917103520000002,0.11496420606534116,0.01625839394050607,-24.426269647999998,0.6275018871097312,0.08874216791652927
LYS  77,10.753160000000001,0.18944596696681198,0.026791705582135086,-2.9589200000000004,0.1298668302531407,0.01836594326463961,22.261719999999997,7.438839132660422,1.052010718972008,-66.83236000000001,7.111854643508924,1.0057681290476392,1.2520945440000002,0.04124718282718508,0.005833232536388775,-35.524305456,0.467981041870378,0.06618251363465798
THR  78,14.426380000000004,0.2834627234750812,0.040087682796567416,-3.92394,0.18906013963816015,0.026737141358043726,-43.20193999999999,0.8472440123130969,0.11981839728525791,-1.950459999999999,0.5723634583025065,0.0809444165338172,0.095894928,0.007848065369122033,0.0011098840483402988,-34.554065071999986,0.26415283029446185,0.03735685151416665
GLY  79,5.459179999999999,0.05720793301651293,0.008090423474728416,-2.3806599999999998,0.13385658145941506,0.018930179291280377,0.8752000000000001,0.5743490576295918,0.0812252226835975,-4.575380000000001,0.25749453508763004,0.03641522637578812,0.30305102399999995,0.014237427981917091,0.0020134763745337353,-0.31860897599999993,0.4090213320735488,0.05784435151183221
LYS  80,10.467719999999996,0.10266548397625909,0.014519091982682327,-2.7548199999999987,0.19971366402928847,0.02824377722614435,31.52342,2.986940093741426,0.4224171190565088,-74.61406000000001,3.0458402677092713,0.430746861541655,1.2594193919999999,0.05638934844747599,0.007974658134780278,-34.118320608000005,0.22350871454612964,0.03160890554197132
GLU  81,15.53306,0.1816535614842585,0.025689693030441326,-3.7070800000000004,0.07535458579272797,0.010656747721508283,-74.47446000000002,1.1036385678273901,0.1560780630579514,-11.60548,1.1440944233759769,0.16179938501737323,0.620210448,0.011648243278129276,0.001647310362175166,-73.63374955199998,0.13959771459258488,0.019742098125312205
VAL  82,12.473279999999995,0.17902815867918434,0.025318405005078502,-5.841540000000001,0.15984882983616053,0.022606038308376725,-28.771679999999996,0.2894149574575954,0.04092945579901637,0.3281,0.05842062991786355,0.008261924715222203,0.0,0.0,0.0,-21.811840000000007,0.26723954497715474,0.037793378890910695
VAL  83,11.986799999999993,0.1032974346253406,0.014608463300550482,-4.13734,0.07760350765274047,0.010974793301022984,-28.714700000000004,0.1754133689306917,0.02480719653633395,-1.3170399999999998,0.10627134326806909,0.015029037494131,0.3488787359999999,0.01583977116205842,0.002240081920226926,-21.833401263999995,0.13802353623565888,0.01951947568711631
LEU  84,11.548599999999999,0.15267180486272558,0.021591053702884513,-6.801019999999998,0.10546667530566305,0.014915240259566826,-38.28088,0.10871515809792713,0.015374645101762376,1.6664999999999994,0.09974993734335007,0.014106771423683212,0.0009675360000000002,0.001144451167985773,0.00016184983632392094,-31.86583246399999,0.09591848357079281,0.01356492203480761
GLU  85,15.632739999999991,0.09303393144596905,0.01315698476117782,-5.80448,0.04887381302906795,0.006911800923059477,-83.40933999999997,1.1339329011916295,0.1603623287686273,1.1025,1.1189185180342671,0.1582389743394465,0.23682110400000003,0.010239077212032145,0.0014480241859441156,-72.24175889600001,0.1802303531324633,0.025488420975122182
VAL  86,11.552439999999999,0.055406194599736176,0.007835619184242984,-6.613539999999998,0.10908184266887343,0.015426502131096897,-25.983300000000007,0.1134388381447785,0.016042674340419213,0.91758,0.09310018045095322,0.013166353785312054,5.7312e-05,0.00040118400000000007,5.673598538070878e-05,-20.126762688,0.14933986938572452,0.02111984686883182
LYS  87,9.41098,0.03912620093979515,0.005533280401319324,-7.376100000000001,0.10732944609928466,0.015178675831560044,46.841280000000005,1.1452657165913909,0.16196503089244862,-85.82987999999999,1.1222215938056577,0.15870609979479117,0.5988575519999999,0.00833750569190254,0.0011791013625851447,-36.35486244799999,0.09672051834530711,0.013678346880368905
TYR  88,10.5725,0.07964628051593893,0.011263685009821282,-4.101479999999999,0.13015947756506743,0.018407329844391494,-28.60694000000001,0.2566559105089706,0.036296626950500156,-5.87656,0.20521463495572498,0.029021731995183007,0.7663446719999999,0.017388200857080507,0.002459062947735073,-27.246135328,0.10086024389195691,0.014263792481626358
MET  89,13.016340000000003,0.04734368384376158,0.00669540797845516,-6.772639999999998,0.07899234393296313,0.011171204411363652,-1.5878,0.2692043833224121,0.03807124899448406,-2.2082800000000007,0.28818126517870335,0.04075498536375596,0.519918768,0.0095196169955982,0.001346277146377239,2.967538768,0.07077122383726184,0.010008562457639775
LYS  90,7.3036200000000004,0.038480067567641885,0.005441903343519222,-4.224680000000001,0.1531658499796503,0.02166092223336243,-1.8894000000000002,1.2607272345753457,0.17829375535895803,-110.95969999999997,1.2660005568750958,0.17903951575046514,1.2596718240000002,0.03993055571007777,0.005647033343828641,-108.51048817600002,0.13193484392999294,0.018658404563537363
GLN  91,15.833879999999997,0.960709084791069,0.13586478172065736,-3.09094,0.994898535731157,0.14069990024161355,-72.70427999999998,7.060981914833147,0.9985736387628182,-93.84826000000001,5.959413477213867,0.8427883363264856,1.047965616,0.11439476595439078,0.016177862947719543,-152.761634384,0.8827790894149242,0.12484381608299569
PRO  92,18.0486,0.2715549299865281,0.038403666491622426,-6.056819999999998,0.5417040036773055,0.07660851487922504,-6.45224,1.1565758697119704,0.16356452808601263,-1.08148,0.8753185532136285,0.12378873693515091,0.22783723200000006,0.06225843664380068,0.008804672547380899,4.685897232000001,1.0493966393549563,0.14840709596845267
ASN  93,19.796880000000005,0.643052832665923,0.09094140372785846,-6.378380000000001,0.5701893331166333,0.08063694880140133,-91.86327999999997,3.676950089626602,0.5199992684918907,-5.263299999999999,3.4401763515843213,0.486514405336574,0.20368872,0.06494572493185995,0.009184712501678878,-83.50439128,1.351015555063844,0.19106245209483033
VAL  94,10.43386,0.17652070813363233,0.024963797948228554,-5.7544,0.3261535221333662,0.04612507344167599,-28.530579999999997,1.3550387314021277,0.19163141514897225,-0.68726,0.7705490720259158,0.1089720948133053,0.09285710400000001,0.02495870962607611,0.003529694565252875,-24.445522896000007,0.6040242208859993,0.08542192451788222
ILE  95,14.137720000000003,0.38249188435819953,0.054092521035700725,-7.210300000000001,0.41933043056759756,0.05930227820244459,-15.97628,0.8994937696282301,0.12720762882783435,1.7072800000000004,0.5474848688320052,0.07742605266962767,0.020451024,0.007693440401447444,0.0010880167757036084,-7.321128975999998,0.5535294704539954,0.07828088842892376
SER  96,10.535140000000002,0.7444448672668343,0.10528040277277957,-4.9546199999999985,1.0582789592541317,0.1496632456951277,-12.836180000000004,5.150947771779473,0.7284540197926004,-2.53064,2.7381132537570463,0.38722768987767386,0.03845592,0.02910844275018504,0.0041165554516872475,-9.747844079999998,1.5106818200850265,0.21364267183947164
VAL  97,11.245000000000003,0.2209146441500207,0.031242048588378542,-6.011879999999999,0.3318788116165453,0.04693475164523839,-21.31535999999999,1.2312608458000414,0.17412657869493864,-0.7944200000000001,0.9881041056487925,0.13973902272450597,0.0170208,0.011285490752147204,0.0015960094079722716,-16.859639199999997,0.5193210359514322,0.07344308522681611
ARG  98,12.79114,0.7031965019822003,0.09944700301165467,-6.2691599999999985,0.6991185410214897,0.09887029224190817,-130.26005999999998,12.739619374863906,1.8016542499403587,-72.8646,11.139482564284608,1.5753607320229914,0.9606889439999996,0.22311453497334052,0.03155316013218644,-195.64199105599997,2.2257015321342024,0.3147617292538766
LEU  99,11.112660000000004,0.20223428097119447,0.028600246292623435,-6.751899999999999,0.3170533235908674,0.044838111021767026,-34.65134000000001,0.5952527399340418,0.08418144978544667,-1.5912000000000006,0.5576142394164617,0.07885856199551182,0.06486724799999999,0.011942193707125086,0.0016888812305102926,-31.816912752000007,0.28574324175614857,0.040410196784799936
PHE 100,9.414679999999999,0.14480655233804604,0.020478739023695413,-6.33508,0.253980537837091,0.03591827211880271,-3.34528,0.9999061163929346,0.14140807909026987,0.07783999999999999,0.4041320754406906,0.05715290620782114,0.5206142879999998,0.03219069791920103,0.0045524521579589465,0.3327742879999998,0.7778276964240635,0.1100014477472333
LYS 101,11.936940000000002,0.2990122010886533,0.04228671100946046,-8.740200000000002,0.45284968808642373,0.06404261706082462,39.75336,5.935178739549472,0.8393610268579315,-69.22166,5.207238291493742,0.7364147014338954,0.37800129599999993,0.06878355464734032,0.00972746358504996,-25.893558703999997,0.6442825186216687,0.091115307583466
ARG 102,12.17636000000001,0.521208164172215,0.07370996545919292,-6.852320000000002,0.5903544846953982,0.08348873188640119,-130.24623999999997,3.7076559633290853,0.5243417347953475,-69.92382,3.1413586594974334,0.4442552020539436,0.64463472,0.011764505651154281,0.0016637523446477304,-194.20138527999998,0.9598617819473241,0.1357449550033512
LYS 103,10.831600000000002,0.08295372203768557,0.011731427875502283,-1.7586800000000002,0.1607586314945498,0.02273470369281309,42.72826,1.8672247942869216,0.2640654628079877,-83.5579,1.7259380434991434,0.24408449889321734,1.413501984,0.03468566865015953,0.004905294302503489,-30.343218016,0.41989604477587106,0.05938226813088572
VAL 104,9.95764,0.050892341270572204,0.00719726392457632,-0.09068,0.14012657706516626,0.019816890573447682,-28.446679999999997,0.18218533859812763,0.02576489767110066,-2.8976000000000006,0.24887080985924598,0.03519564745817214,0.9765200159999999,0.03130437154760272,0.00442710668041862,-20.500799983999997,0.06742934963562768,0.009535950075670197
GLY 105,5.27034,0.062109132983796014,0.008783557821291846,-1.8650200000000001,0.4782485332962347,0.06763455619725758,-10.08808,0.11813430323158525,0.01670671338116036,-3.4806199999999996,0.44829061511479873,0.06339786677799256,0.255387456,0.03673766681564924,0.005195490666063515,-9.907992544000003,0.07229276692428167,0.010223741144579624
GLY 106,5.647120000000001,0.2499050731777458,0.03534191437938089,-3.2486600000000005,0.2495714414751699,0.03529473173151884,-6.006540000000001,0.4054330627859306,0.05733689360263256,-2.208380000000001,0.20974106798621014,0.029661866293271576,0.147434544,0.013484396088578184,0.0019069815828877982,-5.669025456000002,0.5819746614126233,0.08230364591272218
LEU 107,10.65268,0.14438302393282576,0.020418843062224135,-6.975140000000002,0.19069745777005348,0.02696869310884802,-28.60106000000001,0.13034913271580048,0.018434151133025555,-2.6693000000000002,0.3323763078199165,0.047005108233042055,0.135652464,0.0171168929442905,0.0024206942147503964,-27.457167535999993,0.43418641931929525,0.061403232279955894
GLY 108,5.874399999999998,0.09060000000018273,0.012812774875126082,-4.29422,0.13932871778640699,0.019704056232159022,-9.802699999999998,0.1884718811921081,0.02665394905078499,-3.674660000000001,0.11091503234456543,0.015685754301273492,9.5616e-05,0.000344509399209949,4.872098647277167e-05,-11.897084384000005,0.19541447374316556,0.02763577990515858
PHE 109,8.873439999999999,0.15106464311681597,0.021363766709085255,-8.409,0.26360796649571,0.03727979613678255,-6.637799999999999,0.2635603156775089,0.03727305729344674,-1.0584199999999997,0.2586030231841857,0.036571990265775935,0.12384806400000001,0.00943890690327532,0.0013348630156588988,-7.107931936,0.26766392113875814,0.037853394743239434
LEU 110,10.385420000000005,0.060543567782626644,0.008562153467264537,-3.90284,0.06605826519065201,0.00934204945394586,-30.2431,0.1804364985261367,0.02551757433627755,-0.5902600000000001,0.12304240082182911,0.01740082319891772,0.6829943039999999,0.008324733214644492,0.0011772950615288014,-23.667785696000006,0.1796638702269408,0.02540830819433794
VAL 111,12.174039999999998,0.15921067300919164,0.02251578930441469,-5.1493199999999995,0.1921558159411579,0.02717493609928537,-20.587020000000003,1.2459347573608326,0.1762017831691721,-4.302479999999999,0.5863964270013983,0.0829289779992502,0.24405969599999996,0.05656843806339007,0.007999985231150865,-17.620720304,0.601932988628019,0.08512617961575145
LYS 112,9.75372,0.06285985682443121,0.008889726204994156,-5.922939999999999,0.20493837220008948,0.028982662541603182,11.465899999999998,1.9970202227318763,0.28242130833207585,-54.14734000000001,1.9186915709406496,0.2713439641635206,0.8907282720000002,0.011495518990735632,0.0016257118863215803,-37.959931727999994,0.32312330595657784,0.04569653616026235
GLU 113,15.2279,0.06458026014184619,0.00913302797541815,-4.095999999999999,0.21808053558263657,0.030841245111055297,-41.730700000000006,1.855360636102693,0.2623876174669601,-37.87558000000001,1.7483541070389113,0.24725460900051302,0.761944608,0.029714491827689146,0.004202263734174249,-67.712435392,0.13439983172069198,0.01900700648000643
ARG 114,12.66108,0.1183050024301499,0.016730853893329994,-9.060979999999999,0.12139579729145157,0.017167958294466584,-134.2648,2.0977673846257154,0.29666910860416235,-68.14956000000001,2.0898525704933175,0.2955497848551924,0.4728934080000001,0.01189168441484186,0.001681738137893012,-198.3413665920001,0.25562110745717975,0.03615028369947739
VAL 115,12.59896,0.026530706737187677,0.003752008528707406,0.34143999999999997,0.026379658830242632,0.0037306471288504305,-28.682919999999996,0.1012094541044323,0.014313178263486546,-6.706840000000001,0.09032681993738524,0.012774141380148268,1.2276748800000004,0.0073312312054531256,0.0010367926599644665,-21.221685120000004,0.049191055776476054,0.006956665822654381
SER 116,10.242159999999998,0.03858671273935507,0.005456985248339062,-2.3633599999999997,0.06787334086370325,0.009598739917302113,-4.411920000000001,0.4924975467959158,0.06964967101142622,-5.649960000000002,0.19038686509310615,0.02692476867123675,0.46347537600000005,0.005572132814010951,0.0007880185796918446,-1.719604624,0.32825598258106015,0.04642240624962417
LYS 117,11.417560000000002,0.18584500638965581,0.026282452853556574,-4.159439999999999,0.13818931362448778,0.019542920150277972,33.724320000000006,1.6221920655703186,0.22941260199035696,-59.41616,1.514764738961029,0.21422008376432283,0.9425867039999997,0.012982300948017824,0.0018359746071495895,-17.491133296,0.557343677268998,0.07882029872967103
PRO 118,20.546840000000003,0.08417704200024681,0.011904431443719868,-5.672119999999999,0.3020636780548406,0.042718255020545576,-2.7153000000000005,0.38497372637622657,0.05444350649985685,1.04066,0.2959276675135329,0.041850492087907414,0.141358464,0.028674632883953485,0.004055205472055655,13.341438464,0.30028218515399746,0.04246631387838121
PRO 119,19.408020000000004,0.08513154291978427,0.012039418258290614,-8.51518,0.17844020735240992,0.025235256131044537,-8.011000000000001,0.13060275647933592,0.018470018949638747,-1.9349199999999995,0.09971877255563576,0.014102364057137806,0.033390432,0.003759776343850255,0.000531712669696256,0.9803104319999999,0.25782054339263966,0.0364613309124272
VAL 120,11.468639999999999,0.44246182931417266,0.06257355198485125,-7.46326,0.2135810675129925,0.03020492423429976,-28.346519999999995,0.33407533521735855,0.047245386991872654,0.7220199999999999,0.1798462109692621,0.025434095069414332,0.000236016,0.0005563420758346433,7.867865089641535e-05,-23.618883983999993,0.6549803077962149,0.09262820343727113
ILE 121,13.807059999999996,0.07393629961032283,0.010456171766059912,-7.771839999999998,0.09085292730581734,0.012848544197718378,-14.950099999999999,0.1796751791429643,0.025409907516579556,0.55006,0.13156662342706843,0.018606330320619393,0.22164580799999997,0.012365258200423194,0.0017487115849283612,-8.143174192,0.243818470242702,0.03448113873742901
ILE 122,12.935339999999998,0.06951995684734513,0.00983160658291078,-8.525480000000002,0.12751364475994725,0.018033152580714234,-15.842419999999999,0.1965765082606013,0.02780011640260891,-0.4037800000000001,0.19297246332054713,0.027290427479246235,0.003114,0.0011636556604081802,0.0001645657616881469,-11.833226,0.1503896327758044,0.021268305831185188
SER 123,12.5069,0.07965431563970697,0.011264821347922093,-4.5611,0.07665278859902767,0.010840341323046268,-9.36992,0.1575066779536922,0.022274808012644285,-9.324179999999998,0.2050760532095611,0.029002133576690778,0.34203369599999994,0.012020706039448137,0.0016999845510287726,-10.406266303999999,0.08684398060476509,0.012281593518172481
ASP 124,15.081519999999998,0.16591675503126682,0.023464172519015197,-3.195339999999999,0.11886119804211577,0.01680951183110745,-44.00681999999997,1.0319284992683637,0.14593672790646345,-37.18110000000001,1.0434426912866634,0.1475650805576682,0.5698458720000001,0.009569607927238164,0.0013533469317293294,-68.73189412799998,0.10409676818141801,0.01472150613613694
LEU 125,10.791500000000001,0.08703223540721915,0.01230821676765372,-5.99566,0.27342923106354167,0.03866873269193074,-25.03836,0.162373367274252,0.022963061816743485,-6.196520000000001,0.12945304013415376,0.018307424504814884,0.29588515199999993,0.030462606240453532,0.004308063089048067,-26.143154848000005,0.29556606041756267,0.04179935312197027
ILE 126,12.97912,0.19730338466431194,0.027902912249438565,-3.7871799999999998,0.30060809636468466,0.04251240468380953,-5.45706,0.07738201599850604,0.010943469650885905,-1.9241999999999997,0.1701124334080297,0.024057531045392558,0.4258539360000001,0.022605514253204586,0.003196902484130023,2.2365339359999994,0.3013534901103583,0.042617819278253505
ARG 127,11.433019999999999,0.2854329686634905,0.04036631754323229,-1.9830200000000002,0.18153715762895295,0.025673231039352762,-137.67638000000002,3.3991942156335377,0.4807186560889124,-68.21434,3.2627615825245857,0.4614241680796171,1.7992833119999998,0.03767788539052944,0.005328457652082583,-194.64143668800003,0.09052681787250914,0.012802425359378151
GLY 128,5.361000000000001,0.043122615876000636,0.006098458821684544,-2.13668,0.1717792117807014,0.024293249103402807,-21.305820000000004,0.9861807884966,0.13946702460436844,2.1759200000000005,0.47257663251582543,0.06683242829644864,0.24443740799999997,0.02223842383857131,0.003144988059830869,-15.661142591999994,0.6029160880323594,0.08526521086682935
GLY 129,4.609579999999999,0.05646134606973255,0.007984840136165662,-3.2549799999999998,0.47325580778264115,0.06692847818380457,-6.794219999999999,0.385247156511276,0.05448217536039169,-5.228600000000001,0.5359192476483663,0.0757904268361105,0.016373808000000004,0.007642890178874472,0.0010808678946692407,-10.651846192000002,0.27831722761945854,0.0393599997941518
ALA 130,10.28146,0.11398951004397789,0.016120551107245768,-5.689400000000002,0.6568520076851234,0.0928929017740298,-3.6997000000000004,2.3633053399846564,0.33422184638350594,-4.40486,0.3560758913490256,0.050356735477988065,0.05986483199999999,0.01196755386436907,0.0016924676983421283,-3.452635168,1.806937830649826,0.25553959864700027
ALA 131,9.3162,0.10766002043475491,0.015225426102419495,-5.85104,0.5796370919808242,0.08197306367337828,-6.643100000000003,1.7618840852905036,0.2491680368747145,-2.62518,0.3336802475424664,0.04718951315705676,0.0008555040000000003,0.0011654491146266314,0.0001648193944160698,-5.802264496,0.9366500283759084,0.1324623173326354
GLU 132,17.180220000000002,0.22365905213054604,0.03163016648705293,-7.463839999999999,0.15833715419952415,0.022392255089652712,-46.534579999999984,4.151581992879456,0.5871223559634049,-31.677719999999994,4.3314352911708065,0.612557453331521,0.488458512,0.030061043480387614,0.004251273538905147,-68.00746148799999,0.2692647319773778,0.038079783583116415
GLN 133,20.368659999999995,0.4477038132517322,0.06331488046267511,-3.4966200000000014,0.2671258796896868,0.03777730419179988,-79.38932,1.2776767891760372,0.18069078435820615,-8.82636,1.0883503068405949,0.15391597645468888,0.9098261280000002,0.027283536235598243,0.0038584746973880815,-70.43381387200003,0.7082167444875822,0.10015697251540596
SER 134,11.513559999999998,0.21681837191540232,0.030662748213441574,-2.9649799999999997,0.29179708634597895,0.04126633969714365,-12.440620000000001,2.243388801701563,0.3172630869042276,-5.901899999999999,1.1778246261646996,0.16656955604191387,0.33509779200000006,0.08790931399643077,0.012432254411266734,-9.458842207999998,1.2882432029614295,0.1821851009263009
GLY 135,5.924320000000002,0.16936935259953131,0.0239524435496608,-2.01712,0.4431902814818951,0.06267657067836456,-7.4101799999999995,1.2895948928248688,0.18237625874000074,-2.6498399999999993,0.725780279699031,0.10264083148533079,0.33506423999999996,0.09405344550825562,0.013301165822569395,-5.8177557600000025,1.066698449886169,0.15085394147913772
LEU 136,10.85932,0.46636948613734786,0.06595460523724085,-5.828059999999999,0.4312426885177518,0.06098692587760408,-31.52,0.5099265045085425,0.07211449784894859,-0.0042400000000000085,0.27166188985575435,0.03841879290139137,0.13389076800000002,0.03757416970503756,0.005313790039177239,-26.359089232000006,0.7157313028043286,0.1012196915440846
ILE 137,11.560300000000002,0.23345639849857688,0.03301572049794653,-6.4571000000000005,0.26388332649106866,0.03731873792077967,-9.99106,0.24441721788779086,0.03456581444144137,-2.62184,0.5658454686573001,0.08002263359825139,0.017568432000000002,0.018803496864375407,0.0026592160285639666,-7.492131568,0.644433003589303,0.09113658937168218
GLN 138,18.511219999999994,0.12662911039754934,0.01790806053154542,-5.46742,0.4080600490124042,0.057708405557597195,-73.94489999999999,1.0836266377315493,0.15324794876287137,-10.998819999999998,1.0291611086705879,0.1455453597748876,0.6905144159999999,0.0575290550343527,0.008135836986008976,-71.20940558400001,0.3793699399052589,0.053651011417068316
ALA 139,7.1690200000000015,0.0593354834814242,0.008391304546939485,-2.9919199999999995,0.1435133220297116,0.02029584863956356,0.4595000000000002,0.1569722586956047,0.022199229716366214,-5.2794799999999995,0.18645205710853618,0.026368302789525472,0.4318027200000001,0.017324192111239544,0.0024500107440871945,-0.21107727999999995,0.12980541376809845,0.01835725766202961
GLY 140,6.254439999999996,0.07388671328493837,0.010449159200673217,-2.591860000000001,0.16829165279357064,0.023800033781485156,-11.063059999999998,0.1994219055169409,0.028202516341634374,-2.685180000000001,0.409049761764993,0.05784837207735366,0.17387452799999994,0.020904277323754886,0.0029563112502862506,-9.911785472000002,0.16011298981449507,0.022643396170776414
ASP 141,13.304579999999998,0.17223752088357927,0.024358063798307697,-6.9538199999999994,0.24844779652879076,0.0351358243392727,-79.76776000000001,2.264919279444404,0.3203079562670574,4.050120000000001,2.2817950971986924,0.32269455730148255,0.0080604,0.004831848761209316,0.0006833266049437852,-69.3588196,0.4812053717841091,0.06805271630638746
ILE 142,12.603839999999998,0.06073297621575532,0.008588939864760378,-6.76312,0.18218053024405484,0.025764217667146417,-11.610019999999997,0.21669623808473776,0.030645475881466534,-1.0929400000000005,0.17401602340014222,0.024609582036271498,0.155656224,0.028275707624705392,0.00399878892085547,-6.706583776000002,0.22100805423594982,0.03125525876941688
ILE 143,13.852640000000003,0.10807289391791526,0.015283815230362454,-8.83668,0.20484281193158008,0.02896914827882818,-9.50038,0.17158763242155972,0.024266155690605914,0.24691999999999997,0.13368153799234964,0.018905424406767502,0.0,0.0,0.0,-4.237499999999999,0.22359483446630157,0.03162108473788108
LEU 144,13.17302,0.7288359895065404,0.10307297411057642,-6.507459999999998,0.14848975856954313,0.02099962304425544,-33.187659999999994,0.36093792319475826,0.05104433061568056,-1.0224399999999996,0.19271234106823845,0.02725364063753724,0.217430496,0.03578329373938022,0.005060521931261177,-27.327109504000006,0.5086450779612329,0.07193327676870959
ALA 145,7.020880000000002,0.07750655198099844,0.010961081698430327,-5.849680000000003,0.12010519389249183,0.016985439411421215,-5.84128,0.17415774918158938,0.02462962508849755,0.58704,0.12291606241659306,0.017382956250304376,0.07443619200000001,0.01945458011961018,0.0027512931055426702,-4.008603807999998,0.1823358328332708,0.025786180769940503
VAL 146,11.225199999999997,0.2400760712775717,0.03395188360019917,-5.581680000000001,0.16223272666133437,0.022943172230522627,-27.579720000000002,0.3589958796418407,0.05076968418255504,-1.4313200000000001,0.17500827866132523,0.024749908121041605,0.008338175999999997,0.008204025880860201,0.0011602244666772373,-23.359181824000007,0.511118092921097,0.07228301389832872
ASN 147,21.755700000000004,0.8855354820671241,0.12523362887019235,-4.035280000000001,0.2329135496273176,0.032938950074341146,-93.76508,1.7644122402662514,0.24952557198016287,-5.687859999999998,0.8723995187986026,0.12337592312927456,0.5337192960000001,0.047549961349740495,0.006724580023111949,-81.198800704,0.4957620147878462,0.0701113365022383
ASP 148,14.03396,0.09730096813487274,0.013760434876836938,-0.9305599999999999,0.0687119087203966,0.009717331320892702,-53.328300000000006,3.3820764583313156,0.47829783963549105,-23.801259999999992,3.1989769227677467,0.4524036549896696,0.8196952320000002,0.039933873339833406,0.005647502527528177,-63.206464768000004,0.27442824754251044,0.038810014957289925
ARG 149,14.97764,0.19836337968491227,0.02805281818285666,-4.236860000000002,0.2981032713674589,0.042158168935564753,-152.41945999999996,3.1725745079374357,0.448669789676427,-44.22281999999999,2.646101983597983,0.37421533126266165,1.0423268639999994,0.06640772753571639,0.009391470892738734,-184.85917313600004,0.2738035168569483,0.03872166469645467
PRO 150,19.227120000000003,0.137040379450411,0.019380436321152644,-4.598300000000001,0.13471455006787583,0.019051514375497933,-1.1613399999999998,0.4481316596715745,0.06337538708363048,-6.36046,0.43234857279745664,0.061143321532281455,0.5911109279999998,0.015505771613638425,0.002192847251106721,7.6981309279999985,0.14479921841028573,0.020477701849685004
LEU 151,11.85848,0.08449100307117172,0.011948832244175787,-8.796080000000003,0.17459872164469262,0.024691988012292915,-29.907479999999993,0.34616794999024586,0.0489555409735097,-0.4475400000000001,0.18738081118406966,0.026499648450498344,0.0,0.0,0.0,-27.29261999999999,0.24496472317602103,0.03464324338184998
VAL 152,13.389980000000001,0.24241027123450146,0.03428198932383725,-3.04112,0.35116113908005786,0.04966168454654025,-30.350299999999997,0.33245103398834946,0.04701567610912826,-1.64908,0.20548292775800167,0.029059674327149686,0.5813948159999999,0.04383453218288803,0.0061991389913320155,-21.069125183999994,0.4020770215428862,0.056862277698452875
ASP 153,13.153319999999997,0.09473002480797013,0.01339684858473711,-1.8964400000000003,0.09806205382306464,0.013868068647073843,-57.86944,2.9220413286605065,0.4132390476806387,-24.616819999999997,2.733573900153442,0.3865857283346114,0.745174224,0.022525845670451114,0.003185635645107523,-70.48420577600001,0.30826635262841273,0.043595445671038825
LEU 154,11.489519999999997,0.20498031515261783,0.028988594170834336,-6.834020000000002,0.3098812992098309,0.043823833606833784,-32.086659999999995,0.6137501318942848,0.08679737604331735,1.5309599999999997,0.21814893627978416,0.030850918430413484,0.28895126399999993,0.009095258487054085,0.0012862637905680884,-25.611248736000004,0.3783034687128679,0.05350018961465236
SER 155,11.465580000000003,0.10170449154273323,0.014383187129399308,-3.703899999999998,0.15469469932746863,0.02187713418161342,-10.991660000000001,0.2785388023238625,0.039391335189356495,-5.10642,0.3477286350014947,0.04917625516445975,0.4320017279999999,0.009360406908576042,0.0013237614399439054,-7.904398272,0.24884017053502036,0.03519131440338596
TYR 156,11.181719999999999,0.23962571147527806,0.03388819310616404,-7.9262,0.30047222833400616,0.04249319004264169,-26.237360000000002,1.789179932371186,0.2530282525885108,-3.2691399999999993,0.8849560443321486,0.12515168399985704,0.43375161599999984,0.03188255348298044,0.00450887395387165,-25.81722838399999,1.043652727008596,0.14759478409432217
ASP 157,13.77242,0.034560723371021375,0.0048876243716723215,-3.9069000000000007,0.11924600622241423,0.016863931925856467,-35.73566000000001,1.4367069653896876,0.2031810475609989,-42.51164,1.4900638880263233,0.21072685592492113,0.7223542560000001,0.013280588087876464,0.0018781587790165464,-67.65942574399998,0.10797610708971536,0.015270127505852516
SER 158,13.409939999999997,0.058774623776819405,0.008311987006855419,-5.2762400000000005,0.06412848353112648,0.009069137114413872,-7.088839999999998,1.5293502327459263,0.21628278407677384,-9.106359999999999,1.4359622106448389,0.20307572333491822,0.342750816,0.013171615850810505,0.001862747777458465,-7.718749184000001,0.18359460390794102,0.02596419788251266
ALA 159,9.2355,0.05656827732910871,0.007999962499890802,-6.53598,0.13792990828677962,0.01950623469560409,-5.341360000000001,0.3764051944381145,0.053231733092206336,0.011439999999999997,0.24059860016217885,0.034025780343733485,0.0,0.0,0.0,-2.6304000000000003,0.26076847969031364,0.03687823206174545
LEU 160,13.43678,0.10033270453830374,0.014189187150764173,-5.545979999999999,0.09451867328739959,0.013366958966055206,-39.14056,0.3887280880003817,0.05497445341255018,2.72372,0.2672054670099386,0.037788559538569175,0.166407696,0.027267453597642474,0.003856200268916503,-28.35963230399999,0.25557960516840866,0.03614441438951243
GLU 161,17.48374,0.4120408139978183,0.058271370740696445,-3.9756400000000003,0.21022043287938916,0.029729658726597503,-30.88746,7.5606849351364795,1.0692423176099954,-51.82262,7.446918892777048,1.0531533696057733,0.927215856,0.04635722424951568,0.0065559015247636,-68.27476414399999,0.7346293051429683,0.10389227266499086
VAL 162,13.069700000000001,0.11785401987157576,0.016667075328257067,-5.583599999999999,0.32377702203833914,0.04578898557513917,-25.76596,0.9143445731233636,0.1293078495993299,-1.50022,0.9295697992082143,0.13146102172126914,0.219321072,0.04919063466990874,0.006956606269192511,-19.560758928000006,0.27680538588426007,0.039146193085543866
LEU 163,13.267319999999998,0.1877172810373606,0.026547232473483718,-6.960179999999999,0.5047959068772222,0.07138892177361936,-27.54846,1.977804229037863,0.2797037564424209,0.4495600000000001,0.8964879733716452,0.12678254504465508,0.1464732,0.009702591049899765,0.0013721535852928054,-20.645286799999997,0.7857974176905614,0.11112853653757478
ARG 164,11.676459999999999,0.33249705021262277,0.047022183785973906,-3.5935,0.2876290840648697,0.04067689516174898,-147.53172000000004,5.410466342339196,0.7651554880099243,-60.94715999999998,4.7663615236785075,0.6740653109959435,1.371608208,0.05623103801295078,0.007952269658423205,-199.02431179200005,0.6540452479142366,0.09249596600059866
GLY 165,5.635,0.26563057052982303,0.037565835542417866,-1.4661199999999999,0.1542728284566055,0.021817472630898945,-13.2356,0.5297171698179958,0.07491332057785015,-3.9438999999999993,0.3854773793622751,0.05451473378821681,0.4638071519999998,0.030693533982535926,0.004340721203526178,-12.546812848000002,0.21959654560303116,0.03105564130420885
ILE 166,12.4824,0.20581788066158896,0.029107043821050626,-3.8651,0.161683301549656,0.022865471786078236,-17.54228,0.3069707503981165,0.04341221984648625,2.042220000000001,0.5277218316499686,0.07463113714797567,0.12650817600000003,0.058454656385990525,0.008266736784492685,-6.756251824,0.3283822218097633,0.046440259172557716
ALA 167,8.1929,0.11970985757245299,0.016929530412871457,-2.2622,0.12366260550384874,0.01748853338619366,-6.796299999999999,1.0795866292243694,0.15267660528057572,-1.5805199999999997,0.3180378744740969,0.044977347542957985,0.4721931359999999,0.01001802958745469,0.0014167633310833364,-1.973926863999999,0.7524512794895494,0.1064126804479109
SER 168,11.042099999999998,0.09529685199447381,0.013477010054204638,-3.1031,0.20953646460699435,0.029632931005892142,-0.0061599999999999875,0.8502553348259568,0.1202442625990945,-16.199880000000004,0.9128665541030173,0.129098826144928,0.51206328,0.03805491300032549,0.005381777407998852,-7.754976719999998,0.2315465302566415,0.03274562434093746
GLU 169,16.61268,0.27152476424806726,0.0383994004119774,-2.39392,0.2526727401204934,0.035733321592037424,-52.235700000000016,4.0772974983435235,0.5766169419987303,-28.94154,4.490317076599369,0.6350267309082335,0.8388616320000001,0.03176464375721335,0.004492199000540098,-66.11961836799999,0.19603295809041793,0.027723246800358557
THR 170,14.489800000000004,0.1736137091360026,0.02455268620740326,-4.344480000000001,0.13646263078218165,0.019298730320927347,-35.946039999999996,1.1054106740936924,0.15632867672952852,-2.54858,0.5848130330285078,0.08270505227614605,0.37090785600000004,0.022835593347895203,0.0032294405817430228,-27.978392144,0.5501390637259999,0.07780141251125454
HIE 171,28.951320000000006,0.3182405656096216,0.04500601239824116,-6.40254,0.4789842256275046,0.06773859880451916,-13.447040000000001,2.9345373124906766,0.41500624666142083,-10.971640000000003,2.3446273286814585,0.3315803766931919,0.8751117599999998,0.09163284889235107,0.012958841766244731,-0.9947882399999998,0.9880016340007379,0.13972453104506224
VAL 172,11.21396,0.5160487945921407,0.07298032041584929,-5.31626,0.4033778779258999,0.057046246572408636,-31.181099999999994,0.660900968376125,0.09346551128630279,0.6163799999999999,0.4137181596207735,0.05850858323357348,0.0014927040000000003,0.002188018963808129,0.0003094326093346982,-24.665527296000004,0.5968697700627984,0.08441013237933202
VAL 173,11.23608,0.4931032281378764,0.0697353272882539,-4.36786,0.4226710309448707,0.05977471043844543,-30.32442000000001,0.3659852505212046,0.05175813049156024,0.5956799999999999,0.2862641046306719,0.040483857918928695,0.28458561599999993,0.07335070454059306,0.010373356117092846,-22.575934383999996,0.5287838663360731,0.07478133153365564
LEU 174,11.157919999999999,0.2881241982202029,0.040746914877088494,-7.75254,0.31761833763181774,0.04491801607373134,-30.014619999999994,0.6125690782275296,0.08663034983197578,-1.3947800000000004,0.32362974461566296,0.04576815740228117,1.9152000000000002e-05,0.000134064,1.895951270259866e-05,-28.004000848,0.5446312871248135,0.07702249527446264
ILE 175,13.55536,0.40646302464066886,0.05748255220500234,-6.44634,0.5929688899090721,0.08385846461747284,-14.172219999999992,0.32760197130091695,0.04632991508739182,0.2529000000000001,0.22568945478245084,0.03191730878379313,0.3131172,0.0702830584073519,0.009939525440473744,-6.497182799999999,0.49919606573280245,0.07059698464426202
LEU 176,11.101419999999997,0.21555046648065262,0.030483439307278617,-8.85226,0.23998265020623483,0.03393867186558957,-27.277019999999997,0.30614875404004027,0.04329597200670498,0.33030000000000004,0.24419674445004377,0.034534634788860874,0.0014199840000000002,0.00144264881261657,0.00020402135165437953,-24.696140016,0.2252033002991632,0.031848556157425746
ARG 177,10.939860000000001,0.6233819699028593,0.08815952363754802,-7.492519999999998,0.3352515020101032,0.047411722094863884,-123.46397999999998,6.08523187558268,0.8605817448634093,-82.48885999999995,5.557388739364022,0.7859334526588118,0.846967824,0.08606862371714856,0.012171941495557812,-201.658532176,0.8946887028297711,0.1265280897643854
GLY 178,6.398819999999998,0.09314498161487682,0.013172689626675138,-2.6773,0.21146453603383064,0.029905601481997734,-8.701319999999999,1.2017472686051889,0.16995272858062807,-0.01083999999999996,0.8378394204141986,0.1184883871440573,0.021851423999999994,0.007152145553847771,0.001011466124231795,-4.968788576,0.5253672481005397,0.07429814874904139
PRO 179,17.742539999999998,0.07775428219762352,0.010996116041646409,-4.547379999999999,0.4204546058732252,0.059461260598814944,-9.41082,1.2817027376111954,0.18126013944604769,-1.4401199999999994,0.9787864453495473,0.1384213065680282,0.33152472000000005,0.04366727297201781,0.006175484966887567,2.675744719999999,0.4126595597487275,0.05835887460395609
GLU 180,14.3795,0.09995343916013216,0.014135550926609293,-1.0955000000000001,0.09943947908149826,0.014062865995237052,-34.59087999999999,6.052536313447471,0.8559578941233067,-44.451480000000004,5.902107692138472,0.8346840744808794,1.2992767200000004,0.06520846460062306,0.0092218695019727,-64.45908328,0.3148448432943111,0.04452578474300466
GLY 181,6.05158,0.07291367224321721,0.010311550416878446,-2.1619,0.08190170938386752,0.011582650819220523,-5.075860000000001,0.8292122770436904,0.11726832482814632,-6.6715599999999995,0.7048149589785976,0.09967588739509693,0.311282928,0.02186737003730435,0.0030925131280186867,-7.546457071999998,0.21110069812731197,0.02985414703180732
PHE 182,8.729399999999996,0.3251325268257077,0.045980682900554994,-5.383920000000001,0.26984083012025695,0.03816125616380817,-8.442720000000001,1.3136310599251257,0.18577548609006567,-2.7566200000000003,1.110043600765302,0.15698387150277554,0.628453296,0.02327910955431968,0.0032921632451687988,-7.225406703999999,0.5060780665023618,0.07157024652671931
THR 183,14.923280000000002,0.32542538561083373,0.04602209938713353,-4.629980000000001,0.481459925227417,0.06808871559957493,-30.62022,1.461901478075721,0.20674408971479583,-9.235679999999999,1.1300328037716585,0.1598107717020374,0.22301654400000007,0.03183896655908353,0.004502709831979937,-29.339583455999996,0.6563792883968007,0.09282604917115567
THR 184,14.429540000000001,0.5481718785198187,0.07752321051142644,-7.588920000000001,0.5470302675355181,0.07736176233773122,-35.21922,3.089062228508838,0.4368593698571655,-1.25914,0.9209385866603703,0.13024038393678056,0.007399008,0.00434000347003732,0.0006137691768073072,-29.630340992,2.316854511859137,0.3276527072716488
SER 185,10.543399999999997,0.3895211932617705,0.05508661543425472,-4.658500000000001,0.39592010557684437,0.055991558292296094,-8.901940000000002,2.4609608075708955,0.3480324150535405,-5.6660200000000005,1.7133913445561655,0.24231012771240018,0.104598288,0.06804463650808237,0.009622964779647752,-8.578461712000001,0.9471750263008709,0.13395077681357845
ILE 186,12.797419999999997,0.4759114661363781,0.06730404498989298,-6.650619999999999,0.46351780505177603,0.06555131663056299,-13.346040000000006,1.1562925401471087,0.16352445923468775,-0.16658,0.8758830764434256,0.12386857257593628,0.04982759999999998,0.013402486391173914,0.0018953978023918986,-7.3159924,0.6582844814466534,0.09309548415615973
GLU 187,15.32672,0.46756633925039504,0.06612386582770483,-4.71352,0.8467559091024961,0.11974936906723097,-65.87503999999998,8.03019081955117,1.1356404765453183,-16.11164,7.313243908854663,1.0342488720844691,0.31839739200000006,0.09177624264079601,0.012979120704625766,-71.055082608,1.8054451512204652,0.25532850189767253
SER 188,11.221179999999999,0.7232846103713549,0.102287890544291,-6.335,0.7724158206562124,0.10923609293635597,-16.0652,2.1342264078583684,0.3018251931168117,-0.47822000000000003,1.0882411183189138,0.1539005348658672,0.0059196959999999995,0.01893126858127537,0.002677285678056729,-11.651320304,1.7374420922954912,0.24571141707621702
ASP 189,15.02806,2.3033013733335066,0.325736004040082,-5.465239999999999,0.8871226422541652,0.12545808721640955,-58.63548,6.505398011620823,0.9200022096669133,-19.9758,5.657371495668277,0.8000731496557038,0.23163508800000002,0.05614004256237979,0.00793940095839203,-68.81682491199999,2.0102859892237595,0.2842973710208854
VAL 190,13.248579999999995,0.3134841680214931,0.044333356200524164,-5.542419999999998,0.17172805129042523,0.024286013917482183,-32.55474,1.929257616908641,0.2728382287143797,0.2929999999999999,0.9136785868126713,0.1292136649120363,0.07819243199999998,0.017241840069754145,0.002438364406691418,-24.477387567999994,1.1848958336252085,0.16756957579121443
THR 191,13.475019999999997,0.35785128140073713,0.05060781354695133,-4.466159999999999,0.9013402766991042,0.12746876436209914,-33.11416,4.3992696728434835,0.6221506835871903,-7.410699999999999,2.850873320580909,0.40317437145731416,0.27655430400000003,0.12007665335772293,0.01698140317028646,-31.239445696000015,2.251144578612553,0.3183599193936538
GLY 192,5.204019999999999,0.1594221427531816,0.0225456956424129,-2.928160000000001,0.42702315440734107,0.060390193641020204,-8.393439999999996,1.25791306790257,0.17789577209141624,-3.184419999999999,1.2643784890609338,0.17881012072027744,0.22725331200000007,0.05570016162280529,0.007877192399334463,-9.074746688,0.5312351374568591,0.07512799362006256
ASP 193,13.136519999999997,0.4506220252052984,0.06372757795493637,-1.3109199999999999,0.1613086284115041,0.022812485002735104,-36.03094000000001,5.236890250558917,0.7406081216999857,-47.49411999999998,4.931163909829184,0.697371887956517,0.9189787679999999,0.024137861010507047,0.0034136090407735804,-70.78048123200001,0.979249526091833,0.13848679607464962
GLY 194,5.025799999999999,0.12434902492582077,0.017585607751796576,-1.0140399999999998,0.12245096324651815,0.017317181294887535,-3.6773400000000005,0.881386058659881,0.12464681178433719,-9.37598,0.7738702860299119,0.10944178540210477,0.3978920159999999,0.04204964152579398,0.005946717333870474,-8.643667984,0.2588944464803607,0.03661320374356015
THR 195,15.871419999999995,0.13587848836389793,0.019216120107897923,-0.14713999999999994,0.3079837664553118,0.04355548195118498,-13.988119999999997,3.054112582338792,0.4319167434957835,-16.207240000000002,2.9948180549743015,0.42353123101844703,0.7606006559999997,0.04983737964263076,0.0070480698203745215,-13.710479343999998,0.6484285694405308,0.09170164771329829
PRO 196,18.60356,0.2860311283758536,0.0404509101010012,-5.46942,0.5746965839466919,0.08127437032668995,-2.0258800000000003,1.5240643508723626,0.21553524749330424,-2.49116,0.9892824340904894,0.13990566353082376,0.15868684799999996,0.08198475715890186,0.011594395548198369,8.775786848000001,0.7150326414344931,0.10112088590561183
LYS 197,11.388160000000003,0.8274850176287061,0.11702405345910558,-4.0105,0.5674895681860594,0.08025514438339765,21.122300000000006,8.433599905734193,1.1926911366317752,-60.502459999999985,8.343552505282315,1.1799565111342263,1.075723056,0.14558907826506895,0.02058940490158585,-30.926776943999997,0.9303927178552535,0.1315773999924064
THR 198,15.594179999999996,0.6589897628947532,0.09319522601507901,-4.43166,0.4510744776641679,0.06379156439530259,-36.67348000000001,3.076724617121116,0.435114568121985,-6.604400000000001,1.361862871217212,0.1925964942567745,0.37455984000000003,0.05028030078840785,0.0071107083295165,-31.740800160000003,1.9496409150455167,0.2757208623814861
ILE 199,13.794459999999999,0.7664502647922017,0.10839243593535815,-3.0623599999999995,0.5034821847890988,0.07120313341419802,-5.4744199999999985,0.49068483123081835,0.06939331431773765,-0.6308000000000001,0.4183699319979865,0.0591664431920662,0.6685467840000001,0.08484333817526662,0.011998659952446903,5.295426783999999,0.41820422394434326,0.05914300853438053
ARG 200,12.606500000000004,0.376962239488057,0.05331051115865449,-8.46708,0.37186426771068504,0.052589549075839015,-179.06187999999997,3.626017350428921,0.5127962914376736,-28.18834000000001,3.223398744244868,0.45585742210474955,0.25757351999999994,0.038777391917002656,0.005483951356248198,-202.85322648000002,0.8668027178197932,0.12258441594426105
VAL 201,11.046500000000004,0.23834749841339697,0.03370742648139258,-2.58328,0.45996495692607087,0.06504886803012058,-35.15952,1.3523514519532849,0.19125137644472825,-0.9376000000000002,0.3209910902190268,0.045394995318867336,0.39864038399999985,0.056998176007924,0.008060759354093488,-27.235259615999997,0.9858387326980331,0.1394186506094263
THR 202,14.733420000000002,0.5789262851174369,0.08187254040273526,-3.9439399999999996,0.5365759744901045,0.07588330203674656,-36.480160000000005,1.9520384459327573,0.2760599244511805,-4.012640000000001,0.6332587389053469,0.08955630970512243,0.40168310399999996,0.036478111163606,0.0051587839537325,-29.30163689599999,1.1808189745041717,0.16699302084512896
GLN 203,20.20566,0.3568635935478208,0.05046813339125279,-3.1239800000000004,0.17194597872587492,0.024316833510964798,-64.23356000000001,0.4562059692699295,0.06451726689770977,-12.18064,0.39519305459487886,0.05588873775637287,0.8255793599999999,0.02553953431481548,0.00361183558047051,-58.506940639999975,0.339235642300847,0.04797516461822059
PRO 204,18.196999999999992,0.1286525553582318,0.01819421886215668,-3.4793399999999997,0.1853992028030418,0.026219406705722165,0.5418,0.7139998599439639,0.1009748285465244,-2.62436,0.7541543279727307,0.1066535278741403,0.7556051519999998,0.03146154453481672,0.0044493342974342934,13.390705152,0.23968993903388622,0.03389727625461022
LEU 205,9.255839999999997,0.198381587855415,0.028055393207023754,-2.7016799999999996,0.4165812496980633,0.05891348531533339,-50.51581999999999,2.468821319496482,0.34914405931077647,-57.843379999999996,2.556476621368084,0.36154039098284924,1.2143918879999998,0.05742303340329452,0.008120843263154237,-100.590648112,0.5964521533658117,0.08435107245965681


