#Frame       SA_00001
       1    6084.7834
       2    6067.1963
       3    5981.7180
       4    6101.4221
       5    6046.2327
       6    6065.6622
       7    6083.6167
       8    6038.6603
       9    6064.0675
      10    5998.2853
      11    6141.9999
      12    6022.5924
      13    5997.1492
      14    6068.9023
      15    6065.1622
      16    6075.3642
      17    6065.7249
      18    5979.5214
      19    5986.4680
      20    6143.2425
      21    6102.8898
      22    6001.7380
      23    6088.9686
      24    6147.6434
      25    6077.6081
      26    5964.2080
      27    6003.2037
      28    6085.8039
      29    6071.6977
      30    6085.8170
      31    6073.6440
      32    6074.3419
      33    5998.9338
      34    6035.0419
      35    5925.7472
      36    5991.0126
      37    5965.3531
      38    6098.6711
      39    5991.5557
      40    6003.4583
      41    6092.8344
      42    5996.8422
      43    5975.9897
      44    6100.1257
      45    5972.7113
      46    6077.3298
      47    5951.6758
      48    6000.2479
      49    6031.0877
      50    6100.9009
