| Run on Mon Jun 20 15:46:10 2016
| GB non-polar solvation energies calculated with gbsa=2
idecomp = 2: Per-residue decomp adding 1-4 interactions to EEL and VDW.
Energy Decomposition Analysis (All units kcal/mol): Generalized Born Solvent

Total Energy Decomposition:
Residue,Internal,,,van der Waals,,,Electrostatic,,,Polar Solvation,,,Non-Polar Solv.,,,TOTAL,,
,Avg.,Std. Dev.,Std. Err. of Mean,Avg.,Std. Dev.,Std. Err. of Mean,Avg.,Std. Dev.,Std. Err. of Mean,Avg.,Std. Dev.,Std. Err. of Mean,Avg.,Std. Dev.,Std. Err. of Mean,Avg.,Std. Dev.,Std. Err. of Mean
GLY   1,1.1645399999999997,0.001791200714638341,0.0002533140343573922,0.059579999999999994,0.01429557973640804,0.0020217002745214242,-37.787699999999994,0.3162986089126847,0.04473137824840622,-77.27364,0.3072019374964689,0.04344491463947982,1.0023176159999998,0.004736900364394908,0.0006698988738937335,-112.834902384,0.007231029594978703,0.001022622012314011
SER   2,11.247219999999997,0.008902336775018161,0.0012589805404043444,-0.5386400000000001,0.01046472168764131,0.0014799351337122203,-4.1319,0.058659440842915994,0.008295697680127405,-12.29972,0.040630550081677055,0.005746027497218696,0.8269077600000001,0.011551484538354976,0.0016336266099684718,-4.896132239999999,0.007564312517245865,0.0010697553351917668
HIE   3,27.208839999999995,0.020862751505309335,0.0029504386127228166,-1.7879800000000006,0.016377411272797137,0.002316115713855172,-4.76988,0.11238908132020373,0.015894216306568478,-23.14972,0.08345155241264744,0.01180183172230552,1.3225233600000001,0.007552262280205521,0.0010680511743265404,-1.17621664,0.06467266023868748,0.009146095322429904
GLY   4,3.9257599999999995,0.007406915687792907,0.001047496062103077,-2.1097,0.025269151153131438,0.0035735976270414214,-5.99234,0.05212508417251607,0.007371600097661139,-5.514680000000001,0.05629367282390631,0.007961127558336202,0.17590233599999996,0.0019305350427045666,0.00027301888400293203,-9.515057664000002,0.035579599022819465,0.0050317151481867805
GLY   5,5.69882,0.004269379347037835,0.0006037814175496495,-4.028860000000001,0.008160906812158204,0.0011541265095017113,-7.687720000000005,0.024916693198327525,0.0035237525450564234,-3.27416,0.039299547071128475,0.005557795246310973,0.022416191999999998,0.001576896496773309,0.0002230068412195435,-9.269503808,0.014321074116217927,0.002025305724290568
SER   6,11.4679,0.005181698564350405,0.0007328028385833539,-3.0436,0.010037928073175932,0.0014195774019211032,-2.5411400000000004,0.02133730067271822,0.003017549999579067,-6.294860000000001,0.01618519076180574,0.00228893162849414,0.446155488,0.0016606259312247245,0.0002348479713966456,0.03445548800000008,0.009137619037990999,0.0012922544771325464
PRO   7,18.86188,0.0068866247238455625,0.0009739158083436264,-3.510259999999999,0.009562029073724486,0.0013522751199867011,-0.26416000000000006,0.029843163371197124,0.004220460638366294,-2.81282,0.027596876634906033,0.0039027877216221292,0.5964072479999999,0.003603622545073893,0.0005096291876916949,12.871047247999998,0.010877577028434997,0.0015383216959370801
ARG   8,13.817520000000002,0.008759543364454048,0.0012387865026206165,-5.589500000000002,0.015824348327127844,0.0022379008019940195,-195.6186199999999,0.42930850869245185,0.06071339154350332,-12.73041999999999,0.4115060675133085,0.05819574616761393,0.5402800799999998,0.00240292306398881,0.00033982463864320876,-199.58073992,0.025092647295939317,0.003548636212176195
VAL   9,10.731060000000003,0.013351269599553961,0.0018881546542588812,-2.3639000000000006,0.013180667661296244,0.001864027896773761,-30.360019999999995,0.025704077501229616,0.0036351055010528056,-2.7849,0.025252524626254304,0.0035712462810609407,0.7226206560000005,0.003329279529664425,0.00047083122637825485,-24.055139344,0.019524859519975395,0.002761232113657864
VAL  10,11.025240000000002,0.03470997551068517,0.004908731811684897,-4.73258,0.02796933320620184,0.00395546103507428,-21.768339999999995,0.026313198211368533,0.0037212481779928847,-1.54812,0.024685736772490266,0.003491090374082797,0.07137647999999999,0.0010195962683340527,0.00014419268708230147,-16.952423519999996,0.025175157131940313,0.003560304865086374
ARG  11,12.030300000000002,0.024001874926375594,0.0033943777043263096,-4.801320000000001,0.036047990234970295,0.005097955668658788,-194.69080000000008,0.709057035768097,0.10027580764793075,-11.8927,0.7121801246875522,0.10071747911856982,1.1535814079999995,0.008430748774877254,0.0011922879258391768,-198.20093859199994,0.052665883071861874,0.007448080611458266
ILE  12,14.22952,0.02986786902247634,0.004223954545076927,-7.434480000000002,0.036455583934024864,0.005155598122372867,-14.233460000000003,0.0748831649971365,0.010590078753237267,-2.33408,0.05711596624411017,0.008077417409046448,0.007415711999999999,0.0011876028077838219,0.00016795239974802488,-9.765084287999999,0.04301042088186427,0.0060825920534507425
VAL  13,11.388440000000001,0.02901045328796529,0.004102697649043166,-2.8359599999999996,0.017765089360886513,0.0025123630310935684,-20.900859999999994,0.03376033768036524,0.0047744327417867955,-2.35454,0.03239580837083143,0.004581459156206965,0.617888592,0.00519432332316169,0.0007345882490966146,-14.085031407999999,0.03114818832832156,0.004405019037726369
LYS  14,10.828500000000004,0.03862499190842489,0.005462398740344553,-6.5384,0.03887518488714443,0.005497781370716123,1.2257799999999999,0.9655171731253673,0.1365447480938026,-40.726600000000005,0.9447745127805341,0.13361129293586643,0.67384368,0.004950612145429889,0.0007001222838115914,-34.53687632,0.10716178335548862,0.01515496473894194
SER  15,11.24936,0.013713876185402523,0.0019394349694101653,-2.2185,0.013861096637658716,0.001960255085434106,-19.076799999999995,0.07359918477970248,0.010408496529505871,-4.366099999999999,0.08060676150299823,0.011399517533651357,0.40844980799999997,0.004284075268977852,0.0006058597347615644,-14.003590192000004,0.014528997951206619,0.002054710595028731
GLU  16,16.012620000000002,0.01374611217487172,0.0019439938267605508,0.4899599999999999,0.00940416928814622,0.001329950375014892,-29.70330000000001,0.3475205461543107,0.04914682695747313,-52.91802,0.3439432796268488,0.048640925073537136,1.344242304,0.0031802475602591765,0.0004497549231422474,-64.77449769599997,0.016651819757634752,0.002354922933943933
SER  17,10.418420000000001,0.008971265238930718,0.0012687284972542126,-1.1235400000000002,0.009237337278649574,0.0013063567659680805,-7.4093199999999975,0.08543241539397858,0.01208196805164565,-10.51652,0.0896770293888848,0.012682247119509151,0.5815218239999997,0.0045035271568556095,0.0006368949183740747,-8.049438175999999,0.009527698303884663,0.0013474200159552824
GLY  18,5.12976,0.01076765526940709,0.001522776411695363,-2.8293199999999996,0.01654380850960928,0.0023396478367592862,-11.011879999999998,0.10214805725077467,0.01444591679341089,-0.8085400000000003,0.09291484488497849,0.013140143378212897,0.12428251199999998,0.001993845346123115,0.00028197231297617874,-9.395697488,0.023012002581361754,0.0032543886147926465
TYR  19,11.22748,0.051036943482405,0.007217713765488629,-9.69856,0.09947103296947588,0.014067328388869406,-32.76446000000001,0.10003243673812748,0.014146722871228852,-0.014740000000000001,0.0943529141044409,0.0133435170775924,0.04149417599999999,0.002668704195115178,0.0003774117666693859,-31.208785824000007,0.1324340239067507,0.018728999272856952
GLY  20,6.91932,0.01710606909809752,0.0024191634917420813,-3.1064599999999998,0.01655682336690036,0.002341488415528626,-15.999680000000003,0.20089195504035073,0.028410412738971005,2.2890599999999997,0.10360104439629532,0.014651400206125797,0.03669076800000001,0.0034149102569430412,0.00048294123996558394,-9.861069232000002,0.08521829922836263,0.01205168745311191
PHE  21,9.834039999999998,0.04325735082086073,0.0061175132203192175,-9.544880000000001,0.06097922269102992,0.008623764375262369,-7.32566,0.26277789937515256,0.037162406918825316,-2.4092,0.10227472806123421,0.014463830751221757,0.018669599999999998,0.003201328252335308,0.000452736183206075,-9.427030400000001,0.07904448372003764,0.011178578090765653
ASN  22,18.004299999999997,0.059422638784918075,0.008403630168162863,-7.340979999999998,0.04292621110706475,0.006070682992890156,-88.35755999999999,0.5747283935934898,0.08127886889008155,-6.5494,0.47806978570078457,0.06760927746988486,0.25422048,0.007338812191191762,0.0010378647732492401,-83.98941952,0.20442535074394474,0.028910110351496352
VAL  23,10.951319999999999,0.027532845840052528,0.0038937323997729934,-7.522120000000002,0.02814010660935557,0.003979612041357542,-23.987440000000003,0.08233326423802774,0.011643681891986656,0.06633999999999998,0.11196242405378691,0.015833877857303308,0.0,0.0,0.0,-20.491900000000005,0.06042458108876562,0.008545326207644517
ARG  24,12.15484,0.018114480394159423,0.0025617743848761784,-8.1195,0.07831353650550597,0.011075206544348702,-155.82784,0.9928815308960426,0.14041465268229444,-51.43600000000001,0.9315180942952538,0.13173655225482875,0.7347060000000001,0.057141126371256325,0.008080975588350562,-202.49379399999998,0.24060315643833646,0.03402642469848709
GLY  25,6.325900000000001,0.18035523280455668,0.025506081627716098,-3.74306,0.19026459576073745,0.026907477176426938,-15.364679999999995,0.3350789423407898,0.04738731847239772,-1.5899399999999995,0.25894821181078426,0.036620807309507196,0.09469123200000001,0.010992545493259145,0.0015545806921570325,-14.277088767999997,0.31252410066819863,0.0441975821733421
GLN  26,20.027379999999997,0.2239422148682648,0.031670211745456985,-8.18588,0.15679446929022586,0.022174086497532917,-80.74736000000001,0.9927108291936061,0.14039051181602388,-2.6275800000000005,1.1378046069514731,0.1609098706481362,0.29550672000000006,0.02669188956404492,0.00377480322268372,-71.23793328,0.3756404953717643,0.05312358831312969
VAL  27,12.234539999999997,0.09676160602251109,0.013684157555403734,-3.3804000000000003,0.4581236514304812,0.0647884681096871,-26.104419999999994,2.1009780302517416,0.29712316246299236,-3.4466800000000006,1.5153302140457694,0.2143000540177252,0.401954544,0.06670556026262271,0.009433590800909683,-20.295005456,0.3338908151333779,0.04721929191134309
SER  28,11.131380000000002,0.09304663131980115,0.013158780794559198,-2.4815799999999992,0.5831629991691876,0.08247170224992349,-11.6397,3.513585423751648,0.49689601588259985,-7.023380000000002,1.63380629072114,0.2310551014628316,0.5207112000000002,0.04659532973074271,0.006589574724846263,-9.492568799999997,1.4646942225327415,0.2071390434235319
GLU  29,14.339120000000001,0.033615853402692505,0.00475399957928335,-2.193520000000001,0.05152212728523124,0.007286329116908691,0.50642,3.087939183921859,0.43670054736856,-79.12418000000001,2.9927559452117185,0.42323960465911237,0.9910481760000003,0.017504008838948946,0.0024754406695940132,-65.481111824,0.1671762181601927,0.023642287502838782
GLY  30,4.985520000000001,0.03655255941789518,0.005169312526823577,-2.14048,0.05382238939324546,0.007611635303925355,-9.51082,0.2743903562444928,0.03880465631853468,-2.5215599999999996,0.26249016438717077,0.03712171504658801,0.22415975999999996,0.00706840355112821,0.000999623216633166,-8.963180239999998,0.05374203842043567,0.007600271960375607
GLY  31,5.422679999999999,0.018800468079637932,0.002658787693718642,-1.74798,0.022024976730947114,0.003114802080385724,0.24544000000000005,0.1564417028800184,0.02212419779336641,-11.002579999999998,0.1538465586228213,0.02175718897288213,0.386864064,0.005353387940424352,0.000757083382999269,-6.695575936,0.031087423610968785,0.004396425608986963
GLN  32,18.5684,0.011459493879746645,0.0016206171662669182,-2.024660000000001,0.018735645171574042,0.0026496203501450003,-67.14564000000001,0.05125222334395496,0.007248158935479605,-14.730980000000002,0.05725643719217248,0.008097283001033361,1.1431579680000004,0.004624123508902826,0.0006539498180378641,-64.189722032,0.008511653813945277,0.001203729626190609
LEU  33,11.911499999999997,0.007280796664725136,0.0010296601388135084,-3.1708400000000005,0.01775990990951082,0.002511630546055453,-23.035579999999996,0.024247960745392674,0.003429179494602474,-0.6490000000000002,0.024416387939244395,0.003452998696784229,0.789962832,0.0025352677010423877,0.0003585409967060602,-14.153957168,0.014245717713507104,0.0020146487196180383
ARG  34,11.122859999999998,0.008395260570146178,0.0011872691357956808,-3.8936799999999994,0.0225658503053003,0.003191293154823673,-145.30406,1.4366412274491533,0.2031717508122923,-61.980800000000016,1.4459109239495893,0.2044826838632922,1.2164255999999998,0.007704323925927179,0.0010895559384961743,-198.83925440000002,0.0146207271679693,0.0020676830652698957
SER  35,10.453019999999999,0.0035916013232891583,0.0005079291302032683,-3.336179999999999,0.006179611639106095,0.0008739290590222471,-12.57752,0.02081080488578514,0.002943092251337761,-7.675700000000001,0.024069275019961762,0.003403909516971787,0.5871864959999998,0.004318630448534161,0.0006107465751194412,-12.549193503999994,0.00659755848920001,0.0009330356693976401
ILE  36,12.87554,0.021338425432470786,0.003017709064628716,-4.4444799999999995,0.010996799534469939,0.0015551823044345524,-6.479340000000002,0.024740743723341223,0.003498869531674618,-4.505619999999999,0.019723985398888703,0.00278939276551573,0.22004164799999998,0.002060528605788194,0.00029140274999633886,-2.3338583519999996,0.01970939330721599,0.002787329132121036
ASN  37,19.753599999999995,0.005374011547792316,0.0007600000015237521,-3.1252,0.011887808881184094,0.0016811900546669875,-82.585,0.08988681773489644,0.012711915671924898,-16.54842,0.09340858418821785,0.013209968660104671,0.6577597439999999,0.003115101193891509,0.0004405418356565992,-81.84726025599998,0.007639947149804226,0.0010804516875066808
GLY  38,5.970300000000001,0.0042579337713071295,0.0006021627687068963,-1.11828,0.0034527670063729345,0.0004882949928126955,-8.569840000000001,0.023354965210794575,0.00330289085498575,-6.758779999999998,0.02452287911387912,0.0034680588231283758,0.545412528,0.002179214764195804,0.0003081875074849392,-9.931187472000001,0.008121094174249227,0.0011484961522532388
GLU  39,14.612679999999996,0.013513607959192974,0.0019111127652483705,-1.8632400000000002,0.013763081050359,0.0019463935881457838,6.8263599999999975,0.5257557896971091,0.07435309682858285,-86.04431999999998,0.515127845879554,0.07285007859989026,0.6746533920000002,0.0035604447750807876,0.0005035229288999673,-65.793866608,0.010563773950195266,0.001493943239020975
LEU  40,11.249279999999999,0.008074750772458079,0.001141942205519284,-2.9834799999999997,0.012994214097105232,0.001837659380850588,-19.8378,0.028977922632606908,0.004098097119643095,-10.871080000000001,0.028339964714220626,0.004007876245602576,0.935684208,0.003465369203048252,0.0004900772125580882,-21.507395792,0.012050045689015819,0.0017041338040621617
TYR  41,10.609000000000002,0.01932976978632421,0.002733642258936938,-7.115220000000001,0.01513445076620008,0.002140334553262803,-41.60509999999997,0.061719769948278436,0.008728493572740274,4.328340000000001,0.036921327170062954,0.005221464162471727,0.1550473919999999,0.001296542894303557,0.00018335885453225564,-33.62793260800001,0.03417088689538143,0.004832493168576549
ALA  42,10.478360000000002,0.03687967461857356,0.005215573602149353,-4.0041199999999995,0.023035312023136915,0.0032576850676616243,7.21966,0.16445578250697426,0.0232575598032043,-1.8133999999999997,0.14135572149722453,0.0199907178460409,0.10523591999999997,0.0021609032911273245,0.0003055978741288919,11.98573592,0.02957776568794593,0.004182927738058671
PRO  43,19.298680000000004,0.04519045916820208,0.0063908960245538955,-6.399259999999999,0.04211499020554352,0.005955959032788971,1.4503400000000004,0.07913876673286946,0.011191911722310469,-8.986759999999997,0.07349055993863632,0.010393134657161233,0.13899614399999996,0.005604935159524366,0.0007926575318821165,5.501996144,0.01751790861241223,0.0024774063944085823
LEU  44,11.929499999999997,0.0411957522091606,0.005825959148635631,-8.17996,0.01290884967776734,0.001825587028893413,-36.49981999999999,0.08150624270916985,0.01152672338573812,2.5907,0.08088862713631718,0.011439379353792013,0.053892576000000005,0.0017434278330412988,0.0002465579286505741,-30.10568742399999,0.040935781137883,0.005789193687153087
GLN  45,20.25178,0.105600433711365,0.014934156554709338,-7.976300000000001,0.059134845903216646,0.008362930108517203,-81.46156,0.31459276278795306,0.04449013517591451,0.7923600000000003,0.19220111966375064,0.027181343013177033,0.003980304,0.00169804986227849,0.00024014051448200066,-68.38973969599999,0.1589769915519139,0.022482741755798955
HIE  46,30.14426,0.03471357659283278,0.004909241081606133,-9.598559999999999,0.051040830714264344,0.007218263503090186,-12.48434,0.19620729955835514,0.02774790240720264,-12.095,0.22188402376017047,0.03137913956755471,0.3834420479999999,0.004472548517809287,0.0006325138772257577,-3.6501979519999996,0.09064801663403246,0.012819565452607063
VAL  47,11.503659999999998,0.014178307374762293,0.0020051154580883307,-7.5720600000000005,0.021133300735655756,0.0029887000518073674,-34.88673999999999,0.04458376835214699,0.006305096986530664,2.3191000000000006,0.03311510229482498,0.004683182678471389,0.0,0.0,0.0,-28.636039999999998,0.04087197573228305,0.00578017024015787
SER  48,13.241319999999998,0.025986488796466357,0.0036750444894419207,-4.6186,0.015557634781555958,0.002200181810652382,-19.7903,0.09416671386499727,0.013317184387198571,-1.0888999999999995,0.09328606541172517,0.013192641888568541,0.133256736,0.0023433488779744903,0.0003313995764603299,-12.123223264000003,0.024130657479593108,0.003412590307662034
ALA  49,6.66652,0.006245766566387569,0.0008832847785601737,-3.568260000000001,0.020816157185892505,0.002943849180877934,0.47043999999999997,0.03758306001378807,0.005315047318698105,-3.941699999999999,0.02738338912565713,0.0038725960285244244,0.25547544000000005,0.0014484705467365676,0.00020484466918928258,-0.11752456000000003,0.02159574446331486,0.003054099470956355
VAL  50,10.946159999999999,0.012085296854534114,0.001709119071698705,-5.7965800000000005,0.011471861226645655,0.0016223661732384335,-26.540660000000006,0.05205674211563855,0.007361935071289472,-0.35129999999999995,0.043427295563965705,0.006141547036374525,0.14571504,0.0022515853998469133,0.00031842226093047526,-21.59666496,0.01206606196262379,0.0017063988471976686
LEU  51,14.679880000000002,0.006683232742254249,0.0009451518384591891,-2.4452999999999996,0.015583645273263353,0.002203860249666041,-22.72012,0.02652518802802362,0.0037512280653727455,-1.73262,0.0248772104545207,0.003518168841879292,0.6518869919999999,0.0029246871523621602,0.00041361322365689136,-11.566273007999998,0.012795246633402646,0.0018095211322866707
PRO  52,18.13242,0.007020227924064108,0.000992810154116178,-2.15062,0.005484122536824117,0.000775572046929261,-6.769419999999999,0.020918020939621508,0.0029582548910817128,-3.831980000000001,0.021278618375945562,0.0030092510695823574,0.9259143840000005,0.0018916214518339886,0.0002675156712059511,6.306314384000002,0.008911982298866942,0.0012603446234686583
GLY  53,5.32848,0.005348794257416061,0.0007564337381181121,-1.2523199999999999,0.008381980672862124,0.0011853910747110777,-19.976740000000003,0.029714514967660602,0.004202267006660395,2.9423599999999994,0.012104148049345141,0.0017117850332355742,0.30576412799999997,0.001701165780878169,0.0002405811719162923,-12.652455872000003,0.014285487647026782,0.002020273037553859
GLY  54,4.346720000000001,0.0035272652274708203,0.0004988306322776254,-2.1638000000000006,0.010075713374086543,0.0014249210504217167,-11.287139999999999,0.03773062946753959,0.005335916790986844,-2.1667599999999996,0.038153144038236074,0.005395669374604765,0.05344761600000001,0.0021695056630819413,0.00030681443323757156,-11.217532383999997,0.008787926389269635,0.001242800468484154
ALA  55,9.301420000000002,0.011675769779603768,0.001651203197346157,-4.61454,0.011459860382559259,0.001620668997591743,-5.53298,0.033867677806497735,0.004789612928003137,-1.16492,0.029240273596530603,0.004135199148771349,0.10932379200000003,0.003916131563256163,0.0005538246368794216,-1.9016962080000002,0.018115271736845455,0.0025618862976320854
ALA  56,9.37688,0.005641418263031441,0.0007978170218598332,-6.222659999999998,0.01736848870877601,0.0024562752289875,-8.197860000000002,0.032687006592468995,0.0046226408036448416,-0.5284400000000001,0.027691991622124233,0.003916239012113022,0.0,0.0,0.0,-5.572080000000002,0.014306418139465236,0.0020232330561812195
ASP  57,17.1224,0.006302380499549954,0.0008912911977699266,-5.37982,0.006389647878135812,0.0009036326688048135,-31.5171,0.21275095769456218,0.03008752897795144,-45.92384,0.2075230454651778,0.029348190540182284,0.45818409600000004,0.0014394933476603849,0.0002035751015207165,-65.240175904,0.008288178722840087,0.0011721254757212569
ARG  58,13.739080000000001,0.025838606771162446,0.003654130812860322,-3.3064999999999998,0.011234322409291432,0.0015887731115291927,-171.18568,0.30421850305174525,0.043022993294061895,-40.133239999999994,0.29948980349967874,0.04235425419016989,1.5743013120000002,0.0047979056063232745,0.0006785263179448283,-199.31203868799994,0.0284402390110066,0.004022057172649791
ALA  59,7.552899999999999,0.008462269200003177,0.0011967455871096614,-3.3843599999999987,0.004033658389733756,0.0005704454400741498,-9.073059999999996,0.013936154422049865,0.00197086985909887,-3.2440400000000005,0.013240785474995449,0.0018725298395211247,0.264807216,0.0017157841952067645,0.00024264852789668124,-7.883752784,0.018230758989255177,0.002578218661495989
GLY  60,6.567279999999999,0.012198426128497267,0.001725117967052716,-2.176040000000001,0.01586689635668922,0.0022439180020398146,-15.0639,0.031321079163192815,0.004429469494074863,1.6337599999999994,0.026929210905658037,0.003808365528678705,0.20840659199999997,0.002828642681419845,0.0004000304843171343,-8.830493408,0.013781574257808493,0.0019490089226244691
VAL  61,11.158180000000002,0.00915137147966813,0.0012941993660861007,-5.676100000000002,0.011384638771887428,0.0016100310553921777,-20.445539999999994,0.038051128763906275,0.0053812422361521235,-1.858,0.03495997711670297,0.004944087377869439,0.02046024,0.0013312371653465124,0.00018826536539681522,-16.800999760000003,0.01940286445704665,0.002743979406404225
ARG  62,11.228859999999997,0.007896860138746308,0.001116784670837851,-5.17178,0.019117834605048786,0.0027036700981665674,-146.20014,0.2729145661191384,0.038595948077485426,-52.631580000000014,0.26739050768194617,0.03781472824136355,1.2929747039999997,0.0039425558246145576,0.0005575615917582949,-191.48166529599996,0.012423435340355086,0.001756939074959537
LYS  63,8.952539999999997,0.004992834869844812,0.000706093478762384,-3.633,0.01963058837637774,0.0027761844319237035,32.81172000000001,0.217793116509817,0.030800597915968682,-71.81656,0.20807577081332876,0.029426357708544532,1.1703353760000001,0.0023188552500867598,0.0003279356543852751,-32.51496462399999,0.013632738110686592,0.0019279603128413542
GLY  64,6.279199999999999,0.008052328856138045,0.0011387712677038654,-2.809780000000001,0.008132133790868202,0.0011500573898078341,-15.127760000000006,0.030281717253401754,0.004282481523170811,-3.304359999999999,0.02061432511644395,0.0029153058158843366,0.160897392,0.0018562778606491233,0.0002625173326062904,-14.801802607999997,0.006386557473734977,0.0009031956196231256
ASP  65,14.625500000000002,0.017588916963238253,0.0024874484916865727,-6.7114,0.011793218390407426,0.0016678129391741983,-62.23876,0.5067841576045677,0.07167010288802038,-10.004160000000002,0.5035495749178482,0.07121266381760279,0.010532880000000005,0.0005318207758258267,7.521081539246655e-05,-64.31828712,0.023790191037968502,0.0033644410817341916
ARG  66,13.99936,0.032933120108749804,0.004657446510905607,-9.052800000000001,0.021876014261660394,0.0030937356059507377,-169.56967999999998,1.275194329352832,0.18033971152320383,-34.47406,1.2713476536335822,0.1797957094259824,0.6219967679999999,0.006451923842252354,0.0009124398201111608,-198.47518323199998,0.05243438387260958,0.007415341680732156
ILE  67,13.000579999999996,0.007127664422367819,0.0010080039694156761,-8.271920000000001,0.014904818011287247,0.002107859577626521,-12.573,0.07833951748640028,0.01107888080990315,-1.01638,0.0810865932198402,0.011467375985812826,0.0,0.0,0.0,-8.860719999999999,0.021437387900820868,0.0030317044711193767
LEU  68,13.187940000000003,0.009371040489454774,0.0013252652553734348,-7.424859999999999,0.01822965715584431,0.0025780628387206766,-33.97254,0.060293684573664616,0.008526814644952196,-1.855000000000001,0.06057920435260983,0.008567193239323204,0.132010848,0.002378115578876387,0.00033631633045377304,-29.932449152,0.017750550354863313,0.002510306905143425
GLU  69,15.555879999999997,0.016457995020672425,0.002327511976770381,-6.259700000000001,0.011496521212672845,0.0016258536219071918,0.66116,0.7009459425661865,0.09912872584674934,-81.38408000000001,0.6924738793608656,0.09793059517812465,0.38538935999999985,0.002410870625164592,0.0003409485935234668,-71.04135063999998,0.018234262107304135,0.002578714077201532
VAL  70,10.906279999999999,0.01459183333418374,0.0020635968601090465,-6.610400000000001,0.01839673884047482,0.0026016917571635378,-26.260079999999995,0.03632566035439822,0.005137224153534861,-1.9671199999999995,0.03237878317667433,0.004579051430159064,0.0,0.0,0.0,-23.931319999999996,0.012156381053523997,0.001719171895526897
ASN  71,18.536319999999996,0.04848234317969324,0.00685643872603489,-4.03898,0.015408426266440622,0.002179080540082616,-89.89656000000001,0.10072063541175734,0.014244048861014305,-8.1085,0.09111690293261496,0.012885875988873691,0.3414494880000001,0.0027028754774528914,0.0003822443157619534,-83.16627051200001,0.04403063075854129,0.006226871517857105
GLY  72,6.084779999999999,0.009051607591658394,0.0012800906217402567,-1.2994599999999994,0.011004017448248471,0.0015562030715903165,-5.325760000000002,0.021861893787722617,0.0030917386693757438,-6.3383400000000005,0.016088020387837305,0.0022751896624214375,0.491471568,0.00501031448934975,0.0007085654702592844,-6.387308432,0.015506694340014775,0.0021929777443223004
VAL  73,10.685640000000001,0.010037449873644801,0.0014195097742948587,-2.411560000000001,0.012188781727220833,0.001723754042744106,-30.212020000000003,0.03056238864659537,0.004322174452253268,-0.23772,0.01830523422412276,0.0025887510502170543,0.5287891680000001,0.002825888525264273,0.0003996409878183239,-21.646870832000005,0.007224961422551047,0.00102176384313941
ASN  74,20.436919999999994,0.006101934141481097,0.0008629438019589994,-4.409440000000001,0.01096386793005396,0.001550525072274974,-91.8717,0.1773480476309261,0.025080801422004532,-5.9251200000000015,0.1662988442533066,0.023518208094999722,0.5975485919999999,0.001891358191768794,0.0002674784406104882,-81.171791408,0.021210284062559395,0.0029995871383057403
VAL  75,13.489959999999995,0.019318343616092998,0.0027320263544462417,-6.363080000000001,0.010232966333781974,0.0014471599772541755,-33.97478,0.07882012179463846,0.011146848522987689,1.5396800000000004,0.09021096163991685,0.012757756542588943,0.01857340800000001,0.00089659141281608,0.00012679717359117548,-25.28964659199999,0.03825414299463769,0.005409952783997634
GLU  76,15.429439999999998,0.009845120621995836,0.001392310310682555,-5.8509,0.02530711362426952,0.0035789663311958887,13.663979999999999,0.9911873988303466,0.14017506622791862,-93.05138,0.9660286929496769,0.13661708792109872,0.5048370719999999,0.00223071050699162,0.0003154701052715712,-69.304022928,0.02395680130519669,0.0033880033316886623
GLY  77,6.1273599999999995,0.01358198807273062,0.0019207831736445258,-3.5987000000000005,0.02176258256729791,0.003077693941893699,-12.0908,0.14403221861791848,0.02036923169881469,-2.85622,0.10222901545059813,0.014457366011828456,0.04577342399999999,0.005205827863560757,0.0007362152368027377,-12.372586575999998,0.038536920959379654,0.005449943627285469
ALA  78,7.12236,0.04440935036674733,0.006280430558483265,-4.321880000000001,0.09791274482920202,0.013846953166663362,-11.90718,0.20256778519796176,0.02864741091268374,1.9066999999999996,0.2529563796388636,0.03577343427740783,0.06881947199999999,0.004013792211016453,0.000567635938136696,-7.131180528000001,0.18986922893380478,0.02685156386355088
THR  79,15.013299999999994,0.10970018231611227,0.015513948562624714,-6.562139999999999,0.11210905583414713,0.015854614722549343,-32.95376000000001,0.5611086725393349,0.07935274946702912,-3.066,0.7053635374755349,0.09975346811013644,0.134801424,0.005211526337438854,0.000737021122707061,-27.433798575999994,0.35190151829739297,0.0497663899795857
HIE  80,30.585340000000002,0.07494254065473435,0.010598475739262236,-11.549560000000001,0.12242224634427933,0.017313120111625988,-10.51712,0.9550014374858067,0.13505759849782292,-6.309599999999998,0.5789715709773922,0.08187894479046849,0.028830096,0.014738097483636872,0.0020842817344936047,2.2378900959999997,0.5064578341875247,0.07162395378781015
LYS  81,12.287239999999999,0.5116537329092609,0.07235876483190978,-4.784059999999999,0.03173352170805446,0.004487797678139165,-16.330379999999998,13.192328470577134,1.8656769842370893,-24.689719999999994,12.143522871127653,1.7173534739336591,0.9578278079999997,0.02662475653760887,0.003765309179036819,-32.55909219199999,0.5500593456238978,0.0777901386691386
GLN  82,20.7614,0.04968903299541208,0.007027090436331597,-6.12656,0.0761540964098756,0.01076981559731143,-78.2684,0.6219147529996804,0.08795202783320615,-8.6006,0.4727562162468246,0.06685782527124472,0.6041423520000001,0.016999454063254142,0.0024040858489192424,-71.63001764799999,0.2695919549841675,0.03812605990452866
VAL  83,13.262999999999998,0.052029222558820414,0.007358043218241201,-7.424300000000003,0.03527732983008872,0.004988967829002042,-26.56034000000001,0.1362244632931972,0.019265048351623532,-1.4913999999999998,0.13315569833844978,0.018831059449749627,0.0,0.0,0.0,-22.21304,0.05426304820011423,0.007673953870030651
VAL  84,13.787140000000004,0.03283474379149825,0.00464353399869826,-6.25734,0.11158075282052293,0.01577990139385835,-32.86261999999999,0.3569899656861812,0.05048600511045032,-0.8865,0.3387187771588693,0.0479020688488503,0.08220384000000001,0.014638758399809661,0.002070233066531389,-26.137116160000005,0.13244701748522128,0.018730836842346638
ASP  85,14.530340000000002,0.19134937784067388,0.02706088852939348,-4.742140000000002,0.03340419734079708,0.004724066891954251,-42.43096,11.865483184362937,1.6780327243435964,-38.37280000000001,11.435935736090835,1.6172855416406802,0.5627219040000001,0.06976270753459225,0.009865936714328807,-70.45283809600002,0.30343730653559975,0.04291251542326074
LEU  86,12.51732,0.01658365460121579,0.002345282925075035,-6.130639999999999,0.028722646117869816,0.004061995568713442,-31.53686,0.06694236625296077,0.00946708022522841,-1.5837999999999999,0.06404748238612078,0.009057681822630392,0.299573712,0.003212459659310393,0.000454310401877321,-26.43440628799999,0.056831474987587616,0.008037184269711372
ILE  87,13.875339999999996,0.0304023749072597,0.0042995450922198135,-8.179779999999997,0.04168035028666821,0.00589449166598675,-9.08526,0.16322938583477484,0.023084121122536935,-0.9076199999999999,0.14648725405304042,0.02071642613966029,0.0,0.0,0.0,-4.29732,0.03808434849117708,0.005385940215036595
ARG  88,12.983080000000003,0.02656527056056404,0.003756896591486038,-5.29622,0.032045149398913585,0.004531868488821563,-165.56484000000003,1.905107118873252,0.2694228325284085,-42.243,1.8668397253110496,0.2640110058311749,1.027130112,0.004125870892038768,0.0005834862572121605,-199.093849888,0.09116092806841442,0.012892102083286982
ALA  89,8.2795,0.026629494925551157,0.003765979288285996,-2.08722,0.08437589466192093,0.01193255345682522,-5.24698,0.3842645177478584,0.05434320925377782,-6.870379999999999,0.29688744601283634,0.04198622526496632,0.38026886399999993,0.005730011992653516,0.0008103460672571085,-5.544811136000002,0.023117246022341907,0.003269272284951141
GLY  90,5.583539999999999,0.15963172742290468,0.02257533539065169,-0.47906,0.04076685418327079,0.00576530380812679,-5.55824,0.9821372523227191,0.13889518223466357,-8.496839999999999,0.8691568410822256,0.12291733924878402,0.528215904,0.006693609706013444,0.0009466193627476399,-8.422384096,0.022212339086588873,0.0031412991188283987
GLU  91,14.439819999999997,0.11918098673875188,0.01685473678229509,-1.6470600000000002,0.07931819715550562,0.01121728701602991,10.064079999999999,0.8792615501658119,0.12434636091176826,-83.03834,0.8615349931368037,0.12183944717530791,0.8683830719999996,0.012978060181100284,0.0018353748721406246,-59.31311692800002,0.09410003942312112,0.01330775519720208
LYS  92,10.740159999999998,0.027922292170132566,0.003948808427954555,-2.4576399999999996,0.1247385682136908,0.017640697491880297,7.8011199999999965,0.5098447073374748,0.07210292998207983,-50.575439999999986,0.4996676559486483,0.07066367757217519,1.2769390079999998,0.013463245230962905,0.0019039903999182634,-33.214860992000006,0.09309598784385381,0.013165760861129885
GLU  93,15.122660000000007,0.025273393121600977,0.0035741975319754996,-4.19394,0.06184930395729643,0.008746812447974454,-24.361819999999998,1.217824826319505,0.1722264385975703,-58.63866,1.1383373772295782,0.16098521574342875,0.525925728,0.008839590638643695,0.0012501068966996162,-71.545834272,0.030126170409000914,0.0042604838774772105
LEU  94,13.084460000000002,0.03986939176782196,0.005638383456162004,-8.042,0.03224158805031442,0.004559649109320097,-32.30235999999999,0.06209146801328423,0.008781059617204177,0.24534000000000009,0.05141541014131815,0.00727123703368273,0.0,0.0,0.0,-27.014560000000003,0.08860500211455083,0.012530639568449454
ILE  95,13.280899999999995,0.04327782342155672,0.006120408483275349,-5.1543600000000005,0.06042739775957706,0.008545724545050745,-12.45648,0.06522798172500846,0.009224629640173135,-0.9976800000000001,0.04532347735997092,0.006409707637638079,0.34917782399999986,0.004583657266189227,0.0006482270271114788,-4.978442176000001,0.04267328794085127,0.006034914255700411
LEU  96,11.62566,0.014752098155654512,0.002086261728518573,-8.343380000000003,0.01770976001959279,0.0025045382806080933,-35.288560000000004,0.02975779561342275,0.004208387814282905,0.8049600000000001,0.027570244830245456,0.003899021415687983,0.0,0.0,0.0,-31.201320000000006,0.012816302104572732,0.00181249882557576
THR  97,16.229960000000002,0.010023891459211799,0.001417592324937316,-5.27644,0.0068063499768077525,0.0009625632447459324,-45.18754,0.03354651100159995,0.004744193082876089,2.4599199999999994,0.04003590388642559,0.005661931825804877,0.13206312000000003,0.0018402238002999752,0.0002602469456185983,-31.642036879999996,0.010663896111084047,0.0015081026508032764
VAL  98,11.952919999999999,0.00540311021538928,0.0007641151745600135,-6.740680000000003,0.010423895622667493,0.0014741614562337906,-27.349179999999993,0.03144499325155776,0.0044469935925083425,-1.06952,0.03030329355037464,0.004285532872351295,0.0005362559999999998,0.000475340139336034,6.72232471789336e-05,-23.205923743999996,0.00642415379114671,0.0009085125418210212
LEU  99,11.61022,0.006908805973349983,0.0009770527107315797,-8.653039999999997,0.008395141454042345,0.001187252290234727,-33.79429999999999,0.022199324313339198,0.0031394585519443088,0.17352,0.011121582621191884,0.0015728292977942478,0.0,0.0,0.0,-30.66359999999999,0.015788603507920614,0.0022328457211832757
SER 100,12.039559999999996,0.008193070245045602,0.0011586751058018947,-4.9033,0.009485251709768345,0.001341417161047698,0.26705999999999996,0.06533617986996189,0.00923993116857481,-11.296600000000003,0.056265797781674634,0.007957185432058627,0.2661372,0.001087864723932569,0.0001538473046612702,-3.6271427999999997,0.028887709664547838,0.004085339079349989
VAL 101,7.895420000000001,0.004386752783824958,0.0006203805281663185,-2.096939999999999,0.004268067478898829,0.0006035958913782267,-54.70290000000002,0.3816687176044703,0.05397610767697887,-55.774540000000016,0.38629223186225164,0.05462997133389685,1.0153656,0.0020097974296821803,0.0002842282782679126,-103.66359439999997,0.010391722855356564,0.0014696115398467717
GLU 102,9.213040000000001,0.25450461371054744,0.035992387639598174,-1.6866799999999997,0.2861415342099087,0.04046652384378978,-70.80356,6.2285295541082,0.8808470969061463,-91.42478000000001,6.848185637933399,0.9684797006814059,1.2672555840000002,0.10911693198188151,0.015431464509331935,-153.43472441599997,1.8182240993385412,0.25713571807181707
SER 103,9.848280000000003,0.349303938712326,0.049399036751731185,-2.7712000000000008,0.4391208489698424,0.06210106601339386,-3.008900000000001,1.0570091437636642,0.14948366666629465,-9.83284,1.0975997150145371,0.15522404030304024,0.6003311039999999,0.04439432103174213,0.006278305089543485,-5.164328896,0.5355739669374876,0.07574159676969545
LEU 104,11.426240000000002,0.4849625371098181,0.06858405972235702,-3.34478,0.3773259222475923,0.0533619436677481,-31.990140000000007,0.5602595473520198,0.07923266503142376,-0.6357399999999999,0.27732888850604837,0.03922022753631095,0.708523344,0.08423235457601391,0.01191225382320183,-23.83589665600001,0.45920853817629637,0.06494189426464415
GLU 105,14.678840000000001,0.1096786870814229,0.015510908677382302,-4.183340000000001,0.16319688845070085,0.023079525298407025,-73.66702000000002,1.0376913508342227,0.1467517181907015,-10.86434,1.0173017174860186,0.14386818858941702,0.5098464,0.017974197788428615,0.002541935428517224,-73.5260136,0.12331871875797785,0.017439900456200568
SER 106,11.49256,0.23938781589718872,0.03385454959086779,-4.64384,0.07915765534677129,0.011194582975705908,-11.605759999999997,0.41974418685686715,0.05936079217802481,-7.111940000000001,0.40876435314246956,0.05780800920287457,0.2187518399999999,0.00835732853469613,0.0011819047358974932,-11.650228160000001,0.2527160290971665,0.035739443577828656
CYS 107,10.85634,0.30400339537581095,0.04299257247479421,-3.6608,0.3183317137829603,0.045018902696533275,-1.7219599999999997,1.2500371028093524,0.17678194242625572,-0.49876000000000004,1.2641579262101708,0.17877892842278698,0.6409720799999996,0.006505407987853668,0.0009200036205192924,5.615792080000001,0.6319906263813402,0.08937697151211588
PHE 108,6.144360000000002,0.09346844601235227,0.013218434400460602,-9.6237,0.076352144698166,0.010797823854841935,-40.9006,1.6053534190328351,0.22703125775982536,-32.53266,1.322299022309163,0.18700132108623022,0.16932024,0.020749915243470148,0.0029344811555407704,-76.74327976000001,0.33595916367036194,0.047511800566614824


