#Frame       SA_00001
       1    7304.0038
       2    7279.7862
       3    7387.0036
       4    7453.6466
       5    7465.6034
       6    7318.3969
       7    7321.2167
       8    7416.3194
       9    7372.7574
      10    7399.3565
      11    7297.6473
      12    7321.5919
      13    7276.5425
      14    7246.2546
      15    7295.2535
      16    7256.6033
      17    7175.4381
      18    7293.8467
      19    7298.0540
      20    7187.8191
      21    7410.0936
      22    7323.9174
      23    7342.0568
      24    7127.6435
      25    7307.6486
      26    7237.2821
      27    7152.2235
      28    7302.1047
      29    7326.8047
      30    7373.9075
      31    7325.8200
      32    7132.9776
      33    7206.3573
      34    7418.4181
      35    7278.5370
      36    7231.4708
      37    7139.6405
      38    7419.8762
      39    7141.7264
      40    7278.7120
      41    7161.8191
      42    7154.4630
      43    7212.8117
      44    7226.5538
      45    7123.3705
      46    7143.5389
      47    7193.7235
      48    7101.5133
      49    7310.8792
      50    7315.8741
