| Run on Mon Jun 20 15:46:47 2016
| GB non-polar solvation energies calculated with gbsa=2
idecomp = 2: Per-residue decomp adding 1-4 interactions to EEL and VDW.
Energy Decomposition Analysis (All units kcal/mol): Generalized Born Solvent

Total Energy Decomposition:
Residue,Internal,,,van der Waals,,,Electrostatic,,,Polar Solvation,,,Non-Polar Solv.,,,TOTAL,,
,Avg.,Std. Dev.,Std. Err. of Mean,Avg.,Std. Dev.,Std. Err. of Mean,Avg.,Std. Dev.,Std. Err. of Mean,Avg.,Std. Dev.,Std. Err. of Mean,Avg.,Std. Dev.,Std. Err. of Mean,Avg.,Std. Dev.,Std. Err. of Mean
PHE   1,4.555720000000001,0.010912451603123955,0.001543253705587792,0.53264,0.004184542985809438,0.0005917837442864913,-43.52784,0.448114822785525,0.06337300598837055,-50.40089999999999,0.44051775219629047,0.06229861796221042,1.7891013599999999,0.007958962753316505,0.001125567306816251,-87.05127864000002,0.015128733647118553,0.0021395260305285234
LEU   2,11.6774,0.022666274507440767,0.0032054952816894275,-0.2934999999999999,0.010594810050211552,0.0014983324063775948,-17.77564,0.0420902649074922,0.005952462347605181,-9.767000000000001,0.03169353246313447,0.004482142344887674,1.085890752,0.005298686849914927,0.0007493474805917662,-15.072849247999997,0.03427643965439902,0.004847420582911406
GLY   3,5.794019999999998,0.004747588864321466,0.0006714104560494896,-0.7611,0.019619633024089672,0.0027746351111450672,-10.667100000000003,0.0570099114184631,0.008062418991767928,-7.41526,0.05060466776896658,0.007156580747825716,0.337821408,0.005304121059397921,0.0007501159938669288,-12.711618592000004,0.010957479780405434,0.0015496216514878328
GLU   4,15.232359999999998,0.006538379007163296,0.0009246664267865865,-1.1243000000000003,0.028392428568181596,0.004015295754983173,-3.6914,0.6803546428150552,0.09621667630925539,-80.58284,0.6650776002842241,0.0940561762352502,1.1324639520000002,0.004710178941533556,0.0006661198940320904,-69.03371604799997,0.014163921375634827,0.0020030809705808956
GLU   5,15.173519999999998,0.010296096348489903,0.001456087909553452,-2.24172,0.010840737982300449,0.0015331118680702435,9.55146,0.5278935957179178,0.0746554282554179,-90.14859999999997,0.5189388403321135,0.07338903460398409,0.8900706239999998,0.004570648885396646,0.0006463873642573407,-66.775269376,0.02391526156853917,0.003382128725792815
ASP   6,12.680339999999996,0.030096916786676805,0.004256346790533281,-2.8477400000000004,0.019246620482487323,0.0027218831716181373,19.45476,1.4699408091484243,0.20788102281833828,-96.77436000000002,1.4683332286635933,0.20765367660591286,0.81130104,0.014298281898014117,0.0020220824178805285,-66.67569895999999,0.0525602837183694,0.007433146607669577
ILE   7,14.301959999999998,0.011747272025851577,0.0016613151419845363,-3.3220399999999994,0.1033705876930404,0.014618808706597508,1.4348200000000007,0.09138527014786806,0.012923828844424414,-5.71464,0.14735613458555422,0.020839304402976586,0.21870806399999998,0.007388044953781985,0.0010448273373060589,6.918808064,0.06341593348239785,0.00896836732013571
PRO   8,18.472060000000003,0.01265133984909476,0.0017891696396780995,-2.9168600000000002,0.08026880091292404,0.011351722688648305,2.7793200000000002,0.6739645521835699,0.0953129810256714,-4.54856,0.7611828468902815,0.10764751055179991,0.6746173920000001,0.0077843449901736,0.0011008726259294562,14.460577392,0.032110259205930004,0.004541076406034174
ARG   9,12.777420000000005,0.7832083015391991,0.11076238021999318,-3.1508399999999988,1.4203338390674254,0.20086553783065977,-220.55935999999997,8.373163045731872,1.1841440739235225,6.10066,6.378214623576098,0.9020157624387722,0.87613272,0.08164104095105137,0.01154578673592341,-203.95598728000002,1.365672028539203,0.19313519045137173
GLU  10,16.49844,0.014109798014724124,0.001995426771476783,-0.9771800000000003,0.02709220552112704,0.0038314164482577103,1.6856599999999997,0.8728359206632149,0.12343763967283253,-78.65644,0.870252541737322,0.12307229472145788,1.018012176,0.003859489356621151,0.0005458142191968243,-60.431507824,0.03510903019805054,0.004965166666784962
PRO  11,18.238979999999998,0.018843025236242303,0.0026648061845232357,-4.6546199999999995,0.027601369531216405,0.0039034231131117756,3.074240000000001,0.05367180265274789,0.007590339122852832,-7.091480000000001,0.058412067246372906,0.00826071377060698,0.5618807999999998,0.00595583112185432,0.0008422817147730145,10.129000799999998,0.026807509776354148,0.003791154389916937
ARG  12,11.889120000000002,0.015254691082176997,0.0021573391018226613,-4.143980000000002,0.03975096979933021,0.005621636060769609,-196.92246,0.8976356545981246,0.12694485168023187,-4.2766,0.8847972649143948,0.12512922919925573,0.9421518239999996,0.011254835318633222,0.0015916740749886817,-192.51176817599998,0.073215607648142,0.010354250531338972
ARG  13,11.985719999999997,0.02016238081564214,0.002851391239921222,-4.62268,0.039606282329864254,0.005601174162607189,-151.48744,0.5196578936222145,0.07349072409547708,-54.34798000000001,0.5053091920794144,0.0714615112630499,1.366105248,0.00572045620590706,0.0008089946749355102,-197.10627475199996,0.01752099860008502,0.0024778433846560245
ILE  14,13.45336,0.04070614695483237,0.00575671850954762,-5.8879800000000015,0.025073085170380763,0.00354586970984882,-18.41978,0.04679755976505866,0.0066181743705711425,2.1103600000000005,0.05592700957496079,0.00790927354438795,0.011150064,0.0009196278912168808,0.0001300550236095482,-8.732889936,0.06026178829562238,0.00852230383005254
VAL  15,10.99204,0.029658024209625322,0.004194278007044173,-3.0316800000000006,0.03442408459197825,0.004868300730225433,-23.884400000000007,0.06099672122109575,0.008626239041116437,-4.64178,0.06652436846749675,0.009407966411503897,0.520108416,0.005295410043842458,0.000748884070232871,-20.045711583999996,0.028572390343235957,0.004040746193282234
ILE  16,13.84272,0.1467101959645655,0.020747954887150304,-5.539419999999999,0.06651679186494709,0.009406894918095654,-13.868680000000001,0.05814101478225495,0.008222381163519955,-0.026760000000000003,0.05302699689780669,0.007499149818479426,0.017154000000000006,0.0030202173770773094,0.0004271232375977627,-5.574986,0.16287919454920805,0.023034596595989592
HIE  17,29.9371,0.04045899158710248,0.005721765462241927,-4.458640000000001,0.030057784349319053,0.004250812628169276,-7.332319999999999,0.06599346634343717,0.009332885513090123,-13.567160000000003,0.05174953526283104,0.007318489461520038,1.114304832,0.0046316946164155805,0.0006550205343305364,5.693284832,0.033974174254868886,0.004804673800166242
ARG  18,15.809799999999997,0.09499684205315627,0.013434582241418837,-8.343199999999998,0.0570224517188081,0.008064192458050342,-193.66755999999998,1.1778347958899182,0.16657099425824684,-13.232619999999999,1.095432095385219,0.15491749259525545,0.25631438399999995,0.0047602293013446605,0.0006731980837967422,-199.17726561599997,0.16862779020981208,0.023847570790772127
GLY  19,5.760039999999999,0.055486920981473155,0.007847035618632358,-2.8538799999999998,0.019420236867805776,0.002746436236294892,-12.853419999999998,0.10857165191739422,0.015354350263082975,-2.4497599999999995,0.06560626799326306,0.009278127397275652,0.223388208,0.0028007981528025464,0.00039609267331628734,-12.173631791999998,0.0485795767646934,0.006870189631497429
SER  20,11.948960000000001,0.025015962903034844,0.00353779140132941,-1.0367000000000004,0.020128835038296565,0.002846647150592976,-10.421100000000001,0.12320085226981027,0.017423231617588977,-9.906879999999996,0.10214766566139677,0.01444586141430998,0.9086283360000001,0.006758842127696718,0.0009558446202927324,-8.507091663999999,0.03398626685510457,0.004806383952092008
THR  21,13.425260000000002,0.08699374920068616,0.012302773996129395,-1.1661399999999997,0.07763633427719727,0.010979435686774357,-33.019160000000014,0.25594244352870926,0.03619572748252106,-6.303180000000001,0.26294841243099626,0.037186521106438906,0.695628576,0.019326666375203472,0.0027332033703272814,-26.367591423999997,0.16743732357714697,0.023679213385025363
GLY  22,5.0182400000000005,0.01573475134853146,0.0022252298757661536,-2.4323600000000005,0.03832584506567759,0.0054200929881291215,-5.03562,0.4196017106733531,0.059340643002920745,-2.54564,0.1341586762009714,0.018972901939343433,0.2876839200000001,0.01708213334742321,0.0024157784654191623,-4.70769608,0.2905488038090989,0.04108980588781073
LEU  23,10.67098,0.24216106127934864,0.0342467457139917,-7.972999999999998,0.31716298649124064,0.04485361969786672,-32.99250000000001,0.1692503766588609,0.023935617810771578,0.4122999999999999,0.12045650667357113,0.017035122541384954,0.00011491200000000001,0.0003111831670511758,4.400794552259853e-05,-29.882105088,0.14144534770865197,0.02000339290641538
GLY  24,6.111059999999998,0.20085720400329832,0.028405498200180398,-3.50946,0.028611333418760414,0.004046253575838955,-13.073080000000006,1.182841034797066,0.16727898335414365,-0.9858400000000002,0.5391874390228314,0.07625261889273043,0.04629859200000001,0.006713308688741663,0.0009494052196015599,-11.411021408,0.47035290025728677,0.06651794506453745
PHE  25,9.177900000000001,0.09902408797848836,0.014004120822080478,-9.5436,0.17581751903614953,0.024864351992371247,-6.104820000000002,0.533101892324516,0.07539199262520918,-2.37564,0.3652946624302061,0.051660466587129895,0.0026553600000000007,0.002551104178821396,0.0003607806128715895,-8.843504639999997,0.29226607032599583,0.04133266404765121
ASN  26,17.61544,0.1474789693480826,0.02085667586168644,-7.1344,0.20985490225392534,0.02967796488979814,-85.84773999999999,1.1849543250273504,0.16757784772463355,-8.85416,0.38270533625756237,0.054122707692800046,0.24608260799999995,0.015377988964229955,0.0021747760555237785,-83.974777392,0.6556422447474578,0.0927218154586595
ILE  27,14.663239999999998,0.1142032503917665,0.016150778557112666,-8.567379999999998,0.0924694306245452,0.013077152289414983,-15.038220000000006,0.2610102135929047,0.03691241839809842,0.8488000000000001,0.1415466001004601,0.020017712156987156,0.0,0.0,0.0,-8.093559999999998,0.2680582891835914,0.03790916680699641
ILE  28,13.675900000000004,0.11464296751190776,0.016212963948603807,-7.47006,0.16159163468445054,0.022852508133678857,-14.93784,0.38322131255976344,0.054195677761243635,0.11756000000000004,0.3378814087812468,0.0477836470772167,0.014945040000000003,0.0069534071105322075,0.0009833602640416162,-8.59949496,0.23843471271111022,0.03371976044565846
GLY  29,5.350919999999999,0.14623978118149958,0.02068142819053504,-4.73568,0.19413237133457897,0.027454463243701144,-8.705140000000002,0.6045956999516016,0.08550274386240093,-0.7889200000000001,0.49541040925680996,0.07006161197117862,0.006364223999999998,0.004253854530026156,0.0006015858768725218,-8.872455776,0.20912249856418108,0.029574387366681297
GLY  30,6.3117399999999995,0.15642388692267903,0.02212167823651681,-3.4060200000000016,0.09987822385278888,0.014124913875835,-13.801680000000001,0.6257968501039874,0.08850103927074218,-1.7586800000000002,0.5645109189378006,0.07983389976695364,0.04654007999999999,0.01583916721629015,0.002239996509397283,-12.608099920000004,0.1421380550042598,0.020101356511635717
GLU  31,14.221179999999999,0.5607012641327043,0.07929513321762094,-3.24936,0.7995111696530562,0.11306795393921286,-12.100679999999997,7.8187711731192175,1.1057412234116992,-68.05078,8.138133322304272,1.1509058516803115,0.6024342240000001,0.13092023150041554,0.018514916697691296,-68.57720577600001,0.8182399341252174,0.11571660121151503
ASP  32,14.518380000000002,1.7172098752336415,0.24285014949964262,-0.9743999999999999,0.5850550401457972,0.0827392772508922,-12.578119999999998,9.661516267418902,1.3663447338472092,-71.84970000000001,9.728050442406202,1.3757540871100438,0.73507032,0.09901322043538058,0.01400258391939521,-70.14876968000003,1.1419926363699324,0.16150214744845645
GLY  33,5.86794,0.20969019147303877,0.029654671267778255,-1.0273599999999998,0.17561238680685431,0.024835341914296333,-8.690139999999998,0.6335759468288229,0.08960116967986963,-5.99832,0.65243940530903,0.09226886556146668,0.4728081599999999,0.032105749436511295,0.004540438628326662,-9.37507184,0.12623320148221376,0.01785207055579222
GLU  34,14.354280000000001,0.47446197065723533,0.06709905537337277,-3.1329000000000002,0.48497126719012723,0.0685852943421544,-17.526960000000003,14.583496891980325,2.062417909146445,-64.90249999999997,13.595957629016159,1.92275876724046,0.37442087999999996,0.14927910410760123,0.021111253360787487,-70.83365911999998,1.873721810932054,0.2649842797134387
GLY  35,4.663160000000001,0.09709425523679335,0.013731201258438807,-2.7823000000000007,0.1531338303576223,0.021656393974989023,-6.611200000000001,0.5798861957315208,0.08200829226364559,-3.0507799999999996,0.4869097366042297,0.0688594353157213,0.011593008000000002,0.004393085769790509,0.0006212761476305985,-7.769526992000001,0.2282833994238098,0.03228414795297862
ILE  36,12.780899999999997,0.17382672406749605,0.02458281106791386,-7.272620000000001,0.1523074377697467,0.021539524414427195,-11.846840000000002,0.243135382863079,0.034384535593774135,-0.9531000000000003,0.20162899097103903,0.02851464535988457,0.0,0.0,0.0,-7.29166,0.18902048672034605,0.026731533588627687
PHE  37,9.098839999999997,0.49662276870883487,0.0702330654891311,-9.61504,0.18718877744136686,0.026472490778161988,-11.77786,0.28041476494652356,0.03965663636770372,0.9305399999999999,0.18636235778718901,0.02635561738984699,0.01373688,0.005696950532486661,0.0008056704707211261,-11.349783120000001,0.3790018028881947,0.053598948980833935
ILE  38,12.37726,0.057533923905976996,0.00813652554843743,-8.646920000000001,0.12543234670515865,0.017738812587071957,-12.745680000000002,0.5026903794583196,0.0710911552304433,-0.07902,0.10867115348610229,0.01536842190987741,0.0,0.0,0.0,-9.094360000000002,0.49101754591863217,0.06944036728012835
SER  39,11.665439999999998,0.20975263144967557,0.029663501613957657,-5.1404,0.15825511050200117,0.022380652358678286,-14.22904,0.7929985866317896,0.11214693561573726,-2.0221599999999995,0.3083014343138893,0.043600406970578015,0.0768672,0.015888030380635604,0.002246906804369064,-9.649292800000001,0.48732056489065273,0.0689175352091679
PHE  40,8.46244,0.06182949457975234,0.008744010978935953,-4.383820000000001,0.08722011006639108,0.012334786256756436,-4.87142,0.125628514279198,0.017766554871442384,-3.1966799999999993,0.07963100903547007,0.011261525296341625,0.7358916959999999,0.011273119963544525,0.0015942599142703558,-3.2535883040000004,0.11736669891357304,0.016598157737453458
ILE  41,13.3861,0.03207257395337905,0.004535746906508272,-6.79036,0.038278850557417594,0.005413446961035287,-8.088459999999996,0.0729622395494129,0.010318418871189434,-1.9560599999999997,0.09029604864002583,0.012769789661542519,0.3100033439999999,0.00422500478259126,0.0005975059064631749,-3.1387766560000006,0.06826545241955766,0.009654192865327364
LEU  42,12.77842,0.016635011271274237,0.0023525458550065327,-3.8636599999999994,0.04686090481418305,0.0066271327133292325,-29.72742,0.0574512280124758,0.008124830583023235,-3.3810999999999996,0.043252861177054576,0.006116878288803129,0.6928073280000002,0.010393800952922513,0.0014699054272229418,-23.500952671999997,0.06513393386656448,0.009211329264480773
ALA  43,7.767499999999999,0.017316177407813313,0.002448877293858817,-1.7853000000000003,0.010396634070692981,0.0014703060905804212,-4.215399999999999,0.03388155840593887,0.004791575941201489,-2.29738,0.035684108507830735,0.005046495021296737,0.69504336,0.005516140995442708,0.0007801001407717303,0.16446336000000003,0.019671431800496277,0.0027819605643559227
GLY  44,5.4194,0.018083141319987353,0.0025573423705035426,-1.7279399999999998,0.014318393764658568,0.0020249266653378506,-12.41578,0.04655374957968989,0.006583694403491822,-0.9494800000000003,0.030947852914205046,0.004376687331759649,0.35121945600000004,0.0024788295015248036,0.00035055942998669156,-9.322580544,0.02548568314396318,0.003604219874853611
GLY  45,5.957640000000002,0.02572139965032232,0.0036375552228704406,-1.5342600000000002,0.030808317058851325,0.004356953981851793,0.12123999999999999,0.2567989532688948,0.03631685625160856,-4.258000000000001,0.16140817823145245,0.02282656347328538,0.046184976,0.004116931313226423,0.0005822220098523283,0.3328049759999998,0.08917878775357885,0.012611785111710287
PRO  46,19.49948,0.04520762767644286,0.006393324018273878,-5.689639999999998,0.11149094313005029,0.015767200385628455,-12.260740000000006,0.6214394519177803,0.08788481010958277,-2.8379399999999997,0.12248092259614599,0.017321418186743893,0.20746699199999996,0.013050617041103498,0.0018456359616865997,-1.081373008,0.5169973870569508,0.07311447164873922
ALA  47,9.35956,0.03336534729341013,0.004718572665562905,-5.829300000000001,0.04031141277601082,0.005700894666625456,-5.033980000000001,0.1683123869475852,0.02380296603366633,-3.1347799999999997,0.10658973496545032,0.015074064879789354,0.0,0.0,0.0,-4.6385,0.088859945982443,0.01256669407601115
ASP  48,17.06624,0.03564466860546253,0.005040917376813958,-5.017199999999999,0.032540436383094264,0.004601912645851081,-4.175960000000001,0.77340664491585,0.10937621664694676,-77.51947999999999,0.7632362213620463,0.10793790155445995,0.494429904,0.003297051525055051,0.00046627349825757497,-69.15197009599999,0.024076282339931514,0.0034049005016654984
LEU  49,12.215020000000003,0.029386724892273,0.0041559104896379505,-2.6890599999999996,0.022017638383855297,0.0031137642813874595,-27.119320000000005,0.09098075400705719,0.012866621623171058,-6.799300000000001,0.06300991985401144,0.008910948322158474,1.0412052479999998,0.0056012728180520185,0.000792139598584093,-23.351454752000006,0.049159547763322146,0.0069522099167018125
SER  50,11.33992,0.08746767174238183,0.012369796764727431,-2.690740000000001,0.12317935054220037,0.017420190814108942,-11.066439999999998,0.4369123097373608,0.061788731399833006,-8.004879999999996,0.3149201575004013,0.04453643578017387,0.3547586880000001,0.007789106016596161,0.0011015459367432164,-10.067381311999998,0.10631536256464423,0.015035262762753271
GLY  51,5.852359999999999,0.061280587464625766,0.008666383790266444,-1.9695599999999993,0.03462089542461669,0.004896133985099355,-11.945120000000001,0.05842658299066092,0.008262766606850986,-2.72242,0.048902388489712505,0.006915842103458936,0.38319076799999996,0.010403687919916135,0.001471303655504253,-10.401549232000002,0.03438642527102937,0.004862974897981867
GLU  52,14.37268,0.04728570185620408,0.006687208087137444,-3.6470200000000004,0.06728521085644208,0.00951556577403138,-14.850520000000003,0.6968297708909135,0.09854661126592663,-64.1551,0.691956653265495,0.09785744836223602,0.45771696,0.010238384202522422,0.0014479261795993653,-67.82224303999999,0.10213912075464014,0.014444652982007537
LEU  53,10.454680000000003,0.06130984912691756,0.008670522014233507,-6.9232,0.049925945158770045,0.007060594875782796,-21.0371,0.10312579696652344,0.014584190070059162,-3.269400000000001,0.1301174853737705,0.018401391251746904,0.05137775999999998,0.003413423639222503,0.00048273100047133903,-20.72364224,0.06597386994373831,0.009330114163667342
ARG  54,11.939420000000002,0.052860227014173346,0.00747556499535646,-7.122679999999999,0.10576680764781834,0.014957685382445109,-171.0258,1.4032583368715303,0.19845069715168315,-27.290699999999994,1.40872532808941,0.19922384646425317,0.9169142399999997,0.008690519541881684,0.0012290250600197495,-192.58284575999997,0.06971306029611044,0.009858915534529271
LYS  55,9.898779999999999,0.048901243338650216,0.00691568015464261,-6.3818600000000005,0.07106504344604724,0.010050114825203323,-26.028620000000004,1.6252721112478103,0.2298481862273407,-15.003619999999996,1.5916287241691196,0.2250902927982555,0.5924761920000001,0.006425808563450325,0.0009087465619644625,-36.922843808,0.07984669712923738,0.011292028199086437
GLY  56,7.04366,0.038616892676677436,0.005461253336006348,-5.1746799999999995,0.14393115576551557,0.02035493925316266,-18.16154,0.42438276166696204,0.060016785718676656,-0.54374,0.3566859576714509,0.050443011884700156,0.0,0.0,0.0,-16.83629999999999,0.11434793395710355,0.01617123990314788
ASP  57,14.366,0.03604164258172533,0.005097057974927962,-8.58606,0.1205355399871255,0.01704629953977574,-28.52074,1.9469865105848818,0.27534547290266076,-44.422639999999994,1.964715895594216,0.2778527865759342,0.06386126400000004,0.0024843689006061264,0.00035134281931751193,-67.099578736,0.1552924951733581,0.021961675280892143
GLN  58,21.166299999999996,0.07813174770926706,0.011049497726235848,-8.60118,0.18340672724853874,0.025937628110534655,-88.61755999999995,0.7121182250225547,0.10070872518399523,2.8538000000000006,0.6226425941099711,0.08805496011014874,0.14445216000000005,0.010796486884611427,0.0015268538178200724,-73.05418784,0.26396199844455537,0.0373298638151396
ILE  59,13.28612,0.35416028235811803,0.05008582745647353,-8.05844,0.12393839760140685,0.01752753627866986,-6.853900000000002,0.1723635982450228,0.024375893829753862,-2.2564599999999997,0.15121986774230572,0.021385718786143447,0.0,0.0,0.0,-3.88268,0.2776344676008369,0.039263442946333715
LEU  60,12.565160000000002,0.0631554779878425,0.008931533350856233,-7.26014,0.09957188559028955,0.014081591103284963,-30.315960000000004,0.11737034719135794,0.01659867368184573,-2.4942399999999996,0.12154317093116582,0.017188800074468602,0.17938007999999994,0.0063089105488688116,0.000892214686200896,-27.325799919999998,0.08292264017185953,0.011727032235882779
SER  61,10.661800000000001,0.02811049625999313,0.003975424505592045,-5.818779999999999,0.07135216604988995,0.010090720093245147,-11.974079999999997,0.10515680482044115,0.014871417955288834,-3.31916,0.1146168155202515,0.016209265498475473,0.1469013119999999,0.002441409889117937,0.0003452674976502381,-10.303318688,0.018196007131137226,0.0025733040065891817
VAL  62,11.06614,0.032207458763047356,0.004554822499227376,-6.412679999999998,0.02442411922735118,0.0034540920660337516,-27.250320000000002,0.04664437371947747,0.00659651059224842,-0.8384599999999999,0.038993440474011744,0.005514505236193537,0.007760591999999999,0.0014261395415372294,0.00020168658814784978,-23.427559407999997,0.038596647071417564,0.005458390175052652
ASN  63,17.736620000000006,0.03334599825611781,0.004715836298467138,-2.88268,0.008429567011499902,0.0011921207992596002,-88.21608,0.039673084042858325,0.005610621351457786,-9.8672,0.033608927385163766,0.004753020092491112,0.5922678239999999,0.003017652225578015,0.00042676047039377833,-82.63707217599999,0.06892904833498588,0.009748039499680764
GLY  64,6.293779999999997,0.008976168449687225,0.0012694219159693151,-1.13372,0.012069863296632325,0.0017069364370086667,-5.288839999999999,0.03104085050381672,0.004389839177009332,-6.382120000000001,0.03350918679976489,0.004738914643632099,0.5247966239999998,0.004092037409165012,0.0005787014801779222,-5.986103376000001,0.018110754080123508,0.0025612474044914534
VAL  65,11.221820000000001,0.02078431139127828,0.0029393455054131357,-1.9878600000000008,0.07056855106913541,0.009979900199898967,-32.305600000000005,0.05773802906400756,0.008165390376701142,0.02214,0.049110491750745076,0.0069452723488715685,0.564933168,0.024039580450360042,0.003399710070665829,-22.484566832,0.0653571655762416,0.009242898995618485
ASP  66,16.7229,0.018695721433986005,0.0026439742810292375,-3.94364,0.03297620960626906,0.004663540286084364,-54.93386,1.5626671175904692,0.22099450311709135,-25.571260000000006,1.5224757313006885,0.21531058275893297,0.5358490560000001,0.010267663419102777,0.001452066886117725,-67.19001094400001,0.04570379510715189,0.00646349268924553
LEU  67,11.96234,0.031960356694726175,0.00451987698959635,-7.6485600000000025,0.12193705917379626,0.017244504283947328,-22.62266,0.22285525436940581,0.031516492317531966,-2.4794199999999993,0.20106557039931716,0.028434965658499664,0.009354096,0.0030668821322613585,0.00043372263056437295,-20.778945904,0.08963749286851083,0.012676655811176961
ARG  68,12.626139999999998,0.05836574680466213,0.008254163070918733,-4.35874,0.10427728611734406,0.014747035227460762,-188.94590000000005,1.4048765817578763,0.1986795515382343,-23.584339999999994,1.399068141442849,0.19785811403125966,0.9784913759999999,0.01015648405719805,0.00143634374997156,-203.28434862400002,0.05158426193459844,0.00729511628329153
ASN  69,17.35268,0.022654306433288994,0.003203802740411335,-1.2810400000000004,0.0982561875914127,0.013895523307885085,-84.0178,0.5369606317044492,0.07593770078168566,-17.52902,0.5525846356894313,0.07814726861509895,1.0061388000000002,0.021109184277390575,0.0029852894695718652,-84.46904119999999,0.048444773353985414,0.00685112555032969
ALA  70,7.583939999999999,0.0683187851179519,0.009661735247866074,-3.58152,0.1164766483034275,0.016472285573046832,-1.0226999999999997,0.31278646070442456,0.04423468548548763,-5.924800000000001,0.283853906085465,0.04014300437186434,0.15744887999999999,0.0123340341990122,0.0017442958443016625,-2.78763112,0.12125449017840431,0.01714797445089346
SER  71,11.14288,0.08969696538909419,0.01268506649569671,-3.3739399999999993,0.18035425251434,0.02550594299374415,-12.25992,0.7697130332792721,0.108853861079888,-2.6134999999999997,0.6770596207129779,0.0957506898147477,0.4982938560000001,0.029346598636269504,0.004150235780093211,-6.606186144000003,0.290975620740352,0.041150166917093584
PHE  72,11.351040000000001,0.20977988082733123,0.029667355257902345,-9.465760000000001,0.22992742855078202,0.03251664878180867,-10.394839999999999,0.5337903093912492,0.0754893495004435,0.9957,0.5386363244342144,0.07617467952016604,0.03976545599999999,0.015838674522069853,0.0022399268319124384,-7.474094544000001,0.35518461090949527,0.0502306893894419
GLU  73,16.410380000000004,0.10993396017572356,0.015547009744589196,-2.6649399999999996,0.16198054327605302,0.022907508114155622,-48.328660000000006,5.452186055556004,0.7710555464348771,-32.65296000000001,5.168276114760038,0.7309046175582572,0.5935777919999999,0.026311457038635497,0.0037210019389835353,-66.642602208,0.2677978662069761,0.03787233743644811
GLN  74,19.52468,0.029233159255888163,0.004134193029068961,-4.798579999999999,0.15574916885815068,0.0220262586927534,-73.82417999999998,0.4975238965152488,0.07036050420565731,-9.9597,0.5210263429040668,0.0736842520488586,0.7648352639999999,0.029569422475238076,0.00418174782960215,-68.292944736,0.12472316833036945,0.017638519619495096
ALA  75,9.252479999999998,0.05614667933223873,0.007940339539386516,-5.947420000000001,0.0928388043868798,0.013129389627842821,-8.218,0.17566183421556222,0.02484233483389823,0.5302399999999999,0.17282610450970676,0.02444130209297372,0.0,0.0,0.0,-4.382700000000001,0.05232676179544826,0.007400121620618925
ALA  76,9.460080000000001,0.027084194652182366,0.0038302835403069154,-5.352479999999998,0.06559915853137425,0.00927712196753322,-6.052440000000001,0.1508782502549227,0.021337406777763357,-0.3412399999999999,0.14153509246826435,0.020016084732034953,0.008492832000000002,0.006252897552893055,0.0008842932523430895,-2.2775871679999993,0.06050768636240005,0.008557079068152371
ILE  77,14.173299999999994,0.018628204429539375,0.002634425934691315,-3.1081000000000008,0.10122988689116265,0.01431606789589766,-15.22166,0.0791412938992909,0.011192269117613226,0.31028,0.08007372602795529,0.011324134933848186,0.6786995039999999,0.013971680547757026,0.0019758940119782337,-3.1674804959999996,0.07077688107547349,0.010009362511940225
ALA  78,9.246780000000001,0.02726777585319298,0.0038562458427335105,-5.00896,0.035488003606830944,0.005018761600232563,-4.008900000000001,0.06966383566811507,0.009851954120877889,-1.12974,0.06841690142062715,0.009675610988459399,0.12029227199999998,0.007229261934085713,0.0010223720273131566,-0.7805277279999998,0.03271239572687853,0.0046262313694667295
LEU  79,13.078040000000001,0.055363511449091615,0.007829582875190349,-9.083680000000001,0.1100909514900437,0.01556921166917783,-23.682799999999997,0.15267337685490823,0.02159127601615098,-1.3791399999999998,0.15730060521180586,0.02224566492600318,0.0,0.0,0.0,-21.06758,0.08114803509588701,0.01147606517925313
LYS  80,11.505400000000002,0.06695789721882174,0.009469276635484145,-5.982520000000001,0.2820331356418773,0.039885508546335366,-13.5075,4.590097947756663,0.6491378770338382,-28.716320000000007,4.567299234514856,0.6459136520867164,0.612808704,0.06604126380525734,0.009339645094965432,-36.088131296,0.3303096288155301,0.046712835685334554
ASN  81,18.27886,0.039950474339967436,0.005649850263482027,-1.8202599999999998,0.07835095659914218,0.011080498544741262,-90.73598,0.24849358060405696,0.03514229918529092,-12.05452,0.28101546149634,0.03974158768846583,0.9027766079999996,0.00941364486786526,0.001331290424349893,-85.42912339200001,0.05024251705607316,0.007105364902846021
ALA  82,8.271700000000001,0.03629338782729002,0.005132660128982014,-3.6279999999999997,0.042111756078355635,0.005955501658135816,-4.40326,0.09732375044149641,0.013763656781537872,-2.33584,0.05414623163248154,0.007657433512605049,0.062599824,0.0025374859762024534,0.0003588547081877042,-2.0328001760000003,0.08031965282718218,0.011358914235329953
GLY  83,5.20064,0.024844927047647427,0.003513603278695313,-1.6996399999999996,0.013291741797192821,0.0018797361517151423,-9.34712,0.051480730375512936,0.007280474709792295,-4.1699399999999995,0.049851142414162844,0.007050016170190173,0.293520528,0.002651745752445144,0.00037501348070731705,-9.722539472,0.018068667988909284,0.0025552955323932106
GLN  84,19.714259999999996,0.026218932092488437,0.0037079169356136338,-3.0698600000000003,0.029307343789580872,0.0041446843064356165,-72.76700000000001,0.04673842100023481,0.006609810886243554,-15.474960000000001,0.04919591852894702,0.006957353519703872,1.0666998719999996,0.0073854259708717295,0.0010444569571909283,-70.53086012800001,0.02711410771620048,0.00383451388638957
THR  85,15.5874,0.05147698514932504,0.007279945054825388,-3.8632800000000005,0.025431508016642367,0.0035965583548735725,-31.303640000000005,0.07089929759548991,0.0100266748222268,-5.74326,0.0442835454768135,0.006262639060327538,0.4469624640000001,0.004220710166847749,0.0005968985560802096,-24.875817536000003,0.040847067138530285,0.00577664763304739
VAL  86,11.64028,0.026994103060434548,0.003817542665216361,-6.29342,0.0752590433104473,0.010643235974085872,-30.30341999999999,0.0652938251364465,0.009233941304717995,-0.19444000000000003,0.04664639750291542,0.006596796798446945,0.0,0.0,0.0,-25.151000000000007,0.06016743304714009,0.008508959982844067
THR  87,14.933759999999998,0.02231731166665938,0.0031561444834696997,-4.615340000000001,0.022459394470730424,0.0031762380263194267,-33.64428,0.062039032875074646,0.008773644168844087,-5.54976,0.04862244749082058,0.006876252467729212,0.33922713600000004,0.0034873020359966144,0.0004931789835397719,-28.536392863999996,0.018102968490473208,0.0025601463558440007
ILE  88,12.750139999999996,0.037454511077588806,0.005296867753797942,-7.2191600000000005,0.06370160437533598,0.009008767285252543,-13.714799999999995,0.048712216128087314,0.006888947670159049,0.7477199999999999,0.046102078044271244,0.006519818402379128,0.0,0.0,0.0,-7.436099999999999,0.03739532056297002,0.005288496950944168
ILE  89,13.296319999999998,0.04011355880580641,0.0056729138898222115,-5.627840000000003,0.025774685254552905,0.0036450909452886548,-15.417220000000002,0.06556013727734811,0.009271603528866761,-0.4960000000000001,0.059731733609530005,0.008447342777465415,0.3427316639999999,0.004569114529097063,0.0006461703735085024,-7.902008335999998,0.09748045074956978,0.013785817551628412
ALA  90,6.995240000000001,0.021947719699364973,0.0031038762862005092,-5.211540000000001,0.04705240057618765,0.00665421430370562,-8.686619999999998,0.10821679906565514,0.015304166491525356,0.3022400000000001,0.09150269067082092,0.012940434614030502,0.013600655999999997,0.0012364096014121104,0.0001748547226965319,-6.587079344000001,0.03306204205504601,0.00467567882739957
GLN  91,18.296020000000002,0.09236135338910369,0.013061867860200466,-7.546799999999998,0.0551111603944149,0.007793895046790052,-83.11406000000001,0.48021005445186304,0.06791195717937472,-1.2464199999999999,0.5062897229847749,0.0716001792735186,0.29078956799999994,0.004149252781963766,0.0005867929557967453,-73.320470432,0.12491756735712947,0.01766601179351071
TYR  92,10.772839999999997,0.03914606493710618,0.0055360895947593435,-9.896079999999998,0.14540437957652247,0.020563284562556353,-20.451799999999995,2.64744024295171,0.374404589715463,-2.5449600000000006,1.5029979236179924,0.2125560047799166,0.12085084800000007,0.008439862647844344,0.0011935768221147571,-21.999149151999994,1.260741197252488,0.1782957299796962
LYS  93,12.59778,0.04404783309070602,0.006229304295002285,-6.7841200000000015,0.18053461053208159,0.025531449469221437,-13.75658,3.889374844830463,0.5500406654711992,-13.19056,3.7101054494987076,0.52468814445154,0.4761756,0.03632113704872049,0.00513658446151124,-20.657304399999994,0.30030121156731127,0.042469004619556376
PRO  94,19.996320000000004,0.2422643547859798,0.03426135362178998,-8.954039999999999,0.06599271474948626,0.009332779221654245,-12.339959999999998,0.7933286824513704,0.11219361821423064,-0.07461999999999995,0.5781477627734972,0.08176244071699425,0.0018522719999999988,0.000841444146937874,0.00011899817245790008,-1.3704477279999994,0.1048121012071294,0.014822669502794384
GLU  95,16.31704,0.14962913620059443,0.021160755374105167,-3.3498799999999993,0.2610193586690578,0.03691371170717088,-33.85386,15.644004230388083,2.21239629524369,-49.92041999999999,14.499006399184784,2.0504691490661413,0.614049696,0.08958767251606138,0.012669610149365337,-70.193070304,1.0961133189385657,0.15501383215407055
GLU  96,15.420659999999998,0.24203988183786543,0.034229608353029066,-5.699340000000001,0.6315699996041414,0.0893174859028147,-10.468299999999997,6.438198720915662,0.9104987948372042,-67.43886000000002,5.178536040272178,0.7323555901390778,0.46784678399999985,0.04839600918191322,0.006844229254979451,-67.71799321599998,1.3093860428710025,0.18517515002102106
TYR  97,12.534000000000006,0.3486429692391051,0.04930556155239682,-9.909519999999995,0.13760366855613942,0.01946009743043846,-26.25618,0.33431223070643706,0.04727888907322463,-3.2054599999999995,0.3178248077164602,0.04494721535312391,0.06833404800000001,0.006801931473757609,0.0009619383740520425,-26.768825952,0.4597853832725036,0.06502347248048862
SER  98,11.7367,0.07825043130848122,0.01106628212179984,-5.049880000000001,0.154109394911526,0.02179435963729913,-2.3880600000000003,0.3860857112093096,0.05460076490306678,-8.486260000000001,0.39669256660537827,0.05610080077859183,0.22850870400000006,0.012336760738814406,0.0017446814352583256,-3.958991296,0.1525672392668895,0.021576265894505616
ARG  99,12.625079999999995,0.995291190355943,0.14075542999118365,-3.37124,0.24590270921646945,0.03477589463982186,-212.60224000000002,13.812463442210351,1.9533773129756442,1.67964,11.510664341835357,1.6278537624147937,1.2516353280000003,0.17552026432704476,0.024822313828261725,-200.41712467200006,1.8732736692491765,0.26492090290885967
PHE 100,10.562619999999997,0.09965036678345565,0.014092690020061636,-5.969139999999999,0.25174622221598175,0.03560229217340324,-13.089139999999997,0.6573847278421001,0.0929682397811244,-4.171819999999999,0.6505570440783839,0.09200265948330019,0.15524323199999995,0.027802650346623305,0.0039318885190111705,-12.512236768000003,0.22129786017244324,0.0312962435180014
GLU 101,16.59172,0.0850804419356887,0.012032191487814758,-3.100339999999999,0.08768845077891863,0.012401019635503231,-43.347440000000006,1.9557443305298225,0.2765840156769564,-40.992000000000004,1.9313830692017506,0.273138813060289,0.32617641599999997,0.011389595413909506,0.0016107320304293228,-70.521883584,0.13091226438626918,0.01851378997760342
ALA 102,8.006359999999999,0.0166622447465007,0.0023563972500081146,-1.9533800000000006,0.09318946077748076,0.013178979930174887,3.8340400000000003,0.333881174072463,0.04721792845943293,-6.759140000000001,0.36595376811832037,0.05175367820744674,0.6225193440000001,0.009295064753909564,0.001314520663811504,3.750399343999999,0.16497379852372984,0.023330818330846523
ASN 103,17.952360000000002,0.39527320981816927,0.0559000734167601,-2.2089599999999994,0.29573541958988014,0.04182330412581064,-90.12114000000001,3.3197419358139566,0.469482406920681,-8.249999999999998,2.0568929189435234,0.2908885862319114,0.8665989119999997,0.030164112813592815,0.004265849743793502,-81.76114108799999,0.6155891084253192,0.0870574465984248
SER 104,11.179860000000001,0.02530376256562757,0.003578492419937913,-4.312379999999998,0.07514676040932763,0.010627356773927269,-7.094380000000004,0.2017963220674768,0.028538309550483476,-5.125800000000002,0.20280039447688256,0.028680306832382103,0.160721712,0.00304457623985142,0.00043056810100767595,-5.191978287999999,0.07262314926579996,0.010270464263394
ARG 105,12.201160000000007,0.05868811123070145,0.008299752285251875,-4.026620000000001,0.06784243214965262,0.009594368765041522,-177.69136000000003,1.621709206479176,0.22934431540281605,-27.998999999999995,1.5753771357995785,0.2227919711300245,0.9478382399999994,0.006311338149406579,0.0008925580007613494,-196.56798175999992,0.06709131787076077,0.009488145165031428
VAL 106,10.7454,0.04082303271439494,0.0057732486521897865,-4.86216,0.08032418315796176,0.011359554920853006,-30.84859999999999,0.3046107023738612,0.04307845865411088,-3.9524,0.22353201113039242,0.03161220017651346,0.28050091199999994,0.008870358881593503,0.0012544581833466171,-28.637259088,0.1983757777473904,0.02805457153366703
ASN 107,21.9582,0.035365519931566315,0.005001439792759709,-3.2640600000000006,0.04055880175742006,0.005735880751894518,-84.72338000000003,0.31335474400802543,0.04431505288100989,-14.519179999999997,0.3016888920726901,0.042665252278651124,0.42996355199999997,0.006807670836060931,0.0009627500424529155,-80.118456448,0.054660869123866807,0.00773021424460732
SER 108,12.330980000000006,0.010265456630382185,0.0014517547990639298,-1.1232800000000003,0.00926723259659203,0.0013105846023766482,-4.801900000000002,0.19232506336923935,0.027198871300104323,-14.4346,0.18175896126450286,0.0257045988103106,0.94874904,0.0033740021244893395,0.00047715595639284594,-7.080050959999999,0.01871758751433497,0.0026470666117677823
SER 109,11.105440000000003,0.025085581514642314,0.0035476369598022965,-3.9673600000000007,0.019948694192720592,0.002821171387897886,-19.954180000000004,0.1362162530680645,0.019263887250450255,0.12876,0.15624091141567242,0.022095801592157727,0.025991424000000013,0.0014612409064294876,0.0002066506707766936,-12.661348575999998,0.03383490980247684,0.004784978832433312
GLY 110,5.7208,0.022292599668778904,0.003152649679214109,-3.477059999999999,0.07754493149140457,0.010966509380843686,-3.080159999999999,0.42652748375691524,0.060320095225389954,-1.1148000000000005,0.349894727025142,0.049482586836178774,0.03935131199999999,0.03385142711197058,0.004787314732743309,-1.9118686879999995,0.056935114918650345,0.008051841169322605
ARG 111,10.874659999999999,0.030645462960280766,0.004333922934363139,-5.2565,0.035750384613409,0.005055867878033742,-156.85234,0.8192447646410697,0.11585870570585549,-48.64637999999998,0.7935180877602636,0.11222040416989286,1.098794016,0.01142312146898003,0.001615473330606683,-198.78176598400006,0.04907403097310453,0.006940116016248176
ILE 112,12.711080000000003,0.06203316532250384,0.008772814371601729,-6.09752,0.1673387271375042,0.023665269742810913,-14.87894,0.13688643614350043,0.019358665449905693,-0.43123999999999996,0.17314924891549477,0.024487001613100762,0.15600643199999997,0.006988641219735539,0.0009883431195509649,-8.540613568,0.07988648092003206,0.011297654476736882
VAL 113,10.75046,0.03225412221664827,0.004561421708122334,-2.8228200000000006,0.08503591946934745,0.012025895060241749,-29.29918,0.18365682018477322,0.025972996592762306,-2.2262399999999998,0.10633523592864823,0.015038073280843714,0.36842875200000014,0.0075072990452198715,0.001061692412654053,-23.229351248000004,0.23975782246208108,0.033906876421091574
THR 114,14.7134,0.039513541982559935,0.005588058696913493,-2.8418000000000005,0.10257095105337953,0.014505723008519622,-35.530620000000006,0.34357310080916226,0.048588573883089584,-0.86906,0.14194384946167996,0.020073891700415274,0.462457152,0.004914543711814857,0.0006950214370123982,-24.065622848000004,0.0925823519909181,0.01309312178219561
ASN 115,15.01308,0.19806714417092028,0.028010924154702257,-2.8819,0.14545270709065264,0.02057011910514822,-84.35418000000001,3.54585574263795,0.5014597281457112,-76.23382000000001,2.795349099415015,0.3953220607960132,1.0646032319999998,0.02724534399643769,0.0038530734991282563,-147.39221676799994,0.5037143541994383,0.07123596712708506
LYS 116,4.348,0.45734026719720083,0.06467768084896165,-1.0803600000000002,0.990967502191671,0.14014396814704508,-79.08606,16.67091849108503,2.357623902730886,-45.66515999999999,15.993826446926345,2.2618686275484725,1.5513168960000003,0.17324886528639324,0.024501089495376664,-119.93226310399996,1.7078479754047313,0.2415261769288803
ASN 117,18.47484,0.4870918336411155,0.06888518772564449,-1.4696999999999998,0.5059485843442996,0.07155193498431762,-79.0586,3.610025163347563,0.5105346546514271,-17.01274000000001,2.7849035660861974,0.3938448393060297,0.885266928,0.0939632857666592,0.013288415309634824,-78.18093307200003,1.2263063996826795,0.17342591420561668
TYR 118,9.660339999999998,0.23032391191540924,0.032572719996959786,-4.540140000000001,0.37677579593172755,0.05328414405805667,-15.139940000000001,0.7814169798512887,0.11050904907743159,-9.524919999999996,0.7642052038556701,0.10807493637287846,0.7081060319999999,0.06276186591433341,0.008875868197589199,-18.836553967999997,0.49950975045480794,0.07064134636307896
LYS 119,9.594299999999999,0.3946991385853847,0.05581888748444288,-3.23266,0.21431039265513094,0.03030806638503895,-19.01676,7.27024848147571,1.0281684004325347,-21.039239999999996,6.8108465099721816,0.963199150564412,0.9384835679999998,0.0681662809748695,0.009640167905119552,-32.755876431999994,0.7393823109700428,0.10456444919525958
GLN 120,18.74316,0.1751421548342476,0.02476884107098415,-4.0691799999999985,0.18146864081713635,0.025663541298900604,-74.95502000000002,0.8911583358738726,0.12602882048146685,-12.828420000000003,0.5620639853254278,0.07948785109686922,0.804046896,0.02528920733942395,0.0035764340001078563,-72.30541310400001,0.2973957703530181,0.042058113182563264
MET 121,10.519820000000003,0.11529209686677025,0.01630476470234191,-5.8862,0.14983470892954032,0.0211898277482381,-10.458319999999997,0.47466259342830525,0.06712742771774956,-2.575620000000001,0.31924810978296103,0.045148500661703825,0.5032903679999999,0.035898330333437166,0.005076790562409631,-7.8970296320000015,0.27975291942036823,0.03956303727577523
SER 122,12.341000000000001,0.8308199564285885,0.11749568502715338,-3.621599999999999,0.17251260823489561,0.024396967024614587,-7.154339999999999,1.8621607407525307,0.2633492974890958,-2.3320600000000002,1.7126608585473062,0.24220682139031494,0.5485813919999999,0.016008932317728194,0.002264004920284416,-0.21841860800000013,0.907553851234159,0.1283474964999282
VAL 123,8.79378,0.21623101442672615,0.03057968332079685,-7.6057,0.12327355758639112,0.017433513702065508,-76.35094000000002,2.4422063418959983,0.34538013308229043,-32.33936,2.9208491351659625,0.41307044605974297,0.08216395200000004,0.011623455364429826,0.0016438048218014967,-107.42005604800006,0.8407837574197956,0.11890477927660853


