#Frame       SA_00001
       1    5959.1794
       2    6027.7946
       3    6007.2390
       4    5877.6451
       5    5945.7322
       6    6082.7423
       7    5940.8492
       8    6112.1964
       9    5972.9607
      10    5925.8330
      11    5987.2244
      12    5907.4967
      13    6034.3026
      14    6009.7973
      15    6018.5406
      16    5953.6984
      17    5947.0557
      18    5921.5944
      19    6045.7467
      20    5858.5266
      21    5940.8985
      22    6000.2195
      23    6022.9313
      24    6081.3050
      25    6000.7221
      26    5946.5196
      27    6111.8253
      28    6037.6080
      29    6056.0971
      30    5965.4259
      31    5919.7076
      32    5951.7601
      33    5903.2101
      34    5948.9326
      35    6020.4540
      36    5974.1577
      37    5901.3803
      38    5983.1142
      39    5862.1119
      40    5891.5043
      41    5915.1850
      42    5940.4145
      43    5938.0754
      44    5979.6462
      45    5985.4214
      46    5944.4104
      47    6076.6807
      48    6043.7143
      49    5916.8741
      50    5883.1669
