| Run on Mon Jun 20 15:46:14 2016
| GB non-polar solvation energies calculated with gbsa=2
idecomp = 2: Per-residue decomp adding 1-4 interactions to EEL and VDW.
Energy Decomposition Analysis (All units kcal/mol): Generalized Born Solvent

Total Energy Decomposition:
Residue,Internal,,,van der Waals,,,Electrostatic,,,Polar Solvation,,,Non-Polar Solv.,,,TOTAL,,
,Avg.,Std. Dev.,Std. Err. of Mean,Avg.,Std. Dev.,Std. Err. of Mean,Avg.,Std. Dev.,Std. Err. of Mean,Avg.,Std. Dev.,Std. Err. of Mean,Avg.,Std. Dev.,Std. Err. of Mean,Avg.,Std. Dev.,Std. Err. of Mean
GLY   1,1.164,0.0027712812919417277,0.0003919183588214824,0.05619999999999999,0.025394487590813895,0.003591322876044427,-31.841220000000007,0.3729416731868629,0.05274191721949759,-83.16718000000003,0.3642722437877486,0.051515874756071244,1.0011034079999994,0.005708951511097996,0.0008073676653925161,-112.787096592,0.007450670791080047,0.001053683968152248
SER   2,11.24634,0.010047109038510613,0.0014208757864903015,-0.5273800000000001,0.016927953213543116,0.002393974101780989,-4.22648,0.10374319061991574,0.01467150271785421,-12.204320000000003,0.08104848918942091,0.011461987262152822,0.840363984,0.009635184546652508,0.0013626208661843638,-4.871476016000001,0.012102165854407081,0.001711504708539107
HIE   3,27.200939999999996,0.022451200416279706,0.0031750792120259237,-1.7784400000000005,0.02081457181875982,0.0029436249761078956,-5.115939999999999,0.14868240111057743,0.021026866813677512,-22.839000000000006,0.11078591968197288,0.015667495013422246,1.3178387519999994,0.006467019376422763,0.0009145746510266666,-1.2146012480000001,0.07518533576019676,0.01063281215236451
GLY   4,3.9226799999999997,0.009813134056256839,0.0013877867271743724,-2.10504,0.03354218836033678,0.004743581769086124,-5.96312,0.07640304705960509,0.010805022535832333,-5.528120000000001,0.08228162370778484,0.011636378818162891,0.17575992,0.003504153604852524,0.0004955621552621011,-9.497840079999998,0.04765715850257117,0.006739739989850041
GLY   5,5.680400000000001,0.012880993750506857,0.0018216476058809875,-4.0312600000000005,0.02177412225553929,0.003079325900255351,-8.3603,0.4654702675789259,0.06582743652915506,-2.5934399999999997,0.45343670605719893,0.06412563393838733,0.02498011200000001,0.002277159656821527,0.0003220390070365866,-9.279619888000003,0.029002441111773802,0.004101564556219754
SER   6,11.459980000000003,0.006540611587393667,0.0009249821613106741,-3.0781799999999997,0.025402118021953912,0.003592401981964924,-2.613059999999999,0.06311621344793514,0.0089259805063705,-6.1422,0.04592951121016584,0.006495413766658364,0.43957166400000003,0.003327659571385209,0.00047060212968136025,0.06611166399999992,0.01857541259577026,0.002626960041961432
PRO   7,18.87398,0.017884619089691963,0.002529267087451913,-3.503100000000001,0.018397010626515047,0.0026017301935139527,0.16793999999999992,0.15907952853840124,0.022497242675492485,-3.2112800000000004,0.1532395562509808,0.021671345874217183,0.609169968,0.013053518382006536,0.0018460462732520142,12.936709968,0.039975739952557085,0.005653423360680621
ARG   8,13.73248,0.018999199980795953,0.002686892628708028,-5.6643,0.04328152030600262,0.006120931301687542,-188.56401999999994,0.6890882814413211,0.09745179932866846,-19.67578,0.6379896641795636,0.09022536357365953,0.551954592,0.0058452120140834495,0.0008266378105262969,-199.61966540799997,0.11718474731962479,0.016572425896267756
VAL   9,10.748399999999998,0.015051910177832615,0.002128661551311251,-2.25812,0.040596374222352696,0.005741194300842469,-30.335560000000005,0.029982101324412872,0.004240109432142902,-2.74282,0.022500391107762432,0.003182035826329662,0.7256018879999999,0.0050772886793218576,0.0007180370510380351,-23.862498112000008,0.06970815290563896,0.009858221524713209
VAL  10,11.00092,0.029230011973891513,0.004133747936180534,-4.68504,0.043505843285705434,0.006152655361712308,-21.696899999999996,0.02335915238780101,0.0033034830112368056,-1.59572,0.0365283670590515,0.005165891210625323,0.06735283199999999,0.0033800187112765553,0.0004780068302562135,-16.909387168000002,0.03363572692566958,0.00475681011985598
ARG  11,11.975939999999998,0.04669835543195772,0.006604144759239389,-4.664859999999999,0.044418018866259526,0.006281656469440823,-189.42613999999995,0.7156857972689279,0.10121325608955192,-17.04288,0.670287091924103,0.09479290960826879,1.1268395999999996,0.01003470230307363,0.001419121209138326,-198.03110039999999,0.06715208694425089,0.009496739209821685
ILE  12,14.243939999999998,0.06604707714986063,0.009340467226043505,-7.34136,0.1544652401027533,0.02184468374685302,-14.026759999999998,0.16401762832108666,0.02319559544399502,-2.4927800000000007,0.12314370304646365,0.01741514949691539,0.012806783999999998,0.001454849068097435,0.00020574672833092512,-9.604153216000002,0.20755875893607523,0.029353241187672543
VAL  13,11.302059999999999,0.08299817106425562,0.011737713917123247,-3.0081800000000003,0.09581830514050883,0.013550754665331123,-20.761660000000003,0.1116162371689153,0.015784919638533196,-2.3119,0.07951710507808601,0.011245416844207575,0.6208159679999999,0.017862850888584917,0.0025261885989285083,-14.158864032000002,0.10567577700815188,0.014944811705924328
LYS  14,11.362339999999996,0.2857090555094166,0.04040536211942244,-6.532940000000001,0.40467292521243575,0.05722939391606198,-2.8405,7.092180269141501,1.0029857523414778,-36.374280000000006,7.102734124377697,1.004478292862513,0.62712,0.059961513994174515,0.008479838631098573,-33.75826000000001,0.2964671452284987,0.041926785758017684
SER  15,11.164219999999998,0.1611827894040592,0.02279468867963469,-2.22058,0.049568171239231566,0.007009998002855326,-18.588939999999997,0.5209740266079026,0.07367685340730175,-4.7263,0.5259500071299544,0.07438056332134076,0.3975274079999999,0.015811293377432756,0.0022360545533025304,-13.974072592,0.10962705563814376,0.015503606888649277
GLU  16,15.990320000000002,0.03641232758119789,0.005149480750290197,0.45214000000000004,0.04488073528809359,0.0063470944533698705,-34.49176,1.079788360004068,0.1527051343210355,-48.20866,1.085465238688023,0.1535079662037151,1.34864424,0.004351151344412844,0.0006153457243206569,-64.90931575999998,0.04171470557842329,0.005899350237940682
SER  17,10.3813,0.02885220962082999,0.004080318615020926,-1.3733199999999999,0.22444343964571623,0.03174109563326391,-8.355599999999997,0.9934304001791141,0.14049227452070343,-9.244079999999999,1.0186803785290248,0.1440631607039105,0.5197285440000001,0.05731018335042309,0.008104883855625708,-8.071971456000002,0.2749359869155744,0.038881820148043714
GLY  18,5.226699999999999,0.1304440493085515,0.018447574366301827,-2.7852599999999996,0.127592446484897,0.01804429682753047,-11.741660000000001,0.491570487722779,0.0695185650599911,-0.45065999999999995,0.26783253051113876,0.03787723970935582,0.12631118400000002,0.009999774768010181,0.0014141817097596268,-9.624568815999996,0.2719283296961732,0.03845647318497906
TYR  19,10.26628,0.131565655092531,0.01860619337743582,-10.20244,0.4445432784331352,0.06286791334219388,-32.99078,0.6317874417868644,0.08934823687119858,0.18047999999999997,0.3632594246540618,0.051372640500562165,0.02966112,0.007410753048698868,0.00104803874688677,-32.71679888,0.6572006395273309,0.09294220576198228
GLY  20,6.6647599999999985,0.338571975213566,0.04788130791864724,-3.4090999999999996,0.11533538052132507,0.01631088593547196,-15.3925,1.2088238788177368,0.1709535123944494,1.6514199999999994,0.5200198492365486,0.07354191234935392,0.015753167999999998,0.007410892869646421,0.0010480585205548034,-10.469666832000003,0.4500519450132394,0.06364695644101136
PHE  21,9.95194,0.2416866905727168,0.03417965956530057,-9.964999999999998,0.5427121520659434,0.07675108859163467,-6.189759999999999,0.6172841666526204,0.08729716403183096,-2.74334,0.3793340274744707,0.05364593263240047,0.000306288,0.000883994888817803,0.00012501575608346333,-8.945853712,0.6158223948405414,0.08709043827965726
ASN  22,20.32262,0.3784009984132312,0.05351398239715116,-8.30652,0.7981050116369376,0.11286909316548939,-93.26637999999997,2.4786990288464046,0.35054097836356046,-2.6869799999999997,1.307164358296233,0.18486095637532562,0.09519091199999996,0.04938084090067589,0.006983505492312388,-83.842069088,1.3933216005912494,0.19704543043035336
VAL  23,10.971820000000001,0.15385287647607312,0.02175808245225751,-7.5177200000000015,0.28362912685403174,0.04011121578810107,-23.084120000000002,0.7412559784581383,0.1048294257925638,0.08043999999999997,0.2946146065625396,0.041664797227395696,0.0,0.0,0.0,-19.54957999999999,0.4252550806282316,0.060140150249250915
ARG  24,12.220659999999999,0.29972851782906973,0.04238801349438564,-7.84716,0.4407478807663479,0.0623311630566969,-142.58731999999998,8.977478290567303,1.2696071554430308,-63.99722000000001,7.223116051372722,1.0215028682446101,0.8355162239999998,0.03756808688884268,0.0053129297990612175,-201.37552377599994,1.5113964060531306,0.21374372955622906
GLY  25,5.9127399999999986,0.18834413290574561,0.026635882714870617,-3.20606,0.17267928769833615,0.024420539060391253,-15.18556,0.6998496169892598,0.09897368199678273,-1.5769400000000002,0.2737728554842494,0.03871732852354349,0.120350304,0.00909015354433485,0.0012855418426452204,-13.935469696,0.4703423700050489,0.06651645586198446
GLN  26,19.69854,0.13862398205206883,0.019604391548820023,-8.275479999999998,0.2564989076000496,0.03627442338618735,-79.51808,0.20391418194319655,0.028837820166428343,-3.90108,0.1615110943557688,0.022841118011164886,0.28081065599999994,0.029053885901257584,0.004108839948119893,-71.71528934400003,0.2753482808628904,0.03894012731724158
VAL  27,12.110780000000002,0.18522260013275918,0.026194431316575666,-3.3124999999999996,0.3623751233183706,0.05124758140634625,-22.3794,0.3874219405248702,0.054789736265117406,-5.548599999999998,0.18084169873131883,0.025574878298842044,0.5055448320000001,0.04013948831656529,0.005676580876400303,-18.624175168,0.47089619126979343,0.06659477801635769
SER  28,11.17676,0.06673366766473314,0.009437565787836447,-2.64668,0.17843222130545544,0.02523412673345326,-16.3949,3.684986807303395,0.5211358320054392,-2.49208,2.911987505742427,0.41181722240819413,0.480733056,0.07301950280848525,0.010326517118950013,-9.876166944,0.9992768232973537,0.14131908360722203
GLU  29,14.606020000000001,0.1404239993731524,0.01985895243961831,-2.2746399999999993,0.07405261912993442,0.010472621830280256,-19.448139999999995,1.9685607840247392,0.2783965359123599,-60.06162000000001,1.5973180007748486,0.22589487801184688,0.935763696,0.028572178045819303,0.004040716169893645,-66.242616304,0.4005093893631579,0.05664058102951445
GLY  30,4.842959999999999,0.05180886410648835,0.0073268798270540465,-2.0473199999999996,0.09199118218612956,0.013009517746635868,-9.9367,0.22415746697348796,0.03170065299011058,-2.1406399999999994,0.22848857827034294,0.03231316462372654,0.22315896,0.005519411472975181,0.0007805626561399162,-9.058541040000001,0.05242921627284649,0.007414610871765167
GLY  31,5.34138,0.034453382997966235,0.004872444150535845,-1.72152,0.040703434744517104,0.0057563349450864346,0.6128,0.07124436819847499,0.010075475174898575,-11.468239999999998,0.08427848123938746,0.011918777118494818,0.4005025919999998,0.004834583300354856,0.0006837133271784317,-6.835077408,0.06239132678831478,0.008823466051848656
GLN  32,18.534199999999995,0.019152023394630378,0.002708505123157308,-1.9597600000000002,0.028315056065606112,0.004004353630733473,-67.14266,0.06224905137804597,0.00880334527036922,-14.76698,0.0722109382304527,0.010212168819719203,1.1492387999999998,0.009674923773510619,0.0013682408415424598,-64.18596120000001,0.01089989154863938,0.001541477445648169
LEU  33,11.900319999999999,0.010986245949704003,0.0015536898021637885,-3.1822200000000005,0.016944957952052465,0.002396378934963442,-23.124279999999995,0.024791966447829352,0.0035061135188418995,-0.5754599999999997,0.032654684196915154,0.004618069726628779,0.7806708000000002,0.006890130841103251,0.0009744116482013358,-14.200969200000005,0.027040242877097134,0.0038240678206653243
ARG  34,11.14308,0.013730025492940619,0.0019417188263844963,-3.84104,0.03387504095932981,0.004790654235062832,-134.20350000000005,0.8102021044078753,0.11457988043168396,-73.09873999999999,0.7964654119290986,0.11263721875112051,1.2265915679999997,0.0073315020823408895,0.0010368309677413073,-198.77360843199997,0.06630052921201271,0.009376310760414194
SER  35,10.422540000000001,0.02044721007751011,0.0028916721804306622,-3.31552,0.014435012989353742,0.0020414191142575856,-12.702440000000001,0.03523984108859614,0.004983666120336531,-7.4978,0.03713704350105224,0.005251971058562769,0.5804546399999999,0.003970719839646891,0.0005615445849612554,-12.512765360000003,0.02194290668091386,0.0031031956226035577
ILE  36,12.79242,0.06923874348934232,0.009791837008429975,-4.312679999999999,0.06525226126354608,0.00922806328544194,-7.008260000000002,0.33349931394227267,0.04716392528192846,-4.21008,0.20119004349123906,0.02845256881197431,0.23587473599999995,0.006035170545191158,0.0008535020036243962,-2.5027252640000004,0.13856116699388268,0.019595508158099215
ASN  37,19.7383,0.007242237223283724,0.0010242070103091108,-3.06486,0.053941453447250994,0.0076284735039219296,-81.71234,0.45493158210855045,0.06433704133697613,-17.403679999999994,0.46314254565980173,0.06549824693840921,0.6623127359999998,0.013097036591694474,0.001852200677487102,-81.78026726399999,0.05777983781237141,0.008171303026597342
GLY  38,6.054899999999999,0.05868636979756314,0.008299506009415657,-1.0201799999999996,0.060607487986230585,0.008571193149149172,-8.021419999999999,0.286401752089643,0.040503324209259006,-7.1868399999999975,0.20919745313949947,0.029584987544379014,0.5348076480000001,0.004437569373337739,0.0006275670791745706,-9.638732352000002,0.19386514284361575,0.027416671428083874
GLU  39,14.700120000000002,0.0618409702373102,0.0087456338819915,-2.585,0.45613432232183615,0.06450713448914014,7.204319999999999,4.066935310230545,0.5751515073022068,-85.55813999999998,3.4983516404733574,0.4947416335907588,0.7913941919999998,0.07521845692746648,0.010637496192759957,-65.44730580800001,0.24927324231163855,0.03525256000138341
LEU  40,11.161359999999997,0.047751339249430265,0.0067530591588022965,-3.13078,0.0889789390810926,0.012583522241405057,-19.17096,0.3020101958543358,0.042710691495215634,-11.399319999999998,0.2203207153221108,0.031158054368027086,0.9200661119999998,0.008348335011624531,0.0011806328596673562,-21.619633888000003,0.06269741026617523,0.008866752792409513
TYR  41,9.6604,0.6156504202873399,0.0870661174051052,-7.577400000000003,0.27962925454958953,0.0395455484220308,-35.60041999999999,3.758331843198559,0.5315083864550074,0.9728399999999999,2.1155552780298605,0.2991846966139812,0.16519147199999992,0.010502520210903924,0.0014852806521357868,-32.37938852800001,0.7596236613887992,0.10742700842355474
ALA  42,10.546799999999998,0.05701333177481955,0.008062902703202672,-4.064780000000001,0.029584651426037226,0.004183901528478237,7.2988800000000005,0.15354082714380754,0.021713952012475567,-2.02676,0.10383208752597183,0.01468407463887396,0.10955678399999998,0.003770198113806094,0.000533186530537804,11.863696783999996,0.06415231536271744,0.009072507444359086
PRO  43,19.435,0.0911254080935925,0.01288707880027415,-6.427199999999999,0.04609425126847635,0.006518711529131249,1.4704400000000002,0.10990398718882005,0.01554277092413082,-8.982139999999998,0.08250333569048311,0.011667733627450144,0.13251671999999998,0.008006945711618352,0.0011323531218555766,5.628616720000001,0.06906773240536687,0.009767652389002554
LEU  44,11.797579999999996,0.07172421906229028,0.010143336334850978,-8.090639999999999,0.027673640888529864,0.003913643826480156,-36.414579999999994,0.1049897309270327,0.014847790138691162,2.74842,0.09386034093268317,0.013273856711596308,0.05613292799999999,0.0032577894222335048,0.0004607209984278232,-29.903087071999998,0.08513602659583158,0.012040052345838154
GLN  45,20.229140000000005,0.07882233439781539,0.011147161432329784,-8.315819999999999,0.1306809381663422,0.018481075509848094,-81.28618000000002,0.3367870359702698,0.047628879390059095,0.8161600000000001,0.21520542372347365,0.030434642892598503,0.0,0.0,0.0,-68.5567,0.20512554692409465,0.029009133044925337
HIE  46,29.7525,0.102636689347606,0.014515019807245857,-10.06894,0.26797540260261066,0.03789744487430024,-12.574860000000003,0.6735543930522171,0.09525497576504238,-11.683259999999997,0.4877371755362532,0.06897645285169161,0.3281908319999999,0.04142262877273525,0.0058580443399548175,-4.246369168,0.17413440271894787,0.02462632340008744
VAL  47,11.426799999999998,0.07730536850743776,0.010932630058746843,-7.254559999999998,0.15552635275094326,0.021994747736680607,-34.01414,0.6655487663577239,0.09412280918037753,1.7775800000000002,0.16693988019643025,0.02360886426747313,5.0976e-05,0.00025032750592773455,3.540165539180335e-05,-28.064269023999994,0.7155518221408276,0.1011943091452339
SER  48,12.292019999999997,0.39021099369447854,0.05518416794698138,-4.83618,0.5693182129530033,0.08051375380641512,-15.434460000000003,1.6878805077374066,0.2387023505707426,-2.23732,0.6783232987300374,0.09592940087376753,0.13804703999999998,0.010809199985494077,0.0015286517217888785,-10.07789296,0.8371157855730185,0.11838604972339704
ALA  49,6.695539999999999,0.04588385772803003,0.006488957389297762,-3.9151200000000013,0.31344285858827386,0.0443275141644529,-0.21922000000000008,0.2836128551388317,0.04010891462006917,-3.419759999999999,0.1428930453171451,0.02020812826562999,0.1940914079999999,0.04214435069673712,0.005960111233273364,-0.664468592,0.18694759128859992,0.02643838190533203
VAL  50,10.775580000000001,0.0800120215965489,0.011315408609472843,-6.002440000000002,0.14938114472711556,0.021125684083590498,-26.068159999999992,0.2752211009361715,0.03892214135951883,-0.7339200000000001,0.1633725607315981,0.023104369110624814,0.15076382399999996,0.0069449695328514015,0.000982167010362639,-21.878176176000007,0.11821077215908238,0.016717527720597015
LEU  51,14.677859999999999,0.08794976065891397,0.01243797443313038,-3.11214,0.10818114623167821,0.015299124419390636,-22.89218,0.091702495058947,0.012968691221581457,-1.5983799999999997,0.10771980133662125,0.015233880398638521,0.5148243360000001,0.03332749585181438,0.004713219663356897,-12.410015664,0.11990079079094967,0.016956532447582013
PRO  52,18.1509,0.0774088496238972,0.010947264498581487,-2.1865600000000005,0.013213871499194459,0.0018687236285616104,-6.8159199999999975,0.07748260191840206,0.010957694648095978,-3.7374400000000003,0.08391094326723837,0.011866799400004785,0.9305632799999997,0.0042570721364730505,0.0006020409151400795,6.34154328,0.08583850918076993,0.012139398385733228
GLY  53,5.2773,0.014886571129850253,0.0021052790789066,-1.2350799999999997,0.009223535114067127,0.0013044048451338202,-19.939980000000006,0.055582907442647426,0.007860610154152044,2.92038,0.057225480338741405,0.008092905040836299,0.310271472,0.007778142212920888,0.0010999954207579399,-12.667108528000004,0.046606742933778,0.006591188795498526
GLY  54,4.333080000000001,0.022637879759076537,0.003201479657865741,-2.120619999999999,0.026463476718048932,0.003742500768220944,-10.7917,0.25217408669415375,0.03566280134819209,-2.6082999999999994,0.1915265255780539,0.027085941002668132,0.070105104,0.005395853836751202,0.000763088967651645,-11.117434895999999,0.052666378183843884,0.007448150630866251
ALA  55,9.41528,0.055626626718065335,0.007866792993375357,-4.463700000000002,0.08387997377197352,0.011862419651982445,-5.259980000000001,0.1709648490186943,0.0241780808171306,-1.4218400000000002,0.1669095994842692,0.023604581928091485,0.12165739199999999,0.012260103679363327,0.0017338404899455901,-1.608582608,0.11461879815453495,0.01620954588530476
ALA  56,9.443719999999999,0.09596395990157455,0.013571353359183459,-6.25722,0.11767740479800493,0.01664209818502073,-7.567779999999999,0.261414788411075,0.036969633917583525,-0.7575399999999999,0.1497349939059009,0.021175725914357776,0.0,0.0,0.0,-5.138819999999999,0.29453968764839566,0.041654202092949635
ASP  57,17.05146,0.04008900597416113,0.00566944159507147,-5.3192200000000005,0.03864313134295106,0.005464964043776622,-37.77994,0.5533925698810702,0.07826152776423102,-39.79036,0.5456234144535436,0.07716280326685175,0.45896371200000013,0.00667667642110147,0.0009442246346298357,-65.37909628800003,0.04061217750895473,0.005743429223066736
ARG  58,13.717080000000003,0.035838437463990014,0.005068320431583471,-3.229000000000001,0.026053022857233984,0.0036844538265516542,-164.71467999999996,0.9425572967328778,0.13329773123533575,-46.549800000000005,0.9651253182876247,0.1364893314512009,1.56901968,0.006354898814586502,0.0008987184091096936,-199.20738032,0.058470675545932126,0.008269002235817408
ALA  59,7.514880000000001,0.026304858866686626,0.0037200688165578387,-3.3935000000000004,0.01813091282858891,0.0025640982820394767,-9.04568,0.057358326335335434,0.008111692301845323,-3.2710400000000006,0.047972475441639205,0.006784332539017639,0.2598079679999999,0.0048266330113497765,0.0006825889865248547,-7.935532032000001,0.05888787552989516,0.008328003223371645
GLY  60,6.508380000000001,0.059168197538733404,0.008367646742044715,-2.19134,0.03064807334892369,0.004334292099065328,-14.81846,0.14768293198621152,0.020885520534592368,1.5600200000000004,0.09810208764342905,0.013873730284245139,0.20491776,0.00852196866495033,0.0012051883664091294,-8.736482239999999,0.0448460179496368,0.006342184680280362
VAL  61,11.125599999999995,0.047278747869044464,0.006686224644842075,-5.65558,0.10076251088586295,0.014249970947355401,-20.42572,0.0675964614464673,0.00955958325460241,-2.0253400000000004,0.09126611857638092,0.012906978267586897,0.025292159999999998,0.003983669624855951,0.0005633759611485025,-16.95574784,0.07191467814348222,0.010170271316420855
ARG  62,11.241100000000003,0.022451948689051163,0.0031751850337760983,-4.9165600000000005,0.06943202719200145,0.009819171451798597,-139.5875,0.658641579309096,0.0931459854201758,-59.457160000000016,0.6910735520896403,0.09773255899625188,1.2865111199999995,0.00710844594265753,0.001005286065950228,-191.43360887999995,0.0476808864517026,0.006743095628596937
LYS  63,8.963339999999999,0.018856945670654945,0.002666774831237284,-3.5840199999999998,0.06983537499007295,0.0098762134444372,41.093599999999995,0.808615607071846,0.11435551582675581,-80.17127999999998,0.8182469074808503,0.11571758739292616,1.1901869280000001,0.007843569733617753,0.001109248269470135,-32.508173072000005,0.056343121516906146,0.007968120659564402
GLY  64,6.281699999999998,0.02380021008342353,0.003365857988730645,-2.7154599999999998,0.06630330610161345,0.009376703471907652,-14.814019999999996,0.17304247917824453,0.02447190209205373,-3.5720799999999997,0.16716373290879424,0.02364052182165305,0.153602784,0.004389603053734197,0.0006207836172025256,-14.666257216000004,0.05795220385256876,0.008195679265771307
ASP  65,14.505680000000002,0.10079750790568302,0.01425492027336262,-6.554380000000001,0.06622382954781021,0.00936546378987973,-70.25136,0.8402174185285758,0.11882468686252229,-2.4295999999999993,0.7942531334530593,0.11232435532866442,0.0123156,0.001252983090069492,0.00017719856794004248,-64.71734440000002,0.07955894727451154,0.011251334224374021
ARG  66,13.869980000000004,0.11008514704510033,0.015568390796701734,-9.054820000000001,0.07407366333562197,0.010475597930389527,-158.73674,0.9988945251656136,0.14126501848694437,-45.17191999999999,1.0238033373658137,0.1447876564905571,0.620195472,0.012953359163386125,0.0018318816207150465,-198.47330452800006,0.11150578690173366,0.015769299611951594
ILE  67,13.19318,0.050194696931322155,0.007098602115948297,-8.4756,0.08333018660724133,0.011784668005504153,-12.5907,0.060773760785041646,0.008594707673862405,-0.7673399999999999,0.04690356489649964,0.0066331657600276405,0.00025344,0.0008394644235463465,0.00011871819729089553,-8.640206559999998,0.05203633278195976,0.0073590487556407175
LEU  68,13.259840000000002,0.03256093364600362,0.0046048113965708746,-7.54158,0.04995881904155278,0.007065243944870716,-34.04451999999999,0.07655670839451782,0.010826753530216927,-1.76566,0.06626540877411256,0.009371343980454708,0.127675584,0.006964460970824761,0.000984923515955847,-29.964244415999996,0.03562403423634923,0.005037999236348854
GLU  69,15.412800000000002,0.0408485005843289,0.0057768503528963224,-6.161219999999999,0.02982971002212407,0.004218558047494449,-6.076620000000002,0.4908983964121108,0.0694235169953211,-74.82676000000001,0.4827570221103226,0.06827215279992663,0.39665606400000003,0.003263641630667376,0.00046154862568152465,-71.255143936,0.06059303725012149,0.008569149506449995
VAL  70,10.91988,0.028938997910624705,0.0040925923326692116,-6.63908,0.11493960849075356,0.016254915318147743,-26.451559999999994,0.05621073207472853,0.007949397965100143,-1.8379599999999994,0.032866980390688944,0.004648092942276287,0.0,0.0,0.0,-24.008719999999997,0.08372909649678736,0.011841082383100228
ASN  71,18.417559999999998,0.111995385619824,0.01583853932667598,-4.057439999999999,0.05496950427292605,0.007773861845969782,-89.84426000000002,0.15063171112768511,0.021302540880023854,-8.297,0.17436043129092893,0.024658288667285387,0.34406164799999983,0.007519632653859495,0.0010634366483151688,-83.43707835200003,0.109215764298793,0.015445441509629633
GLY  72,6.130380000000005,0.027008065461090216,0.003819517246853414,-1.2413599999999998,0.02588262737823439,0.0036603562668148255,-5.287600000000002,0.032905926517592186,0.0046536007563631335,-6.406739999999998,0.03018530105887159,0.004268846214177115,0.5087195999999999,0.005831408903379561,0.0008246857558902593,-6.2966004,0.04762593026701936,0.006735323650425406
VAL  73,10.715699999999995,0.02086264604831908,0.0029504236988522298,-2.3987800000000004,0.03577613170816629,0.005059509067093489,-30.264660000000003,0.06860892361446458,0.009702767027539552,-0.2746199999999999,0.04292406784078205,0.006070379889265679,0.5192822879999999,0.005452532230548272,0.0007711045029717789,-21.703077712,0.012422282368571345,0.001756776020126177
ASN  74,20.448860000000003,0.013768093544877994,0.001947102461918792,-4.39892,0.03197176254129921,0.004521490019887743,-92.33879999999999,0.140870011003785,0.019922028009319987,-5.4403999999999995,0.1429383083711412,0.020214529428113557,0.5953207679999999,0.0027218335747759216,0.0003849253955970552,-81.13393923199999,0.026837556864007316,0.0037954036898038292
VAL  75,13.485479999999997,0.03470345227824728,0.004907809287306479,-6.35476,0.030593829443462763,0.004326620852387436,-34.26558,0.04502847543746615,0.006367988065664841,1.8522,0.04592689843654191,0.006495044264668926,0.023986943999999996,0.0015466875299375272,0.00021873464815909933,-25.258673056,0.056034520079103346,0.007924477825693546
GLU  76,15.304600000000002,0.023382899733851277,0.003306841393122271,-6.034940000000002,0.06539370306052619,0.00924806617619951,5.8384,0.6158108475822719,0.08708880525073198,-85.33354,0.6092762332457419,0.08616467122877214,0.49502865599999984,0.004143886048445862,0.000586033985064079,-69.730451344,0.09530991371857259,0.013478857260941486
GLY  77,6.1068,0.018912429775162973,0.002674621468546422,-3.73504,0.05083068364677343,0.007188544219796328,-12.658179999999998,0.15977192369149373,0.022595162137094966,-2.26392,0.15834694060827065,0.022393639096850333,0.050287679999999994,0.005754681424509929,0.0008138348517678464,-12.500052320000002,0.034950741518013966,0.004942781266977177
ALA  78,7.087799999999998,0.03389218198967616,0.004793078342821717,-4.39138,0.09794506419413627,0.013851523815085094,-12.542299999999997,0.23068716912759377,0.032624092324569906,2.73082,0.2488542296204745,0.03519330265831834,0.07197940799999998,0.0022944776768452006,0.00032448814491567945,-7.043080592,0.09244565554284491,0.013073789985116276
THR  79,15.216939999999997,0.21349964028101964,0.03019340868471951,-6.80144,0.1101985771232589,0.01558443223219302,-31.82282000000001,0.1938057470745111,0.027408271597862337,-5.03896,0.2021957427840393,0.02859479616992902,0.10569096000000001,0.007023299298534242,0.0009932445120592569,-28.340589039999994,0.1423514925487702,0.02013154113865234
HIE  80,30.85738,0.06492268940818224,0.009181454786678742,-12.019640000000004,0.17279256465456314,0.024436558841171307,-8.552179999999995,1.599970795858499,0.22627003989039637,-6.286260000000001,1.1080632980114384,0.15670381440156367,0.049104576,0.01926477088759232,0.0027244500265243424,4.048404575999999,0.534157632160916,0.07554129678470664
LYS  81,11.518680000000003,0.019962404663411995,0.0028231103412577163,-3.5908200000000003,0.1384262532903273,0.01957642847916741,-4.349659999999999,0.8760736637977495,0.12389552569806646,-37.15657999999999,0.8815677419237419,0.12467250567791803,1.063886688,0.04045179026221155,0.005720747041109147,-32.514493312,0.14259700177220883,0.0201662613859998
GLN  82,20.6783,0.10097153063984789,0.01427953080444434,-6.159199999999999,0.0814483885660504,0.011518541574354219,-79.16574,1.4338054792759098,0.20277071545968472,-8.27434,0.7906727669522873,0.11181801504229862,0.553531248,0.02900661713699271,0.004102155135369893,-72.36744875199999,0.7302246260310704,0.10326935697119612
VAL  83,13.433960000000003,0.10439022176401876,0.014763006739781035,-7.5710000000000015,0.09611680394170814,0.01359296877063194,-26.309920000000005,0.16607261544219393,0.023486214509712215,-1.9809999999999997,0.08945032140803422,0.012650185769387439,0.0,0.0,0.0,-22.427960000000002,0.07509672695865616,0.010620280975476076
VAL  84,12.927059999999999,0.09124240461527917,0.01290362460704613,-6.735560000000001,0.17261079456393522,0.024410852668431328,-33.25138000000001,0.1809119001035252,0.025584806272109187,-0.8303,0.2005063839382672,0.028355884750788436,0.05584809600000001,0.007082168941700153,0.0010015699368369866,-27.834331904,0.2614603855873691,0.03697608233209563
ASP  85,14.422540000000003,0.04426430164306662,0.006259917571259849,-4.361720000000001,0.07766853674424247,0.010983989803338076,-53.57385999999999,1.3925594566844848,0.1969376470054107,-27.957819999999998,1.4486074373687505,0.20486402844814208,0.5145380639999998,0.007543110077898655,0.001066756857463745,-70.956321936,0.07888062249953878,0.011155404614728005
LEU  86,12.616939999999998,0.04930614971831514,0.006972942564003963,-6.1078600000000005,0.10340541765303338,0.014623734406777406,-31.541700000000002,0.14275044658355615,0.020187961759328115,-1.5876799999999998,0.13198218667684264,0.018665099839004846,0.336200544,0.014096393984452059,0.0019935311553366613,-26.284099456,0.13482572701712872,0.019067237170443604
ILE  87,14.397359999999999,0.12674584963635815,0.017924569953023873,-7.648939999999999,0.21032397961243635,0.029744302446018982,-8.490820000000001,0.41631942976515135,0.058876458385331024,-1.3225799999999999,0.17198803330464424,0.024322780926530344,7.128000000000001e-05,0.00036885439078313816,5.216388819863795e-05,-3.06490872,0.25918371862900547,0.036654113003143175
ARG  88,13.118639999999997,0.22230418439609445,0.031438559254524615,-4.540819999999999,0.5502770825684149,0.07782093132313518,-167.84532,5.998206146641275,0.8482744482489752,-40.82822000000001,6.071467187723195,0.8586351240381377,1.0716384960000003,0.1130064370137547,0.01598152358603128,-199.02408150400004,0.6348182409343179,0.08977685659711435
ALA  89,8.63252,0.21187932792037406,0.029964261913148937,-1.440239999999999,0.14480201103576698,0.020478096786568024,-7.3551400000000005,0.5846730713826254,0.08268525871036415,-5.40076,0.3286736107447719,0.04648146779093919,0.3979261439999999,0.009476163004681633,0.0013401318240478944,-5.165693856000002,0.3695669477697493,0.05226465897408087
GLY  90,7.523339999999996,0.25190185469758,0.035624301930025436,-0.74536,0.09221795053025239,0.013041587633413407,-15.258119999999998,1.5363364558585588,0.21727078522433876,-0.56814,1.3815247230505867,0.19537710000918737,0.48224678399999993,0.024005049819265944,0.003394826701984771,-8.566033216000001,0.38725653447792746,0.05476634431762891
GLU  91,15.524020000000002,0.2280230242759946,0.0322473253464441,-1.16474,0.18877783874173285,0.026697217982403966,-0.46009999999999995,4.041279783682391,0.5715232679427845,-74.23895999999998,3.048317017372646,0.43109712683810975,0.954739296,0.019169412535363556,0.002710964319023596,-59.38504070399999,0.7661193718261257,0.1083456406033263
LYS  92,10.767360000000004,0.1835300258811442,0.025955065170379925,-3.22476,0.18673827245641686,0.02640877975219869,14.03932,1.600016242917547,0.22627646707512394,-56.68571999999999,1.681316484663133,0.23777405752520583,1.2411264960000004,0.034816100986833916,0.004923740220453182,-33.86267350400001,0.17486077657623303,0.024729048176120035
GLU  93,15.10326,0.09712688814154805,0.013735816248087177,-4.220880000000001,0.07246120065242892,0.010247561270850313,-28.56150000000001,1.1892671062463278,0.16818776709377614,-54.51536,1.1181917145105154,0.15813618879939947,0.5333297760000001,0.019879992380064323,0.002811455484376075,-71.66115022399998,0.09063141758969222,0.012817217993244222
LEU  94,12.95618,0.07067352828338712,0.009994746219912459,-8.20428,0.07645470292919755,0.010812327778967717,-32.285740000000004,0.058751616146019744,0.008308733236503923,0.26547999999999994,0.057051289205416085,0.008068270694516919,0.0,0.0,0.0,-27.268359999999994,0.12484178146928267,0.017655294050467767
ILE  95,13.09474,0.08923044547689497,0.012619090617001786,-5.0209,0.05649114974925999,0.007989055012945294,-12.4951,0.08910673375179566,0.012601595137055784,-0.96988,0.06440672014627088,0.009108485713882473,0.37627185599999996,0.0076205480935747204,0.0010777082466649802,-5.0148681439999985,0.09959510522581495,0.014084874855632302
LEU  96,11.5779,0.024031021618149087,0.0033984996690067477,-8.10444,0.049654067305584734,0.007022145541054441,-34.931239999999995,0.0876288902135966,0.012392596499577128,0.5783800000000001,0.05667941072382213,0.00801567913529443,0.0009934560000000004,0.000824728480934179,0.00011663422030124764,-30.878406544000008,0.08667793147915054,0.012258110625626052
THR  97,16.242839999999998,0.016472231180201483,0.002329525273758591,-5.320500000000001,0.017291905620401976,0.002445444744764802,-44.80898000000001,0.09528116077402174,0.013474790980527288,2.18494,0.1005859652237788,0.014225003620385647,0.132313968,0.0029782345168522153,0.0004211859645660085,-31.56938603200001,0.039817097575995414,0.00563098794063056
VAL  98,11.873580000000002,0.019213630576797754,0.0027172176944133776,-6.609979999999999,0.02422683635981202,0.003426192055343978,-27.27321999999999,0.06318173470696065,0.008935246611684263,-1.2009000000000003,0.06462700673866069,0.009139638942539136,5.7456e-05,0.00022741739965095019,3.216167709059961e-05,-23.21046254399999,0.018585550976368406,0.0026283938254956715
LEU  99,11.554979999999999,0.02158192762620818,0.0030521454751138185,-8.68466,0.04553487015490197,0.006439603093396024,-33.61148,0.1727330008988031,0.024428135254049136,0.08534000000000001,0.133853144901418,0.018929693288587644,0.000248976,0.000420036152044083,5.9402082290774955e-05,-30.655571024,0.07059105506488664,0.009983082745498865
SER 100,11.978959999999999,0.019225982421169078,0.0027189645089964022,-4.86082,0.015169297940254045,0.0021452626878785525,-0.02822000000000001,0.21583746570046639,0.030524027126183725,-10.921779999999996,0.17190500748977863,0.02431103930318934,0.267615648,0.0032022813634169545,0.0004528709734678863,-3.5642443520000016,0.05950581686257387,0.008415393324714159
VAL 101,7.888180000000002,0.007729657170259198,0.0010931386002674998,-2.0311800000000004,0.02135292954135612,0.0030197602553782934,-61.94281999999999,0.6370553410821431,0.09009323033405847,-48.60282000000001,0.6278965102621172,0.08879797605794235,1.025154432,0.005208084882798,0.0007365344275243222,-103.66348556799998,0.047942129812639664,0.00678004101900865
THR 102,8.584039999999998,0.502117275544278,0.07101010609765462,-1.4426,0.7583103322519078,0.10724127563582958,-61.61316000000001,1.4064581950411719,0.1989032254338009,-85.18227999999999,1.4106800635165786,0.19950028779944845,1.0705714559999997,0.1484771772954505,0.020997843783410068,-138.58342854399996,0.9886144980847686,0.139811203115015
GLY 103,5.010780000000001,0.2526327207627536,0.03572766200019011,-1.74584,0.22166599739247442,0.031348305982939646,-4.48058,0.4014346816108497,0.0567714371140989,-4.03022,0.3323992352578457,0.04700835066240905,0.388499184,0.03196477431152731,0.004520501734955704,-4.857360816,0.2622854069926005,0.03709275797814826
TRP 104,10.575079999999998,0.4319328114417742,0.06108452399748978,-4.341480000000001,0.30864673916954655,0.04364924045158039,-3.4170000000000003,1.136014999900968,0.16065678199192193,-4.659799999999999,0.6610171858582871,0.09348194692024864,1.279194336,0.08301155236205285,0.011739606318405947,-0.5640056639999999,0.7455160918289812,0.10543189680319308
GLU 105,15.122320000000007,0.4753878601729456,0.06722999592441041,-3.5046599999999994,0.6149558231287858,0.08696788653290391,-67.87861999999998,8.667062399429268,1.2257077191206769,-15.634599999999995,7.857251455820934,1.111183157179771,0.561556656,0.05160350044181009,0.007297837019073383,-71.334003344,1.1163229222162094,0.1578719016586129
THR 106,15.83708,0.3553682506920914,0.05025665997655576,-4.32152,0.5294131558622295,0.07487032651191061,-38.95212000000001,3.0156449966134367,0.4264766053513288,-2.8204800000000008,1.4530628787495725,0.20549412301085376,0.268743456,0.05062410925915907,0.007159330189736013,-29.988296543999986,1.0149141337844263,0.14353053326420775
TRP 107,12.36444,0.5897861361544552,0.08340835526492553,-8.505279999999999,0.17792830466231196,0.025162862158349356,6.31896,3.5542075401416846,0.5026408506757086,-3.879680000000001,2.8139518648335113,0.3979528891112614,0.9340832159999998,0.10980021827819518,0.015528095784054983,7.232523215999999,1.3602057710390287,0.19236214490215472
VAL 108,10.174979999999998,0.42352003447302655,0.05989477766884749,-7.561659999999998,0.713300178326072,0.10087587862318781,-84.46942000000001,3.583192649523011,0.5067399641551026,-23.690360000000002,4.409776102071357,0.6236365170578074,0.10391932799999999,0.027500009046740624,0.00388908857592834,-105.442540672,2.387583927793975,0.3376553571990264


