#Frame       SA_00001
       1    5859.5435
       2    5859.5392
       3    5906.9298
       4    5960.4411
       5    5874.8190
       6    5927.1226
       7    5864.0401
       8    5911.2948
       9    5857.1151
      10    5906.6477
      11    5865.0587
      12    5905.7700
      13    5961.5385
      14    5906.9089
      15    5897.2433
      16    5903.9450
      17    5864.6231
      18    5841.2608
      19    5903.2947
      20    5906.4187
      21    5908.8437
      22    5956.2726
      23    5865.1131
      24    5966.7825
      25    5940.5685
      26    5939.2055
      27    5900.7002
      28    5912.4638
      29    5867.0360
      30    5878.4146
      31    5865.9448
      32    5884.2506
      33    5870.2048
      34    5893.2962
      35    5864.5799
      36    5854.8755
      37    5914.8354
      38    5961.2934
      39    5871.0402
      40    5864.4483
      41    5916.4520
      42    5858.9808
      43    5860.8768
      44    5872.1951
      45    5875.4155
      46    5864.4503
      47    5850.4857
      48    5848.9764
      49    5870.4836
      50    5884.7859
