| Run on Mon Jun 20 15:46:08 2016
| GB non-polar solvation energies calculated with gbsa=2
idecomp = 2: Per-residue decomp adding 1-4 interactions to EEL and VDW.
Energy Decomposition Analysis (All units kcal/mol): Generalized Born Solvent

Total Energy Decomposition:
Residue,Internal,,,van der Waals,,,Electrostatic,,,Polar Solvation,,,Non-Polar Solv.,,,TOTAL,,
,Avg.,Std. Dev.,Std. Err. of Mean,Avg.,Std. Dev.,Std. Err. of Mean,Avg.,Std. Dev.,Std. Err. of Mean,Avg.,Std. Dev.,Std. Err. of Mean,Avg.,Std. Dev.,Std. Err. of Mean,Avg.,Std. Dev.,Std. Err. of Mean
GLY   1,1.1645599999999996,0.0013734627771461894,0.0001942369686854757,0.06195999999999998,0.03008053191019072,0.004254029619078838,-26.6777,0.3510041737642609,0.04963948629869803,-88.28098000000001,0.3390774241951509,0.04795278919913174,1.0019514240000003,0.0069014062076042,0.0009760062258239728,-112.73020857600002,0.009298263256164183,0.0013149730003382803
SER   2,11.24288,0.010678277017166971,0.0015101364180454449,-0.5144200000000001,0.0163390207784872,0.0023106864780832403,-4.308339999999999,0.12228648494418867,0.01729392055030049,-12.123999999999999,0.09309715355512277,0.013165925717598522,0.838275552,0.00886474717596044,0.0012536645683251847,-4.865604448000001,0.009258340780293695,0.0013093271096563245
HIE   3,27.21806,0.031129670731754305,0.004402400254105572,-1.7605199999999999,0.02117568416840749,0.0029946939743491106,-5.273939999999999,0.11339971957645487,0.016037142139432824,-22.71269999999999,0.08587089146180324,0.012143977931835014,1.322349408,0.010405778946470854,0.0014715993713155498,-1.2067505919999997,0.07944006961907309,0.011234522385115603
GLY   4,3.9184400000000004,0.011827358115580267,0.0016726410254097105,-2.0936999999999997,0.03684195977420067,0.0052102399177078595,-5.84348,0.07971931760884786,0.011274014014556093,-5.6341,0.09085840632545383,0.012849319048106222,0.17318591999999997,0.003343325872722922,0.00047281767926376204,-9.47965408,0.056077254404027596,0.007930521371882219
GLY   5,5.676980000000001,0.013082033480767882,0.0018500789171920847,-4.027559999999999,0.0143278190945815,0.0020262596082785355,-8.321139999999998,0.42884370159768637,0.060647657893772855,-2.6255,0.42707785004609716,0.06039792877243336,0.022703615999999992,0.0024762842421143655,0.00035019947594889167,-9.274516383999998,0.02360097402072796,0.003337681754532856
SER   6,11.45914,0.007107770396487972,0.001005190529294728,-3.09502,0.02177015388100501,0.003078764687346655,-2.76808,0.03988976811165066,0.005641265106341417,-5.98648,0.025189870980342817,0.0035623857174829263,0.44282606399999996,0.002003649598679111,0.0002833588436695408,0.052386064000000065,0.005584018269517033,0.0007896994369290129
PRO   7,18.86392,0.008986300681906749,0.0012708548299915116,-3.5026800000000002,0.014482320256232755,0.002048109372099496,0.23367999999999994,0.15990227515579641,0.02261359661796417,-3.267900000000001,0.1513421620038234,0.021403013806467315,0.6069254399999998,0.011002005605092686,0.0015559185540026887,12.93394544,0.030367024578616234,0.00429454580079962
ARG   8,13.75462,0.012438472575785273,0.0017590656611881337,-5.6607400000000005,0.0258269703990915,0.003652485181340367,-180.86813999999998,0.6088788388616079,0.08610847117600681,-27.290739999999996,0.6160168442503315,0.08711793757890934,0.546662304,0.0038735752254876327,0.000547806261875703,-199.51833769599997,0.035310042739067536,0.004993594132956294
VAL   9,10.735280000000003,0.008289849206940444,0.001172361717848302,-2.25098,0.025175774069511464,0.0035603921132344,-30.291619999999995,0.025472251569734,0.003602320363409718,-2.801200000000001,0.02068235963314317,0.0029249273495068904,0.729114336,0.0038542365024304558,0.0005450713534330592,-23.879405664,0.046036754015160115,0.006510580189587347
VAL  10,11.006459999999997,0.029196033977604417,0.004128942721863387,-4.692420000000001,0.04559609193754843,0.006448261160929152,-21.671839999999996,0.031676717005694605,0.004479764280090777,-1.6175800000000005,0.03500462255187236,0.004950401195860899,0.07007587199999996,0.001606824863021156,0.00022723935136428094,-16.905304127999997,0.02726105406823747,0.003855295238788767
ARG  11,11.982559999999996,0.03473739195936165,0.004912609083039935,-4.67698,0.050985288074027954,0.007210408587578955,-182.76324000000005,0.8045227544154111,0.11377669905320331,-23.640560000000008,0.7799278469190593,0.11029845387853807,1.135439136,0.006366822787325139,0.0009004047135061284,-197.96278086400002,0.0731407736476287,0.010343667405493718
ILE  12,14.243720000000001,0.03974319564376727,0.005620536629146298,-7.333779999999998,0.14846848689214945,0.020996614774788983,-13.854879999999996,0.20362874453297136,0.028797453220753434,-2.69746,0.14027732674955165,0.01983820979826581,0.012347423999999994,0.0020923387506386355,0.00029590138382319355,-9.630052576,0.20310238957889734,0.028723015389286056
VAL  13,11.322079999999998,0.08675594273612323,0.012269143083388907,-3.0128399999999997,0.11073903738068731,0.015660864854790915,-20.951259999999998,0.08077519668942078,0.01142333786615332,-2.1300599999999994,0.07859425169821893,0.011114905667618587,0.62234856,0.024462716577583924,0.0034595505556508327,-14.149731440000007,0.1286958281208791,0.018200338554938397
LYS  14,11.444540000000002,0.23146120279643345,0.032733557215790555,-6.690359999999999,0.33602022320093794,0.0475204356882401,6.961479999999997,5.804900213578183,0.8209368610264741,-45.845879999999994,5.750840177365435,0.8132916173870294,0.602671104,0.04763790382885035,0.0067370169677785354,-33.527548896000006,0.4068564852407516,0.05753819593669198
SER  15,11.276339999999998,0.042570229034395834,0.006020339525377149,-2.235159999999999,0.029642779896702005,0.004192122135635651,-19.402960000000007,0.26272281667107616,0.037154617048109614,-3.917220000000001,0.28433651119754383,0.040211255041341584,0.39447748799999993,0.007816672591754495,0.0011054444391889258,-13.884522512000006,0.045653583454856,0.006456391689278929
GLU  16,15.94258,0.01864627576940363,0.002636981608083943,0.45580000000000015,0.0164608626748355,0.0023279175243113427,-48.151680000000006,1.2660916308070786,0.17905239554944402,-34.68533999999999,1.256226915967334,0.177657314197913,1.3489333919999995,0.0037686621307263103,0.0005329693097275034,-65.089706608,0.024914806292874028,0.0035234856963280983
SER  17,10.377180000000003,0.020452569520384926,0.002892430120110695,-1.26124,0.023987963648451165,0.0033924103525352425,-8.98482,0.23601658331572173,0.03337778530700532,-8.698440000000002,0.24297243958932405,0.03436149193500996,0.473240448,0.008539654615078494,0.0012076895374625999,-8.094079551999998,0.014470637985651562,0.0020464572495499725
GLY  18,5.159620000000001,0.021976250817378834,0.0031079111956049963,-2.8162000000000003,0.045661362222356505,0.006457491773128705,-11.300719999999998,0.1489962469328455,0.021071251315512074,-0.77474,0.14382403276226097,0.02033978977275818,0.13377398400000007,0.005931855193894092,0.0008388910065238311,-9.598266015999995,0.03355562201587535,0.004745481574871613
TYR  19,10.28024,0.08553936169998955,0.01209709254328629,-10.037980000000005,0.1494004672009809,0.021128416694050394,-32.805839999999996,0.3444891499023817,0.04871812278823264,-0.43204,0.270610565943017,0.038270113247807346,0.03339648,0.00548178873930763,0.0007752419981192962,-32.96222352000001,0.2396959411139917,0.03389812507691898
GLY  20,6.863019999999999,0.049601810451033276,0.007014755305811078,-3.13584,0.02765889368718271,0.003911558257264937,-13.961560000000004,0.1801793728478021,0.025481211274124033,0.14342,0.19351528001685034,0.02736719335262569,0.011104128000000007,0.001781165657769037,0.0002518948630050167,-10.079855872000001,0.026924623022103408,0.0038077167039641505
PHE  21,10.26936,0.18337358152132768,0.025932940596838996,-9.441720000000002,0.05389509810695056,0.0076219178688278,-8.271840000000003,0.3322699721611141,0.04699007009995783,-1.7256799999999999,0.4018764208061983,0.05683390847020827,0.014253839999999992,0.0019049111450144488,0.0002693951176395095,-9.15562616,0.21893672990354474,0.03096232927312081
ASN  22,18.0472,0.05013102831583704,0.00708959801399664,-7.069920000000001,0.058279272473081054,0.008241933753666822,-90.95868,0.14694004763569188,0.02078046082221441,-3.9114599999999995,0.18721145370944392,0.026475697686747846,0.258242544,0.004556766746195941,0.0006444241333041019,-83.63461745600002,0.08062064312192138,0.01140148069102624
VAL  23,10.726,0.02376552124296094,0.0033609522458661256,-7.374079999999999,0.08883779375932944,0.01256356127857476,-24.448539999999984,0.23429154573061725,0.03313382815215951,0.73708,0.08124132938351085,0.011489258983938088,0.0,0.0,0.0,-20.359540000000006,0.13869422626697017,0.019614325580959196
ARG  24,12.3386,0.1601344435153699,0.022646430182250443,-8.24042,0.30467340481243155,0.043087326118012886,-128.17076,2.782204863484625,0.39346318512403416,-78.19045999999999,2.1206212128530053,0.2999011279872802,0.7375811039999998,0.010058184738852364,0.00142244212705391,-201.52545889599998,0.5417766780382083,0.07661879258590759
GLY  25,6.331319999999998,0.060524520650898875,0.008559459796063165,-3.6412999999999993,0.07974716295895605,0.011277951941733297,-18.92168,0.25936317703196965,0.03667949225387855,1.15264,0.0863610467745714,0.012213296360933611,0.08775446400000002,0.002431268315406664,0.0003438332625416092,-14.991265535999998,0.1709821358043853,0.024180525537808004
GLN  26,19.796699999999998,0.06823789269979832,0.00965029533238148,-7.468719999999998,0.11772443076963882,0.016648748661707572,-78.67160000000003,0.1215726942891646,0.01719297530779747,-4.93306,0.11958150525894296,0.01691137865461867,0.3661001280000001,0.007786893244596665,0.0011012330035260038,-70.91057987200001,0.14940630125261928,0.02112924175354545
VAL  27,12.191740000000003,0.018523293442210043,0.002619589280579005,-1.7885400000000005,0.12691338936455362,0.017948263648608905,-21.649639999999998,0.21600507031091565,0.030547729997505088,-6.67236,0.21594469291925253,0.03053919134489002,0.6784253280000001,0.010523427468549645,0.0014882373848672476,-17.240374672,0.13866060000772676,0.019609570109771806
SER  28,11.159440000000004,0.025426883410310915,0.0035959043367741147,-2.1264000000000003,0.04310684400415154,0.0060962283421772435,-10.925620000000004,0.09749910563663698,0.013788455751057908,-6.658020000000001,0.12593355232022962,0.017809693764909047,0.6732443520000002,0.0037157470369005973,0.0005254859853932466,-7.877355648000002,0.08223871554451756,0.01163031068751998
GLU  29,14.502120000000007,0.10599200724475046,0.014989533414867343,-2.20042,0.08118721327894565,0.011481605811036197,-23.371199999999998,1.5639569559294728,0.22117691380432014,-56.11418,1.1370839844089182,0.1608079592308329,0.9328177440000002,0.02772742022414513,0.003921249373060408,-66.250862256,0.41857033612447364,0.05919478461542956
GLY  30,4.83872,0.032967280749188824,0.004662277555006428,-1.9799000000000004,0.08179786060770787,0.01156796438445244,-9.879999999999997,0.16908293822867695,0.023911938440888722,-2.16534,0.15582985721613282,0.022037669749771793,0.231774912,0.006917174557075849,0.000978236207191877,-8.954745088,0.07196604574641585,0.010177535792494388
GLY  31,5.34638,0.029523475405104537,0.0041752499326287345,-1.7016600000000006,0.036697471302486843,0.005189806162077434,0.36494,0.05204129514145477,0.00735975053925064,-11.21752,0.06596612463996326,0.009329018812303004,0.40153780799999983,0.004634841501672157,0.0006554655711114446,-6.806322192,0.033919916767626526,0.004797000632734399
GLN  32,18.545780000000008,0.01591136699643305,0.002250207100225128,-1.98148,0.026251278064158723,0.0037124913467960594,-67.43886000000002,0.07428351363441182,0.010505275244251192,-14.465219999999999,0.07567913583025038,0.010702646027981572,1.1410427519999997,0.007736478681651576,0.001094103307660198,-64.198737248,0.011912247281196664,0.001684646166341035
LEU  33,11.9037,0.01049428415969167,0.0014841158986033096,-3.182400000000001,0.014108153670714198,0.001995194226116778,-23.00328,0.025270567861260997,0.003573797979826496,-0.6821200000000001,0.02838918103785063,0.004014836484839346,0.7775177760000003,0.0065303600052972035,0.0009235323686670141,-14.186582224000006,0.025384512855073108,0.0035899122353878566
ARG  34,11.138,0.00852525659701872,0.0012056533502214572,-3.88684,0.025536139097355144,0.003611355424212549,-129.70838,0.6988305056239693,0.09882955788534649,-77.49442,0.7003855535342652,0.09904947486983452,1.2219425279999998,0.00831444085874949,0.001175839502599253,-198.729697472,0.05991918532550084,0.008473852453367021
SER  35,10.41956,0.020060069789424703,0.002836922275835521,-3.3193399999999995,0.010035158195214573,0.0014191856820231958,-12.83538,0.01974425486068308,0.0027922593002928913,-7.356940000000001,0.036544444173932246,0.005168164858016142,0.5806700639999999,0.00293744395705629,0.0004154173082779897,-12.511429936000003,0.023157735592401252,0.003274998374862399
ILE  36,12.800699999999996,0.05942936984474744,0.008404582083772847,-4.34342,0.05744670225518111,0.00812419054428862,-6.944540000000002,0.319727021691897,0.045216229033383744,-4.276959999999999,0.1877962683335558,0.02655840296403716,0.230541552,0.00460600192905604,0.000651387039638769,-2.5336784480000003,0.12893939258678078,0.018234783772037428
ASN  37,19.750780000000002,0.007826340127329478,0.0011068116351814123,-3.0739999999999994,0.04997639442780148,0.007067729479830403,-81.6035,0.39346269200683703,0.05564402753238969,-17.47906,0.3999876203085107,0.056566791742163586,0.6635754720000001,0.01173816181600189,0.001660026763751987,-81.742204528,0.056353880602889775,0.007969642224096081
GLY  38,6.061500000000002,0.05780320060313759,0.008174607024152984,-1.0184399999999996,0.0575899852404978,0.008144453818397835,-7.94404,0.27276575738165226,0.038574903344010175,-7.25478,0.19828729560918282,0.02804205826967894,0.5333055839999998,0.0019218192147908032,0.0002717862797986366,-9.622454416000004,0.19128859342020255,0.02705229231421232
GLU  39,14.716360000000002,0.06070576908339043,0.008585092195202008,-2.650780000000001,0.4391759232926997,0.062108854698826196,2.5680800000000006,3.8328453547723513,0.5420461883197776,-80.91490000000003,3.2793351292596005,0.46376802153654534,0.7994344319999999,0.07657216952525189,0.010828940064294303,-65.481805568,0.2512726270965833,0.03553531570931054
LEU  40,11.162299999999995,0.04860504089193079,0.00687379080290674,-3.1381799999999997,0.08155162536703967,0.011533141462763723,-19.206740000000003,0.2927363872153154,0.0413991769000001,-11.35354,0.2125043256029017,0.03005264993305717,0.926402256,0.008326228119169875,0.0011775064729542264,-21.609757744,0.05781500494327337,0.008176276409944474
TYR  41,9.589940000000002,0.5815193688949353,0.08223925782738604,-7.632679999999998,0.28660610181926566,0.040532223625168964,-35.193920000000006,3.627464000317557,0.513000878626925,0.7642,2.033968721490082,0.28764661513739387,0.16631971200000004,0.009678466245115851,0.001368741822681304,-32.306140287999995,0.7360850416602785,0.10409814489759306
ALA  42,10.5373,0.023747210362150436,0.0033583626962680043,-4.07226,0.02695240991081273,0.0038116463634510385,7.127519999999999,0.09278259319522986,0.01312144016488397,-1.8375,0.05937078406085309,0.008396296802758281,0.106685424,0.0028664899446235403,0.0004053828956092713,11.861745423999999,0.045897534941712725,0.006490891639406316
PRO  43,19.392400000000006,0.05823366723598065,0.008235484199184557,-6.425239999999999,0.03788749661860479,0.005358101156239568,1.42984,0.047884594599931406,0.006771904311196046,-8.916439999999996,0.032640563721961884,0.004616072789910173,0.134961264,0.008482511489358606,0.001199608279123654,5.615521264,0.04302661689570467,0.00608488251569369
LEU  44,11.808740000000002,0.03718699234910316,0.00525903489239662,-8.072720000000002,0.019721095303342304,0.0027889840442839034,-36.61562000000001,0.08261256320588037,0.011683180730816055,2.90584,0.07953825746144058,0.011248408242949228,0.055463903999999974,0.0021552593288946434,0.000304799697335394,-29.918296096000002,0.056076892683042626,0.007930470216809945
GLN  45,20.233780000000003,0.05879873808073183,0.008315397284419431,-8.211460000000002,0.06718577528009423,0.009501503459966028,-82.2388,0.10930709034170547,0.015458356962478102,1.4973999999999998,0.0880770117567597,0.01245597045597041,7.660800000000001e-05,0.0002597903676736303,3.6739906133794085e-05,-68.71900339199999,0.06322552932394125,0.008941440105813554
HIE  46,29.787800000000008,0.025597656136325066,0.0036200552472953787,-9.940420000000003,0.11642441152936982,0.016464898177614134,-12.975839999999998,0.4972591018775007,0.0703230565888626,-11.3683,0.36415827602842765,0.05149975728098075,0.35163144,0.01566264674460702,0.0022150327448882054,-4.14512856,0.06998591461032395,0.009897502961700548
VAL  47,11.456919999999995,0.03745175029412978,0.005296477320056889,-7.312359999999999,0.06169108849768909,0.008724437403099075,-34.51867999999999,0.09336625514840859,0.013203982429886622,1.87514,0.0684312823202964,0.009677644754794537,0.0,0.0,0.0,-28.498980000000003,0.07668154666917114,0.010844408328328725
SER  48,13.347400000000002,0.014266043600580657,0.0020175232341347066,-4.45672,0.034233924694676336,0.004841408059647049,-19.335900000000002,0.11530104075831692,0.01630602955961448,-1.5938000000000005,0.0718033425405707,0.01015452608445961,0.12572812799999997,0.008917584066529977,0.0012611368330488909,-11.913291872,0.09914496456556018,0.014021215352961514
ALA  49,6.627460000000001,0.00708861058174167,0.0010024809223080505,-3.4023199999999996,0.02024197618824308,0.002862647725464661,0.13576,0.056808999287084785,0.008034005725663878,-3.8064199999999992,0.06811081852398974,0.009632324330095893,0.257264784,0.003054907069442388,0.00043202910093948714,-0.18825521600000006,0.03909740196692017,0.005529207611517103
VAL  50,10.87354,0.015534748148485628,0.00219694515196387,-5.71466,0.015178418889931492,0.0021465525849521092,-25.942260000000005,0.051093956587049315,0.007225776636070727,-0.9744799999999998,0.04464358408551143,0.006313556208667393,0.15805728,0.0036754351931717463,0.000519785029780686,-21.599802720000003,0.02643797211287626,0.003738893872367128
LEU  51,14.674059999999997,0.010670351449153964,0.0015090155734680945,-2.6043999999999996,0.017175564037302825,0.0024289915602961247,-21.50406,0.039355512956425996,0.00556571001771277,-3.0192,0.043069710934725676,0.006090976933137784,0.5159698560000001,0.010030778936133414,0.001418566361264624,-11.937630144000007,0.022689062763712232,0.0032087180277976216
PRO  52,18.143,0.005184592559417551,0.0007332121112906938,-2.1592000000000002,0.007924645102367373,0.0011207140580761462,-7.580220000000001,0.040974767845642746,0.0057947072402396976,-2.9753999999999996,0.04063200708804273,0.005746233549034975,0.930767904,0.003811674135524129,0.0005390521257804965,6.358947903999998,0.008910004168236651,0.001260064873552108
GLY  53,5.293600000000001,0.00525357021320059,0.0007429670246387587,-1.2359999999999998,0.007769169839863695,0.0010987265355915244,-19.92482,0.04788556776364431,0.006772041937328166,2.895539999999999,0.04136046904959952,0.005849253627605628,0.301407408,0.0017012111549074794,0.00024058758877305535,-12.670272591999998,0.01176052117590741,0.0016631888547544238
GLY  54,4.336480000000002,0.0045923414496224875,0.0006494551561104241,-2.1119399999999997,0.00955700790004245,0.0013515650187946844,-10.062459999999998,0.06736830412029174,0.009527316936099183,-3.367319999999999,0.063282364051988,0.008949477750135304,0.07920662399999999,0.00275082361386984,0.00038902520624308976,-11.126033376,0.016283265585335088,0.0023028015030503953
ALA  55,9.356379999999996,0.01416741331623221,0.0020035748055560777,-4.4710600000000005,0.02090493721578294,0.002956404573111828,-4.76934,0.07700379471169239,0.010889981083546899,-1.9067200000000006,0.07290844669855918,0.01031081141326583,0.12986899200000004,0.005141641899463622,0.0007271379707087216,-1.6608710079999995,0.019944303587321997,0.002820550462527714
ALA  56,9.421739999999998,0.010808903737024837,0.0015286098259285753,-6.277959999999998,0.028860325708741547,0.00408146640318072,-7.1278,0.05998133042871021,0.0084826410981464,-1.30604,0.045676672383172905,0.006459656956835572,0.0,0.0,0.0,-5.2900599999999995,0.03009279648035558,0.00425576409122522
ASP  57,17.095100000000002,0.01586978260669418,0.0022443261794299557,-5.347680000000001,0.011927179045612392,0.0016867578367157233,-48.18950000000001,0.5266989367747165,0.07448647796742933,-29.525499999999994,0.5207263868872763,0.07364183186215256,0.4569534720000001,0.001596489599938044,0.00022577772444199785,-65.51062652799999,0.018134621265354013,0.0025646227341963182
ARG  58,13.720820000000003,0.0214389272108418,0.0030319221624302063,-3.260020000000001,0.009244436164199165,0.0013073606999902771,-153.76425999999995,0.8945390725975608,0.1265069288540121,-57.350120000000004,0.8766127911450361,0.12397176981870434,1.5714650879999994,0.0029504292658482424,0.0004172537082585078,-199.082114912,0.030510023612531235,0.004314768918116504
ALA  59,7.510539999999999,0.014196069879601125,0.00200762745561281,-3.3901199999999996,0.00950292586544348,0.001343916664113625,-8.74904,0.029850266330214252,0.004221465148463795,-3.56172,0.02807991452964017,0.003971099595809446,0.26304192,0.001850324356432184,0.00026167537996556634,-7.927298080000002,0.03299968917711214,0.004666860798836863
GLY  60,6.5005000000000015,0.024472229158475113,0.003460895837741782,-2.1694400000000003,0.01831519587658313,0.0025901598406183647,-14.760299999999997,0.06603673220292076,0.009339004229617066,1.40114,0.05309764966550019,0.0075091416287085605,0.20716329600000008,0.0040186041170995335,0.0005683164444210517,-8.820936704,0.017952675517743672,0.0025388917198076524
VAL  61,11.1358,0.01732858909446192,0.0024506325714178556,-5.661400000000001,0.020333224042963168,0.002875552120832921,-20.33332,0.033268267161720315,0.004704843461675634,-2.0372399999999997,0.04797731130441401,0.00678501643328983,0.022103424,0.0012703426993628112,0.0001796535874300535,-16.874056575999997,0.03567228866205183,0.005044823442676169
ARG  62,11.248980000000001,0.008805657272427447,0.0012453079940276171,-5.085439999999999,0.032665063906470185,0.0046195376392314,-131.8076,0.48868091839337996,0.06910991824648575,-66.94067999999999,0.48961521381942547,0.06924204757276343,1.2841610400000005,0.0031380455581522405,0.00044378665876835475,-191.30057896,0.024756351766777634,0.003501076842345606
LYS  63,8.956320000000003,0.007430854590839262,0.001050881534238726,-3.5812,0.033482532759619564,0.004735145193125544,52.27986,0.5586947649656744,0.07901137138413054,-91.17856000000002,0.5347521728764508,0.07562537753903587,1.17799344,0.004255737468609199,0.0006018521646006473,-32.34558656000001,0.021043853531430907,0.002976050306874254
GLY  64,6.284060000000002,0.009611264222894439,0.001359238021556862,-2.783419999999999,0.01260173004026633,0.0017821537532309094,-14.677320000000002,0.03183296404582901,0.00450186094841465,-3.71614,0.02360339806040885,0.0033380245655121,0.16118179200000005,0.0016204861734385987,0.0002291713524114946,-14.731638208000001,0.01258516469504198,0.0017798110596427424
ASP  65,14.531020000000002,0.0255448546666522,0.003612587991842919,-6.607460000000002,0.018555010104539835,0.0026240746939810056,-79.43857999999999,0.7200105302035549,0.10182486568653103,6.713360000000002,0.7195803710496613,0.1017640319955895,0.009796319999999999,0.000734641372099394,0.00010389397919033425,-64.79186368,0.04018798000027348,0.0056834386360765455
ARG  66,13.858560000000002,0.029630497801571856,0.00419038518508491,-9.003620000000002,0.030486646256306604,0.004311462860693974,-150.50148,0.7128324695195504,0.1008097346094454,-53.30392000000002,0.6842993742493805,0.09677454557868961,0.629323776,0.0060926862595379085,0.0008616359539522713,-198.32113622399996,0.04898682961640797,0.006927783882118415
ILE  67,13.117379999999999,0.027557859134184074,0.0038972698137530394,-8.480939999999999,0.023056808105430558,0.00326072507277338,-12.4455,0.0163220709494839,0.002308289410277603,-0.9350199999999996,0.028222324496763387,0.003991239406501722,0.0,0.0,0.0,-8.74408,0.03446089958185313,0.004873507156023402
LEU  68,13.281699999999994,0.021052553293046634,0.0029772806389608913,-7.556420000000002,0.038136643795330945,0.005393335887874877,-33.99122,0.0678861664853003,0.009600553734102955,-1.8109400000000002,0.057677520751154246,0.008156833209033796,0.131177952,0.006517804501340325,0.0009217567522691895,-29.945702047999994,0.03657286375780474,0.00517218399411109
GLU  69,15.437540000000002,0.028530832444402833,0.004034869018866881,-6.14222,0.026637785193314716,0.0037671517091966886,-12.421299999999995,0.4434283369385595,0.06271023680390572,-68.55463999999998,0.43755240874971646,0.06187925507028651,0.39927744,0.0017214493837245392,0.00024344970654020497,-71.28134256,0.053796128676815734,0.007607921477792099
VAL  70,10.895999999999999,0.022465974272424263,0.003177168550798742,-6.570060000000001,0.025121632112429702,0.0035527352842345547,-26.31196000000001,0.044129337175845613,0.006240830713261608,-2.031020000000001,0.03588007246365664,0.005074208509703265,0.0,0.0,0.0,-24.017039999999998,0.030030624374056455,0.004246971627632268
ASN  71,18.4268,0.04954069034637006,0.007006111617716241,-4.071000000000001,0.025833311827905173,0.0036533819948036785,-89.39718,0.16523301001607188,0.02336747637164583,-8.669440000000002,0.1525631882203917,0.021575692990015716,0.3410755200000001,0.005943599781947313,0.0008405519420947661,-83.36974447999997,0.0705454468961178,0.009976632776416075
GLY  72,6.1201799999999995,0.008110955554972788,0.001147062334964791,-1.2308999999999997,0.010872442228011642,0.0015375955254972014,-5.17118,0.034498515910198826,0.0048788269081947175,-6.532599999999999,0.03418362180959684,0.004834294157416457,0.511504848,0.0018548941837338141,0.00026232165114033315,-6.302995151999999,0.015651388961625448,0.002213440653950726
VAL  73,10.724639999999997,0.009505282746988225,0.0013442499774981736,-2.391,0.0109288608738399,0.001545574326907306,-30.396559999999994,0.04945185942599554,0.006993549028481066,-0.14704000000000003,0.046015632126484914,0.006507593103444607,0.5150207520000001,0.0033535156455328434,0.0004742587307542912,-21.694939248,0.012053492403792183,0.0017046212431403984
ASN  74,20.44626,0.008795021329304287,0.001243803844526277,-4.383419999999998,0.028395133386147534,0.004015678274008291,-92.39078,0.11562046358127848,0.016351202768450854,-5.372259999999999,0.1172890122731905,0.01658717118740904,0.5947629120000001,0.002920734630903446,0.00041305425271164295,-81.10543708799997,0.02287410388459331,0.003234886794072296
VAL  75,13.469959999999999,0.03504566164285614,0.004956204999766572,-6.340839999999999,0.025525171889989918,0.003609804426872823,-34.38112,0.04349971954115085,0.006151789333452148,1.9257600000000001,0.025010045981532458,0.0035369546222657924,0.024458832,0.0011079744136830057,0.00015669124425928848,-25.301781168,0.04932852520271592,0.006976106935354388
GLU  76,15.310120000000001,0.017949529238520598,0.002538446768732824,-6.008239999999996,0.05683715686098596,0.008037987807953336,0.50036,0.3372686620485217,0.04769699160324473,-80.06331999999999,0.3271193323581764,0.04626165963353651,0.49584571199999994,0.0039276575362306625,0.0005554546556094298,-69.76523428800003,0.08940344483112872,0.012643556420305702
GLY  77,6.130759999999999,0.01697122270258667,0.002400093331605224,-3.69946,0.03086111469149581,0.004364420694666495,-12.4656,0.10995799197852694,0.01555040835473448,-2.4932,0.11469420212025414,0.01622020961640244,0.04446028799999999,0.0065630135414957835,0.0009281502760421614,-12.483039712,0.022629627543444834,0.0032003126183391428
ALA  78,7.091739999999999,0.03306527483675736,0.004676136011773609,-4.437340000000001,0.07175698154187633,0.010147969649147735,-12.66314,0.2456718958285545,0.0347432526974652,2.7817000000000003,0.24182731442084549,0.034199546780622245,0.07279992000000003,0.0014401204149636728,0.00020366378222919955,-7.154240080000001,0.06135496866930088,0.008676902881110162
THR  79,15.330599999999997,0.20145341893374408,0.028489815724252972,-6.767280000000002,0.07169715196556385,0.01013950846932252,-31.755399999999995,0.13984734534713297,0.01977740124517894,-5.146739999999999,0.17272658278333458,0.02442722759545509,0.110814912,0.005300799402982129,0.0007496462407116532,-28.228005087999996,0.15895868082672046,0.022480152228208414
HIE  80,30.967,0.09499810524489738,0.013434760883708052,-11.531359999999998,0.23612265964971857,0.033392786766023835,-6.908320000000001,2.2542849814519874,0.31880403942233815,-8.3522,0.9561519544507573,0.13522030616738026,0.089025984,0.020443566450963048,0.0028911568938227543,4.264145983999998,1.1931473797939165,0.16873652064144787
LYS  81,11.560440000000003,0.07145324625199156,0.010105014992515099,-3.4654600000000007,0.13556772624778915,0.019172171707970642,6.2715999999999985,3.1227410907726596,0.44162228023504474,-47.63913999999999,2.7375492032840167,0.38714792109479174,1.0945599840000002,0.010147317417778027,0.0014350473913926419,-32.178000016,0.20653318106476024,0.029208202574184203
GLN  82,20.72302,0.07782968328280315,0.011006779365374277,-6.126160000000001,0.09517885479447405,0.013460322730148468,-79.68314000000002,1.4391157564273904,0.2035217020564431,-7.983160000000001,0.765317721211258,0.10823227008614322,0.5445414719999999,0.024901124567371546,0.003521550808151871,-72.52489852799998,0.6922652206019216,0.09790108637344401
VAL  83,13.242340000000002,0.050597474244460344,0.007155563429833919,-7.659339999999998,0.06977380883999942,0.009867506675995494,-26.031220000000005,0.13794002899763386,0.01950766598025918,-2.13076,0.07019987464374776,0.009927761479807923,0.0,0.0,0.0,-22.57898,0.06707562597461426,0.009485925995796453
VAL  84,12.888520000000003,0.020606057358481134,0.0029141365783401933,-6.5716199999999985,0.15883726137160942,0.022462980924193014,-33.09352000000001,0.18587503759028418,0.02628669990667887,-1.0223400000000002,0.14357960997300118,0.020305223170405756,0.058406687999999984,0.010695442932700708,0.001512564045101281,-27.740553311999992,0.2443862216674483,0.03456143091392229
ASP  85,14.44028,0.029417708950972003,0.0041602922972409,-4.423040000000001,0.12157745843697793,0.017193649060042546,-65.13411999999998,2.6702890528186685,0.37763589939525666,-16.445039999999995,2.36726703149436,0.3347821141698021,0.5045460479999998,0.011810330933257465,0.00167023301819272,-71.057373952,0.2714702420616449,0.03839168981042852
LEU  86,12.602799999999997,0.043232857875263056,0.006114049394734548,-6.118539999999999,0.09544720215917103,0.013498272778406623,-31.459379999999992,0.14856929561789478,0.02101087128150444,-1.6314800000000003,0.13298635117935684,0.018807110144835767,0.33367996800000005,0.009554007183362566,0.0013511406533721314,-26.272920032000002,0.0589878086969122,0.008342135907384283
ILE  87,14.392739999999995,0.10898381714791337,0.015412639228976857,-7.898600000000003,0.13635307110572048,0.019283236242893288,-8.135039999999998,0.33528811252416185,0.04741689960341461,-1.6159799999999997,0.19087770849421248,0.02699418441072134,0.0,0.0,0.0,-3.2568800000000007,0.15642539947206655,0.02212189214330257
ARG  88,13.07054,0.13432277692199993,0.018996109285870807,-4.3174,0.3849875842153891,0.054445466294265735,-149.6046,1.6258331033648636,0.2299275224933728,-59.259879999999995,1.9194629419710076,0.271453052500796,1.0822157279999998,0.09536686699538392,0.013486911670590303,-199.02912427199996,0.32093314522612537,0.04538680065938406
ALA  89,8.68746,0.16709688327434852,0.023631067855685764,-1.4410599999999996,0.11253415659257152,0.01591473304834323,-7.1914,0.2852572873740849,0.04034147245701903,-5.579599999999998,0.14632839779077658,0.02069396047160415,0.391707504,0.013150948567109131,0.0018598249821676755,-5.132892495999999,0.24360732705939578,0.034451278582085576
GLY  90,7.598700000000003,0.22911824458114072,0.032402212887376505,-0.7606400000000002,0.05553764849180693,0.007854209571942303,-15.287080000000003,0.9400295280468082,0.13294025075949759,-0.53546,0.8401600849838081,0.11881657867486335,0.482377968,0.017301217458541816,0.002446761637543601,-8.502102032,0.2712244639681535,0.03835693153911355
GLU  91,15.588000000000001,0.1673633173666728,0.02366874732637012,-1.1607999999999998,0.27911631983816326,0.039473008499479705,-9.502899999999999,4.069679541438127,0.5755396002014117,-65.58684000000001,3.1694087547046816,0.44822208456073825,0.9469056960000001,0.011118044303006079,0.0015723289040376121,-59.715634303999984,0.5951895236910908,0.08417250965863231
LYS  92,10.771600000000003,0.1708449589539488,0.024161125801574913,-3.27016,0.25612351395372146,0.03622133470760075,21.168380000000003,1.5163390107755987,0.21444271941942544,-63.670040000000014,1.5894428201095416,0.22478115928154532,1.238490144,0.04350975008190799,0.006153207866129815,-33.761729855999995,0.1686456046969538,0.02385009013970438
GLU  93,15.08694,0.05576716238148409,0.007886667737495747,-4.269,0.11500278257503904,0.016263849482826446,-36.04666,1.5966808022895285,0.22580476453786055,-47.06585999999999,1.4598713643340349,0.2064569882761306,0.5232677759999997,0.017291810194509087,0.00244543124950561,-71.771312224,0.10566330932142835,0.014943048508758744
LEU  94,12.965680000000006,0.06928331400749678,0.009798140231555577,-8.23826,0.04942825507734237,0.0069902108694814375,-32.211180000000006,0.06222240431878307,0.008799576807108526,0.15655999999999998,0.06130160193665429,0.00866935568540133,0.0,0.0,0.0,-27.327199999999994,0.11933616384102742,0.016876682138555872
ILE  95,13.116000000000003,0.0824912116524174,0.011666019029543818,-5.05044,0.05070745901754979,0.007171117625609681,-12.67326,0.05634565111846374,0.007968478399247417,-0.77338,0.035601061781921614,0.005034750440687601,0.375196896,0.003826437257228387,0.0005411399464742092,-5.005883103999999,0.09714346803288051,0.013738160998805683
LEU  96,11.586619999999998,0.019401948355856766,0.0027438498501315012,-8.14252,0.01929480759226866,0.0027286978580365697,-34.806979999999996,0.05755258117679125,0.008139164084979668,0.44938,0.04491854405476672,0.006352441420430444,0.0009797760000000003,0.000610997684630636,8.640812121832046e-05,-30.912520224,0.03614250492453672,0.00511132206424162
THR  97,16.248459999999998,0.010438793039772186,0.001476268269165169,-5.30774,0.011494015833999168,0.0016254993078572723,-45.025099999999995,0.07161794468107362,0.010128306867726037,2.39208,0.0698623904543795,0.009880034008038814,0.13068014399999994,0.0017039006445432221,0.0002409679400449283,-31.561619855999993,0.01575762889116955,0.002228465248873409
VAL  98,11.8687,0.007733692519230892,0.0010937092847919676,-6.63838,0.01600361209213751,0.002263252526765893,-27.06326000000001,0.03400812255674009,0.004809474815058822,-1.38958,0.03745241781246438,0.005296571721405081,0.0,0.0,0.0,-23.222520000000003,0.01330449547476827,0.0018815397940948756
LEU  99,11.56624,0.014541746798795621,0.0020565135543452306,-8.679939999999998,0.030259814936823212,0.004279384067855534,-33.88036,0.14799104837625457,0.020929094772351203,0.31112,0.10944855229741503,0.01547836270411053,1.9152000000000002e-05,0.000134064,1.895951270259866e-05,-30.682920848,0.05822065979629988,0.008233644669423728
SER 100,11.991379999999998,0.008243518671510585,0.0011658095906926108,-4.881460000000001,0.008895414549050644,0.001258001589819837,0.027820000000000004,0.1553034049852095,0.02196321816128046,-10.96984,0.13564797971220324,0.019183521261750828,0.26217086400000006,0.00280261917310674,0.00039635020447744204,-3.5699291360000007,0.03714374067087478,0.005252918181402024
VAL 101,7.88696,0.005827383631517317,0.0008241164964842768,-2.06324,0.009038937990773535,0.0012782988696001347,-68.56379999999999,0.7114837454226739,0.10061899621847518,-42.088159999999995,0.6945056762909712,0.09821793465557899,1.0202423040000002,0.0024787639171584995,0.0003505501549566609,-103.80799769599999,0.01932700007546432,0.0027332505626707472
ALA 102,1.715659999999999,0.0089165239866923,0.0012609869151205268,-1.44632,0.04138136778793438,0.005852209155524592,8.289740000000002,0.8380585853029415,0.11851938173986293,-98.0054,0.7952823146545156,0.11246990352998831,0.9257312160000001,0.011134087197214803,0.0015745977118945815,-88.520588784,0.0855695521827423,0.012101362122302643
SER 103,9.42368,0.18152183780471173,0.025671064489031253,-2.9289199999999993,0.1255412027981519,0.017754207163377757,-11.2838,0.6533816342689369,0.09240211685886279,-4.1324000000000005,0.12383989664079567,0.017513606139229553,0.3816027359999999,0.004967256756240911,0.0007024761872465282,-8.539837264,0.7411153640718613,0.10480953991535003
GLU 104,14.795340000000001,0.10457334459597185,0.014788904219033859,-3.5055400000000003,0.29631450926338504,0.04190519977282072,-100.99651999999998,2.3506406976827305,0.33243079549290716,17.3234,1.8319459817363746,0.2590762852906475,0.5260907519999999,0.015342533325661436,0.0021697618710311587,-71.85722924800001,0.4424453123810303,0.06257121613776537
SER 105,11.140860000000002,0.7202466802422334,0.10185826234527644,-3.7724399999999996,0.08185478849773278,0.011576015203867493,-5.21438,0.6973944333015596,0.09862646658985644,-7.056799999999999,0.5408169376045844,0.07648306479214871,0.305754768,0.030542438271319347,0.004319353043124289,-4.597005232,0.40561356751336514,0.0573624208259936
LYS 106,9.9815,0.10775773754106972,0.015239245388122121,-4.27388,0.1610840327282343,0.022780722376602044,40.43456000000001,1.6757806438787006,0.2369911714135576,-70.02774000000001,1.161920183316561,0.16432032816413134,0.9484359840000001,0.03639072606413048,0.00514642583444974,-22.937124016,0.7399982264178284,0.10465155279321292
VAL 107,10.15518,0.4468691839901218,0.06319684606054282,-7.4771600000000005,0.5720546253636916,0.08090074096075925,-111.10108,2.6188075289350192,0.3703553124664676,0.9304000000000001,2.6991214718867327,0.3817134192034648,0.08955403199999999,0.007806413245670296,0.0011039935485515904,-107.40310596799998,0.9775461858719975,0.13824590739062692


