#Frame       SA_00001
       1    6112.3850
       2    6074.9621
       3    6113.1359
       4    6109.9491
       5    6121.1232
       6    6115.6505
       7    6051.1187
       8    6062.4196
       9    6151.3972
      10    6110.6767
      11    6157.1626
      12    6112.7902
      13    6097.3086
      14    6110.9386
      15    6098.2860
      16    6100.7437
      17    6108.5509
      18    6011.0047
      19    6154.0295
      20    6110.5980
      21    6120.5264
      22    6087.8973
      23    6064.6503
      24    6104.1690
      25    6099.0614
      26    6087.2593
      27    6159.2035
      28    6075.8933
      29    6077.6872
      30    6090.1163
      31    6151.0460
      32    6109.6561
      33    6091.0182
      34    6050.3824
      35    6079.0889
      36    6089.0741
      37    6077.8657
      38    6110.9271
      39    6128.7747
      40    6068.4784
      41    6095.7389
      42    6079.0145
      43    6149.0248
      44    6047.9102
      45    6082.6300
      46    6062.4533
      47    6091.1453
      48    6114.2703
      49    6063.9949
      50    6159.3622
