| Run on Mon Jun 20 15:46:09 2016
| GB non-polar solvation energies calculated with gbsa=2
idecomp = 2: Per-residue decomp adding 1-4 interactions to EEL and VDW.
Energy Decomposition Analysis (All units kcal/mol): Generalized Born Solvent

Total Energy Decomposition:
Residue,Internal,,,van der Waals,,,Electrostatic,,,Polar Solvation,,,Non-Polar Solv.,,,TOTAL,,
,Avg.,Std. Dev.,Std. Err. of Mean,Avg.,Std. Dev.,Std. Err. of Mean,Avg.,Std. Dev.,Std. Err. of Mean,Avg.,Std. Dev.,Std. Err. of Mean,Avg.,Std. Dev.,Std. Err. of Mean,Avg.,Std. Dev.,Std. Err. of Mean
GLY   1,1.1636799999999996,0.0024036638701921097,0.0003399294044611884,0.04694,0.039374311422550615,0.005568368522287295,-34.73214,0.3883042111538201,0.05491450817403184,-80.3086,0.3665463681480003,0.051837484507350345,1.0004379840000004,0.006279231584497245,0.0008880174468077503,-112.82968201600002,0.0057430446286209315,0.0008121891603109676
SER   2,11.239820000000002,0.011856964197140172,0.0016768279576167846,-0.5206599999999999,0.01535136476018054,0.0021710108244783716,-4.225580000000001,0.10280429757551562,0.014538723190153369,-12.19802,0.07752999161614604,0.010964396563422608,0.8385046559999997,0.009818572233098767,0.0013885558015188162,-4.865935344,0.008338907960401081,0.0011792996732980174
HIE   3,27.202179999999995,0.026343644397268398,0.0037255539188950967,-1.7748399999999995,0.020964121732185807,0.002964774527689771,-4.99672,0.11830402190968402,0.01673071522679589,-22.992080000000005,0.08887785775838086,0.012569227183656903,1.3202068319999998,0.007480676567881838,0.0010579274258025113,-1.2412531680000005,0.07257134910797472,0.010263138614821046
GLY   4,3.9163399999999995,0.007131928210543764,0.001008606960122227,-2.1130199999999992,0.034753699083762454,0.0049149152586890265,-5.91066,0.06423351461666268,0.00908399075297748,-5.578060000000001,0.07652382896845167,0.010822103677190349,0.1715264640000001,0.002606770570775233,0.00036865302951853885,-9.513873535999998,0.04909389379576559,0.006942925043567604
GLY   5,5.677899999999999,0.011372334852929015,0.001608291018486045,-4.021439999999999,0.015288113029680738,0.0021620656789667326,-8.48106,0.3891021156457669,0.0550273489094308,-2.48382,0.38324486637135585,0.05419900877322359,0.021876479999999997,0.0012794973312985748,0.00018094824789426257,-9.286543520000002,0.018326964522273073,0.002591824178452913
SER   6,11.458820000000001,0.004563726543981661,0.0006454083973460958,-3.0886600000000004,0.01668005995184157,0.0023589167005090665,-2.589000000000001,0.03956058644654662,0.005594711788813948,-6.172220000000001,0.02727217629720116,0.0038568681594931937,0.4421802240000001,0.002807817534976079,0.0003970853638632163,0.05112022400000009,0.0072642716214238075,0.001027323144777954
PRO   7,18.868419999999997,0.007005968892143548,0.0009907936224833414,-3.4975000000000005,0.013550276749830725,0.0019162985153519433,0.12852,0.1458070286371683,0.020620227738800564,-3.1681,0.14042054692957348,0.01985846419036505,0.6073204320000002,0.011888201626500646,0.0016812455972423101,12.938660432000004,0.03126724145241646,0.004421855692000158
ARG   8,13.759820000000001,0.009352411452040028,0.0013226307116368458,-5.649699999999998,0.015330035878160286,0.0021679944650560418,-188.41506,0.4730295301647465,0.06689647769619576,-19.848920000000003,0.47367844958351535,0.06698824876048677,0.55366776,0.004313957193664458,0.0006100856770777253,-199.60019223999993,0.022414654751349437,0.0031699108745268907
VAL   9,10.737040000000002,0.007927067549040151,0.0011210566437700232,-2.24158,0.021377642526720003,0.003023255199285127,-30.339700000000004,0.01829234812340962,0.0025869286803775916,-2.75066,0.01426409478379453,0.0020172476298217544,0.7271778239999999,0.003440309132328002,0.00048653318336942754,-23.867722175999997,0.03652008173787118,0.005164719489267141
VAL  10,11.01062,0.023385371495445874,0.003307190952999274,-4.677420000000001,0.03842555920205049,0.005434194696531009,-21.633879999999994,0.023462003332700123,0.003318028331354727,-1.6565400000000003,0.029796113840550142,0.004213806829931869,0.06904324799999996,0.001742159354622503,0.0002463785387122302,-16.888176752000003,0.021089866101462226,0.002982557466932047
ARG  11,11.966339999999997,0.023898627576815903,0.0033797763241236703,-4.6815999999999995,0.04824313422656327,0.006822609471459143,-187.93132000000003,0.23996028335491792,0.033935508715141574,-18.524499999999996,0.23415484193188846,0.03311449531554049,1.133708688,0.009203389708748434,0.0013015558545917004,-198.03737131199995,0.0582200010236729,0.008233551504905368
ILE  12,14.237519999999996,0.034564282144561975,0.0048881276582529755,-7.419659999999999,0.07134861175952714,0.010090217440681578,-13.949679999999995,0.14341261311399708,0.020281606248118027,-2.6148999999999996,0.08352203302125642,0.011811799185563432,0.010895040000000002,0.0015417632876676835,0.00021803825513885697,-9.735824959999999,0.12340783924725136,0.01745250399666216
VAL  13,11.35606,0.06061960408953765,0.008572906624911168,-3.0152599999999996,0.0811178919844664,0.011471802299554815,-20.888140000000007,0.029915888751948453,0.004230745560345022,-2.2000599999999997,0.05575891318885486,0.007885501125486258,0.626257008,0.018711361884500614,0.0026461861747531764,-14.121142991999994,0.09923348837028546,0.01403373450948505
LYS  14,11.578840000000003,0.06826371217499475,0.009653946757581093,-6.69292,0.23917941717462932,0.03382507756088531,-2.09636,1.6410797391961187,0.23208372241068528,-37.00404,1.5133714938507286,0.21402304915125311,0.5772656159999999,0.017000958666234203,0.0024042986319132813,-33.637214384,0.1668939163012849,0.023602363991083727
SER  15,11.27504,0.03188100374871789,0.004508654788350433,-2.23214,0.017573855581586317,0.0024853184906665484,-19.167260000000002,0.09859123896117718,0.013942906727006345,-4.172619999999999,0.08034398297326509,0.01136235503758645,0.401307984,0.006469563642268062,0.0009149344645531371,-13.895672016000002,0.027861839822507367,0.00394025917496567
GLU  16,15.94624,0.01577283741322004,0.0022306160586881545,0.46,0.013189389675038068,0.0018652613757862504,-42.51335999999999,1.030798384942949,0.14577690560586007,-40.255279999999985,1.0219952453910335,0.14453195367128188,1.3446616319999993,0.00297134750323317,0.0004202119937595783,-65.01773836800001,0.013016166008057726,0.0018407638498694904
SER  17,10.389499999999998,0.01450275835887096,0.0020509997562935083,-1.26346,0.02473233511013083,0.0034976803741903293,-8.924560000000003,0.1750239023675162,0.024752117646760587,-8.769400000000001,0.19297367696132062,0.027290599113970408,0.476598672,0.008582495775171924,0.0012137481924257925,-8.091321328,0.010082583311329203,0.0014258926062638388
GLY  18,5.161619999999999,0.015197223431058582,0.002149211948661723,-2.83158,0.023022675778409288,0.003255898032794497,-11.51212,0.031559873257752696,0.004463240078788982,-0.5663199999999998,0.034130596244428754,0.004826795210075136,0.13225089599999998,0.0038258568910494346,0.0005410578703020675,-9.616149104,0.017092576451878234,0.0024172553434145196
TYR  19,10.250420000000004,0.0487056834455016,0.0068880238093279094,-10.074660000000002,0.1201525047595395,0.01699213017840386,-32.99592,0.2535439875058632,0.03585653457889463,-0.22378000000000006,0.1930523545569956,0.027301725806256255,0.033368688,0.0036785479152861332,0.0005202252351636925,-33.010571312,0.12639813365663988,0.017875395487586727
GLY  20,6.877060000000001,0.0260556404640056,0.003684824012051392,-3.14578,0.014630502383733483,0.0020690654895407787,-14.01512,0.15147694742119439,0.02142207534299293,0.18598000000000006,0.1528156392520084,0.021611394957290454,0.012868704,0.0012844609828188437,0.00018165021422414837,-10.084991295999998,0.018192533712915935,0.0025728127910735472
PHE  21,10.31624,0.05971919624395347,0.008445569726221938,-9.43446,0.03806899525889112,0.005383768940104087,-8.48106,0.20285920338991764,0.028688623668622366,-1.5050199999999996,0.24899096288821626,0.03521263966248514,0.016966655999999997,0.001544661118065743,0.00021844807024389625,-9.087333343999997,0.12702031070507494,0.01796338460959614
ASN  22,18.14236,0.025010205919606864,0.0035369772409251893,-7.096880000000001,0.04408067150090107,0.006233948347508747,-91.86653999999999,0.14914693559936767,0.021092561911101235,-3.00832,0.17155587311427567,0.024261664246296645,0.260145216,0.0031324518427163434,0.0004429955879450046,-83.569234784,0.06704467103251753,0.009481548305902887
VAL  23,10.776860000000005,0.015464811667140633,0.0021870546399215957,-7.373760000000002,0.1081949277922626,0.015301073426379548,-24.4624,0.272441700185559,0.03852907473584021,0.7350999999999999,0.07936932656889678,0.011224517807015305,0.0,0.0,0.0,-20.324199999999998,0.17236461353840052,0.024376037413920318
ARG  24,12.321919999999999,0.1291601858159232,0.018266008649950764,-8.091339999999997,0.20276327182219386,0.028675056896208896,-148.3625,1.8244931597558742,0.25802229709836993,-58.41248,1.4041516476506442,0.19857703037360683,0.8110274399999997,0.0068618705046607255,0.0009704150330939112,-201.73337256000002,0.3919803880164801,0.055434398091717435
GLY  25,5.963939999999997,0.0439333176533954,0.006213109366547709,-3.40252,0.042261206797702726,0.005976637181556523,-16.558780000000002,0.1046560633696262,0.014800602420190344,-0.6176200000000002,0.07965924679533325,0.011265518718638578,0.09734025600000001,0.0027576891958425187,0.0003899961461570244,-14.517639744,0.07764402374581598,0.01098052314185516
GLN  26,19.9396,0.04438513264664397,0.006277005655661272,-8.410820000000001,0.12062813767929106,0.017059394830986237,-79.82820000000001,0.1778690529483008,0.025154482700594512,-3.8924399999999992,0.13557966809224775,0.019173860539809955,0.298899936,0.0151398917363351,0.0021411040226385443,-71.892960064,0.11518403738964,0.016289482784531857
VAL  27,12.546980000000003,0.06442778593041798,0.009111464865646759,-3.25226,0.12462372326328366,0.017624455963236713,-25.060560000000006,0.19492297555611876,0.027566271564958243,-4.128419999999998,0.17520880000734776,0.02477826612175064,0.4816033920000002,0.007591960887661438,0.0010736654052336887,-19.412656608,0.161112128214968,0.022784695678440072
SER  28,11.242180000000003,0.14986763359692631,0.02119448399935349,-2.718320000000001,0.16116543550026935,0.02279223446702472,-8.82548,2.1220824229044393,0.3001077742945016,-8.537640000000001,1.3705384454293819,0.19382340572799697,0.4802286240000001,0.04348562665526265,0.0061497962984165405,-8.359031376,0.5400866825261151,0.07637979112855241
GLU  29,14.464460000000004,0.10680977670524401,0.015105183481059796,-2.240700000000001,0.06176835759511775,0.008735364903652669,-12.832299999999998,2.206235556326676,0.31200882455469353,-66.41046000000001,1.7834500296888165,0.2522179219800623,0.9409307039999999,0.02884158352020243,0.004078815857458663,-66.07806929600001,0.43664254448970996,0.061750580832644536
GLY  30,4.8492,0.053589551220339635,0.007578707013729195,-2.02522,0.10677177342350697,0.015099809005415073,-9.23388,0.2296282770044352,0.032474342364403816,-2.7976599999999996,0.23162820294601347,0.032757174603435996,0.22351147199999996,0.00878257650485443,0.0012420438805744428,-8.984048528000002,0.06351023604627003,0.008981703716615169
GLY  31,5.348939999999999,0.030590462566296064,0.004326144704052236,-1.7283399999999995,0.04794897704854407,0.006781009364396727,-0.6566200000000001,0.17106091195828416,0.02419166616833154,-10.19406,0.1683910223260541,0.023814086755537634,0.398425248,0.008106564553997308,0.0011464413536515993,-6.831654752,0.03379412559220755,0.004779211074103962
GLN  32,18.523200000000003,0.01723368793599979,0.002437211520879649,-1.9635199999999995,0.06071877469122182,0.008586931465900213,-67.16167999999999,0.3416566369925174,0.04831754497095994,-14.74946,0.32548992058136056,0.04603122601019017,1.1584923840000005,0.01695480283403928,0.0023977712115260136,-64.19296761600002,0.0523581116131799,0.007404555154360327
LEU  33,11.90354,0.011727250316640759,0.0016584836447137534,-3.1893999999999987,0.01657950542104033,0.0023446961423873483,-22.777379999999997,0.9248766812932607,0.13079731462075478,-0.94176,0.7152394161397985,0.10115012826487169,0.782056224,0.012658180888241733,0.001790137108712337,-14.222943776,0.22456094971157867,0.03175771406614971
ARG  34,11.164060000000001,0.10513808253881587,0.01486877022482953,-3.8587599999999993,0.0356272704540263,0.005038456906641824,-150.31952,1.5176517814034804,0.21462837322204897,-57.197040000000015,1.478570863502146,0.2091014968094433,1.2037943520000003,0.014171580491560457,0.002004164133142677,-199.00746564799996,0.06132334342248137,0.008672430395813608
SER  35,10.420079999999995,0.019201916573146027,0.0027155610841299816,-3.317959999999999,0.009363674492699491,0.001324223546122263,-12.49544,0.07847551465250803,0.01109811371357854,-7.693279999999999,0.07329366684781222,0.010365289769223133,0.5841512640000001,0.004424840388425209,0.0006257669288647164,-12.502448736000005,0.020103265235344347,0.0028430310343807524
ILE  36,12.78416,0.05857930009867304,0.0082843640673867,-4.328139999999999,0.04982048173195076,0.007045680094928578,-7.062020000000001,0.28434046423256787,0.04021181408491594,-4.171779999999999,0.16904677340903093,0.023906823963046303,0.22860503999999995,0.003803178286013195,0.0005378506312202722,-2.549174959999999,0.11963144287134779,0.016918440899492217
ASN  37,19.745720000000002,0.007096590715970185,0.0010036094837136027,-3.0613399999999995,0.047758396120522566,0.006754057151082962,-81.70258,0.3884640570282464,0.054937113794382146,-17.39618,0.3958451055652564,0.05598095168893952,0.6609595680000001,0.00784493674807667,0.0011094415945089111,-81.75342043200001,0.04574143292658693,0.006468815480715848
GLY  38,6.068319999999999,0.05059543062387555,0.0071552744182391825,-1.0095399999999994,0.05166283383633662,0.007306228028197488,-8.07464,0.24743764952002975,0.03499296797929466,-7.1161,0.1803155290040262,0.025500466662397303,0.5364529920000001,0.0026677708162202575,0.000377279766960183,-9.595507007999997,0.16793207863249096,0.023749182315957375
GLU  39,14.71832,0.053643057332735784,0.007586273920711245,-2.70036,0.3904065450271037,0.055211823081655245,10.306140000000003,3.339781603698052,0.472316443931395,-88.49426000000001,2.851957312512791,0.4033276710664712,0.8110677600000001,0.0637497667353846,0.009015578471530209,-65.35909224,0.2136522965459318,0.03021499754074151
LEU  40,11.15802,0.04304996631822688,0.006088184622694138,-3.15966,0.07367241274724962,0.01041885252799089,-19.40724,0.2638220278900313,0.037310068989485516,-11.150600000000004,0.19507731800464473,0.027588098883353774,0.9196320960000003,0.007502314931691231,0.0010609875525591918,-21.639847904,0.0538487005364912,0.007615356261487321
TYR  41,9.51584,0.5159638886588855,0.07296831290361575,-7.65182,0.24678409105937588,0.03490054085540862,-34.51115999999999,3.2219578418099752,0.4556536477282014,0.26870000000000005,1.8053102586536198,0.25530942520792294,0.17286076800000003,0.009573783460041915,0.0013539374412414491,-32.205579232000005,0.6651904468264656,0.09407213514630067
ALA  42,10.544679999999998,0.01808473389559421,0.0025575675947057744,-4.0638200000000015,0.02263067829270381,0.0032004612167244127,6.754419999999999,0.11306088448265667,0.015989223620927084,-1.4827199999999998,0.08323365665403253,0.01177101660860384,0.10836676799999999,0.002902445442687375,0.00041046777090964675,11.860926767999999,0.04640820928902421,0.006563111898198709
PRO  43,19.404359999999997,0.05540677215054868,0.007835700862262183,-6.443760000000001,0.05561458801421825,0.007865090463549962,0.6171199999999998,0.17012544077826897,0.024059370565332874,-8.120920000000002,0.15700902394445188,0.022204429107720587,0.13041561599999998,0.019083684416248,0.0026988405321506006,5.587215616000001,0.0713361220790779,0.010088451133133475
LEU  44,11.806160000000004,0.03604572651368687,0.005097635530124743,-8.085400000000002,0.017858331388166705,0.0025255494450498496,-35.79397999999999,0.0961225239000329,0.013593777694895849,2.09302,0.09636399535095723,0.01362792691497816,0.05485967999999998,0.0019975493978376274,0.0002824961449932182,-29.925340319999986,0.057781616145898516,0.008171554520936588
GLN  45,20.092660000000002,0.03966943911931769,0.005610105881427288,-8.252020000000002,0.052812684082255826,0.0074688414094451865,-81.93977999999998,0.14415537312422508,0.020386648376123306,1.39904,0.11587837762067402,0.016387677321694813,0.00015321600000000002,0.000351061958839177,4.964765834236294e-05,-68.69994678399999,0.06303924605940206,0.008915095673898107
HIE  46,29.806540000000012,0.02153528266388234,0.00304554888128006,-9.988819999999999,0.1209730036003461,0.01710816623726187,-11.982820000000002,0.34726172780763626,0.049110224515867336,-12.246300000000002,0.24334479653346658,0.034414151159054975,0.34904808000000004,0.013488017280413883,0.0019074936967483982,-4.06235192,0.033417605212687135,0.0047259630513811985
VAL  47,11.448539999999998,0.0329934599585385,0.0046659798542978805,-7.307860000000001,0.05074761472218373,0.007176796499819678,-34.32639999999999,0.08703746320120173,0.012308956089368866,1.7173600000000002,0.07143353834158381,0.01010222787309663,0.0,0.0,0.0,-28.468360000000004,0.07265280723894063,0.010274658534178801
SER  48,13.339779999999998,0.009529512057077284,0.0013476765193916626,-4.43302,0.028422167404949707,0.004019501461611839,-19.872139999999998,0.08730429771753165,0.01234669218855917,-1.1131400000000002,0.07131227383837486,0.010085078482589379,0.12448756799999998,0.006089832256654024,0.0008612323369937272,-11.954032431999998,0.06261131303218262,0.008854576804809998
ALA  49,6.627579999999998,0.005650097346016953,0.0007990444295465404,-3.3823200000000004,0.013088070904305303,0.0018509327378169256,0.3386999999999999,0.04525052485883549,0.0063993905959866025,-4.01132,0.04993893871516791,0.007062432442150928,0.25535750399999985,0.0029737894742676942,0.0004205573406151729,-0.17200249599999995,0.016547682215863665,0.002340195661551446
VAL  50,10.862119999999997,0.013776269455096052,0.0019482587102303043,-5.702019999999997,0.011928939602020386,0.0016870068169906741,-25.829140000000002,0.0406300430695031,0.005745955794869426,-1.0905399999999998,0.04057694419249038,0.005738446479667609,0.157046256,0.0017524631328662344,0.0002478357130058272,-21.602533744,0.024089377580116037,0.003406752448292647
LEU  51,14.672960000000003,0.006036422770160899,0.0008536790949779311,-2.615019999999999,0.02094993078757554,0.0029627676250566985,-21.519740000000002,0.029357663396359455,0.004151800573471572,-2.9964599999999995,0.029741694639098697,0.004206110792657255,0.5126971679999999,0.007342441586652435,0.00103837804727761,-11.945562832000002,0.020583739790912173,0.002910980397666673
PRO  52,18.143459999999994,0.00438729987334348,0.0006204578983080111,-2.1598000000000006,0.007121797525715264,0.0010071742649341677,-7.61592,0.03263362682878278,0.00461509176506871,-2.9362999999999992,0.03138040790051243,0.00443785984457045,0.9269917919999999,0.00266026973819591,0.0003762189543327379,6.358431792,0.007717680617272165,0.0010914448599010256
GLY  53,5.29072,0.003954946268508986,0.0005593138651382272,-1.23378,0.0067477107228948886,0.0009542704019288313,-20.00964,0.03732493000537392,0.005278542222822628,2.97606,0.03275631847442455,0.004632442983994356,0.3041988479999999,0.001413506787299541,0.00019990004691054325,-12.672441152,0.008645410280340736,0.001222645647073765
GLY  54,4.335520000000001,0.00326949537279537,0.00046237646983232904,-2.1139799999999993,0.00819631624590639,0.0011591341596459746,-10.1319,0.05577786299212628,0.007888181032365332,-3.2882000000000007,0.05456519036889565,0.007716683225316201,0.079336944,0.0018447925875998087,0.0002608930697149005,-11.119223056000001,0.010505413316070116,0.0014856897989921267
ALA  55,9.362879999999997,0.0127100590099559,0.0017974737830441987,-4.463480000000001,0.010006477901830992,0.001415129676035606,-4.83324,0.06376881996713486,0.009018273005405034,-1.8482000000000005,0.061762448138007874,0.008734529180213564,0.130836384,0.0030701283058117168,0.0004341817088304463,-1.6512036160000003,0.015918794631868276,0.002251257526502014
ALA  56,9.427240000000001,0.008145084405663526,0.0011518888833162958,-6.265379999999999,0.015486626489098224,0.0021901397216289135,-7.182159999999998,0.05695941010959667,0.008055277028176279,-1.2382200000000005,0.03833186142099404,0.0054209438292575785,0.0,0.0,0.0,-5.25852,0.02320710236135522,0.003281979890280923
ASP  57,17.093279999999996,0.009376651868044561,0.0013260588241439635,-5.346,0.009380831519545035,0.0013266499161277596,-41.78462,0.4444555271341536,0.06285550343448032,-35.856559999999995,0.4389098385778337,0.062071224637575834,0.45835732799999995,0.0016313864227924212,0.000230712880458437,-65.43554267200003,0.011975952648585024,0.001693655465796693
ARG  58,13.721480000000001,0.014964277464197373,0.002116268414098199,-3.2585599999999992,0.00723922647850883,0.0010237812266997608,-159.18495999999996,0.7450257434593123,0.10536255107172576,-51.99848000000001,0.7317987493832535,0.10349197163054667,1.5755093279999999,0.004614683460406581,0.0006526147935765793,-199.14501067200007,0.02129348637283775,0.0030113537218673827
ALA  59,7.500800000000001,0.008664871607859361,0.0012253978944056275,-3.39718,0.006140651430860502,0.0008684192535328674,-8.810239999999999,0.02406122191493504,0.003402770635936987,-3.5070400000000013,0.024246203826381065,0.0034289310287330533,0.26087227199999996,0.0020183852911760643,0.00028544278528755586,-7.952787727999999,0.01719414360246893,0.0024316191076002146
GLY  60,6.48066,0.015479806200646533,0.0021891751871861457,-2.1601000000000004,0.01044078541098799,0.0014765500330046364,-14.682259999999996,0.06141557131630482,0.00868547338964103,1.3234199999999998,0.05355673253663922,0.00757406575097036,0.20623032,0.0020311965671474647,0.00028725457331056176,-8.832049679999999,0.017460483003849742,0.0024692851869629225
VAL  61,11.11592,0.010347637415913453,0.0014633769172104091,-5.635020000000002,0.01915984342265071,0.002709611042125757,-20.54966,0.028279752473380507,0.003999360948840879,-1.8430600000000004,0.03766983408510605,0.005327319025550127,0.021191472000000003,0.0012217182770246594,0.00017277705567673632,-16.890628528,0.026129108397362964,0.0036952139468267426
ARG  62,11.24094,0.007925679779991313,0.0011208603835889922,-5.042199999999999,0.025291895935380913,0.0035768142249944642,-138.61718000000002,0.3778310569546712,0.053433380503105726,-60.23092,0.37593509226974764,0.0531652506059858,1.287439344,0.003358688020732672,0.00047499021507001914,-191.361920656,0.027373315482024416,0.0038711714001796343
LYS  63,8.962539999999999,0.007357200557121696,0.0010404652808980394,-3.5970399999999993,0.03620274022782292,0.00511984062252572,43.043819999999975,0.4984247060506651,0.07048789791186738,-82.05954000000003,0.4690748857031149,0.06633720651299545,1.177996896,0.004560590360744894,0.0006449648740593435,-32.472223104,0.018540371593195337,0.002622004495853371
GLY  64,6.279899999999998,0.006226556031829096,0.0008805679987088708,-2.77532,0.01060083015633102,0.0014991837779497026,-14.74792,0.03642243264917199,0.005150909822707965,-3.6407799999999986,0.029946812852279094,0.0042351188885542,0.15454080000000003,0.0016531218815286819,0.00023378673851135907,-14.729579200000005,0.009826563781244765,0.0013896859770960589
ASP  65,14.537740000000003,0.020236412722355886,0.002861860932573514,-6.618880000000001,0.01790825507921747,0.002532609721146621,-69.89866,0.519906168841295,0.07352583551367957,-2.71098,0.5238414069162542,0.07408236221935699,0.010722960000000009,0.00016631999999973526,2.3521199969351876e-05,-64.68005703999998,0.0342886618319114,0.004849149059831379
ARG  66,13.861880000000006,0.030654617919968645,0.004335217641178497,-9.014060000000002,0.02339265696647918,0.003308221274193632,-165.94664,0.9590958192008816,0.13563663151292207,-38.088699999999996,0.9326098916481524,0.131890955717212,0.6228491040000002,0.010622616054295451,0.0015022647691866802,-198.56467089600002,0.04987783325800301,0.007053790825525167
ILE  67,13.126199999999999,0.022212609033325368,0.003141337295061986,-8.499220000000001,0.023459999999378617,0.003317745017239404,-12.158339999999999,0.02303962673220486,0.0032582952596697822,-1.22044,0.02538910002343684,0.0035905609589591443,0.0,0.0,0.0,-8.751799999999998,0.02619923663076535,0.003705131576705035
LEU  68,13.268500000000007,0.019644083074026528,0.0027780928703672074,-7.547139999999997,0.03781746157584942,0.005348196705508965,-33.81026,0.05095205982040653,0.0072057094028864154,-1.9794000000000005,0.04690159911982507,0.006632887757224263,0.126710352,0.0053041912035764185,0.0007501259137517841,-29.941589648,0.029314282107164812,0.004145665532718342
GLU  69,15.42552,0.018171670259180966,0.0025698622531505535,-6.165679999999998,0.015538906011243242,0.0021975331625541006,-5.281880000000001,0.3612971430830718,0.05109513197947328,-75.6003,0.35517501319555966,0.050229332067720345,0.397490544,0.002108322529806005,0.00029816183155084063,-71.22484945599999,0.029531779001612135,0.004176424238508486
VAL  70,10.91488,0.018303704543703347,0.0025885347207375317,-6.591819999999998,0.02914905830432839,0.00412229935843853,-26.296539999999997,0.022902585011430075,0.0032389146336567177,-2.03098,0.02281884309076373,0.0032270717376621664,0.0,0.0,0.0,-24.004459999999995,0.025333148249170684,0.0035826481831585408
ASN  71,18.44084,0.03273979841130985,0.00463010669426355,-4.066620000000001,0.020489890189842735,0.0028977080598011026,-89.66761999999999,0.07967129724009976,0.011267222908880721,-8.41864,0.07642323206978145,0.010807877127347138,0.34173072000000004,0.0037119694791845656,0.0005249517580577807,-83.37030928,0.04236797459328799,0.005991736428010659
GLY  72,6.123139999999999,0.006788254563465573,0.0009600041668494068,-1.2404000000000002,0.010107423014792756,0.0014294054708161872,-5.2399000000000004,0.02255504378182311,0.0031897648816173185,-6.460699999999999,0.022202927735109013,0.003139968152738091,0.5105651040000001,0.00312905926163524,0.0004425158045273699,-6.307294896000001,0.012955658483040415,0.0018322067936189794
VAL  73,10.724480000000002,0.007684373752546793,0.0010867345579195508,-2.38954,0.011345853868224806,0.0016045460417146763,-30.29882,0.042661312683761284,0.006033220698601455,-0.2455,0.03611163247486873,0.005106956040539206,0.5213816640000002,0.002115637708620686,0.0002991963540599312,-21.687998335999996,0.009169199951100326,0.00129672069269568
ASN  74,20.445660000000004,0.008240412610909856,0.0011653703273899006,-4.3911799999999985,0.02667559933744899,0.003772499436745111,-92.10268,0.1174026302894608,0.016603239201362977,-5.6630600000000015,0.11784522221957539,0.016665831152379473,0.594028368,0.0019177109969500308,0.00027120529005987624,-81.11723163199999,0.018624841106227755,0.002633950288947121
VAL  75,13.461699999999999,0.030324412607794272,0.004288519558094033,-6.3414600000000005,0.023101696907312785,0.0032670733080154327,-33.94244000000001,0.05410070608277179,0.007650995227621646,1.5054800000000004,0.031116709337576067,0.0044005672361621595,0.02361657599999999,0.000910713015293306,0.0001287942697657489,-25.293103423999995,0.044097603968666396,0.006236342960064563
GLU  76,15.306119999999996,0.019669916120319333,0.0027817462148096773,-6.023760000000001,0.050362509865853715,0.007122334448743913,9.25814,0.3281128470511497,0.046402163828858485,-88.71579999999999,0.3174363558335698,0.04489227996101262,0.49658745600000004,0.004332714068400996,0.0006127382997417398,-69.67871254399999,0.08085162829243678,0.011434146927111232
GLY  77,6.12348,0.01413540236420566,0.0019990477733060354,-3.6997800000000005,0.03179011796126355,0.004495801597025943,-12.617180000000001,0.16488149562649004,0.023317764729934236,-2.33868,0.15470157594542866,0.021878106682251656,0.04668336,0.007503463064798775,0.0010611499231004016,-12.48547664,0.030772231527295777,0.004351850717038663
ALA  78,7.083819999999999,0.02781703794446081,0.003933923232610348,-4.386559999999999,0.07070280333909217,0.009998886337994188,-11.504439999999999,0.24958687144966737,0.035296913859438984,1.6711799999999999,0.27754276715490256,0.03925047454490212,0.073584144,0.0020285856523363822,0.00028688533419695837,-7.062415856000001,0.05868420264201288,0.008299199527338562
THR  79,15.273540000000002,0.22754465144215114,0.032179673211494876,-6.894520000000003,0.09546606517493417,0.013500940411678571,-32.99045999999999,0.12606652371105617,0.0178284987593405,-3.9668800000000006,0.1931734598747913,0.027318852684546473,0.11043446400000001,0.005835802074428098,0.0008253070440981259,-28.46788553599999,0.1395180919132842,0.019730837778018255
HIE  80,30.970880000000008,0.08946767907788519,0.012652640514598884,-11.80156,0.2288114647477442,0.032358827667271314,-7.442800000000001,2.3214208924708126,0.32829849101084774,-7.72154,0.9506093248017371,0.1344364599652947,0.08321990400000001,0.02078163271115094,0.0029389666828366014,4.0881999040000006,1.2599159847856118,0.17817902731344662
LYS  81,11.54162,0.014102326049484765,0.0019943700760188744,-3.4813599999999996,0.03960492898615346,0.005600982770904154,-4.211040000000001,0.43808848238682363,0.06195506733108927,-37.32406,0.4312694011865773,0.060990703619458096,1.0967356799999999,0.004792927677793016,0.0006778223325408267,-32.37810431999999,0.060132550678217885,0.008504026870922318
GLN  82,20.693640000000002,0.08943953488246162,0.012648660324311873,-6.14364,0.06143704419972971,0.008688510113937304,-79.18172,1.6278853527195478,0.2302177543804494,-8.28508,0.9183762592750335,0.12987801612282224,0.5594434559999999,0.028216333906477237,0.003990392209098792,-72.35735654399997,0.7794321802703105,0.11022835602883041
VAL  83,13.287979999999997,0.03836377979323847,0.005425457768749273,-7.656319999999999,0.03734832794135635,0.005281851190662416,-26.640200000000004,0.10966622086921424,0.015509145688744612,-1.5414800000000002,0.0773814551426838,0.01094339033389487,0.0,0.0,0.0,-22.550020000000004,0.06478811310658171,0.009162422823588992
VAL  84,12.886079999999994,0.02333652930883248,0.003300283624726812,-6.55746,0.17367569893334744,0.024561452888616643,-33.521719999999995,0.15702395231457852,0.02220654029807031,-0.6404,0.12300178860488166,0.017395079764117204,0.05549544,0.007552463843806238,0.0010680796797243217,-27.778004559999996,0.24494181186274325,0.03464000323285305
ASP  85,14.431680000000002,0.027981736900742234,0.003957215182378536,-4.354159999999999,0.06383615276631867,0.009027795301184863,-56.48526,0.3641908735829446,0.051504367271350555,-25.130159999999997,0.414326313912369,0.058594589238292465,0.5099264639999999,0.0037249205782678534,0.000526783320054903,-71.02797353599998,0.052632035259417634,0.007443293807916735
LEU  86,12.589619999999998,0.027052460147824545,0.003825795603661113,-6.104240000000001,0.08345862687575621,0.011802832202473012,-31.742739999999998,0.08545286654159148,0.012084860280677675,-1.35214,0.09952447136257617,0.014074885718896792,0.335188368,0.008107534979794018,0.0011465785925838976,-26.274311632000003,0.06417029190609012,0.00907504971150331
ILE  87,14.440520000000006,0.058228597783355235,0.008234767270318891,-7.910799999999998,0.07174203788590552,0.0101458562970532,-8.552199999999997,0.21956875916221286,0.03105171170806332,-1.23546,0.10744304723899088,0.015194741458807403,0.0,0.0,0.0,-3.257940000000001,0.1284312127171289,0.01816291628565876
ARG  88,13.112220000000002,0.11055519707314683,0.015634865909167454,-4.367740000000001,0.3686948228548787,0.05214132188581152,-158.36812,1.9428145525514429,0.27475546893940667,-50.43260000000003,2.2223088264227777,0.3142819282108528,1.0715631840000004,0.08297687849970234,0.011734702693766351,-198.984676816,0.23855140713691866,0.03373626352962163
ALA  89,8.621659999999999,0.09405947267582208,0.013302018192780913,-1.3769799999999999,0.08445578488180286,0.01194385164007102,-7.403599999999999,0.18979367745001754,0.026840879270247947,-5.4333800000000005,0.08108708651811894,0.011467445748724435,0.39038904,0.009632071977470682,0.0013621806824292875,-5.2019109599999975,0.14700150119846536,0.02078915166840745
GLY  90,7.523579999999999,0.19070826830533139,0.02697022194940867,-0.7954599999999998,0.018810858566272317,0.0026602571304304426,-15.632259999999995,0.46512234132555424,0.06577823232653267,-0.16965999999999998,0.35743293692663525,0.05054865070404946,0.47554963200000006,0.005167580027405523,0.000730806175940522,-8.598250368000004,0.0973353137071555,0.013765292074249912
GLU  91,15.660240000000003,0.07182160120601185,0.010157108249689378,-1.0197,0.0779772402691966,0.011027647074512328,-6.077880000000001,1.821291867219527,0.2575695659661673,-69.47067999999999,1.4257307942251431,0.2016287825486162,0.9488080800000002,0.006569814099252726,0.0009291120201433184,-59.95921191999999,0.28650960430303607,0.040518576815550246
LYS  92,10.751019999999999,0.07718043534454229,0.010914961841411148,-3.2257600000000006,0.18388785277989086,0.02600566953569887,16.359280000000002,1.124030373966756,0.15896189993830884,-58.95686,1.1559682350302987,0.16347859556523378,1.2418201440000005,0.03226679136414568,0.004563213396143788,-33.830499856,0.10585199235166443,0.014969732318793696
GLU  93,15.063920000000001,0.033064083232666144,0.00467596749350693,-4.2423399999999996,0.023185866384501517,0.0032789766696332484,-31.394759999999998,0.5526903494723574,0.07816221880165333,-51.71412,0.5445974895280489,0.07701771557249062,0.5211167040000001,0.010026504756668735,0.0014179619010079273,-71.766183296,0.04538005804693514,0.006417709355125398
LEU  94,12.959900000000003,0.03950202526376766,0.005586429986922485,-8.231699999999996,0.03391474605608077,0.0047962693836948855,-32.33559999999999,0.034919908366276946,0.004938420800841456,0.29938,0.02072186285062246,0.0029305139480985485,0.0,0.0,0.0,-27.30802000000001,0.07337478858099457,0.010376762114750101
ILE  95,13.156940000000002,0.050972310129266354,0.007208573229029597,-5.028340000000001,0.041580577196442016,0.005880381620250974,-12.570659999999998,0.0425871389037083,0.006022730942029114,-0.8924200000000002,0.02001608353299431,0.0028307016797953326,0.37297310399999994,0.0047220196869170545,0.0006677944283030855,-4.961506896000001,0.06058791775385984,0.00856842550034542
LEU  96,11.581299999999999,0.012563836995541214,0.0017767948674539222,-8.134179999999999,0.015516043310626705,0.0021942998884256623,-35.01610000000001,0.044604147780941295,0.006307979072990097,0.6559599999999999,0.0376844583349718,0.005329387206800094,0.000381024,0.0006109976846306373,8.640812121832064e-05,-30.912638975999997,0.02148283928149882,0.0030381322670177107
THR  97,16.244040000000002,0.011875958905764348,0.0016795142150717482,-5.31274,0.00777382788556742,0.0010993852827323606,-44.88805999999999,0.056563030337590935,0.007999220463234192,2.25862,0.05911578131090667,0.008360233968016615,0.13149864,0.002466534318755145,0.00034882062856422087,-31.56664136,0.012156292980464427,0.0017191594401153646
VAL  98,11.87272,0.005996799152586467,0.0008480754692415264,-6.632619999999999,0.014185753417302261,0.0020061684875229335,-27.3755,0.03302135672845769,0.004669925053334492,-1.0872,0.037140274635495504,0.00525242800997792,7.660800000000001e-05,0.0002597903676736303,3.6739906133794085e-05,-23.222523392,0.009507950173135717,0.0013446272085216148
LEU  99,11.563439999999998,0.013742139572195543,0.001943432015902294,-8.66236,0.029393713613735283,0.004156898844105511,-33.68120000000001,0.1417640292844868,0.020048461287077785,0.13114,0.10259298416558509,0.014508838961129861,0.0,0.0,0.0,-30.648979999999998,0.05787520712885715,0.008184790284678181
SER 100,11.9899,0.008614522622187438,0.0012182774725667312,-4.8776199999999985,0.006105374683158912,0.0008634303680292671,0.29816,0.1628673521611989,0.02303292182941625,-11.266639999999997,0.1382303526728391,0.019548723948154503,0.265341168,0.002407216352013242,0.00034043180125834134,-3.5908588320000003,0.03706517661846992,0.005241807546559429
VAL 101,7.89118,0.005387726793381412,0.0007619396301560898,-2.0578999999999996,0.008360023923504717,0.0011822859214383904,-59.71759999999999,0.5643482612723324,0.07981089649930073,-50.834980000000016,0.5509966783920179,0.07792269754045182,1.0248691679999995,0.0041766823082448855,0.0005906720766043681,-103.694430832,0.014317010447521995,0.00202473103475229
GLU 102,9.12484,0.21522400981295273,0.030437271362579784,0.38764,0.24754545118018237,0.03500821343627808,-75.10363999999998,2.9613216087418954,0.41879411816313006,-89.42162000000003,2.637127807974651,0.37294619117489825,1.7209560959999992,0.03790906570648293,0.005361151485900096,-153.29182390399998,0.498345567903587,0.07047670608777748
ALA 103,6.53426,0.04328686174796503,0.006121686695654128,-1.7629599999999999,0.06410739738906412,0.009066155083605603,-2.644460000000001,0.03374208647953308,0.004771851632212152,-2.4661200000000005,0.06989610575700773,0.00988480207186245,0.383976,0.01244763062177008,0.0017603608044717888,0.044695999999999944,0.09211161900702866,0.013026550085188328
ALA 104,6.973780000000001,0.010346574311471905,0.0014632265715384635,-2.3039000000000005,0.03562035934683064,0.005037479528489113,-1.85372,0.07069230226835369,0.009997401262328409,-4.5156800000000015,0.05606155188709482,0.007928300700641247,0.5701631040000001,0.013578661740837503,0.0019203127592769056,-1.129356896,0.058505388630724464,0.008273911407347921
SER 105,9.938900000000004,0.06640579793904175,0.009391198006560016,-3.1181600000000005,0.05061595005526587,0.00715817630405562,-13.285700000000004,0.2094292481958577,0.0296177683156183,-5.5582600000000015,0.13647443863224762,0.019300400203097923,0.4110989759999999,0.00357759178189036,0.0005059478818583875,-11.612121023999999,0.06534243246503385,0.00924081541904989
GLU 106,14.845980000000004,0.08563141713081676,0.012110111147162884,-3.3565399999999994,0.202720320639051,0.028668982681636836,-84.41278,2.174371074955178,0.3075025063833378,0.8835199999999999,1.780973478073158,0.2518676846917842,0.5169693599999998,0.013636474304458798,0.001928488690431785,-71.52285064000002,0.3548677528923376,0.05018587889892079
SER 107,11.174000000000001,0.6781719545955404,0.0959079975810084,-3.764679999999999,0.10959697806056755,0.015499353276836117,-4.58294,0.8837725818331376,0.12498431712819091,-7.671200000000003,0.6577938582868784,0.09302609956350291,0.29934792,0.03215525069498929,0.004547439163436075,-4.5454720800000015,0.4969467191400321,0.07027887899846466
LYS 108,9.98994,0.11754716670345396,0.016623679737055568,-4.3143,0.14733258295433926,0.020835973699348566,32.054379999999995,1.3675162286425315,0.19339599973115745,-61.80098000000001,0.9962372105073505,0.1408892174440235,0.9377519039999999,0.03022951564903337,0.004275099101483271,-23.133208096000008,0.5549914015114246,0.07848763670179085
VAL 109,10.006039999999999,0.04719913558541905,0.006674965767718619,-7.643099999999999,0.159319584483528,0.02253119171282514,-103.02432,2.074724448595893,0.29341034533913535,-6.9918,2.213997660342029,0.31310655183179986,0.08587252799999998,0.00862705656202738,0.0012200500393378928,-107.56730747199998,0.41294922230181574,0.058399839075065


