#Frame       SA_00001
       1    5941.1156
       2    5950.1154
       3    5942.5444
       4    5938.4491
       5    5962.5936
       6    5951.1282
       7    6008.1210
       8    6013.5870
       9    6028.2151
      10    5952.8013
      11    5974.8365
      12    5964.4920
      13    5999.9789
      14    5908.0721
      15    5976.2886
      16    5958.6440
      17    5928.8657
      18    5923.2071
      19    5921.0281
      20    5922.2563
      21    5984.3852
      22    5976.6278
      23    5938.8180
      24    6023.1531
      25    5967.3017
      26    5957.5815
      27    5939.6802
      28    5832.5663
      29    5935.8297
      30    6020.6371
      31    5921.5785
      32    5980.6363
      33    5745.7246
      34    5997.1860
      35    5935.6381
      36    5969.6248
      37    5967.6162
      38    5909.5473
      39    5953.6345
      40    5899.0912
      41    6001.3853
      42    6017.2849
      43    6011.6464
      44    5902.9670
      45    5994.0554
      46    5941.9591
      47    5922.6998
      48    5954.4365
      49    6010.0477
      50    5957.6355
