| Run on Mon Jun 20 15:45:52 2016
| GB non-polar solvation energies calculated with gbsa=2
idecomp = 2: Per-residue decomp adding 1-4 interactions to EEL and VDW.
Energy Decomposition Analysis (All units kcal/mol): Generalized Born Solvent

Total Energy Decomposition:
Residue,Internal,,,van der Waals,,,Electrostatic,,,Polar Solvation,,,Non-Polar Solv.,,,TOTAL,,
,Avg.,Std. Dev.,Std. Err. of Mean,Avg.,Std. Dev.,Std. Err. of Mean,Avg.,Std. Dev.,Std. Err. of Mean,Avg.,Std. Dev.,Std. Err. of Mean,Avg.,Std. Dev.,Std. Err. of Mean,Avg.,Std. Dev.,Std. Err. of Mean
ARG   1,7.783199999999998,0.026667583318274745,0.0037713658004418647,-1.9751599999999998,0.05524141924316404,0.007812316429842065,-283.8061399999999,0.6414700619828334,0.0907175661512433,-21.149939999999997,0.6246217226450427,0.08833485115174651,1.5560305920000002,0.009106205544470374,0.0012878119382747077,-297.59200940799997,0.018455079189266796,0.0026099423284130564
MET   2,9.77814,0.030624833060573394,0.004331005425967483,-4.21744,0.04206668991014564,0.005949128339507139,-4.472820000000001,0.05655711803117438,0.007998384336842272,-3.7350600000000007,0.050237201355121434,0.007104613149208076,0.5336902080000001,0.008350636700309355,0.0011809583676028002,-2.1134897919999998,0.0352528847072393,0.00498551076657529
LEU   3,12.238759999999996,0.02536419523820522,0.0035870388904548894,0.50726,0.017702892419035526,0.002503567055223189,-15.275280000000002,0.040936067225593994,0.005789234146065178,-6.83732,0.047639244326392646,0.006737206542759,1.2157100639999998,0.0030124820271279834,0.0004260292939169588,-8.150869936,0.017437432443226986,0.0024660253454176218
PRO   4,18.31714,0.024884541390717198,0.00351920559281869,-4.573599999999999,0.01898947076672987,0.0026855167100596797,-0.63072,0.03432435869757809,0.004854197358987384,-4.229959999999999,0.035997755485695344,0.005090851402286083,0.451954944,0.0038000956768960486,0.0005374146844581758,9.334814944000001,0.018876892101392307,0.0026695956825242553
ARG   5,12.89936,0.03736670175428495,0.00528444964020603,-5.08644,0.04467623977026002,0.006318174419893397,-248.398,0.47643711021034446,0.06737838228773141,40.67137999999999,0.44196492575869967,0.06250327921011711,0.6591949919999999,0.0041262576255197345,0.0005835409495855412,-199.25450500800005,0.07008188681786333,0.009911075481451854
LEU   6,12.39912,0.010828924232776682,0.0015314411515903446,-3.5064599999999984,0.03325069021852789,0.004702357706530855,-31.39168,0.05741304381235941,0.008119430521655938,-6.0023599999999995,0.05447045437673332,0.007703285532820117,0.8712367199999999,0.004214694338281642,0.0005960477894454996,-27.630143280000006,0.03878097414527152,0.005484457959828333
CYS   7,10.63866,0.017018354797013246,0.0024067588163213353,-5.481599999999999,0.04291340117054217,0.006068871394293818,-4.905260000000001,0.07803404641560771,0.011035680676780403,-0.9681599999999997,0.08721797062532735,0.012334483694099615,0.043429536,0.0015719700096071163,0.00022231013072301483,-0.6729304640000001,0.03602142256534279,0.005094198432788002
CYS   8,10.023200000000001,0.0225884926458409,0.0031944952653313115,-4.113760000000001,0.054439162374120095,0.007698860175371173,4.21744,0.06692747119082512,0.009464973745339948,-7.284739999999999,0.07484752768133841,0.010585038875704444,0.6255983519999999,0.013795982027861418,0.001951046489005709,3.4677383519999996,0.053733342177412755,0.0075990421258931365
LEU   9,13.487299999999994,0.1866314282220403,0.02639366969566702,-7.471400000000002,0.16685550635202145,0.023596932003965884,-33.971700000000006,0.3346101164034748,0.04732101647250341,0.5660200000000001,0.09905584081718717,0.01400861135159365,0.015972048000000006,0.003234025086002874,0.00045736021376800793,-27.373807951999996,0.2976012165052114,0.04208716765604017
GLU  10,15.760420000000002,0.08791497938378305,0.012433055618029704,-3.87724,0.28226119534926736,0.039917761059457546,10.362120000000003,1.7303700371885684,0.24471127745161103,-84.30014000000001,2.067384986013939,0.2923723885867424,0.966067056,0.05317635073744841,0.0075202716410408075,-61.08877294399999,0.16172573733607676,0.022871473112546857
LYS  11,10.055919999999999,0.3718966974847355,0.0525941353384677,-6.527420000000001,0.5590196808700029,0.07905732143198374,-10.82852,2.975223300796092,0.420760114307428,-27.588859999999997,2.7472878553948767,0.3885251744842329,0.733181616,0.0738046747844053,0.010437557204664157,-34.155698384000004,0.6040360570426461,0.08542359840320785
GLY  12,6.69428,0.09294730550162204,0.013144734002642927,-1.5524799999999999,0.10792761277819725,0.01526326937454783,-4.349319999999999,0.20954278226655632,0.02963382445787564,-2.76822,0.26774161350077924,0.037864382102445734,0.15474110400000002,0.009415440378801942,0.0013315443479416976,-1.820998896,0.14250984664733435,0.020153935790037016
PRO  13,18.39474,0.04126248174822063,0.005835396130550591,-1.05194,0.032614972022058854,0.004612453577001467,-5.3736,0.12418067482500558,0.017561799452216607,-5.420340000000001,0.13128710675458627,0.018566800693706028,1.179359136,0.004721158674977571,0.0006676726628268672,7.728219135999999,0.0395565299962282,0.005594138120108407
ASN  14,18.555040000000005,0.043819155625896986,0.006196964417788082,-1.5843200000000002,0.23701387638701646,0.03351882384571389,-86.8882,0.7897225082268687,0.11168362816457358,-10.480160000000001,0.823312416036574,0.1164339584829083,0.671774832,0.02596301432519123,0.003671724697877239,-79.72586516800001,0.17893681631569602,0.02530548724415206
GLY  15,5.320159999999999,0.17379992635214983,0.024579021298665536,-3.3176599999999996,0.049774535658322384,0.007039182338882274,-11.360459999999998,0.556563498982876,0.07870996485834075,-0.7359199999999998,0.36341397001216147,0.0513944965147048,0.07094836799999998,0.004881886167187653,0.0006904029627598385,-10.022931632,0.14331153540535466,0.020267311701476453
TYR  16,9.802720000000003,0.19144179689904317,0.027073958557970238,-11.82564,0.22803971233104334,0.03224968539382206,-32.47360000000001,0.9426779301539893,0.13331479137735688,0.9839999999999999,0.7313830733616961,0.10343318616382269,0.014384015999999998,0.008255753125750791,0.001167539803804084,-33.49813598399999,1.5735964043596122,0.22254013767469005
GLY  17,7.17856,0.0893622202051759,0.012637726377793077,-4.12302,0.11321368998490412,0.016010833582295443,-16.39548,0.6455430966248072,0.09129358023431278,1.1854599999999997,0.43865331230939164,0.06203494634478226,0.015456384,0.005961408003864852,0.0008430704049905193,-12.139023616,0.20519728731645082,0.02901927866850934
PHE  18,9.859679999999999,0.05943515458098571,0.008405400169017137,-10.013159999999997,0.0990741863455475,0.014011205801095258,-4.7546599999999986,0.3065222739052076,0.04334879569261852,-2.02516,0.33010442953707847,0.04668381612507701,0.0039530880000000004,0.001178038785208706,0.00016659984270436774,-6.929346911999999,0.194102364818646,0.027450219681521948
HIE  19,29.581300000000002,0.2058488037374085,0.029111417004372052,-9.955779999999999,0.2296500198128024,0.032477417261851514,-27.39358,2.1864961567769403,0.3092172518990598,0.43582,1.6555210139409282,0.23412602707089183,0.17858419199999992,0.018690996854613173,0.002643306124606681,-7.153655807999999,0.47753431821344644,0.06753355093160453
LEU  20,11.51696,0.1066376968993122,0.015080847721523865,-9.362640000000003,0.3433055059272342,0.04855073025196516,-31.67286000000001,1.0344559344890367,0.14629416122317296,-0.6252599999999999,0.38524666435934285,0.05448210575959783,0.0,0.0,0.0,-30.143800000000002,0.5491874361272086,0.07766683204560061
HIE  21,28.574720000000006,0.17503634365334703,0.02475387711027612,-10.268300000000002,0.4749045061904389,0.06716163934866161,-17.065080000000005,3.2709306922647845,0.46257945465832745,-8.57914,1.3377568539910307,0.189187388607168,0.32792256,0.04936709097617182,0.006981560959340862,-7.009877440000001,1.951017080218275,0.2759154815266241
GLY  22,5.38514,0.40259930501678837,0.05693613973567245,-2.7939599999999998,0.40732910330591754,0.05760503422445001,-10.238320000000002,5.082748679366307,0.7188092116493768,-4.289180000000002,3.5689159513219106,0.5047209341329123,0.06950419199999996,0.02176753325633249,0.0030783940750512785,-11.866815807999998,0.995965799522748,0.14085083413448332
GLU  23,15.539640000000002,0.30426092486546275,0.043028992644491865,-4.993259999999999,0.2520673568711575,0.035647707471872986,-7.032779999999999,1.7865467840501805,0.25265586918178023,-64.30509999999998,1.9852381746286012,0.28075507511005743,0.567498096,0.03140298708355436,0.00444105302325897,-60.224001904000005,0.39244172578970254,0.05549964110529006
LYS  24,9.61258,0.06694537773453398,0.009467506113036777,-1.2553800000000002,0.16058130526309433,0.022709625976664205,27.05392,1.05322413265177,0.14894838526147727,-64.06645999999999,1.0329082478126765,0.1460752852743717,1.5490607039999995,0.05720596752707607,0.008090145512546583,-27.106279296000007,0.1869874982319292,0.02644402559938094
GLY  25,6.40716,0.017835201148511087,0.002522278335187658,-1.1962400000000004,0.010410686816872187,0.0014722934490039431,-5.3525599999999995,0.12959662958579274,0.01832773111980704,-5.790080000000001,0.13829415605870557,0.019557747109516275,0.631824336,0.004820267427832779,0.000681688757070639,-5.299895664000001,0.020361763526214674,0.0028795882132606606
LYS  26,9.758320000000003,0.060055121346495474,0.008493076709817587,-4.508460000000001,0.11295719720314736,0.015974560025234324,-0.6506599999999999,1.1901837775738668,0.16831740399614056,-35.82354,1.2004899701372078,0.1697749197260911,0.8920180800000002,0.019573097806602754,0.0027680540375752695,-30.332321920000005,0.09767521513407917,0.013813361395032454
LEU  27,11.07862,0.05155885568927325,0.007291523297620744,-2.6798400000000004,0.0269431698208927,0.0038103396174027928,-26.75896,0.1431442573069609,0.02024365500593281,-7.2495,0.059653415660912534,0.008436266946954209,0.8774490240000001,0.0060113558180960956,0.000850134092620191,-24.732230976,0.16120175532332626,0.022797370865659725
GLY  28,4.99188,0.02852061710388324,0.004033424351556174,-3.5586799999999994,0.05589756345325271,0.007905109233920064,-6.52882,0.46720349699033425,0.06607255218318682,-3.785860000000001,0.3521868259886989,0.04980673858023511,0.007463087999999999,0.0021951897726292385,0.000310446714843498,-8.874016912000002,0.15396309905493916,0.02177367027884872
GLN  29,18.996920000000003,0.06623287401169581,0.00936674287022887,-8.9538,0.19675822727400924,0.027825815351939166,-79.01782000000001,0.32693434753583145,0.04623549882907717,-3.495739999999999,0.43609209165038243,0.06167273504556216,0.09570441600000003,0.008456771460346868,0.0011959680893112265,-72.37473558399998,0.31602666000137836,0.04469291886454202
TYR  30,8.90526,0.06916814584762772,0.009781852994191539,-8.7276,0.20711446110787052,0.02929040798623454,-25.498920000000002,0.5056715867043288,0.07151276160239842,-3.4134800000000003,0.1542804252003467,0.021818546972701813,0.214274592,0.015724140497818277,0.0022237292748674637,-28.520465407999996,0.48902849952007493,0.06915907364082545
ILE  31,12.673839999999998,0.06040475477998948,0.008542522344168217,-8.58016,0.16682689950967045,0.023592886385522937,-6.96162,0.4105844561110426,0.05806541063318173,-0.5743,0.34393704365770217,0.04864004317432297,0.0004989600000000002,0.0005863475065181058,8.292205959815519e-05,-3.4417410399999993,0.2622338707798984,0.037085469657052596
ARG  32,16.999660000000002,1.7523162227177742,0.24781493677338692,-7.3231399999999995,0.39480967617323914,0.055834519860032454,-218.08252000000002,6.882373370398272,0.9733145761732666,10.4623,5.928214956460333,0.8383761992089229,0.721284336,0.0677094171405475,0.009575557602053957,-197.222415664,1.043244671524419,0.1475370763343298
LEU  33,11.711040000000002,0.03055418792887093,0.004321014695630558,-5.355839999999998,0.21603530822536407,0.03055200628437617,-34.991620000000005,0.15977219908215498,0.022595201083215773,-0.49732,0.14180937063537116,0.02005487352241348,0.5660945279999998,0.02417837837479989,0.0034193390613830353,-28.567645472000002,0.30201044492211,0.042710726718718055
VAL  34,11.16956,0.041434362550876715,0.005859703746773371,-6.401100000000001,0.038030645537330314,0.005378345470469635,-29.15376,0.1702651532170091,0.02407912888790273,-2.9963200000000008,0.12899851782093646,0.018243145342839575,0.11444198399999998,0.005114302880954987,0.0007232716496330335,-27.267178015999992,0.10653920447597774,0.015066918789436806
GLU  35,16.9457,0.03732947896995939,0.00527918554356378,-4.14306,0.1338558045061651,0.018930069413498035,9.910319999999999,2.0922442824871132,0.29588802400908404,-80.16842,2.126352925457446,0.3007117145573627,0.39993148799999995,0.008103233909315763,0.0011459703293635907,-57.05552851200001,0.07172015610986257,0.010142761746608324
PRO  36,17.850419999999996,0.011357975177665118,0.0016062602537350974,-1.6364799999999995,0.016916548111290515,0.0023923611767524013,-7.875679999999997,0.08234207672887678,0.011644928166394355,-2.7100400000000002,0.0806181021855388,0.011401121348356903,0.976255344,0.00527242495326038,0.000745633487549516,6.604475344000001,0.019104800274408158,0.0027018267654497245
GLY  37,6.220419999999998,0.0075765163510270695,0.0010714812179163995,-1.5923199999999997,0.03582202674335298,0.00506599960521415,-19.65174,0.37737640678775397,0.053369083259886776,3.98318,0.23344641269464955,0.033014308292012004,0.31325414399999996,0.005836876226345148,0.0008254589521190399,-10.727205855999998,0.1577096246415938,0.0223035090084912
SER  38,12.568780000000002,0.009853506988313093,0.0013934963219810446,-4.80268,0.06322829746252114,0.008941831579725773,-6.537580000000003,0.24140042170624715,0.034139175033955915,-1.1888,0.18960400839644623,0.026814056015455643,0.005447663999999998,0.0024940845270166804,0.0003527168163811875,0.045167663999999955,0.07830758194113711,0.011074364441779855
PRO  39,19.41348,0.01773611005650552,0.0025082647385651943,-7.821019999999999,0.044352898439686504,0.006272447050396114,-8.28816,0.14588562095013874,0.020631342370290674,-1.20396,0.09375797779389397,0.013259380377680033,0.126922896,0.006455635746631145,0.0009129647626626326,2.2272628959999996,0.034240885964210425,0.004842392531825694
ALA  40,9.542939999999996,0.026983261479689827,0.0038160094341636863,-7.07528,0.028101985694970882,0.003974220929944252,-8.31974,0.12713187011912824,0.017979161493232598,-0.8013000000000001,0.09139108271598503,0.012924650865690739,0.0,0.0,0.0,-6.653380000000001,0.058796901278743575,0.008315137521391113
GLU  41,17.49996,0.022227874391884398,0.0031434961427728525,-5.962179999999998,0.03319137839888808,0.004693969748556491,18.994520000000005,0.4846975238226605,0.06854658118386628,-93.99328000000001,0.4740766199657242,0.06704455855595227,0.576815472,0.006675562432366448,0.0009440670928320957,-62.884164528,0.04261072506579478,0.006026066529059817
LYS  42,11.385040000000002,0.18353734878761144,0.025956100785744122,-3.6977200000000003,0.04395135492790098,0.006215660222371113,-27.451960000000014,1.3533041337404395,0.19138610599513023,-15.71418,1.2998944986421086,0.18383284296338448,1.3181351039999996,0.010083485579815404,0.0014260202062968475,-34.160684896,0.1361602117352805,0.019255961809162593
ALA  43,7.328520000000002,0.013682455918340376,0.0019349914726288979,-3.953460000000001,0.03375097628204712,0.004773108840140369,-8.723780000000003,0.08832469416841063,0.012490998038542213,-2.82884,0.059406518160865535,0.00840135036764596,0.17117380799999998,0.0042683174084340424,0.0006036312367520604,-8.006386191999999,0.03749468034878055,0.005302548546608942
GLY  44,6.193160000000001,0.028357968897566713,0.004010422421629325,-2.0940599999999994,0.020002409854902266,0.0028287679296948036,-11.580140000000002,0.054472749150247954,0.007703610062802814,-1.2443400000000002,0.04030166745928328,0.005699516470716885,0.27178776000000004,0.003088394574790495,0.0004367649493628206,-8.453592239999999,0.024236366036992436,0.0034275397552153363
LEU  45,10.309240000000003,0.016364058174262223,0.0023142273005503943,-7.533899999999999,0.029389283761365428,0.004156272368375435,-27.80328,0.09142429436575385,0.012929347702243922,-1.6664400000000001,0.08852302751262009,0.012519046609067396,0.004472352,0.0005104497570731105,7.218849693628446e-05,-26.68990764800001,0.04968411780696147,0.007026395323714751
LEU  46,10.777119999999998,0.018035121293023815,0.002550551313163807,-3.50188,0.01736276475674299,0.0024554657399279527,-31.466820000000006,0.12964377192817594,0.018334398053803075,-0.6810999999999998,0.1037125354043586,0.014667167415694371,0.865779696,0.005249395855547641,0.000742376681318059,-24.006900304000002,0.020683559442686208,0.0029250970281996928
ALA  47,6.9931600000000005,0.01154012131675776,0.0016320196077589683,-3.4434599999999995,0.021267073141444576,0.0030076183268611502,2.6428200000000004,0.194127761023497,0.027453811247255253,-8.349519999999998,0.18114306390262724,0.025617497770091167,0.41096966399999985,0.0048097697876767365,0.0006802041665624802,-1.7460303359999998,0.06987429831784019,0.009881718034239312
GLY  48,6.141680000000001,0.01786330316574682,0.0025262525605781396,-2.60126,0.03653645302982805,0.0051670347395790395,-11.344320000000003,0.22319905376137375,0.03156511289381763,-2.68186,0.19653600280863917,0.02779438806665742,0.213770736,0.005509193449998391,0.0007791176094724746,-10.271989264000002,0.08522097400944387,0.012052065724280055
ASP  49,12.09914,0.04438018026136119,0.006276305282617972,-8.463259999999998,0.04449126206388966,0.006292014621784834,24.614000000000004,1.0979334223895256,0.1552712336525975,-90.19949999999999,1.0069323363585307,0.14240173664702613,0.014591663999999994,0.001597081979832053,0.0002258614996100163,-61.935028336,0.12727571620079825,0.017999504401191795
ARG  50,13.246100000000004,0.035806842919345286,0.005063852288230113,-8.691220000000001,0.05003010693542235,0.007075325575505053,-201.69015999999996,0.9435438380995664,0.13343724925339706,-3.38662,0.8938733666465286,0.1264127838155619,0.431282592,0.004462143119344588,0.0006310423316626904,-200.09061740800007,0.0690895818319036,0.009770742364536384
LEU  51,12.823539999999996,0.020051144608341048,0.002835660064622007,-8.80566,0.04962040306166752,0.007017384698022965,-32.86866,0.05360657049385672,0.007581113902472156,-0.6319000000000001,0.05085361344093387,0.00719178698238474,0.0,0.0,0.0,-29.482680000000002,0.028227249244842562,0.003991935871054206
VAL  52,12.569039999999998,0.01968955052928807,0.0027845229395549536,-6.483300000000001,0.02409419017123597,0.0034074330514558436,-32.33801999999999,0.030451594380831087,0.004306505776925565,-0.4249000000000001,0.030192879955378487,0.004269918031999902,0.060166512,0.0024673076189757163,0.00034892998973019265,-26.617013487999998,0.02358388702874083,0.0033352652889520194
GLU  53,15.466779999999998,0.016581061485600335,0.0023449162031478174,-7.887919999999999,0.02916699504580469,0.0041248359967445865,2.2258800000000005,0.40572979382835417,0.05737885770908981,-79.28378000000002,0.4058215021384252,0.05739182722267829,0.32263948800000003,0.003931202363072343,0.0005559559698290067,-69.15640051199999,0.02227781766081046,0.003150559187599301
VAL  54,11.350279999999996,0.029440815207692,0.0041635600154038095,-6.824940000000002,0.06317385851742567,0.008934132750278245,-25.712799999999998,0.05939057164455339,0.008399095189681838,-2.4355600000000006,0.052404259368815834,0.007411081432549668,0.0014024160000000005,0.00072336503408998,0.00010229926417565259,-23.621617584000006,0.04469982024123622,0.006321509202079565
ASN  55,17.378379999999996,0.05126046819967036,0.0072493249341568575,-4.552499999999999,0.07580006596308868,0.010719748131377523,-89.6805,0.24402272435122985,0.034510024630474055,-7.407420000000001,0.1545701251859403,0.02185951673756639,0.407515824,0.006740582641239465,0.000953262338953751,-83.85452417600001,0.11970553196744972,0.016928918679945348
GLY  56,6.077219999999999,0.012876785313615503,0.0018210524430281733,-2.0821199999999993,0.0155005032177098,0.0021921021874093,-8.08082,0.05209517827986686,0.007367370765763199,-6.44414,0.05916316759616147,0.008366935400744397,0.33550387199999987,0.00256879232817797,0.0003632820949429243,-10.194356127999999,0.03731069672226407,0.0052765293326215235
GLU  57,13.846539999999997,0.013410756878405351,0.001896567425912912,-3.3728599999999993,0.03346760224460862,0.004733033699443374,-0.8963800000000001,0.524622526775204,0.07419282924919357,-79.92524,0.5158396091805018,0.07295073713123025,0.7122988800000001,0.003956261304179694,0.0005594998392662793,-69.63564112,0.0395807423112234,0.005597562258532674
ASN  58,20.360540000000004,0.009687538378891716,0.001370024816143853,-4.93248,0.024001866594061134,0.003394376525959098,-92.49086000000001,0.06657927902192648,0.009415731936583092,-4.322720000000001,0.06914478722210902,0.009778549585690846,0.5720931360000001,0.003150390878945708,0.0004455325507781516,-80.81342686400001,0.009505711852729937,0.0013443106622141358
VAL  59,12.853079999999995,0.037928796449575565,0.005363941834347826,-6.629940000000001,0.04058147853367855,0.005739087732348083,-31.373419999999992,0.14505462281564788,0.0205138214870803,0.08164000000000002,0.08607386595244805,0.01217268285958358,0.0,0.0,0.0,-25.06864000000001,0.05581711564974384,0.007893732196441527
GLU  60,16.72424000000001,0.04704404744275515,0.006653032992246765,-5.205200000000001,0.022500666656390084,0.0031820747947902935,-31.97164000000001,0.6438898899651017,0.09105978150635666,-46.300920000000005,0.595250496513128,0.08418113251781843,0.38611238400000003,0.0027903993772457844,0.00039462206437384265,-66.36740761600002,0.023336873597483414,0.0033003323144947644
LYS  61,9.490480000000002,0.02632659491747553,0.003723142758339649,-1.7892400000000004,0.09097132735097324,0.012865288492682883,1.4998000000000002,0.579574326553549,0.0819641873015282,-43.96598000000001,0.5750358072321413,0.0813223437437855,1.3371615359999995,0.010822252784185296,0.0015304976662824832,-33.42777846399999,0.1307998304407222,0.01849788941653705
GLU  62,15.738800000000008,0.031571506136202535,0.0044648852162363015,-4.563960000000002,0.06759643777587361,0.009559579907074947,-39.248700000000014,0.8087944176357162,0.11438080345920791,-47.45762000000001,0.8129912887588338,0.11497433066539238,0.29913048,0.005638576145377462,0.0007974150857266215,-75.23234952,0.0710327891815301,0.010045553383370872
THR  63,14.660440000000003,0.030655609598452205,0.004335357885694594,-3.8978999999999995,0.05338960572997491,0.007550430451308282,-27.928939999999994,0.20367262064414426,0.028803658239901924,-7.80882,0.1655255496895085,0.023408847729016455,0.5502693600000002,0.0075494183659250815,0.001067648984111978,-24.424950640000002,0.0743795578091507,0.010518857941701458
HIE  64,30.904179999999997,0.10657029417297786,0.01507131553655157,-10.983920000000005,0.38919464744507387,0.05504043488198387,-13.191179999999997,2.0796312239433483,0.29410426816352425,-7.71086,1.0462248899734568,0.14795854286927615,0.11084875200000001,0.02705297147208964,0.0038258679158321603,-0.8709312479999993,1.0039433575289949,0.14197903120718855
GLN  65,21.10692,0.025914351236335283,0.0036648426978525338,-4.21154,0.06030661986879296,0.008528643971932577,-74.53344,0.17790774687902092,0.025159954848755106,-11.288519999999998,0.18717053614295073,0.02646991106900045,0.759476304,0.02444252830072204,0.0034566955021569307,-68.167103696,0.10479186330231469,0.014819807430848085
GLN  66,20.94926,0.017360656672598833,0.002455167611809224,-6.258840000000001,0.03250683620375392,0.004597160862918953,-73.652,0.0964848174599717,0.013645013741498437,-10.53714,0.07309911353752604,0.010337775776222004,0.6850379519999998,0.0035722335033915907,0.0005051901068459943,-68.813682048,0.040918732112207895,0.005786782590819588
VAL  67,12.643739999999998,0.023217071307519585,0.0032833897121677443,-7.13444,0.04775778889333557,0.006753971276190632,-28.638240000000007,0.2668775419546775,0.03774218393250996,-0.17906000000000002,0.14640060245777678,0.02070417175353798,0.0,0.0,0.0,-23.308000000000003,0.15508101108729005,0.02193176691461779
VAL  68,13.024599999999998,0.07915326904234588,0.011193962658585199,-5.6549000000000005,0.12938133559365833,0.018297283951449646,-31.661099999999998,0.34746506299237145,0.04913898045346335,-1.41316,0.25872273653469113,0.036588920290164126,0.06110078399999999,0.021071508303748553,0.0029799612822818495,-25.643459216000007,0.20593047454924984,0.029122967001347658
SER  69,14.608200000000004,0.04349758613928447,0.006151487624866805,-4.275779999999999,0.0322659510940676,0.00456309456400974,-7.793199999999998,0.2857215427650511,0.04040712808404995,-5.107979999999999,0.23914677417855934,0.03382046114410945,0.39941985599999996,0.005413565710408344,0.0007655938048457419,-2.169340144,0.10100835186666024,0.014284738112278464
ARG  70,14.178100000000002,0.07192808908856257,0.010172167910462541,-7.176800000000002,0.16598072177211814,0.023473218782260472,-212.42726,0.8855885457779241,0.12524113321214067,3.5003999999999995,0.7704494792002937,0.10895801026083432,0.6779878559999999,0.009684308389569334,0.0013695680266732498,-201.247572144,0.17083874353882017,0.024160246809137843
ILE  71,13.873539999999998,0.07529653644155386,0.010648538303536546,-7.7696400000000025,0.057665504419588065,0.00815513384312671,-9.55562,0.46018908678936143,0.06508056477936042,-0.6439800000000001,0.47847271562754734,0.06766626036659626,0.0038904479999999986,0.001451530435676772,0.00020527740283314184,-4.091809552,0.0806664033151845,0.011407952159619192
ARG  72,12.67804,0.28630871170824546,0.04049016631233693,-3.1048600000000004,0.35832426711010684,0.05067470382745126,-163.51676,3.1581287469633956,0.44662685056759827,-45.97241999999999,3.1450901868787255,0.44478291971704254,1.398934512,0.0812677551504098,0.011492996151732549,-198.51706548799996,0.1857712458429052,0.026272021536998296
ALA  73,8.38406,0.024936246710339553,0.003526517829244367,-2.02162,0.22904007422283293,0.03239115792928707,-10.93338,0.22794840556587856,0.032236772667258815,-2.7033,0.3330942359153007,0.04710663859797215,0.562762512,0.01178454801713338,0.0016665867632266991,-6.711477488000002,0.14791955654919656,0.020918984301208775
ALA  74,8.741320000000002,0.7811307813676217,0.11046857449971835,-3.5859799999999997,0.09274901401096572,0.013116691351103993,-1.57398,1.7085220336887672,0.24162150316559164,-2.6915199999999997,1.0353198779121353,0.14641634127377987,0.08348544000000002,0.004661402556312481,0.0006592218714817725,0.9733254399999995,0.47778348979280666,0.06756878911429344
LEU  75,12.648680000000004,0.5250901042676706,0.07425895469232423,-1.3914400000000002,0.6481660021938827,0.09166451509717381,-24.25904,1.4381417727053332,0.2033839599575167,-6.11608,1.0164842515258155,0.14375258144464725,1.0614386880000002,0.11721122388759705,0.016576170248418905,-18.056441312,0.6524852443573391,0.0922753481818472
ASN  76,19.25196,0.5415515473155883,0.07658695429378398,-2.69978,0.19426665076641375,0.027473453223065995,-80.61990000000002,2.1284101038088385,0.30100264350983863,-18.231659999999998,0.9694753964903495,0.1371045254103686,0.8540648639999999,0.09130201892936532,0.012912055344195348,-81.44531513599998,0.9091749149429463,0.12857674952817197
ALA  77,7.506239999999998,0.5542447675892002,0.07838204671989708,-3.137,0.20049568573911264,0.028354371796954703,-3.9880399999999994,0.538356906150558,0.07613516380753385,-1.5178200000000004,0.5063977760614652,0.07161546028616975,0.37909324799999994,0.024330448650810667,0.0034408450460598618,-0.7575267520000001,0.7633803631788477,0.10795828628568253
VAL  78,11.044579999999998,0.09707401094014273,0.013728338282550405,-7.277959999999999,0.24144506290252385,0.03414548825247742,-20.6032,0.23776315946775708,0.033624788475197905,-1.7175399999999994,0.1291240039651883,0.01826089176354866,0.0008023679999999999,0.0010866640734725707,0.0001536775070448503,-18.553317632,0.09427048742414129,0.01333186018467429
ARG  79,12.627279999999995,0.047086745481843446,0.0066590714068433055,-7.061700000000001,0.026500754706091763,0.003747772671847759,-185.51192000000003,0.5611309593853183,0.07935590130301436,-19.023739999999997,0.5513181952376593,0.07796816688881557,0.8394230879999999,0.006023890610479239,0.0008519067799591683,-198.130656912,0.057250966649573146,0.00809650934947961
LEU  80,11.2087,0.05592575435304229,0.007909096029201857,-7.762159999999999,0.11730325826677737,0.016589185875143044,-35.25052,0.07062159443160544,0.009987401664158867,0.12240000000000004,0.0668107775736819,0.009448470775739315,0.0013608000000000003,5.0409313045933295e-11,7.128953417946986e-12,-31.680219200000007,0.08609299390805404,0.012175387961007427
LEU  81,13.673259999999994,0.018778508998157906,0.002655682210634011,-7.14924,0.021905761799261177,0.0030979425430629607,-35.350819999999985,0.044286652626075645,0.006263078477590222,0.8318399999999997,0.049574332068121334,0.007010869275632463,0.243008064,0.0034273520557890403,0.00048470077603241695,-27.751951936,0.029959579453493076,0.004236924358612422
VAL  82,11.98032,0.014973897288029966,0.0021176288626313686,-6.61162,0.017956491862010687,0.0025394314323897624,-32.93084,0.041711561946984,0.005898905661319028,0.9273200000000001,0.0493041337009353,0.006972657456091908,0.0,0.0,0.0,-26.63482,0.02022640847805905,0.002860446118776926
VAL  83,11.330119999999999,0.027255560901843185,0.0038545183877472496,-4.97678,0.024672486700917727,0.003489216530990767,-31.697740000000007,0.06241596269922813,0.008826950095782164,-1.0125400000000002,0.07135494656994504,0.010091113318162382,0.22498531200000016,0.00339043037176623,0.0004794792614033457,-26.131954687999993,0.024881524009263505,0.0035187788706412234
ASP  84,13.986880000000001,0.022425556847399535,0.003171452663736125,-3.891399999999999,0.037028097439745625,0.005236563758816074,19.45532,0.4243924806119415,0.060018160185056846,-89.66708000000003,0.43090067718243874,0.06093855817071557,0.37657771199999984,0.004846734152925617,0.0006854317172284281,-59.73970228800002,0.049848276491110254,0.007049610867465203
PRO  85,18.03992,0.014120679871795504,0.0019969656984621977,-3.7338199999999997,0.026964932783177405,0.003813417365044837,-4.812940000000001,0.054722722885331594,0.0077389616874420485,-7.226299999999998,0.05709089244374631,0.008073871438192968,0.6283403999999999,0.0047615368120834615,0.0006733829937387182,2.8952003999999993,0.027741125154090725,0.003923187542840452
GLU  86,14.629079999999998,0.011262042446354557,0.0015926933167656084,-2.2506199999999996,0.020472313010561523,0.002895222271268327,3.8862200000000007,0.3509734058301167,0.049635135055722736,-83.82350000000001,0.32676017198837276,0.04621086668693219,0.7300912320000001,0.004675016976444083,0.0006611472412411683,-66.82872876800002,0.02720284941645729,0.003847063857994693
THR  87,13.21656,0.008674468280230049,0.0012267550688276551,-1.9425399999999997,0.011260923585632516,0.0015925350859648565,-31.51708,0.05745148910113566,0.00812486750653561,-8.427380000000005,0.04411344012814536,0.006238582531215669,0.570065616,0.0033070468565945107,0.00046768705159992686,-28.100374384,0.013687303211890984,0.0019356769834569052
ASP  88,12.78124,0.021663388468781984,0.0030636657779508397,0.15235999999999997,0.012484806766626695,0.001765618305297086,-7.482200000000001,0.40034799862118886,0.05661775693190104,-77.59837999999996,0.3789058928088205,0.05358538524733201,0.9517691520000001,0.0036085694243149277,0.0005103287820631043,-71.195210848,0.015435849690382364,0.0021829587978891276
GLU  89,14.988539999999995,0.020307840853659578,0.0028719623957759784,-1.4649199999999996,0.017430823273789427,0.00246509066771216,30.966339999999995,0.5309683082824129,0.07509025827632869,-111.11995999999999,0.5344547112728225,0.07558331011562222,1.0034490239999998,0.006197248892736384,0.000876423343350944,-65.626550976,0.020045834010129923,0.002834909032620558
GLN  90,19.659380000000002,0.008657690215693696,0.0012243822921858872,-1.39108,0.008009594246811887,0.0011327276812946885,-66.55808,0.029155335669459284,0.004123187111928938,-10.720600000000001,0.038333275361825216,0.005421143790687563,1.246289904,0.004516197848248288,0.0006386868247352917,-57.76409009600001,0.014097458532518028,0.0019936817051679303
LEU  91,8.34496,0.007263497778212332,0.0010272137068214724,0.06558,0.010885017225526072,0.001539373898700373,0.8935600000000002,0.420838884135009,0.059515605751768924,-107.95397999999997,0.4119607015360784,0.05826004112770568,1.4872495680000006,0.006155779391227805,0.0008705586702051156,-97.16263043199997,0.009024306677543533,0.0012762296894396148
THR  92,8.036999999999995,0.8931369883730411,0.1263086442014216,-0.9802800000000002,0.49200130243730006,0.06957949146120566,-85.36634,6.600224352580884,0.9334126794125067,-62.63797999999999,5.132199160165197,0.7258025657105429,1.089288,0.06586342282190606,0.009314494581905317,-139.858312,0.8495358554244935,0.12014251284635476
ASN  93,17.58004,1.2698460057817502,0.17958334435018547,-3.0096999999999987,0.4456546308521988,0.06302508230855547,-80.11589999999998,1.9808012242532154,0.2801275955704127,-13.667440000000001,1.0218767471666748,0.14451519549168138,0.7089442560000001,0.05339744688942279,0.007551539358711874,-78.50405574399998,0.610625079793971,0.0863554269369787
ASP  94,17.129800000000003,0.8764033774467146,0.12394215424947304,-3.2783999999999995,0.24624776141115046,0.0348246923891663,-35.17210000000001,3.323565622941699,0.47002315794011346,-48.560559999999995,2.829671416684254,0.40017596945343614,0.5298377760000001,0.048918258674300996,0.0069180864864871764,-69.35142222400002,0.6101128061531387,0.08628298050392758
SER  95,13.372780000000002,1.3537045215260128,0.19144272937878687,-4.07194,0.6222430525124425,0.08799845639555301,-4.178539999999999,4.330852863859496,0.6124750856712459,-5.055080000000001,2.5983283075084986,0.36745911319764485,0.23392828799999993,0.025049894026768146,0.0035425899868664294,0.30114828800000004,0.5703924086381519,0.08066566801707309
PRO  96,18.736499999999996,0.2769481720470273,0.03916638609833433,-4.111859999999999,0.1482241559261103,0.020962061158200953,-1.2118200000000001,1.6213602645926661,0.22929496756797782,-0.017760000000000033,1.0193755453217426,0.1441614721345478,0.6709639680000001,0.026531741234838507,0.0037521548287682105,14.066023968,0.8343960084664636,0.11800141515632485
LEU  97,9.93236,0.18846747836166464,0.026653326396532395,-8.311739999999997,0.20368513053251783,0.02880542740528209,-39.054759999999995,2.0053270312845664,0.28359606846360097,-63.49838,2.1267209115444015,0.3007637556488564,0.21016569599999996,0.03409412226707112,0.004821637010729851,-100.722354304,0.3328890393768451,0.047077619425208564


