#Frame       SA_00001
       1    5513.5594
       2    5516.9584
       3    5442.4831
       4    5538.7751
       5    5490.9750
       6    5451.0280
       7    5571.5346
       8    6069.0749
       9    5590.0979
      10    5613.4890
      11    5572.4165
      12    5720.3443
      13    5727.7653
      14    5692.6215
      15    5844.9284
      16    5838.7390
      17    5670.8879
      18    5698.3923
      19    5593.5549
      20    5611.9856
      21    5715.3338
      22    5601.1368
      23    5663.0050
      24    5667.3638
      25    5712.0871
      26    5711.2467
      27    5718.7599
      28    5558.1499
      29    5514.6729
      30    5707.8757
      31    5544.2180
      32    5545.9087
      33    5489.4490
      34    5480.0500
      35    5571.1880
      36    5519.5977
      37    5822.5807
      38    5848.9344
      39    5866.2486
      40    5842.6909
      41    5851.9922
      42    5776.7337
      43    5901.3284
      44    5914.7937
      45    5913.4040
      46    5978.0302
      47    5986.1596
      48    5984.9524
      49    5973.7089
      50    5983.9593
