| Run on Mon Jun 20 15:45:53 2016
| GB non-polar solvation energies calculated with gbsa=2
idecomp = 2: Per-residue decomp adding 1-4 interactions to EEL and VDW.
Energy Decomposition Analysis (All units kcal/mol): Generalized Born Solvent

Total Energy Decomposition:
Residue,Internal,,,van der Waals,,,Electrostatic,,,Polar Solvation,,,Non-Polar Solv.,,,TOTAL,,
,Avg.,Std. Dev.,Std. Err. of Mean,Avg.,Std. Dev.,Std. Err. of Mean,Avg.,Std. Dev.,Std. Err. of Mean,Avg.,Std. Dev.,Std. Err. of Mean,Avg.,Std. Dev.,Std. Err. of Mean,Avg.,Std. Dev.,Std. Err. of Mean
MET   1,5.867540000000002,0.3586280641555687,0.050717667217641364,-2.82972,0.8771978121267742,0.12405450427936902,-21.299720000000008,9.672014526539932,1.367829411890236,-71.40511999999998,8.90012928364538,1.2586683539805237,1.4152004640000004,0.2336204484501085,0.03303892066458279,-88.25181953600004,2.0842184700703337,0.29475300273219684
LYS   2,11.054839999999999,0.8607712207085364,0.12173143344264568,-3.261720000000001,0.7963552734803705,0.1126216428223275,25.32346000000002,6.961818550378836,0.984549821272635,-49.30962,6.800605278620385,0.9617508217371009,1.0541005919999997,0.1782648530135016,0.025210457282614025,-15.138939407999993,0.7526680788630511,0.10644334050934291
PRO   3,17.565000000000012,0.23237314818979168,0.03286252577013364,-4.485740000000001,0.5533631288765044,0.07825736417743634,-7.658239999999999,1.1939395555889838,0.16884855121676468,-2.7308600000000007,1.2662704294107154,0.17907768149046366,0.449219376,0.06109113207503172,0.008639590752123586,3.1393793760000004,0.7761218674988408,0.10976020710711949
GLY   4,6.290599999999999,0.29887515788372654,0.04226733017355661,-2.3630000000000004,0.365338527943603,0.051666670107526534,-9.656719999999998,1.3021772850115538,0.18415567770775146,-5.493180000000001,0.8499259424208636,0.12019767947843195,0.3111929279999999,0.0539233107323917,0.007625907736580701,-10.911107072,0.9544746260583121,0.13498309611126533
ASP   5,15.472639999999997,0.8056064736582748,0.11392996009830957,-4.180719999999998,0.39935663460123494,0.056477556887674286,-54.05805999999998,10.630314863464827,1.5033535452208253,-30.598020000000016,9.791971189683883,1.3847938458817557,0.29666649600000006,0.08699056066723769,0.012302323069404705,-73.067493504,1.5962717599443066,0.22574691721464077
THR   6,14.81974,0.23282068722532084,0.03292581734750731,-3.2755000000000005,0.2398681512831447,0.033922479272598456,-28.851820000000007,1.1678415764133578,0.16515773960669458,-10.30464,1.1772671193913555,0.16649071267791607,0.6040709280000002,0.031069392006968514,0.004393875555094111,-27.008149071999995,0.44562276151053354,0.06302057530303477
PHE   7,9.687860000000002,0.294983457841222,0.041716960675476825,-5.63142,0.6553642373520198,0.09268249927575264,-10.53234,0.5956028411618163,0.08423096157589889,-1.0649000000000002,0.4866194509059408,0.06881838271857299,0.2747792160000001,0.0719425898902371,0.010174218633501882,-7.266020784000002,0.5936329782025951,0.08395238088460419
GLU   8,14.796600000000002,0.20175747817630849,0.02853281619471292,-3.8355800000000007,0.28947656830907004,0.04093816888919085,2.9718800000000005,6.332868148445852,0.8956028024252716,-81.16449999999998,5.751170413924851,0.8133383198891411,0.8163574560000001,0.05185932618735263,0.00733401624296843,-66.415242544,0.44353970014367855,0.0627259859394086
VAL   9,10.957659999999999,0.173118064915376,0.02448259152951106,-5.333979999999998,0.5800478080296698,0.08203114769403445,-31.01058,0.8120216275445175,0.11483719986137306,-0.7181000000000002,0.7820029219894256,0.1105919138092835,0.018241920000000002,0.010882181087263703,0.0015389728081808321,-26.08675808,0.7418231264182878,0.10490963262627537
GLU  10,15.76364,0.1885565973389473,0.02666592972316619,-4.1146199999999995,0.4859034426714814,0.06871712386297867,8.634380000000002,5.614228199458941,0.7939717661932315,-86.64344000000001,5.230031889615833,0.7396382029938496,0.784046304,0.053639001045108,0.007585700275013635,-65.575993696,0.647186060884194,0.09152593046812467
LEU  11,12.088300000000002,1.024919670022928,0.1449455297689382,-6.485380000000001,0.5156537555375786,0.07292445345698642,-30.650939999999995,1.0756009373370383,0.1521129433283253,-1.8408399999999994,0.7065811307981584,0.09992566180916734,0.047347920000000016,0.029315645596547923,0.004145858359236117,-26.841512079999994,1.1449284714126233,0.16191733722188284
ALA  12,8.140120000000001,0.5920978851507579,0.0837352859432629,-3.2898199999999997,0.33984318089377236,0.04806108354999859,3.7100800000000005,0.5593443247231502,0.07910323300598995,-4.05788,0.6181787003771648,0.08742367020435604,0.36238161599999996,0.07559868735715292,0.010691268895808908,4.864881616000001,0.8424455822770454,0.11913979680174966
LYS  13,11.07888,0.2867484360899096,0.04055235273076248,-7.762760000000001,0.4632837385447587,0.06551821462769088,-21.113919999999993,6.004123719045124,0.84911131936396,-16.1706,6.701749864028053,0.9477705549340518,0.25561065600000005,0.09242554113635074,0.01307094537846996,-33.712789344,1.4125611027560654,0.19976630691983227
THR  14,14.672160000000002,0.15058012617861996,0.021295245666565626,-2.2040400000000004,0.37138325002616474,0.052521522902520025,-37.81162,0.4871945356837815,0.06889971198780666,-6.199660000000002,0.4922603624099534,0.0696161280738851,0.581735088,0.07278440432598385,0.010293269172705332,-30.961424911999995,0.26026334965506837,0.03680679588708487
ASP  15,11.94264,0.10029631299311578,0.01418404060908812,-0.4604000000000001,0.18262365673701753,0.025826885216765884,-18.188139999999997,8.002429313677188,1.13171440673343,-62.23752000000001,8.079657530464933,1.1426361258913418,1.108317456,0.08379825201234875,0.011850862449902211,-67.835102544,0.22976269620585765,0.03249335211017332
GLY  16,6.104779999999998,0.056986415925419726,0.00805909622727627,-1.5865799999999997,0.21007361471636776,0.02970889550286275,-6.398639999999998,1.367085363245484,0.19333506616235124,-5.922519999999999,1.2233556349647576,0.17300861305727094,0.35631864,0.03743759285877216,0.005294475156347772,-7.446641360000001,0.2553175231507558,0.03610735039513055
SER  17,10.176679999999998,0.10323670665053321,0.014599875067991675,-3.8752999999999997,0.9678888830852452,0.13688015853293006,-15.619219999999999,3.852832798292714,0.5448728396901439,-1.8167000000000004,2.070895808581397,0.2928688938757409,0.19464249599999994,0.046993383968082274,0.006645868094946833,-10.939897504000001,1.0822958105140932,0.15305974137286119
LEU  18,10.940760000000003,0.40639554918816573,0.05747300973499662,-7.65436,0.4916706930456664,0.06953273623265604,-31.962319999999995,0.936972794482556,0.13250796335318493,0.39764000000000005,0.5478222981953181,0.07747377238782167,0.007334928000000005,0.00775393386587839,0.0010965718434869263,-28.270945071999996,0.7964812366265164,0.11263945670129137
GLY  19,5.654819999999997,0.1711579025345657,0.024205382707171513,-3.5668400000000005,0.4188046494488803,0.05922792152355163,-12.669080000000001,0.9691982633083596,0.1370653328599132,0.038660000000000035,0.7193255621761262,0.10172799657911287,0.004208256,0.006153374133015477,0.0008702185153266273,-10.538231743999999,0.4169385579464969,0.058964016332421654
ILE  20,14.04518,0.37106941075762057,0.05247713932752198,-7.020100000000001,0.4654393730659134,0.06582306738522453,-10.016620000000001,0.8531232710458513,0.12064985002891408,-2.94518,0.7042276532485766,0.09959282982223142,0.0029256480000000003,0.0028145527026680454,0.00039803786041269987,-5.933794351999999,0.6014630329056395,0.08505971784012105
SER  21,12.027099999999997,1.0132234945953704,0.1432914407771835,-5.616259999999999,0.298157462425508,0.04216583270848999,-10.658660000000003,2.5142254362725627,0.355565171084007,-6.326099999999999,2.102259453540407,0.2973043830823895,0.131458752,0.02603542063287034,0.0036819644961093544,-10.442461247999997,1.2963217145011856,0.18332757498463198
VAL  22,12.092240000000002,0.33253099464551894,0.04702698425371079,-7.047639999999999,0.3235603659288871,0.04575834577430336,-34.26694,1.0306282629543726,0.14575284672350983,1.5684999999999996,0.429263054548142,0.06070696335676841,0.0,0.0,0.0,-27.65384,1.1043415478919145,0.15617747945208424
THR  23,13.012060000000002,0.3047335498431233,0.04309583190982425,-5.330580000000001,0.39845632583758084,0.05635023400128599,-34.78392,0.9149763022065569,0.12939718958304963,-4.961799999999999,0.5565809554772813,0.07871243357945469,0.179528832,0.026778670275915,0.0037870758686516263,-31.884711168,0.7660316510936219,0.10833323501836549
GLY  24,5.839279999999999,0.47571151089712854,0.06727576704877156,-4.05798,0.3937400914308844,0.055683257735157914,-8.4098,2.488009670399211,0.35185770191939786,-0.7911999999999999,2.0403415008277412,0.2885478622343267,0.018411408000000008,0.018013701397101473,0.0025475220824320074,-7.401288592000002,1.1451071334967622,0.16194260385612994
GLY  25,5.179779999999999,0.2535959218915178,0.03586387921014925,-4.209180000000001,0.31455592126042836,0.04448492499712611,-9.01446,2.042604741108769,0.28886793274436057,0.23452,0.7782685459402814,0.11006379328371341,0.0002484,0.0017388,0.00024590345422543375,-7.809091600000001,1.7319371101565497,0.24493289503606577
VAL  26,12.896719999999998,0.4874700417462222,0.06893867442880862,-3.3494399999999995,0.7146822835358395,0.1010713378164158,-26.747380000000003,1.3360550121907224,0.18894671183166703,-3.6551799999999997,1.4188763538800715,0.2006594182987684,0.5348633759999999,0.09341277229758904,0.013210560948212016,-20.320416624000003,0.5900699290750887,0.08344848964465207
ASN  27,19.138199999999998,1.2588676340267735,0.1780307681273193,-2.58724,0.7489558213940248,0.10591834802337113,-82.11798,5.214747999625829,0.7374767345428815,-16.23078,4.389201778410288,0.6207268683019938,0.7790796,0.14182036589488872,0.020056428486926636,-81.0187204,1.1011417298743749,0.1557249568483312
THR  28,14.599060000000001,0.9110336197966894,0.1288396100894332,-1.9327200000000007,0.6962390692858297,0.09846307344380413,-31.701779999999996,3.5467053009237195,0.5015798738306874,-7.84786,2.5436348402237305,0.35972428887691205,0.473096592,0.09215550094779562,0.013032755928765918,-26.410203407999997,1.4961503267326868,0.2115876083414303
SER  29,12.021320000000001,1.1140804358752376,0.15755476619892902,-1.3707599999999998,0.8001303783759246,0.11315552327659488,-7.427779999999998,2.023092684876309,0.28610851128898745,-8.51922,1.535032993651923,0.21708644783127223,0.7987091039999998,0.11681867365431166,0.016520655262036412,-4.497730896000001,0.8873634163102813,0.12549213780997226
VAL  30,12.81904,0.7046417234311554,0.09965138818902915,-4.125800000000001,0.863280881289512,0.12208635304570256,-15.894200000000003,2.5706164863705214,0.36354006986850634,-5.8793,2.1849551688764706,0.30899932330023006,0.24347620799999994,0.08232707472539016,0.011642806562715002,-12.836783791999995,0.8625590020938559,0.12198426391081339
ARG  31,14.130799999999995,0.9683240573279612,0.13694170146453452,-2.45372,0.9162926397172468,0.12958334781907746,-153.31172000000004,11.872430378047744,1.679015205896545,-52.54978000000001,12.06068414359643,1.7056383087372207,1.400315184,0.30693698438448097,0.043407444611043185,-192.784104816,1.0097680122381394,0.1428027617757698
HIE  32,29.798639999999992,0.8086302680462263,0.11435758920163644,-4.3134000000000015,1.5668252742408746,0.22158255527003887,-22.162759999999995,4.844825972354426,0.6851618597441046,-11.168939999999994,5.443199262970276,0.7697846220391799,0.8847129600000002,0.3080513054907676,0.0435650334131781,-6.9617470400000006,1.0999675499367012,0.15555890272907874
GLY  33,4.61612,0.744902185256566,0.10534507730311914,-3.3294799999999993,0.5510878782916623,0.07793559515394823,-12.384820000000001,3.7771703678282793,0.5341725561576525,-0.6434799999999998,2.0079032669927104,0.2839604032114337,0.017434512000000003,0.03618034374169841,0.005116673281083042,-11.724225488,2.2354281773935516,0.31613728461809293
GLY  34,4.89846,0.31351658393137277,0.044337940502463015,-3.8260799999999993,0.25825807557559555,0.036523207307138296,-9.498940000000003,1.3463467222079,0.19040217942029738,-0.11959999999999996,1.249772123228871,0.17674446865460883,0.0037680479999999995,0.00489254587544113,0.0006919104731581393,-8.542391951999997,0.5779767634053686,0.08173825775443778
ILE  35,14.33294,0.6698120754360581,0.0947257321322944,-8.01882,0.4136431162245998,0.05849797049470995,-11.11528,0.7501580910714549,0.10608837463171629,-2.69146,0.43748079775002474,0.061869127745588594,0.0004175999999999999,0.0009477464774927944,0.0001340315922161637,-7.492202400000001,1.160125309645205,0.16406649469525353
TYR  36,9.797700000000003,0.5959071488075383,0.08427399717587027,-6.107920000000002,0.9096672103577113,0.12864637061339745,-33.40788,2.9424165282298977,0.41612053603734783,-0.25245999999999985,1.9110413622943905,0.27026206128126823,0.422176032,0.09682335850997406,0.013692890675931773,-29.548383968000003,1.2743034796863535,0.1802137263551669
VAL  37,12.01528,0.17423846188487685,0.024641039588462043,-6.580680000000001,0.47547035407056937,0.06724166232329368,-23.328219999999998,1.6430633863610213,0.2323642524830421,-0.12451999999999992,0.8756449563607387,0.12383489731089535,0.008037504000000003,0.010921103585132048,0.0015444772806175173,-18.010102496000005,0.6198556522001832,0.08766082700551193
LYS  38,11.472659999999998,0.23320948608511688,0.032980801809563184,-4.539319999999999,0.4605061319895776,0.06512540174156353,47.49341999999999,3.2065596896985697,0.45347602017305805,-85.23882000000002,2.971957595189009,0.4202982737914025,0.9314938080000001,0.04052932649603419,0.005731712320453878,-29.880566192,0.43693412319386404,0.06179181628843592
ALA  39,6.976119999999998,0.15411834932935392,0.02179562598321267,-3.7937600000000002,0.14065739369120298,0.019891959380615106,-6.603600000000001,0.5761241880011624,0.08147626402824305,-2.3823600000000003,0.4469330938742382,0.06320588428303153,0.263461248,0.023487466483401352,0.00332162936466097,-5.540138752000001,0.24493084167454834,0.03463845181396035
ILE  40,13.321059999999997,0.576295146951654,0.08150044127488248,-5.5476600000000005,0.3940725623536836,0.05573027622396965,-11.02326,0.490429966865851,0.06935727105358741,-0.5714999999999999,0.4060149874081006,0.057419190171927724,0.262335888,0.0547007975694417,0.0077358609795329675,-3.5590241119999995,0.5621491513594015,0.07949989539289913
ILE  41,15.742339999999999,1.075752269065737,0.15213434486663963,-2.3453199999999996,0.490108454936254,0.06931180240045733,-1.4426400000000001,1.5889135125613356,0.22470630389021137,-3.6438,1.1218541081620164,0.15865412947666965,0.47478096000000003,0.07762707256975698,0.01097812588354708,8.785360959999998,0.9304336420326718,0.13158318754507978
PRO  42,19.030459999999998,0.4470375469689491,0.06322065618134873,-1.9952800000000002,0.3662879763246389,0.051800942385249946,0.6352399999999999,2.031165473909007,0.2872501760626092,-4.96318,1.961021975297574,0.27733038735775056,0.9076721759999999,0.056704569435808296,0.008019237114464697,13.614912175999997,0.6494940359745055,0.09185232743555845
LYS  43,10.473020000000002,1.244113009175603,0.17594414907009404,-1.2268999999999999,0.6220385920503652,0.08796954131970913,2.289920000000001,8.394504861729487,1.1871622624864724,-42.96202,8.70451160603507,1.2310038367088807,1.3557996,0.18787145588306323,0.02656903608926066,-30.070180399999998,1.9780331115934553,0.27973612532385184
GLY  44,5.0781399999999985,0.2802635195668662,0.03963524704098794,-2.39242,0.5452053224244967,0.07710367612507193,-12.894759999999996,1.46141029912896,0.20667462652198967,-3.9666599999999987,0.6949157246745923,0.0982759242541136,0.04951382399999999,0.02270464242250522,0.0032109213242738402,-14.126186176,1.0508380874393501,0.1486109475114933
ALA  45,9.616020000000002,0.3557698407678614,0.0503134533897226,-4.594080000000001,0.5847890163127053,0.08270165579962489,-3.03784,1.9341215510923817,0.2735260928832933,-3.80812,1.0799629186226727,0.15272982063762147,0.08672198399999999,0.053322465976822046,0.007540935456359966,-1.7372980159999998,0.854804643918837,0.12088763206095235
ALA  46,9.079859999999998,0.4009364543166809,0.056700977134443095,-5.26798,0.4278274647565271,0.0605039403014378,-4.677719999999999,0.5920762126618567,0.08373222099048946,-3.3623400000000006,0.3274164693475222,0.04630368114955807,0.00018086399999999998,0.0005486525478880054,7.759118742537712e-05,-4.227999135999999,0.5397133619419281,0.07632699562522537
GLU  47,16.547779999999996,0.8329323451519172,0.11779442190530691,-5.005199999999999,0.7064117496191595,0.09990170769311224,-24.586220000000004,11.583878922519848,1.6382078677115404,-54.736499999999985,10.741265354230944,1.5190443141001646,0.5517918720000001,0.07626088848205918,0.010784918276995025,-67.22834812800005,1.7700571858733982,0.25032388784381143
SER  48,12.732220000000002,0.7425702469127091,0.10501529141986911,-2.0029799999999995,0.674935211409215,0.09545025296980639,-10.50358,1.817284370592565,0.25700282035806593,-10.048299999999998,1.184274752749569,0.16748174169144842,0.7172804159999999,0.08559642066060423,0.01210516189888191,-9.105359583999999,0.9464015194844271,0.13384138643053817
ASP  49,17.008180000000003,1.0093020695510468,0.14273686752903234,-3.470320000000001,0.7770106418833634,0.10988589878596766,-22.25108,13.383481241948973,1.892710068413015,-58.39987999999998,13.022784374533815,1.8416998282326145,0.422944416,0.05488320504885798,0.007761657292659848,-66.69015558400002,0.6938183515276772,0.09812073225537847
GLY  50,6.699659999999999,0.20845907128263053,0.029480564580759587,-1.8414,0.26910013006314243,0.03805650535716598,-6.228839999999999,1.859139256322671,0.2629219950631751,-1.42694,1.6252536837060236,0.2298455801793891,0.33660547199999996,0.0821889835028885,0.01162327751474435,-2.460914528,0.6150837974878842,0.08698598484033121
ARG  51,12.76336,0.5621022953164233,0.07949326894775324,-4.204039999999999,0.7285331004148075,0.10303013912443405,-199.11762000000002,12.401319055470793,1.7538113599562697,-8.690180000000002,10.33135283821049,1.4610739301459044,1.061277984,0.13309227300408816,0.0188220897529444,-198.18720201600007,2.3287343756608236,0.3293327737223979
ILE  52,12.085519999999997,0.3400933542426611,0.04809646340429287,-5.7886799999999985,0.6230451489258393,0.08811188995816867,-12.612559999999998,1.0344998435959512,0.14630037090862397,-2.3591000000000006,0.45337252894280666,0.06411655792383057,0.025920719999999998,0.021633000914269843,0.0030593683287789978,-8.648899279999998,0.5970609407199443,0.08443716799293838
HIE  53,29.63950000000001,0.6716628395254869,0.09498746969989673,-6.370380000000001,0.5765022078014879,0.08152972410108965,-11.277840000000003,4.688953650272085,0.6631181845553612,-11.774560000000001,3.716664623879855,0.5256157517883189,0.6633364319999998,0.09849189248709199,0.013928857013903824,0.8800564319999995,0.6825886917607186,0.09653261854105163
LYS  54,10.02442,1.0348944118121688,0.1463561712808896,-3.3899399999999997,0.2869994013931038,0.04058784458430872,38.70881999999999,6.59578489549203,0.9327848453700436,-76.63951999999998,6.1248419056823975,0.866183449040712,1.2134234879999997,0.039061963764518724,0.005524195892870878,-30.082796512,0.7129977770991742,0.1008331126315521
GLY  55,6.4309400000000005,0.10748253997746485,0.015200326575443917,-2.0039199999999995,0.2314398271689706,0.03273053424556433,-15.573700000000004,0.5641983427836756,0.07978969482330985,-3.383120000000001,1.3126867355161298,0.18564193845141747,0.30033187199999994,0.03438741381521557,0.004863114699241379,-14.229468128,1.0270064112322121,0.14524063954087146
ASP  56,12.101600000000001,0.46782530927689353,0.06616048972007706,-6.94388,0.24759609366868549,0.03501537536568542,-47.14622,12.531210154314685,1.7721807353179273,-21.508419999999997,11.991315509300895,1.6958281023948163,0.018411696000000005,0.019538431904909448,0.0027631515387426127,-63.47850830399999,1.7889346588862791,0.2529935656796262
ARG  57,13.582620000000004,0.5223568469924121,0.07387241374151168,-9.456800000000001,0.7384367813157361,0.10443073110918492,-173.46852000000007,7.4565090846573066,1.0545096275480554,-32.06838000000001,7.604461371826362,1.0754332406579152,0.273669408,0.0943231073122845,0.013339301760620557,-201.1374105919999,1.0007387445678595,0.14152583049600914
VAL  58,12.210519999999997,0.27886787122233203,0.03943787255927357,-6.793860000000002,0.18167091236618155,0.025692146815694795,-34.11844000000001,0.5019201593869238,0.07098222966334532,1.8520200000000002,0.22775982876705791,0.03221010388061471,0.001966896,0.0025088530703060315,0.000354805403802817,-26.847793104,0.41998610540086423,0.05939500462661584
LEU  59,12.458480000000003,0.46641051617631346,0.06596040776099783,-6.2773,0.7910758813160583,0.11187502402234185,-33.9144,1.2027794976636315,0.1700987078140206,-0.050919999999999986,0.6183066501340576,0.08744176503250604,0.25665566400000006,0.06407606193024565,0.009061723580521175,-27.527484335999993,1.2007836510557879,0.1698164524798977
ALA  60,6.95364,0.10539767739379198,0.014905482481292478,-5.558140000000001,0.08851373000831142,0.01251773174339844,-5.510619999999999,0.34046996284549713,0.048149723903676576,-0.12626,0.26738943958204486,0.037814577189226914,0.04542782400000001,0.024342912129903863,0.0034426076481766568,-4.1959521760000005,0.17465908536689115,0.024700524731753763
VAL  61,11.19232,0.12739033558300922,0.01801571402967515,-5.456360000000002,0.14889912827138477,0.021057516662692347,-28.424839999999996,0.5212944028093528,0.07372216144421699,-0.3682599999999999,0.31363761317801164,0.04435505662266706,0.009979056,0.003887781724539588,0.0005498153642390145,-23.047160944,0.28821571261533036,0.04075985696696265
ASN  62,18.486399999999993,0.9722101418933239,0.13749127681422096,-2.65404,0.5382508693908444,0.07612016794516416,-85.98534,2.5452246864276167,0.35994912708327437,-12.691220000000001,3.71464639657666,0.5253303313459059,0.6258081600000002,0.12034235175067429,0.017018978597367715,-82.21839184000001,0.4358448461459023,0.061637769250995
GLY  63,6.259379999999998,0.07933470615069968,0.011219621740520368,-1.139,0.10361409170571201,0.014653245374318754,-6.39186,0.44885975582579746,0.06347835542923186,-5.257960000000001,0.4725066755083865,0.06682253488157833,0.5469851519999998,0.03464526879031427,0.004899580899532375,-5.982454848,0.12068492366200109,0.01706742558167636
VAL  64,11.08156,0.1387383378883847,0.019620563906285464,-1.3706399999999999,0.16640153364678237,0.023532730568296252,-30.65456,0.5438234331099531,0.07690824746403933,-0.33224000000000004,0.4215238337271097,0.059612472252038,0.6832408320000001,0.029885036596966997,0.004226382406744701,-20.59263916799999,0.24566962006139417,0.0347429308553869
SER  65,11.722380000000001,0.8598664521889176,0.12160347985152037,-3.4198799999999996,0.36012534706682686,0.05092941499762244,-8.545859999999998,4.638679506109478,0.6560083469042153,-6.7345799999999985,3.024091817984372,0.4276711662855008,0.47654380799999985,0.0606714690885138,0.008580241443407622,-6.501396191999998,1.3801658145253477,0.19518492132254564
LEU  66,11.8665,0.5580757744249778,0.07892383290236717,-7.475980000000001,0.2678482772018279,0.03787946662770933,-36.465680000000006,2.8128213056643863,0.3977930039002572,0.9276399999999999,1.8763802254340674,0.26536023629775435,0.019892736000000008,0.027671614152078368,0.00391335720266245,-31.127627263999997,1.3452905494900782,0.1902528140421222
GLU  67,15.10704,0.792379074938222,0.11205932343182806,-2.16148,0.38862636246142573,0.05496006724886705,-16.458859999999998,6.825442491179603,0.9652633340223798,-65.23786,5.91699512256006,0.836789475081989,0.8827263360000001,0.10000396178773967,0.014142695905126217,-67.868433664,0.9096567380377123,0.12864488960370024
GLY  68,6.428399999999997,0.166303938618544,0.023518928547040765,-1.9483200000000003,0.32677475055456573,0.04621292840753519,-8.986640000000001,1.149847968385365,0.16261305915577332,-4.012079999999999,0.5014770120354523,0.07091955916388723,0.33765192,0.05391673935571441,0.007624978403578652,-8.180988079999997,1.0126114808081175,0.14320488895735428
ALA  69,7.8801999999999985,0.2850785856566841,0.04031620021778227,-4.692500000000001,0.2471655518068659,0.03495448755166996,-7.9935599999999996,1.2303912899561664,0.17400360492817377,-0.13859999999999992,0.8407332038167636,0.11889762991750506,0.05702255999999997,0.015088144568554585,0.0021337858679895843,-4.887437440000002,0.5625506694171666,0.07955667862118204
THR  70,14.752460000000001,0.18549697679469518,0.02623323403622652,-4.52894,0.5287592802022428,0.07477785452926473,-29.240080000000013,2.4407595853748636,0.3451755308129264,-6.341019999999999,1.78058708846268,0.2518130409490344,0.32931244800000004,0.1055989243300559,0.014933943095957525,-25.028267551999992,1.2998582142417372,0.1838277115742737
HIE  71,31.527039999999996,0.3864842020058428,0.05465712001196058,-11.380700000000001,0.7671655166911245,0.10849358782895513,-8.66666,2.0561182418333845,0.29077903034434954,-7.10096,1.556631182522054,0.22014089299355574,0.053495856,0.051453457431384166,0.00727661773304502,4.432215856000002,0.7174395389111113,0.10146127261107935
LYS  72,11.759679999999998,0.4788978362866254,0.06772638150676757,-4.119780000000002,0.4887849952688633,0.06912463693936956,29.94985999999999,16.464993604626777,2.328501726004946,-70.16767999999999,15.112396243402326,2.137215572737578,1.051383168,0.10704982423376064,0.01513913132810403,-31.526536831999998,1.2180392185647275,0.17225675823965642
GLN  73,20.690940000000005,0.27765420292121995,0.03926623394210807,-4.82158,0.8032808248676199,0.11360106369220349,-79.44820000000001,0.7327539559759849,0.10362705824237757,-12.227719999999998,0.8918000233236485,0.12611956879089462,0.7102886400000001,0.06751996527771406,0.009548765062670368,-75.09627136000003,1.1918854592305086,0.16855805812390698
ALA  74,9.29746,0.07950225405602482,0.01124331659252617,-6.28676,0.12400799329071403,0.017537378595439957,-2.4687400000000004,0.606233150198829,0.08573431429713495,-3.5464999999999987,0.37210467613294973,0.05262354796096656,0.0,0.0,0.0,-3.00454,0.3035828855518689,0.042933103405181215
VAL  75,12.942160000000003,0.14892889041381807,0.021061725665239794,-5.9372799999999994,0.2706739026947431,0.038279070417136116,-29.21754,0.7777595055028886,0.1099918040946777,-3.5577200000000007,0.7259669424980664,0.10266722959152942,0.05086497600000001,0.02535154574855393,0.0035852499824726943,-25.719515024000003,0.30980956808565074,0.043813689293967804
GLU  76,17.004480000000004,0.6434619876883112,0.09099926698603591,-4.731140000000001,0.49595217551695236,0.07013822929045156,-64.56078000000001,11.264160423733317,1.5929928439989927,-19.73874,10.374955853033788,1.4672403276382506,0.48372407999999983,0.07344456785206165,0.010386630393901659,-71.54245591999998,1.281096184724359,0.18117435991416161
THR  77,15.36586,0.7149968953779186,0.10111583064981093,-4.93554,0.5455133805875005,0.07714724212828392,-30.45772,0.6958801919869935,0.09841232052947993,-6.345740000000001,1.118810382683315,0.15822368169145765,0.2383600320000001,0.04400534312720365,0.006223295306737307,-26.134779968000004,1.4654970348358212,0.20725257822823742
LEU  78,13.303659999999997,0.22255845164829186,0.0314745180741771,-7.988080000000001,0.23359116764123827,0.03303477973288064,-24.471140000000002,0.8740516463001069,0.12360956924121426,-2.5903199999999997,0.7413358332092165,0.10484071895976327,0.002962512,0.004420554726485806,0.0006251608447408714,-21.742917488,0.36076147714115125,0.05101937737547674
ARG  79,13.759979999999995,0.6195590202718126,0.08761887691589848,-4.787779999999999,0.44835371259755635,0.0634067901095793,-163.16173999999998,10.049150327883732,1.421164468401921,-47.08581999999999,8.871090883741486,1.2545617040831534,1.0896750720000001,0.09985303495105552,0.014121351627189738,-200.18568492800006,1.1031846405079861,0.15601386804080813
ASN  80,20.532999999999998,1.236112648588266,0.17481272722544536,-2.2041200000000005,0.45600647539261524,0.06448905420301895,-93.76706,2.705352068844567,0.38259455867540976,-12.530499999999996,2.915996263715039,0.41238414639750803,0.924258672,0.09959080625167545,0.014084266888879064,-87.04442132799998,1.150761522472769,0.1627422552138101
THR  81,15.18602,0.5276401610947546,0.07461958718729267,-3.25252,0.44929915379398744,0.06354049568582121,-42.45906000000001,2.3065234046935865,0.32619166808486366,-0.5548399999999999,1.3734256785134025,0.1942317221465124,0.15824707199999996,0.035782037071441834,0.005060344211576991,-30.922152927999996,1.373517656935933,0.19424472985977126
GLY  82,6.84156,1.4312933194841593,0.20241544241485052,-1.2348799999999995,0.3934491906205946,0.0556421181480362,-4.6198999999999995,1.4688033530735167,0.20772016223756448,-6.237100000000001,0.7860350691922029,0.11116214553524875,0.469206576,0.087047073214997,0.012310315150553253,-4.781113424000001,0.5033659257875295,0.0711866919085213
GLN  83,21.16898,1.5572422610499328,0.22022731254773587,-3.61688,1.1613560804507803,0.16424055197179527,-74.63361999999998,3.3222461130390095,0.4698365510601066,-9.087579999999999,3.341024340468061,0.47249219345085564,0.8774477279999998,0.14123733660887292,0.01997397569457221,-65.291652272,0.7225578858011541,0.1021851161699622
VAL  84,11.075800000000001,0.3927624218277518,0.05554499437393091,-2.56142,0.3421407365398018,0.04838600698549077,-27.955899999999996,1.51585626297488,0.2143744485707272,-0.2267800000000001,1.1459247495363731,0.16205823222533308,0.5462285759999999,0.043442476054676965,0.006143693881959259,-19.122071424,0.434959997571467,0.06151263276553371
VAL  85,11.475220000000002,0.3536479203954071,0.05001336853282254,-5.759639999999998,0.3890438412313175,0.05501910766270543,-27.758799999999994,1.6631611226818053,0.23520650161082718,-1.7733999999999996,0.9102115138801539,0.128723346755746,0.001663776,0.0024970521117958274,0.0003531364962454037,-23.814956224000003,1.2181541299521208,0.1722730091639087
HIE  86,29.7035,0.3937036067911851,0.055678098027929813,-7.0299000000000005,0.2624344680105617,0.03711383838947045,-24.86435999999999,3.513315338878736,0.4968578201135735,-3.3689399999999994,2.9977907025674764,0.4239516268726894,0.519087168,0.045878769584047935,0.006488237817075083,-5.040612832,0.8620357378750335,0.12191026317531707
LEU  87,11.4167,0.1855156327644772,0.026235872388775016,-8.0022,0.27673250622215406,0.03913588634488672,-29.270919999999997,0.49558247910925557,0.07008594632307902,-2.27666,0.34984834485816757,0.04947602740722002,0.0031815359999999987,0.0027290004679926335,0.00038593894735577055,-28.129898464000004,0.3107510296183976,0.04394683206077413
LEU  88,13.135519999999994,0.1814502951227675,0.025660946825921845,-5.934159999999999,0.18282104474049968,0.025854800095923305,-34.726800000000004,0.28333520783634414,0.04006964936199575,1.3001800000000001,0.2506871907377801,0.035452522505457953,0.4799662559999999,0.044551496649537566,0.006300533078579552,-25.745293743999994,0.3878804248158382,0.054854575735359595
LEU  89,11.64942,0.6440844693050786,0.09108729918051195,-8.616459999999996,0.3077924761914502,0.043528429422634685,-35.94223999999999,0.6415308740824236,0.09072616628084297,-1.11336,0.6096679673396007,0.08622007079561005,0.0013957920000000005,0.00353783413358173,0.0005003253013137751,-34.021244208000006,0.5600584997192966,0.07920423260253574
GLU  90,15.765019999999998,0.4114778482495155,0.05819175536105631,-6.38252,0.7347994077297497,0.10391632880351297,-53.55470000000002,11.936156215884525,1.6880274003107816,-22.869019999999995,11.214130636817123,1.5859175636810408,0.186043104,0.09439426633552056,0.013349365166195126,-66.855176896,1.4737663648715382,0.20842203809706247
LYS  91,11.164819999999999,0.7939455066942558,0.11228085033521955,-6.909439999999998,0.7768443900808144,0.10986238723057427,-11.230620000000004,13.155832415913476,1.8605156626892438,-27.64548000000001,12.981954683698435,1.835925637979925,0.399682512,0.09619052135017983,0.013603393986516306,-34.22103748800001,1.4361898103797421,0.2031079107981075
GLY  92,7.554480000000002,0.44260728597707033,0.06259412266339198,-2.5303400000000003,0.2069249728766365,0.029263610303582415,-16.451819999999998,1.3836837310599888,0.19568242985000422,-2.275659999999999,1.367501321535013,0.19339389154779457,0.26052667200000007,0.05787404107777164,0.008184625380152227,-13.442813328,0.5437443881821956,0.07689706882315218
GLN  93,19.070140000000002,0.4160953260971841,0.05884476534066933,-4.444560000000001,1.0522465330900306,0.1488101318055991,-74.93128000000003,4.628886198816729,0.654623364104826,-8.14918,4.736990245672875,0.6699115850259639,0.556076304,0.20778965383801482,0.02938589465785312,-67.898803696,1.8050450351148544,0.25527191693536466
VAL  94,13.287679999999998,0.2693590495973597,0.038093122108851324,-0.34179999999999977,0.5748340978056191,0.08129381772312087,-13.447500000000005,1.436426973430926,0.2031414507184553,-4.622280000000001,1.7763366802495493,0.25121194245497125,0.8776876319999997,0.10070654170827952,0.014242055710354064,-4.246212367999999,0.4715736704274767,0.06669058803765977
PRO  95,15.574720000000003,0.11738535513378166,0.016600796125417625,-2.50116,0.4003517133721303,0.05661828227701727,-21.134759999999996,4.825894240697799,0.6824845085773037,-58.95894000000001,4.883974190799753,0.6906982538909173,1.1718525600000005,0.11282773573419085,0.01595625140871402,-65.84828743999998,0.7140334015805527,0.10097957205026122
TYR  96,4.0885,0.4746466580520808,0.06712517411523175,-0.92222,1.5509833692209591,0.2193421715767398,-18.3539,5.8625852974604955,0.8290947638237738,-98.61928,5.393270877825369,0.7627236820972484,1.5447297599999998,0.3080834344897521,0.04356957713978904,-112.26217023999999,0.5639233601863071,0.07975080641144833
LEU  97,11.0516,1.3711969078144794,0.19391652637152873,-3.3786200000000006,0.8866962927631952,0.1253977922931655,-21.85316,0.7972413777521006,0.11274695689020325,-4.511900000000001,0.4901265652869586,0.0693143635908159,0.6124116959999999,0.09210817448340848,0.013026062955986371,-18.079668304000002,2.1913452266838136,0.3099030139417793
VAL  98,13.234979999999998,0.27110901792459696,0.03834060500306155,-3.3005600000000004,0.40051642463199494,0.056641575966774875,-22.280540000000006,0.9926304692078161,0.14037914719784622,-5.75562,0.689248747260365,0.09747449262242738,0.49705833599999993,0.06866367026682457,0.009710509373365754,-17.604681664,0.5781117007496932,0.08175734077667923
MET  99,11.334180000000002,0.4558738724691,0.06447030131773439,-6.36988,0.52699987248575,0.07452903670382392,-9.515759999999998,1.4833081616441133,0.20977145193758082,-3.10894,1.2057846641917462,0.17052370254014554,0.5573891520000002,0.10020690212461335,0.01417139600280215,-7.103010847999999,0.57736850072292,0.08165223642093736
SER 100,10.991159999999997,0.71430540695145,0.10101803941871734,-3.4839199999999995,0.3848245750988474,0.054422413323925355,0.8251000000000001,2.8105490442260566,0.3974716576059229,-9.437859999999999,1.954292751969368,0.2763787314682519,0.53279136,0.04213545995659142,0.005958853892744005,-0.5727286399999998,0.604073682631642,0.08542891946503288
VAL 101,8.79966,0.5265849830749232,0.0744703624806563,-6.862760000000001,1.114312874555436,0.1575876379923247,-66.6855,7.65554495578201,1.0826575503823854,-41.561859999999996,6.283200633466991,0.888578755096024,0.10635998399999998,0.03004431098738902,0.004248907207052054,-106.204100016,3.108932130514501,0.43966939834710883


