#Frame       SA_00001
       1    5557.3727
       2    5415.1607
       3    5592.9780
       4    5518.7538
       5    6029.7959
       6    5927.0003
       7    5961.2907
       8    5985.6781
       9    5781.5809
      10    5952.7460
      11    5900.5873
      12    6031.1172
      13    5929.8694
      14    6026.5635
      15    5789.0042
      16    5720.8009
      17    5915.1686
      18    5777.1542
      19    5961.2954
      20    5773.7440
      21    5839.3172
      22    5879.1337
      23    5593.7086
      24    5782.2444
      25    5649.9712
      26    5697.2878
      27    5638.0559
      28    6073.8300
      29    5728.9820
      30    5709.2544
      31    5695.6180
      32    5658.4737
      33    5727.9870
      34    5732.5500
      35    5578.4818
      36    5751.8113
      37    5625.3554
      38    5579.6440
      39    5617.0509
      40    5369.4416
      41    5448.8895
      42    5493.1880
      43    5870.2883
      44    5865.7288
      45    5846.0506
      46    5879.6859
      47    5923.3655
      48    5923.7528
      49    5929.2244
      50    5897.8284
