| Run on Mon Jun 20 15:45:57 2016
| GB non-polar solvation energies calculated with gbsa=2
idecomp = 2: Per-residue decomp adding 1-4 interactions to EEL and VDW.
Energy Decomposition Analysis (All units kcal/mol): Generalized Born Solvent

Total Energy Decomposition:
Residue,Internal,,,van der Waals,,,Electrostatic,,,Polar Solvation,,,Non-Polar Solv.,,,TOTAL,,
,Avg.,Std. Dev.,Std. Err. of Mean,Avg.,Std. Dev.,Std. Err. of Mean,Avg.,Std. Dev.,Std. Err. of Mean,Avg.,Std. Dev.,Std. Err. of Mean,Avg.,Std. Dev.,Std. Err. of Mean,Avg.,Std. Dev.,Std. Err. of Mean
MET   1,5.808239999999999,0.41122886863644914,0.058156544326501025,-2.7409600000000007,1.074977617627453,0.1520247926096263,-19.939240000000005,8.626715056288797,1.2200017431331793,-72.48692,7.907904867510783,1.1183466313589963,1.4436378720000005,0.29340501925926377,0.041493735750478995,-87.91524212799997,2.345241741532943,0.3316672677919385
LYS   2,10.697599999999998,0.37431842059940673,0.05293661870577575,-2.9101,0.6952126077683012,0.09831790986386985,25.362819999999996,5.230504712511043,0.7397050702489503,-49.39590000000001,5.417288160140535,0.7661202387353935,1.106073936,0.058674128285392285,0.00829777479816206,-15.139506063999999,0.7078143137799658,0.10010006021894331
PRO   3,17.52142,0.22551594976857645,0.03189277146941705,-4.477800000000001,0.41323872035421405,0.058440780282263224,-7.70822,1.1480371995715102,0.16235697777428573,-2.7503999999999995,1.327319690202778,0.18771135074896234,0.4542710400000001,0.04806887223454125,0.006797965104206774,3.0392710400000014,0.3826020675295581,0.054108103289228784
GLY   4,6.273960000000001,0.25645693283668397,0.03626848725822444,-2.4054,0.36392515714085866,0.05146678929173621,-9.88628,1.5553959629624945,0.219966206568192,-5.45768,1.1891568010990006,0.16817216759024115,0.2888135999999999,0.039761303937412264,0.005623097528592717,-11.1865864,0.5348188786298024,0.07563481115714367
ASP   5,15.1763,0.37536261135069104,0.053084289577992834,-4.091779999999999,0.41328161294691207,0.05844684621089511,-48.118,11.514241163011965,1.628359601316608,-36.3183,10.883769781192548,1.5391974834308955,0.3499067519999998,0.0984448784319235,0.01392220822245968,-73.001873248,0.9257123589186278,0.1309154972839114
THR   6,14.716679999999998,0.2538328930617178,0.03589739199442808,-3.2355199999999997,0.2714149767422598,0.03838387411400819,-28.211779999999997,0.8499443579436367,0.12020028382663833,-10.97886,1.0119977669936024,0.14311809671736397,0.596967264,0.03490254113250697,0.004935964703087616,-27.112512736000006,0.4253810480575191,0.06015796473394248
PHE   7,9.64526,0.22056552858505113,0.031192676191696987,-5.58966,0.7223130515226773,0.10215049137424664,-10.160540000000003,0.7690538657336998,0.10876064071160556,-1.3376400000000004,0.6046307884982356,0.08550770613225431,0.307949904,0.0913528284446738,0.012919240894760034,-7.1346300959999995,0.6926327768980377,0.0979530666833343
GLU   8,14.76032,0.22264765347968546,0.03148713311815164,-3.8090399999999995,0.3520598789978885,0.04978878556462447,2.0279599999999998,5.505259463313242,0.7785612597400413,-80.30278,4.961875964955272,0.7017152284452833,0.797317344,0.04270500279630157,0.006039399413571063,-66.52622265599997,0.3710646767324038,0.05247646983525536
VAL   9,10.906019999999996,0.19136399765907852,0.027062956083940205,-5.416040000000001,0.6273435090921036,0.08871976988247819,-30.79154000000001,0.9151248922411535,0.12941820338726562,-0.9396800000000003,0.8322316369857612,0.11769532680612257,0.019856735999999996,0.026257334948556834,0.0037133479196022126,-26.221383264,0.7022769340879068,0.09931695647289139
GLU  10,15.741180000000004,0.20440016536156388,0.028906548600562697,-4.15188,0.38061553515325675,0.05382716518636292,8.806860000000002,5.747830881332536,0.8128660386607373,-86.62422000000002,5.608144624703898,0.7931114188006023,0.7942330079999996,0.061264217668107405,0.008664068751441488,-65.433826992,0.6222162346399486,0.08799466377565353
LEU  11,12.055299999999999,0.9374363605066691,0.13257352148902055,-6.532139999999999,0.35820988316908337,0.050658527495379954,-30.73668,1.380903710473759,0.19528927556833195,-1.78092,0.8646291653651287,0.12227702920826945,0.04864622399999999,0.023792065842701132,0.00336470621916216,-26.945793776000002,0.962466309138029,0.13611329077101764
ALA  12,8.152860000000002,0.5843673847845735,0.08264202809708408,-3.24886,0.35638939434275985,0.050401071496546414,3.59474,0.6390967629396975,0.0903819309818063,-3.89292,0.5829899086605228,0.08244722355543632,0.355043952,0.07654291352479947,0.01082480264103224,4.9608639519999995,0.9102896096746314,0.12873439116891747
LYS  13,11.246940000000004,0.3871782747003089,0.05475527671373926,-7.635740000000001,0.5458063323194006,0.07718867175952128,-20.16162,5.606847092225725,0.7929279199977771,-17.395820000000004,6.208439429325206,0.8780059242123585,0.27527831999999997,0.07814494670765594,0.011051364346488977,-33.67096167999999,1.1446386436891014,0.16187634939214718
THR  14,14.572960000000005,0.22963318227070642,0.032475036073812594,-2.1635200000000006,0.37919922151818475,0.05362686819123364,-37.54702,0.9445659424307075,0.13358179663412306,-6.47332,0.7007248943772342,0.09909746491207391,0.5784550559999999,0.08081354196724308,0.011428760707348246,-31.032444943999998,0.33379038006868933,0.04720508824828105
ASP  15,11.851999999999999,0.11042680833941032,0.015616709000316847,-0.4848399999999999,0.22509769967727375,0.03183362197425864,-19.382160000000002,7.5345553800074985,1.0655470404857772,-60.918559999999985,7.847449473963067,1.1097969476116178,1.0960708319999994,0.09570347520996333,0.013534515260816744,-67.837489168,0.1466725429315256,0.020742629944151353
GLY  16,6.104079999999999,0.07564465347947195,0.010697769487168237,-1.4497600000000004,0.28414359468409445,0.040183972526369,-6.184500000000001,1.463091292435298,0.20691235487519782,-6.095599999999998,1.2614804635823857,0.1784002780266909,0.3720682080000001,0.03642040080361283,0.005150622476353323,-7.253711791999995,0.38929568568792994,0.05505472384732041
SER  17,10.15584,0.14803869223947352,0.02093583263210401,-3.4262599999999996,1.0880657298159908,0.15387573118591538,-18.16068,4.4764529415152,0.6330660461215731,-0.5059999999999998,2.2938643290308174,0.32440140443592413,0.16929144000000002,0.048769012024735485,0.006896979822891748,-11.76780856,1.3825304778549647,0.1955193352176647
LEU  18,10.836439999999998,0.393098672600215,0.05559254741420851,-7.5299200000000015,0.46633716729419955,0.06595003466261079,-32.243219999999994,1.1444972047150286,0.161856346900609,0.45002000000000025,0.6360541326019349,0.08995163807291112,0.006244415999999999,0.007637109887263891,0.0010800504379902254,-28.480435584000006,0.7624913605049181,0.1078325623218368
GLY  19,5.652320000000002,0.2561659181077037,0.03622733156056702,-3.5195,0.5163195618994147,0.0730186126956687,-13.059780000000003,1.1332851942913347,0.16027072918034335,0.41262,0.8555845227679145,0.12099792358548968,0.00438264,0.008236837541872486,0.0011648647362779937,-10.509957360000003,0.6056934084698431,0.0856579832898039
ILE  20,14.255200000000004,0.31872960326877114,0.04507517276724921,-6.9988199999999985,0.5001757567096002,0.07073553387089422,-9.892360000000002,1.0393115752265827,0.14698085252167783,-3.00326,0.5891095589107345,0.08331267279351924,0.001582848,0.002127131210079905,0.0003008217806242095,-5.637657152000003,0.7043553046397729,0.09961088245509998
SER  21,12.440740000000005,0.7735906878962928,0.10940224425484693,-5.64368,0.2117738831867666,0.029949349775914087,-9.605619999999998,1.7444488056690148,0.24670231598426684,-6.977559999999999,1.601031769328772,0.22642008419749418,0.12563956799999998,0.019312146681272385,0.002731149975519396,-9.660480432,1.0245728262616465,0.14489647865381533
VAL  22,12.222659999999996,0.37568005589879994,0.053129183016516535,-7.014419999999998,0.40444006181391,0.05719646205842444,-32.48611999999999,0.4123299959986684,0.05831226725145608,1.5007599999999999,0.48255120184287226,0.06824304541856267,5.7312e-05,0.00040118400000000007,5.673598538070878e-05,-25.777062687999997,0.6214405331481496,0.08788496301864801
THR  23,12.964660000000004,0.3046999579912821,0.043091081304578345,-5.131159999999998,0.40078829124616805,0.05668002371206689,-33.86169999999999,0.8325587847114859,0.11774159248118451,-5.18544,0.5199520039388222,0.07353231757533513,0.1780056,0.02424025945049303,0.003428090367032983,-31.035634400000003,0.7324662519039717,0.10358637074231847
GLY  24,6.057779999999999,0.5823694803129805,0.08235948173707883,-3.9007200000000006,0.3377153262734671,0.047760159463719205,-7.5368200000000005,3.502670036928968,0.4953523470742816,-1.87318,3.1237308571002074,0.44176225433144456,0.029080224,0.025675180812376467,0.0036310188921244257,-7.223859775999999,1.2855489297583642,0.1818040731558496
GLY  25,5.22254,0.4029298306157042,0.05698288311414228,-4.303639999999999,0.3271581733657394,0.04626715258150369,-8.442160000000001,2.0382038598726955,0.2882455541513157,0.18453999999999998,1.1312986380262287,0.15998978769909034,0.000852192,0.004224640665232488,0.0005974544124924679,-7.337867808000002,1.5073880775411506,0.21317686630182017
VAL  26,12.886419999999998,0.6229400321058761,0.08809702419492613,-3.4738599999999993,0.6434888347127757,0.09100306372864662,-26.55054,1.4278132960580785,0.20192329278219656,-3.76774,1.401830143919013,0.19824872016736958,0.5268998880000001,0.10033808472961081,0.014189948024715635,-20.378820112,0.518504863543061,0.07332766101790078
ASN  27,19.59184,1.2936158990982944,0.1829449149006273,-2.8539799999999995,0.6884000142359102,0.09735446364702559,-84.9703,5.605580281291414,0.7927487658773507,-14.113559999999998,4.831455470807948,0.6832709852818287,0.7238947679999999,0.1345080316825582,0.019022308265358376,-81.62210523200001,1.1052537215147984,0.15630648028295638
THR  28,14.579960000000002,0.8199587784760815,0.11595968251077506,-1.9511999999999998,0.5606330707334345,0.07928548921460978,-30.915900000000015,3.2976535491162844,0.46635863731680205,-8.513920000000002,2.429384924955279,0.3435669109096499,0.5351078880000001,0.09463546011576122,0.013383475117712764,-26.265952112,1.584409430411769,0.22406933048401542
SER  29,11.818520000000003,1.0152596759449684,0.14357940030518876,-1.367,0.7242623557800033,0.10242616462603685,-6.835539999999998,2.107918102868331,0.2981046369448158,-8.8752,1.54373965421634,0.21831775557659,0.789559632,0.11517877058457715,0.01628873794581683,-4.4696603679999996,0.7216165701807716,0.10205199403828036
VAL  30,12.881920000000001,0.8659320259696929,0.12246128152195508,-4.085800000000001,0.8207911061896309,0.11607739142485912,-15.904059999999998,2.8369369285199184,0.40120346799099404,-6.012440000000002,2.1721550696025327,0.30718911590093756,0.23586969600000005,0.06943040724111833,0.00981894235614767,-12.884510303999994,0.7555070434104534,0.10684483072594618
ARG  31,14.55682,1.1546158095228158,0.16328733371575563,-2.3222799999999997,0.8817586753755253,0.12469950774562032,-156.46367999999998,11.760331795387726,1.6631620723044853,-49.57250000000001,11.52422381464361,1.6297713614491998,1.364125248,0.2590056364968098,0.03662892838648643,-192.43751475200003,1.1051793780697665,0.1562959665321326
HIE  32,29.73548,0.7477835847356743,0.1057525687253161,-4.190060000000001,1.4651616076051093,0.20720514165435122,-22.26,5.89961244489838,0.8343311932320382,-11.181239999999997,5.434186940325116,0.7685100871478532,0.8605933920000001,0.28935342381246293,0.04092075362746751,-7.035226607999999,1.2309555527032228,0.17408340373113668
GLY  33,4.698259999999999,0.7517907371070787,0.10631926564832966,-3.35974,0.5492106630428789,0.07767011682751593,-11.953780000000004,3.7830398321455645,0.5350026237617894,-0.8887399999999999,2.5222466398827854,0.3566995405772203,0.024977376000000003,0.04423793550511398,0.006256188836271846,-11.479022623999997,1.948500302331471,0.27555955538452426
GLY  34,4.9197000000000015,0.45543799797554996,0.06440865935570729,-3.8969,0.290300895623833,0.04105474637602809,-9.015360000000001,1.2194764739018193,0.17246001683868725,-0.48578000000000005,1.1009695052997606,0.15570060061541185,0.005524704,0.006323426869695262,0.0008942676039797485,-8.472815296,0.6865222482382332,0.0970889074329378
ILE  35,14.144379999999998,0.5544870743309418,0.07841631406793963,-7.721000000000003,0.4404955391374365,0.06229547656130112,-11.2689,0.8532923356036716,0.12067375936797269,-2.6670400000000005,0.392954702733017,0.055572187000332056,0.00031392,0.0006566510525385611,9.286448242466009e-05,-7.512246080000002,1.2336312318731961,0.17446180190821023
TYR  36,9.615179999999999,0.4973177531518948,0.07033135113163247,-6.059719999999999,0.5896413160557941,0.08338787461016245,-32.479279999999996,3.1018382487809077,0.438666171971357,-0.90756,1.888147750150925,0.2670244156027684,0.439122816,0.0869964444532834,0.0123031551624071,-29.392257184000005,1.2692900533885607,0.17950472080873725
VAL  37,12.0145,0.17821495447910304,0.025203400564205128,-6.581959999999997,0.5023598694163643,0.07104441405205994,-23.365859999999998,1.4679188398546568,0.20759507317854348,-0.16731999999999989,0.8072971556991887,0.11416905864550168,0.0035576639999999994,0.004609304734285202,0.0006518541268336648,-18.097082336,0.6730358234834176,0.09518163895331935
LYS  38,11.444800000000003,0.24172529863455766,0.0341851195697678,-4.4651000000000005,0.5029342004676127,0.07112563672825668,48.79148,3.701282757315383,0.5234404273573099,-86.55511999999999,3.5622756077544593,0.5037818477397216,0.943433424,0.04685277922788801,0.006625983581895165,-29.840506576000003,0.3773910261768901,0.05337115075372577
ALA  39,6.978840000000002,0.10860135542419887,0.015358550973300293,-3.845659999999999,0.14508281910692364,0.02051780904483338,-6.232840000000001,0.7477649994483485,0.10574994036877644,-2.585,0.5689258299637994,0.08045826247191744,0.256936464,0.020660314269262715,0.0029218096642481713,-5.427723536000001,0.23269457275616762,0.032907982068238514
ILE  40,13.239540000000007,0.51526634704764,0.07286966562292144,-5.557320000000001,0.4751298113147557,0.06719350230490971,-11.270740000000004,0.42885120076774974,0.06064871843657387,-0.3452199999999999,0.45716046591979054,0.06465225310845708,0.25608470400000005,0.04844632070210873,0.0068513443783998615,-3.6776552959999993,0.5492162412233428,0.07767090570136247
ILE  41,15.871019999999998,1.0037495801244662,0.14195162694383198,-2.4650000000000003,0.6182835918896747,0.08743850410431298,-1.1594399999999998,1.9605180760197034,0.2772591252384671,-3.6047,0.9936363167678616,0.14052139552395584,0.4621991039999998,0.08892215433563365,0.012575491665688662,9.104079103999998,0.906443221672856,0.12819042976109146
PRO  42,19.04158,0.47295480080013996,0.06688590936810235,-1.962780000000001,0.3622114459814826,0.05122443393537823,0.9504799999999995,2.0076654824945317,0.28392677540520905,-5.376540000000002,1.935350079029627,0.273699832970354,0.9176666399999998,0.05835846955663194,0.008253133912632627,13.570406639999996,0.6359614702588732,0.08993853363868322
LYS  43,10.353340000000003,1.1814260469449436,0.1670788738530372,-1.3930800000000003,0.6286663929303032,0.08890685390902081,2.12028,7.608327850559541,1.0759800433242241,-42.53621999999999,7.945679651961878,1.1236887926076422,1.330590528,0.18010529710610765,0.025470735382269318,-30.125089471999996,1.928905526929804,0.272788435672055
GLY  44,5.22292,0.41755918574496403,0.059051786357399445,-2.3866799999999997,0.5307472633937934,0.07505899780839079,-13.068219999999997,1.281068886360183,0.18117049934247678,-3.8148600000000012,0.5814370820647724,0.08222762071226393,0.05335876799999999,0.021892213887475528,0.003096026579004051,-13.993481231999997,1.0257094235148723,0.1450572177788621
ALA  45,9.64306,0.39411406521464704,0.05573614561485483,-4.669799999999999,0.5315012323598254,0.07516562512212788,-3.0433399999999993,1.6040180997731928,0.22684241509911696,-3.541140000000001,0.8915502680163312,0.12608424805660634,0.09548035200000003,0.04851827802970021,0.006861520681259061,-1.5157396479999996,0.8494602591021242,0.12013182191191873
ALA  46,9.071919999999999,0.37627579459755595,0.05321343319125766,-5.342259999999999,0.37371817242412353,0.05285173079474823,-5.135599999999999,0.9247932093176334,0.13078550990075377,-3.1781400000000004,0.6355455297616359,0.0898797107694499,2.376e-05,0.00016632000000000002,2.3521199969389318e-05,-4.584056240000002,0.6618866366561026,0.09360490583125732
GLU  47,16.4892,0.9502464101484152,0.13438513608282354,-5.130520000000001,0.71414772253364,0.10099573947449317,-23.206959999999995,14.243926330840113,2.0143953798517322,-56.08627999999998,13.329486935422656,1.8850741203549704,0.5628428639999999,0.06664094535513727,0.009424452873059944,-67.37171713599997,1.7187799626082692,0.24307219338557354
SER  48,12.928500000000001,0.6988617388295918,0.09883397492764526,-2.20928,0.6580439511157287,0.09306146803054414,-10.410780000000003,1.695076190499995,0.2397199737860813,-10.01654,1.1150958920200431,0.15769837338412693,0.7150235039999998,0.08100204878932359,0.011455419597786856,-8.993076496,0.8330645080141329,0.11781311255652566
ASP  49,17.293879999999998,1.0961554021214757,0.15501978361487245,-3.715559999999999,0.6685387994724056,0.0945456637186503,-24.58772000000001,14.4234739422096,2.039787246560775,-56.14214,14.149983081276101,2.00110979808905,0.42615791999999997,0.05165485795064003,0.007305100067625083,-66.72538208,0.865149342877546,0.12235059341755965
GLY  50,6.710759999999999,0.34769823468061956,0.04917195590985154,-2.0129600000000005,0.38814780483727973,0.05489238898062262,-6.152760000000001,2.168145636805796,0.3066220964770808,-1.2067199999999998,1.5992886423657235,0.22617356881828607,0.30945254400000005,0.0866215057151699,0.012250130817557183,-2.3522274559999996,0.6051850752490563,0.08558609411629975
ARG  51,12.8016,0.5571420285708794,0.07879178129729959,-4.21922,0.7811376393440578,0.11046954436404699,-200.44136000000003,16.50843740607777,2.3346456073262503,-8.3373,13.893210464467888,1.9647966663754293,1.045584,0.17232395146043264,0.024370286927706673,-199.15069600000004,3.224351515920713,0.45599216436733203
ILE  52,12.150380000000006,0.2712101686881077,0.038354909881221685,-5.895419999999999,0.5586212702717342,0.07900097766483728,-12.402719999999995,1.0200137850049316,0.14425173285614884,-2.48354,0.5198640672329639,0.07351988144712959,0.022268591999999997,0.01906889899005016,0.002696749557125155,-8.609031408000002,0.6268172535850324,0.08864534611494083
HIE  53,29.41303999999999,0.7126986168084268,0.10079080497750227,-6.237999999999997,0.49563454278332203,0.0700933092384762,-11.0435,4.395784072267432,0.6216577452264236,-11.869699999999998,3.5358804518818316,0.5000490089981194,0.6931474559999997,0.09537220183337487,0.01348766613061429,0.954987456,0.8858271850448401,0.12527488190091943
LYS  54,9.854099999999997,0.9729327674613792,0.13759347150210713,-3.3901600000000007,0.3062817892072548,0.043314786020479716,40.551379999999995,5.676416668603576,0.8027665438419879,-78.40611999999999,5.118910753822594,0.7239233012633396,1.217792592,0.04182000999692361,0.005914242531622779,-30.173007408000004,0.5709078021316273,0.08073855566391627
GLY  55,6.405639999999998,0.10356674369715639,0.014646549354733682,-2.0580399999999996,0.22202152688422416,0.031398585445845256,-15.4832,0.5675601113539168,0.08026512069386932,-3.5770599999999995,1.199669244583691,0.16965885160521413,0.28685736,0.03837986403736236,0.005427732424367326,-14.425802639999999,0.9221558095673043,0.13041252525112226
ASP  56,12.164100000000001,0.6182492458547811,0.08743364684147695,-6.8451400000000024,0.3692609922533974,0.0522213903300101,-52.397960000000005,13.475031260757751,1.9056571962365036,-16.34102,13.060613678522156,1.8470496997081591,0.015592608000000006,0.019765627356477602,0.002795281827634329,-63.404427391999995,1.6394978482943923,0.23186000925394365
ARG  57,13.359180000000002,0.5725471749994813,0.08097039799826683,-9.470119999999998,0.6742666428053906,0.09535570309111586,-172.74774000000002,7.848272326595211,1.1099133165468391,-32.72914,7.7170906020598,1.0913614191494923,0.24990537600000004,0.1252463917665822,0.017712514587459448,-201.33791462399998,1.023192619440169,0.144701287933234
VAL  58,12.241159999999997,0.2743924459601288,0.03880495184895407,-6.668359999999998,0.22282026478764042,0.03151154404342452,-33.94664000000001,0.6001302445295803,0.08487123310040144,1.8608800000000003,0.3063786963873294,0.043328490765315,0.0012473280000000002,0.0019629162654621825,0.0002775982804419365,-26.511712672,0.4295114338567827,0.06074208949545766
LEU  59,12.485859999999995,0.4624169551391485,0.06539563294290549,-5.99656,0.9326810850446162,0.13190102398389503,-33.82546,1.0119900041006848,0.14311699887851925,-0.03671999999999996,0.6325298424580458,0.08945322818098855,0.287221104,0.07965449081770315,0.011264846121831896,-27.085658895999995,1.495914823525298,0.21155430315844312
ALA  60,6.968919999999997,0.11820741770315948,0.016717053328890962,-5.541259999999998,0.1610290421012159,0.022772945527548764,-5.4709400000000015,0.35459556737215203,0.05014738605350799,-0.16479999999999995,0.3098993384955831,0.04382638474709042,0.05186347199999999,0.024670142821727168,0.0034888850564167816,-4.156216528,0.19417551530088042,0.02746056472192895
VAL  61,11.18944,0.1763415050406963,0.02493845480378362,-5.46018,0.24083635024639333,0.03405940328308863,-28.401880000000006,0.4520516625339658,0.06392975920488399,-0.33,0.34883382863478135,0.04933255314698399,0.009335232,0.004136579691553878,0.0005850007101632608,-22.993284768,0.36749534195027506,0.05197168966950172
ASN  62,18.364259999999998,0.8727308820020246,0.12342278496290965,-2.73278,0.4363701772577977,0.0617120622893129,-86.69594000000001,2.496143140206095,0.3530079482504026,-11.83114,3.3593659938149067,0.4750860949428012,0.596556864,0.10048628309258067,0.014210906438198983,-82.29904313600002,0.47908502368027867,0.06775285380184855
GLY  63,6.200760000000002,0.08216338844022612,0.011619657826269655,-1.1452600000000002,0.0881604922853744,0.012467776385546508,-6.49734,0.3855877389129523,0.054530340985547314,-5.1597,0.3954729447130477,0.05592832019648172,0.540725472,0.0319624768167115,0.0045201768201229035,-6.060814528000003,0.1183954133992567,0.016743639935199808
VAL  64,11.051880000000004,0.12008191204311709,0.01698214686070693,-1.3917000000000004,0.15823744815940147,0.02237815452623351,-30.636439999999993,0.4679501323863082,0.06617814237350024,-0.32768000000000014,0.3312503850563799,0.046845878708804245,0.6762775679999998,0.0378168893786578,0.005348115784606091,-20.627662432,0.25060023812852533,0.03544022554952877
SER  65,11.491080000000002,0.8393317303665048,0.11869943164143887,-3.535200000000001,0.2817342009767338,0.03984323280056442,-7.281699999999997,4.023510334272803,0.5690102883076903,-7.439220000000001,2.78287156936859,0.39355747157435594,0.4893773759999999,0.050372687192592955,0.007123773740094246,-6.275662624000001,1.1071304695568065,0.15657189253637288
LEU  66,11.85336,0.6865846127026364,0.09709772710007471,-7.440119999999997,0.20913379832072213,0.029575985393576483,-36.085139999999996,3.6296778921001334,0.5133139702053796,0.4886800000000001,2.454106464194249,0.34706306451709895,0.022698431999999994,0.03511428461556602,0.004965909753636239,-31.160521568000007,1.814470893647382,0.2566049346327357
GLU  67,14.920359999999993,0.7299334698451172,0.10322818126850174,-2.1687000000000007,0.40508992828753043,0.057288367056497,-15.774740000000003,6.666004187847459,0.9427153529289726,-65.41046,5.937553688885671,0.8396968954140516,0.8818493760000001,0.08638738064450438,0.01221702053253451,-67.551690624,0.7783938788950434,0.11008151804015709
GLY  68,6.430420000000001,0.16607734222338508,0.023486882977518903,-2.0143999999999997,0.2972845774674536,0.042042388133882794,-8.688859999999998,1.29282046719567,0.18283242384216375,-4.068280000000001,0.6667269918039888,0.09428943542094162,0.33843096000000017,0.057517059091270306,0.008134140503468919,-8.00268904,0.9087989322687963,0.12852357754847193
ALA  69,7.9686400000000015,0.37739664863374034,0.05337194588919891,-4.75462,0.20809150775558494,0.02942858324826143,-7.63894,1.2836029979709387,0.18152887684332658,-0.2823000000000001,0.8029679009773679,0.113556809571245,0.052991280000000016,0.017764046978366095,0.002512215615943813,-4.65422872,0.7861065251022,0.11117225092695171
THR  70,14.71998,0.24957367569530112,0.03529504769795993,-4.5196000000000005,0.5728224157625091,0.08100932292026601,-31.033480000000008,2.17976798068035,0.3082657441104765,-6.12776,1.8286220009613807,0.25860620342134116,0.35924616,0.09440640696552775,0.013351082110556318,-26.601613840000006,1.3668409295711867,0.19330049802062207
PHE  71,12.526620000000007,0.523906323305836,0.07409154278321367,-8.005920000000001,0.3252843580622713,0.04600215507994901,1.7490999999999999,1.5559638845423118,0.2200465228082462,-4.85724,0.7999816887904302,0.11313449539375589,0.09018014400000002,0.049365073592004906,0.006981275658135925,1.5027401439999999,0.9053822951888683,0.12804039209885784
LYS  72,11.572440000000002,0.4662457789621149,0.06593711040074311,-4.266479999999999,0.45217997478881594,0.06394790529798677,33.948799999999984,15.342227344163591,2.16971859871275,-72.65179999999998,13.917668375126715,1.9682555372715316,1.0661958719999998,0.08373350257880749,0.011841705497195208,-30.330844127999995,1.1419267963877535,0.16149283626888208
GLN  73,20.72134,0.2709994546118127,0.03832511041077375,-4.975360000000001,0.6842071838266409,0.09676150788407369,-79.18434000000002,1.1353798414614973,0.16056695702398638,-12.109159999999997,0.8747233016217603,0.12370455564772649,0.6815155680000002,0.06663689432517204,0.009423879970908104,-74.866004432,1.3706736798778218,0.19384253076710536
ALA  74,9.3116,0.07542386890083114,0.01066654583262057,-6.259780000000001,0.19212030501742386,0.02716991409628966,-2.27184,0.6464259388359963,0.09141843297716268,-3.610420000000001,0.3718813299965398,0.0525919620474451,3.8304000000000005e-05,0.0001876505102151337,2.653778965324731e-05,-2.830401696,0.3398316603853087,0.04805945430406712
VAL  75,13.035620000000005,0.15347167686539154,0.021704172686317788,-5.915619999999999,0.32712804159841957,0.0462628913061035,-29.20462000000001,0.5250011767598693,0.07424637844356417,-3.4303399999999997,0.44292873512564307,0.06263958243794447,0.054636768000000016,0.02361515201619026,0.0033396868258798607,-25.460323232000004,0.34924775070882125,0.04939109056807127
GLU  76,17.172500000000003,0.41242309586141584,0.058325433560311335,-4.83938,0.49466173856485024,0.06995573394654654,-58.77586,14.290707149766893,2.0210111867102496,-24.950699999999998,13.51503987008548,1.9113152680288,0.531803232,0.10353169303023967,0.014641592441881297,-70.86163676800003,1.0746584298864552,0.15197965264640007
THR  77,15.555119999999999,0.7207010098507787,0.10192251425469567,-5.01078,0.6964593969500428,0.09849423248089374,-30.351519999999997,0.7034200235989903,0.09947861374184945,-6.1709,0.9907465922222575,0.1401127267595643,0.22392316799999995,0.062563373968345,0.008847797197385335,-25.754156832000003,1.4352778569005333,0.20297894110025244
LEU  78,13.259360000000001,0.24492086558717577,0.03463704098215418,-7.987040000000002,0.32110490248509843,0.045411090803891635,-24.463819999999995,0.7529430971861626,0.10648223397358744,-2.6850199999999997,0.6317734242590441,0.08934625449340315,0.004770287999999999,0.005358990173554719,0.0007578756584065231,-21.871749711999993,0.4316634046146662,0.061046424118620574
ARG  79,13.53082,0.5629000511636313,0.07960608866161165,-4.668919999999999,0.3734440702434709,0.05281296689261274,-159.77258,9.072935567036467,1.28310685294402,-50.20228,7.9339186082036495,1.122025529848587,1.138429872,0.10478590424614229,0.01481896469304229,-199.97453012799994,1.2848086601378057,0.18169938322212892
ASN  80,20.585519999999995,1.0081269015357683,0.14257067367450493,-2.1120399999999995,0.3895961478249018,0.055097215610228935,-93.19918,2.4007646422750804,0.33951939171712103,-13.06296,2.754055322320167,0.3894822388350986,0.966706992,0.08296341997669175,0.011732799371189243,-86.82195300800002,0.9523696060468229,0.13468540132633383
THR  81,15.134979999999999,0.47505589102769463,0.06718304839766008,-3.3285199999999997,0.39401138257670343,0.05572162409693482,-41.689699999999995,2.2605905976094722,0.31969578821124156,-0.8835400000000003,1.5075116213150728,0.2131943380298829,0.147510288,0.029509678319958956,0.004173298730135324,-30.619269711999994,1.311817552264004,0.1855190173770831
GLY  82,7.224880000000001,1.0917798430086525,0.1544009861108405,-1.30046,0.39330676119283803,0.055621975585194765,-4.71104,1.3639554385682844,0.19289242796958106,-6.254839999999999,0.6545876369135053,0.09257267138848344,0.4897163520000001,0.07229693265963108,0.010224330268522463,-4.5517436479999995,0.32989120057957977,0.04665366099671847
GLN  83,21.08306,1.497153464545355,0.21172947345139076,-3.5306599999999997,1.1793616003584333,0.16678691701689344,-74.14736000000002,3.8454628265526103,0.5438305682912278,-9.30452,3.546399200541306,0.5015365846994616,0.8712917280000002,0.13694290470837475,0.019366651310934995,-65.02818827200001,0.6806079125070817,0.09625249405259559
VAL  84,11.009760000000002,0.4259819977416377,0.06024295185330092,-2.4335399999999994,0.30475617860841264,0.04309903210050144,-28.051980000000004,1.5612836960654628,0.22079885776877706,-0.10814000000000007,1.2086945686979818,0.17093522518193843,0.5667845760000002,0.052577312415764604,0.007435554829150162,-19.017115423999993,0.49670000435072165,0.07024398825835658
VAL  85,11.532239999999996,0.4967400752909696,0.07024965514507216,-5.60198,0.3289819137885728,0.04652506842552559,-28.25518,1.6155116674292778,0.22846785102504577,-1.4853,0.8476577670262924,0.11987691103794759,0.000672192,0.0014096553865168607,0.00019935537658844317,-23.809547807999998,1.2319710950752352,0.17422702311070312
HIE  86,29.882699999999996,0.5026048248873372,0.07107905598698266,-7.035799999999996,0.24628422604800745,0.03482984926756532,-25.663599999999995,3.4762365742279995,0.4916140909290623,-3.03562,2.765936506068062,0.3911624919544306,0.5046945119999999,0.048375732691044775,0.006841361726141102,-5.347625488,0.8026937514949694,0.11351803897963245
LEU  87,11.3994,0.16997117402675913,0.02403755395211203,-8.09382,0.361646661259301,0.051144561313985204,-29.12834,0.5634912815650656,0.07968970126683121,-2.3302600000000004,0.37218655590980126,0.05263512751005731,0.0020276639999999998,0.0021515392166316654,0.00030427359401380855,-28.15099233600001,0.28035147101301433,0.039647685253785245
LEU  88,13.18304,0.1272619283210932,0.017997554500544268,-6.03438,0.2648094326114589,0.03744970910434493,-34.80272,0.30395203832153944,0.04298530949052678,1.4278999999999997,0.36991540924919586,0.052313938869100664,0.465051312,0.052426879321266884,0.007414280376903319,-25.761108688000004,0.29052430466164914,0.04108634118515172
LEU  89,11.446959999999997,0.44759754065460405,0.06329985124785838,-8.483179999999997,0.3432721771423418,0.04854601685000393,-35.71726,0.7991300722661032,0.11301405862989147,-1.33476,0.7173482155829205,0.1014483575421505,0.0032990400000000005,0.01084117960460023,0.0015331743228948233,-34.08494096000001,0.5975689293343304,0.08450900843173796
GLU  90,15.701140000000002,0.4764537757221509,0.06738073914701347,-6.356639999999998,0.8611641831846228,0.1217870067289642,-54.33245999999999,13.032667518524422,1.8430975158596545,-22.533739999999995,12.0465528792431,1.7036398461670248,0.170238528,0.08302900563524296,0.011742074583971272,-67.35146147200001,1.4969274812425126,0.2116975145862158
LYS  91,11.26106,0.827785320237105,0.11706652266126696,-6.494000000000001,0.9177229647339058,0.1297856263227935,-12.442379999999998,10.504558219915769,1.4855688701342658,-26.64502000000001,9.707513299480956,1.372849696504316,0.4003659360000001,0.07027824148676887,0.009938844225032004,-33.91997406400001,1.2906021621855608,0.18251870813908608
GLY  92,7.619600000000003,0.4821658220985476,0.0681885444924539,-2.4761999999999995,0.19736747452404832,0.027911975924323543,-15.846899999999998,1.3698190719945607,0.19372167096120346,-2.9378200000000003,1.0251592596274974,0.14497941285575677,0.2690572319999999,0.053849324019785386,0.0076154444353403765,-13.372262768,0.6429376394191523,0.09092511294267078
GLN  93,19.010879999999997,0.5058082498339798,0.0715320886875413,-4.121979999999999,1.1510657929067345,0.1627852855512444,-73.86616000000001,4.167362428970936,0.5893540466374781,-9.5149,4.608097539115247,0.6516834036554866,0.6073436160000001,0.1909761221236359,0.027008102199666637,-67.88481638399998,1.060403265870742,0.14996366801791264
VAL  94,13.272620000000002,0.3122351607362327,0.04415671989629236,-0.23187999999999998,0.5366952446221226,0.07590016938057516,-13.391819999999996,1.755526230963284,0.24826890049299985,-4.81806,1.955639132457722,0.2765691384229264,0.8890647839999999,0.08656661616585268,0.012242368263049487,-4.280075215999999,0.4546303128014358,0.0642944354229713
PRO  95,15.60060000000001,0.1152151031750642,0.016293876150039122,-2.4957,0.3741458672763877,0.052912215980811146,-19.43706,5.793887407984406,0.8193794151234245,-60.601879999999994,5.892840010181908,0.8333734263294061,1.1881792799999997,0.06242130221298708,0.008827705217059601,-65.74586072,0.326521268796197,0.04617708067348526
TYR  96,3.9551999999999996,0.5675873853425657,0.08026897781833404,-0.7657600000000001,1.368639639349964,0.19355487399701407,-17.14248,5.482515591368623,0.7753447905235455,-99.75147999999997,5.058388384614643,0.715364145727256,1.639743408,0.23549206989573512,0.033303607907786144,-112.06477659200002,0.6912747836850073,0.09776101744138647
LEU  97,11.45822,1.3950083195450795,0.19728396851239519,-3.4553,0.797990858343627,0.11285294945193046,-22.22724,0.48667071249466937,0.06882563220197387,-4.241219999999999,0.5037065927700409,0.07123486949521335,0.6156233280000001,0.13938792671572517,0.01971242963924456,-17.849916672,1.9937153292153844,0.28195392580875367
VAL  98,13.38924,0.41254592762499087,0.05834280459490514,-3.3630199999999997,0.38963739502260675,0.05510304884486935,-22.713900000000002,1.0030694542252527,0.1418554426167531,-5.451440000000002,0.623986222924817,0.08824497791942376,0.4628553120000001,0.05761586663644774,0.008148114000514392,-17.676264688000007,0.5851005708448093,0.08274571626409692
MET  99,11.288259999999998,0.5051985277097142,0.07144586095779977,-6.150960000000001,0.4615557153800404,0.06527383524812692,-9.245559999999998,1.4207897122375448,0.20093000803265026,-2.988399999999999,1.1125409295841684,0.15733704713131014,0.5957593919999998,0.09189939771269919,0.012996537461921817,-6.500900608,0.7394696385392676,0.10457679917853625
SER 100,11.03586,0.6934883419351735,0.09807406185123527,-3.66294,0.29052410640083637,0.041086313146838686,0.9425399999999997,1.9128762553808862,0.27052155435011094,-9.15898,1.5499836836560628,0.21920079468834128,0.4847976,0.04494045028260286,0.006355539428881075,-0.3587224000000001,0.6672848421653256,0.09436832737561936
VAL 101,9.541159999999998,1.3164440490959046,0.18617330283367808,-6.229600000000001,1.328643006981178,0.18789849600249528,-70.83554000000002,9.429248504965685,1.33349711187087,-38.3227,7.799081962000403,1.1029567484720337,0.08634916799999999,0.03967340039253228,0.005610666090057722,-105.76033083199998,3.1327853827806775,0.4430427576332622


