#Frame       SA_00001
       1    6040.2037
       2    6107.4841
       3    6038.0234
       4    6105.2654
       5    6100.0122
       6    6097.2752
       7    6081.8972
       8    6068.3727
       9    6104.0917
      10    6027.6248
      11    6100.3833
      12    6087.6786
      13    6050.1352
      14    6030.9733
      15    6043.6867
      16    6053.7979
      17    6073.9029
      18    6080.1498
      19    6078.6122
      20    6080.2114
      21    6044.4455
      22    6071.4602
      23    6080.7087
      24    6102.9140
      25    6033.4659
      26    6098.0039
      27    6075.3198
      28    6089.5939
      29    6097.4238
      30    6071.7929
      31    6040.4999
      32    6069.3773
      33    6053.6340
      34    6113.4568
      35    6085.2152
      36    6085.0227
      37    6104.5018
      38    6054.8194
      39    6108.6842
      40    6063.6651
      41    6103.4022
      42    6089.2069
      43    6093.3346
      44    6068.9001
      45    6045.4729
      46    6067.1453
      47    6040.3284
      48    6046.5544
      49    6090.5225
      50    6024.9611
