| Run on Mon Jun 20 15:46:09 2016
| GB non-polar solvation energies calculated with gbsa=2
idecomp = 2: Per-residue decomp adding 1-4 interactions to EEL and VDW.
Energy Decomposition Analysis (All units kcal/mol): Generalized Born Solvent

Total Energy Decomposition:
Residue,Internal,,,van der Waals,,,Electrostatic,,,Polar Solvation,,,Non-Polar Solv.,,,TOTAL,,
,Avg.,Std. Dev.,Std. Err. of Mean,Avg.,Std. Dev.,Std. Err. of Mean,Avg.,Std. Dev.,Std. Err. of Mean,Avg.,Std. Dev.,Std. Err. of Mean,Avg.,Std. Dev.,Std. Err. of Mean,Avg.,Std. Dev.,Std. Err. of Mean
GLY   1,1.1657000000000002,0.0035735136769006613,0.0005053711507198662,0.0565,0.02812916635807042,0.003978064856183219,-24.484159999999992,0.15429521833329055,0.02182063903762573,-90.43989999999998,0.1450598841953227,0.020514565558529593,1.0010334240000005,0.0059813911644669765,0.0008458964506647798,-112.70082657600001,0.008381636151828971,0.001185342352079317
SER   2,11.241739999999998,0.02121302430162694,0.002999974666631087,-0.5275200000000001,0.01980529222202588,0.0028008912867151367,-4.34316,0.08682312134446933,0.012278643573291347,-12.07424,0.058613158932182004,0.008289152429542151,0.8273918880000001,0.006890196743317977,0.0009744209681819214,-4.875788111999999,0.014338719707622561,0.0020278011877586204
HIE   3,27.205560000000002,0.018414298788990594,0.0026041751088980956,-1.7703800000000003,0.01642423818626942,0.00232273803946683,-5.45412,0.08194745633638233,0.011589120415288891,-22.554360000000003,0.05613831490081164,0.007939156630149944,1.3256825760000004,0.008190991272675122,0.0011583810947096815,-1.247617424,0.04910973194418623,0.006945164895997539
GLY   4,3.908880000000001,0.0038086217967264377,0.0005386204598880314,-2.1001000000000003,0.024364112953260682,0.0034456058973691256,-5.743820000000002,0.04980108030924694,0.007042936319416871,-5.7324199999999985,0.05950129074253159,0.008414753234679285,0.16898270399999998,0.002131872553880328,0.0003014923078948526,-9.498477295999997,0.03394746141256967,0.004800896033779333
GLY   5,5.678659999999997,0.007546151339811243,0.0010671869568480961,-4.025040000000001,0.005336515716289616,0.0007546972901793946,-8.438439999999998,0.20141550685098397,0.028484454146091256,-2.51272,0.20713725304734457,0.02929363125322624,0.020299104000000012,0.00143454028663662,0.00020287463291320952,-9.277240896,0.01568580282125546,0.002218307508652963
SER   6,11.461060000000002,0.005285489572065682,0.0007474811036596854,-3.10048,0.015053557718975923,0.0021288945488141943,-2.75634,0.026073442427175745,0.0036873415898266006,-5.970400000000001,0.01253156015788201,0.0017722302332971063,0.445941792,0.0023426448973540718,0.0003313000185662255,0.079781792,0.0087389380679314,0.0012358724736407118
PRO   7,18.85776,0.006278725984889564,0.000887945944225519,-3.4893199999999998,0.01078042670788223,0.0015245825658456184,0.3391,0.06842258399096045,0.009676414625262848,-3.3541000000000007,0.06272200570768183,0.00887023111310463,0.616683312,0.0047118736852640045,0.0006663595669889252,12.970123311999998,0.014823231196724825,0.002096321459660021
ARG   8,13.75464,0.011695742815496932,0.0016540278111703448,-5.67454,0.01830541996240351,0.0025887773175766234,-179.52019999999996,0.3469044249020468,0.049059694254371344,-28.62962,0.34048717391489286,0.04815215791645282,0.5469073919999997,0.0020791394808926233,0.0002940347251943704,-199.52281260799998,0.015829336700132125,0.0022386062644697024
VAL   9,10.74072,0.00513045806956827,0.0007255563383169935,-2.2842399999999996,0.017113222957760948,0.0024201752002780143,-30.3042,0.02042253656641228,0.0028881828190280706,-2.79488,0.015026163848452059,0.00212502047049212,0.734287968,0.004839985274591164,0.0006844772817012892,-23.908312032000005,0.02365661908854651,0.003345551155491672
VAL  10,11.00028,0.029842278733641075,0.00422033553172334,-4.72148,0.03694603632327334,0.005224958564430215,-21.718739999999997,0.024979839872406418,0.003532682833346536,-1.571,0.02118395619330407,0.002995863815328814,0.06824073599999997,0.0024761429714595788,0.0003501794972612952,-16.942699264,0.021985631207630023,0.0031092377831163547
ARG  11,12.00522,0.03232787651578019,0.004571852141133902,-4.765040000000002,0.07018688196504301,0.009925924037564341,-182.82719999999998,0.7016407912964414,0.09922699229656176,-23.54098,0.6622657922615975,0.0936585265312114,1.1369600639999995,0.007032362870060684,0.0009945262946368803,-197.99103993600002,0.07014586365887635,0.009920123173075694
ILE  12,14.190339999999994,0.039429232813121426,0.005576135579828258,-7.35154,0.11549133473983898,0.016332941192565127,-14.049159999999997,0.16845335971732006,0.023822902593954764,-2.496259999999999,0.12271964960838559,0.017355179284585298,0.009559008000000003,0.0014426067477784426,0.00020401540278792163,-9.697060992,0.16942774411572306,0.02396070135707339
VAL  13,11.38992,0.10843022456873597,0.015334349415626678,-2.8901999999999997,0.03481264138213507,0.004923250958464627,-20.7048,0.13161215749255537,0.018612769809915556,-2.4055600000000004,0.1493495443581844,0.021121215116558654,0.64024776,0.013607176222685164,0.0019243453159722061,-13.970392239999999,0.12426596364876093,0.017573861113343973
LYS  14,11.237519999999996,0.24608366382211633,0.03480148548556983,-6.3633000000000015,0.1763979875167747,0.02494644263215427,14.22426,5.312550012225767,0.7513080278075032,-53.33171999999999,5.29127025217956,0.748298615281364,0.6580879200000003,0.02779909509536737,0.003931385730556792,-33.575152079999995,0.12959241515720965,0.018327135109601052
SER  15,11.182820000000001,0.033400413170634635,0.0047235317294776445,-2.27348,0.03731875667810205,0.005277669182507343,-19.56912,0.290063554415115,0.041021181260400184,-3.734860000000001,0.3230001863776402,0.04567912442242962,0.38409839999999995,0.005780448243935346,0.0008174788303169108,-14.0105416,0.0387474668847437,0.005479719317600692
GLU  16,15.9347,0.014577036737705374,0.0020615043053673794,0.47034,0.010126420887951085,0.0014320921758038624,-42.90028,0.672992333982966,0.0951754886091834,-39.91284,0.6668178869823146,0.09430228994033589,1.3491639359999998,0.0030885944458900706,0.00043679321540479523,-65.058916064,0.022147909632097743,0.0031321874179926334
SER  17,10.388219999999999,0.020318749961641472,0.0028735051766221173,-1.1583999999999997,0.00922821759606104,0.0013050670480879562,-7.684599999999997,0.038811853860094433,0.005488825010978811,-10.085939999999999,0.03860694756122689,0.005459846884291394,0.582553152,0.0038162348377420554,0.0005396971064735503,-7.958166848000002,0.01585945860313728,0.0022428661448451403
GLY  18,5.237520000000002,0.01853670952417951,0.0026214866010865184,-2.819820000000001,0.03536195130351626,0.005000935112540964,-11.359639999999999,0.23586807838294344,0.033356783538003885,-0.84262,0.20367325695829558,0.028803748228312196,0.132023088,0.004668662597045748,0.0006602485962886093,-9.652536912000002,0.03599809101824883,0.005090898853754859
TYR  19,10.315660000000001,0.05409458752961756,0.007650129933536365,-9.68376,0.06309851345330375,0.008923477349124336,-33.41315999999999,0.23023026386760806,0.032559476163030766,0.30094,0.18818750330455006,0.026613731944242634,0.032991984,0.0059566976869859815,0.000842404265589202,-32.447328016,0.13929120160692432,0.019698750643175743
GLY  20,6.52748,0.043006157698815495,0.006081989148322096,-3.0532199999999996,0.02891317346826783,0.0040889402050070306,-15.620279999999996,0.04006346964493214,0.0056658302127585835,1.7177600000000002,0.03841903694784511,0.005433272310495559,0.016079471999999997,0.0017711823277167778,0.0002504830069292615,-10.412180527999997,0.03566911084322138,0.00504437403122729
PHE  21,9.49066,0.03575338305675554,0.005056291921958411,-9.362380000000003,0.05256306307596032,0.0074335396681895535,-5.034940000000001,0.07952720540796612,0.011246845246557663,-3.70722,0.047836927158826155,0.00676516311702658,0.0037275839999999995,0.00047796513318860306,6.759447736967851e-05,-8.610152416000004,0.058513193917478286,0.008275015241586468
ASN  22,20.568239999999996,0.043709294209336606,0.0061814276672599614,-7.442060000000002,0.14873283564825998,0.02103399933439778,-91.33277999999999,0.6789981234168466,0.0960248354961985,-3.8042800000000003,0.2609274259252892,0.03690071045386451,0.22751740799999998,0.006860230240448008,0.0009701830647043611,-81.78336259200002,0.46251325715247343,0.06540925210423829
VAL  23,10.67604,0.038738074293577354,0.005478391004619365,-7.500320000000001,0.026923922447759395,0.003807617627790275,-24.306940000000004,0.05634692892966766,0.00796865910904089,1.29052,0.06272072703660309,0.008870050281706494,0.0,0.0,0.0,-19.84069999999999,0.050440162573599324,0.007133316199988796
ARG  24,12.40882,0.04059541353398003,0.0057410584389898855,-8.510680000000002,0.15993816805238203,0.022618672640078594,-99.08784,1.1954670110057894,0.16906456603340134,-104.63933999999999,1.177865214870346,0.1665752961517143,0.7715230559999999,0.03274374122925143,0.004630664292924245,-199.057516944,0.22804535227279463,0.03225048300203363
GLY  25,6.534879999999999,0.03418165589949879,0.00483401613574415,-4.333740000000001,0.16204503201270268,0.022916628198754646,-19.594459999999994,0.20978114405318812,0.02966753390501626,1.53306,0.14734821478388918,0.020838184373883985,0.04114886399999997,0.015286265223471212,0.002161804359706518,-15.819111136000002,0.27695984639242455,0.03916803710009359
GLN  26,20.00408,0.04106426183574251,0.005807363601694694,-8.408460000000002,0.15105670590861492,0.021362644218336724,-78.52546000000001,0.07957944708272396,0.011254233335054025,-4.40308,0.0962920225148365,0.01361774841888172,0.2611680480000001,0.03021386150141093,0.004272885270695766,-71.071751952,0.12590103190142332,0.017805094683176054
VAL  27,12.28664,0.03154854037806246,0.004461637367573114,-1.5984,0.05235990832688296,0.007404809248048983,-21.863860000000003,0.1552945601101504,0.02196196730705385,-6.3959399999999995,0.15092427372701817,0.021343915479605846,0.7257735359999998,0.01083689866052522,0.0015325689059777594,-16.845786464000003,0.05104145261262809,0.007218351452800228
SER  28,11.1006,0.02391568522902103,0.003382188640432744,-2.205,0.02444094924505894,0.0034564721899634806,-10.851480000000002,0.11574165023847571,0.016368341149869552,-6.775699999999998,0.13288073600051295,0.01879217390300442,0.6568416,0.004273254530391814,0.0006043294512352373,-8.0747384,0.08899291091036139,0.012585498156449366
GLU  29,14.512599999999999,0.03149095107984563,0.004453493010914536,-2.1948399999999997,0.041198718426693454,0.005826378635142022,-23.2402,0.7805985395836027,0.11039330414477622,-56.60887999999999,0.7499058778278564,0.10605270629274559,0.913901328,0.00839529432935211,0.001187273910068369,-66.617418672,0.15404291191776937,0.02178495752215535
GLY  30,4.8294,0.015997499804791215,0.0022623881187996677,-1.9484000000000004,0.028252433523483618,0.003995497465895482,-9.842140000000002,0.08277101183347278,0.011705588750624114,-2.1239599999999994,0.072114619876981,0.010198547347540691,0.23365511999999997,0.003233738349347551,0.00045731966308132924,-8.851444880000003,0.03370537677693253,0.004766660096283314
GLY  31,5.340060000000001,0.011243504790732935,0.0015900716963661386,-1.65758,0.01634269255660856,0.0023112057459249657,0.4846800000000001,0.04046254564408734,0.005722268081800872,-11.338019999999998,0.03506479145836133,0.0049589103642198856,0.403290864,0.0019840832375142155,0.00028059174233697223,-6.7675691360000005,0.02022005084993494,0.002859547014385162
GLN  32,18.562320000000003,0.012267746325966045,0.0017349213233933888,-1.9920999999999998,0.013971757226689687,0.0019759048560168855,-67.64869999999999,0.03940926287074905,0.005573311403493976,-14.260140000000003,0.04048802785850736,0.005725871811124081,1.142626176,0.00412100749785469,0.0005827984694107316,-64.195993824,0.009935446493820874,0.0014050843179793694
LEU  33,11.897920000000001,0.00951176113989875,0.001345166160609818,-3.205979999999999,0.010578260727118646,0.0014959919786609866,-23.040200000000006,0.01751913239414435,0.002477579463280877,-0.61974,0.015037034282064337,0.002126557781956456,0.7693931519999998,0.003222896411284771,0.0004557863814962499,-14.198606847999999,0.013472379646159473,0.0019052822013037964
ARG  34,11.133279999999997,0.00912587530507354,0.0012905936624960706,-3.9606399999999993,0.015514844504708514,0.0021941303516668465,-125.97703999999996,0.4296739675704158,0.06076507523367394,-81.12176000000001,0.4167785291974802,0.05894138484969875,1.237283712,0.004712954782130325,0.0006665124571739841,-198.68887628800002,0.033569509549125486,0.004747445568658639
SER  35,10.411900000000001,0.00818596359166343,0.0011576700732422794,-3.314739999999999,0.006292249200851546,0.0008898584157675525,-12.947100000000002,0.012514391710789965,0.0017698022482248606,-7.235060000000001,0.01470021768458615,0.0020789247219378548,0.5709519360000002,0.0021788583041046647,0.0003081370964154058,-12.514048064,0.011128638347251491,0.0015738271281428363
ILE  36,12.7705,0.030653058575245147,0.004334997116532859,-4.3261,0.030852714629226983,0.004363232746467959,-7.046439999999998,0.1545379125005678,0.021854961175912964,-4.22536,0.09098038469909972,0.012866569395138843,0.2284774560000001,0.003198973366066003,0.0004524031519960853,-2.5989225439999997,0.0604464166299119,0.0085484142194876
ASN  37,19.75288,0.00739091332855151,0.001045232986756162,-3.0557999999999996,0.024376217918329262,0.0034473177979463298,-81.33026000000001,0.1887803813938827,0.02669757756771944,-17.762359999999997,0.19145712418228286,0.027076126163153427,0.665542368,0.006490060376088226,0.0009178331404484199,-81.72999763199999,0.026397516340893015,0.0037331725622256296
GLY  38,6.0882000000000005,0.02567644835226428,0.0036311981493344454,-0.99642,0.02768760733613955,0.003915618980442935,-7.740460000000001,0.12850793127272825,0.018173765927840188,-7.422379999999999,0.09230793898690393,0.01305431392299877,0.532629648,0.0024579651052321428,0.0003476087587659108,-9.538430352,0.08824651661242507,0.012479942062547416
GLU  39,14.74756,0.02234919237920074,0.003160653097075111,-2.853900000000001,0.20534695030605596,0.02904044421147783,3.4716600000000004,1.843226341066119,0.26067156900590416,-81.56960000000001,1.5859543499091875,0.22428781509461782,0.8362614240000003,0.034481678093831576,0.004876445681367986,-65.368018576,0.10346218019483612,0.014631761842422627
LEU  40,11.139219999999998,0.024927326371537953,0.0035252563028329484,-3.187,0.04222984726475534,0.005972202273876135,-18.95694,0.14380130875619018,0.020336576113000507,-11.558900000000001,0.09824118281045358,0.013893401311411802,0.9308629439999997,0.004633180529277893,0.000655230674142775,-21.632757056,0.024993749224671236,0.0035346499128082087
TYR  41,9.298419999999998,0.2740841542301178,0.03876135281437917,-7.777599999999999,0.14524902753554203,0.020541314466226666,-33.55040000000001,1.700920350868693,0.2405464628714909,-0.11775999999999996,0.9496379427971484,0.13429908580478125,0.16889500800000004,0.005046882360103885,0.0007137369481360448,-31.978444992,0.33568107072529707,0.04747247228516372
ALA  42,10.491839999999998,0.018555171786779966,0.002624097559302684,-4.099340000000001,0.017311972735439666,0.0024482826633892025,7.08924,0.0629064575380759,0.008896316541119416,-1.8115000000000003,0.043541359648044585,0.006157678133842926,0.10830297600000001,0.0022174376854875075,0.00031359304485336384,11.778542975999999,0.03590455505045556,0.005077670870332566
PRO  43,19.43504,0.03549363886649771,0.005019558546297386,-6.416739999999999,0.02551612039497448,0.0036085243521717645,1.8300999999999998,0.051739829918560166,0.007317116918570501,-9.281,0.048049973985071284,0.00679529248813622,0.13766342399999998,0.005435784632766588,0.0007687360349797762,5.705063424000001,0.027132590428737575,0.0038371277366635106
LEU  44,11.895860000000004,0.02152952391328717,0.0030447344709606584,-8.103359999999999,0.013481483599576264,0.0019065696947431206,-37.0457,0.04073143749207965,0.0057602951316251,3.3286600000000006,0.03818722823139332,0.005400489607427316,0.055265472,0.001485202457180209,0.00021003934578140974,-29.869274528000002,0.02686681418039908,0.003799541299167817
GLN  45,20.36786,0.07777686288307038,0.010999309432807072,-8.22486,0.03212040472981979,0.004542511199782406,-81.85493999999998,0.09910790280757316,0.01401597402888245,1.47466,0.12144160901437176,0.017174437050453524,1.9152000000000002e-05,0.000134064,1.895951270259866e-05,-68.23726084799999,0.0690775292776041,0.009769037875961227
HIE  46,29.7156,0.02363218144808352,0.003342095151234156,-10.20566,0.05314757191089147,0.0075162017003582065,-12.568800000000005,0.20744483604049432,0.02933713005727301,-11.770919999999998,0.18565988689011564,0.02625627300286563,0.28317844799999997,0.013278451727972294,0.0018778566521014876,-4.546601552000001,0.055189595787228804,0.0078049874864188
VAL  47,11.445020000000001,0.009224944442720089,0.0013046041543033063,-7.567519999999999,0.06483864279875248,0.009169568801186037,-34.20139999999999,0.10956313248636308,0.015494566789829491,1.7374199999999995,0.04810367553524623,0.006802887034194007,0.0,0.0,0.0,-28.586479999999998,0.13170971718109642,0.01862656683338312
SER  48,12.388499999999999,0.17731026479030282,0.02507545812144109,-4.38418,0.15212359317345026,0.02151352486228205,-13.127360000000001,0.43660337882332917,0.06174504197098703,-4.854159999999999,0.20734882300126004,0.02932355176304803,0.18761299199999995,0.003482871163388645,0.0004925523635262381,-9.789587007999998,0.21566513325157124,0.03049965563753728
ALA  49,6.76756,0.01348207699174873,0.0019066536130689312,-3.2814999999999994,0.014941552797525076,0.002113054660917362,-0.5910399999999999,0.018746690374573476,0.0026511823777330967,-3.1956800000000003,0.027510318064369783,0.0038905464911829298,0.2949804,0.004174857836911203,0.0005904140573939426,-0.00567959999999999,0.030594699638309904,0.004326743916522909
VAL  50,10.857519999999996,0.013480712150571103,0.0019064605953785427,-5.658620000000001,0.012248901991930747,0.0017322563321167282,-26.429960000000005,0.03486084335631324,0.0049300677470262184,-0.45937999999999996,0.038626358875773495,0.005462592058720925,0.15256065600000002,0.001995553480731402,0.00028221387968911855,-21.537879343999997,0.011991189895673656,0.0016958103379452903
LEU  51,14.679400000000001,0.010710742269829049,0.0015147276981075028,-2.48554,0.014074388086178075,0.0019904190513575343,-22.46926,0.013817105340873602,0.0019540337765801175,-2.0089,0.013038788287215667,0.0018439631232691853,0.5723611200000002,0.003074448561636954,0.00043479268526854344,-11.711938880000002,0.014668646082443804,0.0020744598231442995
PRO  52,18.12104,0.006209541048702921,0.0008781617167188121,-2.1407599999999998,0.006278725985526126,0.0008879459443155424,-6.848240000000001,0.014027915026442949,0.0019838467682212952,-3.7378400000000016,0.015605588742186333,0.00220696352480168,0.9336071519999996,0.0033071591925743723,0.00046770293830655313,6.327807152,0.005388046875341632,0.0007619848965810113
GLY  53,5.296260000000001,0.004995237731413667,0.000706433294704302,-1.2371999999999996,0.008128960573206487,0.0011496086290624782,-19.788019999999992,0.029961635472986595,0.004237215123677646,2.75422,0.015268647615378406,0.0021593128536763757,0.31015339199999997,0.0016583993116132745,0.00023453307983136974,-12.664586607999997,0.013104089609945456,0.0018531981248937224
GLY  54,4.33406,0.0036299311282701236,0.0005133497832079879,-2.1281399999999997,0.008141277541107385,0.0011513505113677546,-10.69428,0.0493266824344817,0.006975846328571473,-2.7399400000000003,0.0408922535451351,0.0057830379559529336,0.068219568,0.0019740606010398344,0.0002791743274936917,-11.160080431999997,0.013060607033986605,0.00184704876002893
ALA  55,9.361180000000003,0.018835806326252792,0.002663785276481964,-4.528619999999998,0.018702823316613732,0.002644978638902289,-5.150639999999999,0.03990476663264852,0.005643386217522487,-1.5298999999999998,0.04359093942553099,0.0061646897732169975,0.11057803200000003,0.007374631611393542,0.00104293040423381,-1.7374019680000001,0.022008388358143997,0.0031124561302061375
ALA  56,9.36932,0.010949776253476384,0.0015485322082617158,-6.261700000000002,0.020232894008802394,0.0028613633113305685,-7.59126,0.03961505269452521,0.005602414479472238,-0.9521600000000001,0.02625213134203992,0.003712612018511265,0.0,0.0,0.0,-5.435800000000001,0.025626548733310484,0.0036241412775462746
ASP  57,17.089880000000004,0.00713201233292263,0.001008618856823136,-5.344020000000001,0.010874722984028303,0.001537918073106324,-46.7603,0.283943392245599,0.04015565962599496,-30.90806000000001,0.283178771096307,0.040047525866054354,0.4578909119999999,0.0013198964590752436,0.00018666154733524342,-65.464609088,0.00799070045845149,0.0011300556961203005
ARG  58,13.725580000000003,0.019769764788757416,0.0027958669489186803,-3.2568799999999998,0.011091690583605164,0.0015686019252980372,-157.55419999999998,0.39624527759638273,0.056037544560309634,-53.59040000000001,0.39623523316244413,0.0560361240628394,1.5735587039999996,0.0034451402447194615,0.0004872164058359626,-199.10234129600002,0.027609171429257964,0.003904526468114038
ALA  59,7.54706,0.008573004141669619,0.001212405872742989,-3.3849799999999988,0.007134395560267727,0.0010089558960665016,-8.84654,0.01623478980465071,0.0022959459924013484,-3.4473800000000008,0.024138674362801392,0.0034137240661581457,0.26371209600000006,0.0012665456455812464,0.0001791166029345586,-7.868127904000001,0.016676626370571403,0.002358431118789088
GLY  60,6.5611000000000015,0.0142355189565748,0.002013206397580737,-2.169540000000001,0.01261619593995361,0.0017841995403838772,-15.073360000000005,0.046768262742869965,0.0066140311459595025,1.6353599999999997,0.033489556581141874,0.0047361385114911975,0.207540864,0.002717691914091162,0.00038433967632594174,-8.838899135999998,0.0197551561285178,0.002793800972374784
VAL  61,11.158099999999997,0.012696850003678034,0.0017956057474618357,-5.66884,0.017993732241743013,0.0025446980173983004,-20.10318,0.025443812608453884,0.003598298486935504,-2.243799999999999,0.0388695253380604,0.005496980989608968,0.0209232,0.0008890177950976197,0.0001257261023018079,-16.8367968,0.018904449866329685,0.0026734929390165685
ARG  62,11.23174,0.006962212290777052,0.0009846055045737562,-5.111400000000001,0.022737634001850304,0.003215587038169233,-130.69072000000003,0.275053161384253,0.038898391120320626,-68.06361999999999,0.27512592680562437,0.03890868170489814,1.28565864,0.003666196519755249,0.0005184784840562913,-191.34834135999995,0.018423276035887053,0.00260544468332947
LYS  63,8.92712,0.005887749995699784,0.0008326535895780766,-3.48472,0.021663831609282643,0.003063728447481447,55.869220000000006,0.3405900932206347,0.04816671290425383,-94.68943999999999,0.32325724493024516,0.04571547799157141,1.1793983039999996,0.0028334646368011218,0.00040071241178687024,-32.198421696,0.024275942926264765,0.003433136772571883
GLY  64,6.266959999999998,0.006618035963512042,0.0009359316215871624,-2.8102799999999997,0.00866727177375421,0.0012257373291216717,-14.40774,0.02082480252057924,0.0029450718158344573,-3.9851799999999993,0.017551854602881237,0.002482207082419528,0.155398752,0.0014271456057771247,0.00020182886711711762,-14.780841248000003,0.015307808773911231,0.0021648510778279123
ASP  65,14.549960000000006,0.013574918041840866,0.001919783320287457,-6.612240000000003,0.013426183372460985,0.0018987490616242464,-82.38632,0.3641932695742835,0.051504706115695235,9.661759999999997,0.37468234866355166,0.05298808590617994,0.008727119999999994,0.0006108677054814056,8.638973939075372e-05,-64.77811287999998,0.03248800251815343,0.004594497377558384
ARG  66,13.939900000000007,0.032819658738977846,0.0046414006501119135,-9.091140000000001,0.023097194634724497,0.0032664365905198467,-145.45092000000002,0.2831670065340412,0.040045862105703184,-58.174080000000025,0.27403830680511954,0.03875486900935592,0.6153844319999999,0.0064735219475488305,0.0009154942534543447,-198.16085556800002,0.046115057091764784,0.006521653916878333
ILE  67,13.128860000000005,0.01241291262566199,0.001755450938376341,-8.46196,0.014502358429646783,0.002050943197760226,-12.543419999999996,0.03601893391025165,0.0050938464838098056,-0.8938400000000002,0.027627783117714095,0.00390715855833737,0.0,0.0,0.0,-8.77036,0.033042857019547504,0.00467296565365991
LEU  68,13.22836,0.013915114086778105,0.00196789430634905,-7.491499999999999,0.019415715284583836,0.0027457967878633054,-33.955059999999996,0.04564007449451962,0.006454481233786803,-1.8603399999999999,0.042323804176858694,0.005985489787813661,0.13137192,0.0025942011653687477,0.0003668754471588571,-29.947168079999994,0.01842165122267784,0.002605214900041791
GLU  69,15.47148,0.011567609953825064,0.0016359070880941416,-6.139200000000001,0.019567319693727412,0.002767236889015946,-12.847959999999995,0.3156675441032052,0.044642132207175986,-68.14569999999999,0.31087523220896707,0.04396439695958065,0.4014020159999999,0.0018812088793402832,0.00026604311108197195,-71.259977984,0.018467429051813575,0.002611688862723766
VAL  70,10.86812,0.013897683261477778,0.0019654292153947423,-6.5294799999999995,0.026184911686088913,0.003703105723600869,-26.218179999999997,0.09115101535344176,0.012890700213691555,-2.0811599999999997,0.07231524320641287,0.01022691977088179,0.0,0.0,0.0,-23.960699999999996,0.022653255838625336,0.003203654163889145
ASN  71,18.423579999999998,0.04893346094529893,0.0069202364122695915,-4.0950999999999995,0.027763465201697982,0.0039263469026714765,-89.53484,0.08875524998791944,0.012551887826473014,-8.527179999999998,0.10611327720898434,0.015006683577680148,0.33634857599999995,0.0057763484904095235,0.0008168990376130502,-83.397191424,0.05436112839590797,0.007687824504339822
GLY  72,6.1399199999999965,0.009497031117759444,0.0013430830209014719,-1.2331399999999997,0.012604776872312443,0.0017825846403510977,-5.137900000000002,0.02790573417738866,0.003946466774164145,-6.552580000000001,0.02322334170571571,0.0032842764803847884,0.506510064,0.0042625909149209724,0.0006028213882729579,-6.277189936000001,0.017241430418977636,0.0024383064733230204
VAL  73,10.708919999999999,0.010205567110580484,0.0014432851419491721,-2.38458,0.00904674527105795,0.0012794029857664815,-30.53559999999999,0.052376330536407195,0.007407131699192313,-0.0101,0.049368107113803746,0.006981704662902893,0.5246652960000001,0.0034512112892957037,0.0004880749811937119,-21.696694704000002,0.009656411769327,0.0013656228488041417
ASN  74,20.4503,0.008780091118406427,0.0012416923938521926,-4.425499999999999,0.018479448043808834,0.0026133886048723414,-92.17280000000001,0.08789948804319254,0.01243086481163346,-5.61062,0.08775850727994514,0.01241092712089164,0.587151936,0.0022493369908210474,0.00031810428787666114,-81.17146806400002,0.020460956553540965,0.0028936162257144292
VAL  75,13.43436,0.01915594946765173,0.0027090603537286745,-6.3034399999999975,0.022164079047668248,0.003134474118672179,-34.5208,0.028063499424255404,0.003968778149343153,2.03078,0.022075588327411834,0.0031219596409991003,0.024362927999999996,0.0012775947562574243,0.00018067918315159978,-25.334737072,0.02663744405838048,0.0037671034654316294
GLU  76,15.292799999999998,0.015607690414979005,0.002207260746218387,-6.00366,0.028721845344640905,0.004061882322277371,0.19152000000000002,0.3477237547249252,0.049175564989128485,-79.76808,0.3437951622676372,0.04861997811571514,0.4956899040000001,0.003008969741071415,0.0004255325816593455,-69.791730096,0.038597017850526105,0.005458442611137046
GLY  77,6.136459999999997,0.011110733551224234,0.0015712950076055092,-3.71556,0.01693890197163667,0.002395522489999694,-12.295360000000002,0.053311447175435046,0.007539377162523707,-2.61418,0.051515702460497685,0.007285420509481284,0.037330271999999984,0.0025323379811585086,0.0003581266717466866,-12.451309727999998,0.016906846774938568,0.0023909892006081946
ALA  78,7.177919999999999,0.023375919233420316,0.003305854201284109,-4.572659999999999,0.03410607570521285,0.0048233274821635535,-13.424460000000003,0.1268859661267561,0.01794438541712716,3.354719999999999,0.1113371528287231,0.01574545115263862,0.068648112,0.0023949698914710587,0.0003386998901993591,-7.395831888,0.03632758450933846,0.005137496270136121
THR  79,15.339039999999995,0.04714316917736325,0.006667050922387637,-6.631899999999999,0.030247809838076286,0.004277686290508982,-31.266899999999996,0.30885266714107507,0.04367836306460115,-5.59454,0.30757068846037905,0.0434970639009098,0.11111328000000004,0.003389994282471928,0.00047941758906390496,-28.04318672000001,0.09457625569167499,0.01337510234776324
HIE  80,30.51459999999999,0.02890467090833187,0.004087737761449398,-11.429760000000002,0.09467831008188665,0.013389535018036944,-9.24068,0.5498732013837714,0.07776381389824416,-6.440639999999998,0.42002332125731207,0.05940026774350822,0.06956999999999999,0.00982139026085404,0.0013889543308258814,3.473090000000001,0.2387669898680491,0.03376675153183944
LYS  81,11.269939999999998,0.4372632804158373,0.061838366149182686,-4.160299999999999,0.43366121569724203,0.06132895727142438,17.13184,10.860924173126339,1.535966626554106,-57.01353999999999,9.592620380709361,1.356601384109574,1.1486201759999997,0.05003829341737517,0.007076483318885632,-31.623439824,0.6408645738479064,0.09063193719801631
GLN  82,20.622439999999997,0.04261227992193621,0.006026286418924092,-6.15928,0.08345346967023443,0.011802102863473727,-80.71105999999999,0.5108102352167154,0.07223947624424697,-7.332999999999998,0.33786683767427284,0.04778158641150656,0.5376875040000002,0.006885902585900506,0.0009738136826160462,-73.04321249600001,0.2144153712983606,0.030322912607140443
VAL  83,13.32292,0.04420761925322318,0.006251901470813418,-7.60722,0.03454405303361587,0.004885266829947502,-25.784240000000004,0.0746639297105804,0.010559074201677428,-2.4607,0.05615345047277956,0.007941297123265073,0.0,0.0,0.0,-22.529240000000005,0.08657841763110143,0.012244037242270552
VAL  84,12.950100000000004,0.027672549573566983,0.003913489491238023,-5.72116,0.2574977561067429,0.03641568189667953,-33.588499999999996,0.3640013324156587,0.05147756210241018,-0.7275200000000001,0.3013247576950822,0.04261375590111719,0.106140528,0.03145859834379818,0.004448917643104717,-26.980939472,0.24874391690708172,0.03517770208478012
ASP  85,14.412040000000001,0.13765899316775868,0.019467921512046953,-4.620859999999999,0.2975579278056884,0.04208104570944388,-48.07423999999999,10.53247187427539,1.4895164569913426,-32.27976,9.581076552371323,1.354968840249838,0.5833836000000002,0.03874427098686566,0.005479267349388384,-69.9794364,0.7933897268653741,0.11220225119804976
LEU  86,12.469120000000006,0.06403706426593815,0.009056208477944722,-6.10296,0.08388395794190708,0.011862983098697927,-31.425679999999993,0.1696182112867655,0.023987637482720894,-1.6227400000000005,0.0889410613833607,0.012578165526020665,0.3328187040000001,0.007393038491361803,0.0010455335301630187,-26.349441295999995,0.1467901788828255,0.02075926617992645
ILE  87,14.46838,0.046507586477594474,0.006577165954985366,-7.787499999999999,0.06181658353564165,0.008742185081567379,-9.09948,0.726255966997832,0.1027081038282721,-0.9848799999999998,0.5074462194164033,0.0717637325673631,0.0,0.0,0.0,-3.403479999999999,0.2814226884954466,0.03979917828297594
ARG  88,13.703059999999999,0.6381616851551112,0.09024969101332272,-4.014799999999999,0.33390699303848775,0.0472215798126248,-145.81432000000007,3.3695363564709315,0.4765244014230415,-62.38229999999999,2.7428404054923115,0.38789621008721464,1.2211328160000001,0.04975114410519072,0.007035874273713897,-197.28722718400002,1.0068125810066706,0.1423848006827494
ALA  89,8.514659999999997,0.12385678988262788,0.017515995204400708,-1.9055400000000007,0.29803169026128257,0.04214804583844833,-5.71714,1.185422945787702,0.16764412070812343,-6.549460000000002,0.8447255461982764,0.1194622323916623,0.385171776,0.022070689410333202,0.003121266829501746,-5.2723082240000005,0.22724444926992607,0.03213721821315342
GLY  90,6.424879999999998,1.0402526931472174,0.14711394669439323,-0.5440599999999999,0.1341756177552397,0.018975297836924823,-9.42808,5.638322480454625,0.797379212089204,-5.427420000000001,4.622036919324639,0.6536547297098063,0.5213992319999999,0.04776760509927961,0.006755359497348344,-8.453280767999997,0.2346168372058407,0.03317983131375805
GLU  91,14.99664,0.5438141138293945,0.07690692951874357,-1.38678,0.17813593573448513,0.025192225626173095,-6.8034399999999975,2.7470278568664064,0.3884884051397169,-67.49182,2.084008279158269,0.29472327724834385,0.8910902879999999,0.06203667688843666,0.008773310982018466,-59.79430971199998,1.0041827067100824,0.14201288029299225
LYS  92,10.7284,0.06955026958960195,0.00983589345203201,-2.9549000000000007,0.18951139807408385,0.02680095893806558,21.316640000000003,0.7117972396686681,0.10066333099991628,-63.86735999999999,0.7489908346577119,0.10592329964660804,1.268267328,0.022961841461668325,0.0032472947612152197,-33.50895267199999,0.2112214206466563,0.029871219774221382
GLU  93,15.04994,0.056527306675978335,0.007994168374559176,-4.15056,0.03428303370476515,0.004848353122457281,-36.36785999999999,1.5975845518785046,0.22593257403043246,-46.82548,1.5909327985806745,0.22499187405769733,0.5273136000000002,0.01591628384687199,0.0022509024478826185,-71.7666464,0.06517452431593528,0.009217069620881074
LEU  94,12.860959999999995,0.048549751803051266,0.0068659717449722725,-8.253280000000002,0.04418372551054403,0.006248522385318147,-32.232319999999994,0.07530801816975762,0.010650162065111069,0.19157999999999994,0.07422212338649459,0.010496593352130991,0.0,0.0,0.0,-27.433060000000005,0.08333148504460036,0.011784851632276456
ILE  95,13.187780000000002,0.06634735563642924,0.009382933016862924,-5.03702,0.03940633959154088,0.005572897989383696,-12.665239999999999,0.05950749868710693,0.008415631170620577,-0.8465599999999999,0.03375272433449326,0.004773356052088076,0.35981784000000006,0.003543446845309519,0.0005011190586184881,-5.001222160000001,0.0649456420303149,0.009184700777629944
LEU  96,11.547100000000002,0.01964917300930221,0.0027788126959170547,-8.194139999999999,0.01913322764233474,0.0027058470023761587,-34.83740000000001,0.022884055565071885,0.0032362941742224162,0.43534,0.01940990468807072,0.002744975045423873,0.0009576000000000008,5.144878968614994e-11,7.275957614183426e-12,-31.04814240000001,0.019665451926941663,0.0027811148825277014
THR  97,16.239299999999997,0.013124404752411556,0.0018560711198934324,-5.3006,0.009297311439169516,0.0013148383930880047,-45.060779999999994,0.03228144360496937,0.004565285535912991,2.39316,0.03013725933124566,0.004262052087900272,0.129378384,0.001514699503314213,0.00021421085805067508,-31.599541616,0.008642633674792942,0.00122225297575146
VAL  98,11.88656,0.006456500605356185,0.0009130870721564815,-6.680780000000001,0.010406324999053817,0.0014716765948124093,-26.916079999999997,0.015177404259141901,0.002146409094489765,-1.50774,0.017428493910816203,0.0024647612460413177,1.9152000000000002e-05,0.000134064,1.895951270259866e-05,-23.218020848000005,0.008154208787302481,0.0011531792657425038
LEU  99,11.5557,0.010583477689747219,0.0014967297685913588,-8.66646,0.017647900725360564,0.002495790055321889,-33.96178000000001,0.06020674047764726,0.008514518892976594,0.4012599999999999,0.04963015615530599,0.007018763993752827,0.0009192960000000007,0.00018765051021512816,2.6537789653246525e-05,-30.670360704000007,0.025320238267181983,0.0035808224359966992
SER 100,11.979099999999999,0.008768694317341171,0.0012400806427887772,-4.88896,0.007093546361935228,0.0010031789470371128,-0.06272,0.062447750960302806,0.008831445634775769,-10.83786,0.053138690236310286,0.007514945641893277,0.261190512,0.0014208869073418014,0.00020094375349611387,-3.5492494879999996,0.024804113412103892,0.003507831359003771
VAL 101,7.88754,0.0059201689147850315,0.0008372383170828599,-2.060259999999999,0.007342506384445915,0.0010383872110694451,-71.36982000000002,0.347786755928054,0.04918447470471954,-39.31828,0.34048130873781457,0.04815132845515584,1.0105837919999996,0.002486290843703979,0.00035161462311702124,-103.85023620800001,0.014052130447886281,0.0019872713459636693
HIE 102,23.073119999999996,0.11296594885315164,0.01597579769544724,-4.44524,0.13173330026989347,0.018629901985785062,-10.25604,1.8079332505377408,0.2556803722775748,-104.34437999999999,1.5408904294605945,0.21791481434740756,1.360850976,0.021737616946847792,0.003074163269990338,-94.61168902400003,0.5166719211697136,0.07306844382155717
THR 103,13.059160000000002,0.08741266727395812,0.012362017958203837,-2.60342,0.11619140932101037,0.01643194668930165,-35.53647999999999,0.27003964449895485,0.03818937276288311,-2.39334,0.1598779046647799,0.022610150110072447,0.465282144,0.011356571045802384,0.0016060616795027334,-27.008797855999997,0.17074602018463977,0.02414713374663478
SER 104,10.63032,0.19929429896515224,0.028184470050015658,-2.6587599999999996,0.12155699239452496,0.017190754724562034,-8.990340000000002,1.3883243512954644,0.19633871265748748,-10.101560000000001,1.1735637206389822,0.16596697300366786,0.4183656479999998,0.010919658587972409,0.001544272927159442,-10.701974351999995,0.19041069612923225,0.026928138888686243
THR 105,15.67514,0.1583406467084133,0.022392749004996486,-3.987520000000001,0.09749999794869638,0.013788581943039536,-36.78528,0.5982514534875308,0.08460553192314829,-3.0689800000000003,0.28002203413302684,0.03960109584342283,0.39896884800000004,0.01020133255660781,0.0014426862855832965,-27.767671152,0.10503684572356888,0.014854453177116153
LEU 106,13.230419999999999,0.04728259299197775,0.006686768427342199,-4.09008,0.042739602244289854,0.006044292514430628,-19.63214,0.10994453328875203,0.015548505008573334,-3.4436400000000003,0.10330532609696633,0.0146095793231705,0.8698008959999997,0.004981061669085261,0.0007044284967437142,-13.065639103999999,0.046402890468759214,0.0065623597034232505
LEU 107,9.37418,0.05445243428890477,0.007700737107559888,-8.016059999999996,0.07136789474314698,0.010092944466377396,-87.80233999999999,1.497074475234865,0.21171830267597302,-14.507140000000001,1.6089611805136712,0.22754147228142593,0.11055340799999999,0.020547814871074207,0.0029058998467804712,-100.840806592,0.11426178144927797,0.016159056098647942


