#Frame       SA_00001
       1    6104.3789
       2    6101.4403
       3    6080.4073
       4    6168.1159
       5    6188.7559
       6    6114.3019
       7    6110.4521
       8    6126.7968
       9    6063.4682
      10    6211.0274
      11    6114.1541
      12    6096.6092
      13    6081.6874
      14    6122.3334
      15    6213.3749
      16    6232.8787
      17    6228.2931
      18    6216.2808
      19    6133.7246
      20    6097.8726
      21    6198.9981
      22    6092.1266
      23    6163.1980
      24    6122.3924
      25    6119.1877
      26    6151.2487
      27    6188.7902
      28    6131.5669
      29    6109.0990
      30    6198.8367
      31    6137.9931
      32    6085.6179
      33    6131.9609
      34    6114.4193
      35    6025.4353
      36    6187.7013
      37    6102.6255
      38    6071.8266
      39    6074.0891
      40    6162.0828
      41    6132.8417
      42    6175.1018
      43    6096.3486
      44    6155.8798
      45    6078.3811
      46    6148.8392
      47    6103.8771
      48    6106.1131
      49    6108.9298
      50    6084.8505
