| Run on Mon Jun 20 15:45:54 2016
| GB non-polar solvation energies calculated with gbsa=2
idecomp = 2: Per-residue decomp adding 1-4 interactions to EEL and VDW.
Energy Decomposition Analysis (All units kcal/mol): Generalized Born Solvent

Total Energy Decomposition:
Residue,Internal,,,van der Waals,,,Electrostatic,,,Polar Solvation,,,Non-Polar Solv.,,,TOTAL,,
,Avg.,Std. Dev.,Std. Err. of Mean,Avg.,Std. Dev.,Std. Err. of Mean,Avg.,Std. Dev.,Std. Err. of Mean,Avg.,Std. Dev.,Std. Err. of Mean,Avg.,Std. Dev.,Std. Err. of Mean,Avg.,Std. Dev.,Std. Err. of Mean
ARG   1,7.7518,0.02414373624742379,0.003414439924746562,-1.7878800000000001,0.06083375378850315,0.00860319196577668,-277.53088,1.0865869434103028,0.1536665992068377,-27.578839999999996,1.0312688952936344,0.1458434458177777,1.566914112,0.007224396900259946,0.0010216840076313764,-297.57888588799995,0.03002958908171489,0.004246825215185221
MET   2,9.79924,0.020074421536334715,0.0028389519193479096,-4.237899999999999,0.02707120241152338,0.00382844616001236,-4.75564,0.040515557505759296,0.005729765091175184,-3.4428599999999996,0.04008940508410169,0.005669498037740552,0.5161109759999999,0.007992027741354003,0.0011302434022684845,-2.121049024,0.02485971560053648,0.00351569469590167
LEU   3,12.269639999999992,0.017889393511736906,0.0025299422926927584,0.48516000000000015,0.012624357409382416,0.0017853537464593884,-15.382199999999997,0.02653299832362638,0.003752332607969502,-6.742460000000003,0.028085733032150173,0.0039719224563256805,1.2236523839999998,0.004577027493759575,0.0006472894357029327,-8.146207616,0.01967654688070109,0.00278268394593575
PRO   4,18.29818,0.012222422023385304,0.0017285114990519103,-4.61944,0.03505946947684961,0.004958157722376628,-0.59516,0.052173311184933395,0.00737842042716447,-4.198720000000002,0.05775605249661568,0.008167939274984635,0.4462757280000001,0.004481971907760723,0.0006338465458130428,9.331135728,0.032462216006066684,0.004590850614046447
ARG   5,12.820780000000003,0.02448941812245432,0.0034633267243400355,-4.948720000000002,0.040892072581089275,0.005783012363772142,-247.40385999999995,0.4052406697516369,0.057309685118792135,39.680479999999996,0.3519851269583055,0.04977821402980514,0.663631488,0.0038084210515246996,0.0005385920702293433,-199.18768851200005,0.04934903195182967,0.006979007027626073
LEU   6,12.415100000000002,0.011486078528038311,0.0016243768032834175,-3.475579999999999,0.027625415834108057,0.003906823773879206,-31.381520000000002,0.03779377726152447,0.005344847237655579,-6.00408,0.03520843080845545,0.004979224035919241,0.8689114079999999,0.005916682263458596,0.0008367452301235488,-27.577168592,0.04011549838018048,0.005673188187060715
CYS   7,10.644659999999998,0.013388965606707149,0.0018934856747152165,-5.518279999999999,0.02513407249158031,0.0035544946195261405,-4.80408,0.07618079548022642,0.010773591416050719,-1.0025999999999997,0.05568985544962832,0.007875734886346158,0.041830127999999966,0.0020214342352939648,0.0002858739710998011,-0.638469872,0.02566062137142634,0.0036289598762392016
CYS   8,10.03042,0.019619469922082817,0.002774612045038053,-4.15554,0.025492908817837567,0.0036052417394526553,4.1903000000000015,0.03647314080224994,0.005158081038488537,-7.1879599999999995,0.051507653800309326,0.007284282257041553,0.6065071200000002,0.005825363557387215,0.0008238308148610978,3.4837271199999997,0.02619965739820566,0.003705191082207104
LEU   9,13.127460000000003,0.10676332890971682,0.015098614770822107,-7.319960000000001,0.12835808661695755,0.018152574693396182,-33.80858000000001,0.10039663141452417,0.014198227776299279,0.51646,0.04830163972371876,0.00683088339821421,0.021334896,0.0030820766065079793,0.0004358714537196429,-27.463285103999997,0.09566869893262994,0.01352959715251137
GLU  10,15.5089,0.10333968260034286,0.014614438066473582,-4.34238,0.17035502810305803,0.02409183911617944,9.818719999999999,1.025489503408019,0.14502611637908705,-83.42611999999997,1.1650116675823903,0.16475753006179122,0.8888636160000002,0.037549402946320004,0.0053102874905698,-61.552016384000005,0.1780940691442086,0.025186304796195155
LYS  11,9.76246,0.06123469931319915,0.008659894225656469,-5.54508,0.3424153524595603,0.04842484354130737,-13.005660000000004,0.6130287957346756,0.0866953637053224,-25.936119999999995,0.6476164803339687,0.09158680097046272,0.89443944,0.054242434943398456,0.007671038715309438,-33.82996056,0.3275509293475537,0.04632269666512219
GLY  12,7.017499999999999,0.038752161230158434,0.00548038319829589,-1.3967799999999997,0.03547860763898133,0.005017432809716109,-4.043119999999998,0.07785284580550071,0.011010055040748043,-3.067919999999999,0.1211027398534293,0.017126513714126042,0.170653104,0.006578454255186824,0.0009303339227136203,-1.319666896,0.07705667980745153,0.010897460165513895
PRO  13,18.40886,0.023292925967042872,0.003294117180994447,-1.14608,0.034797034356390914,0.004921043791717057,-4.77056,0.12191655506942006,0.017241604565698017,-5.929159999999999,0.1160067860084374,0.01640583701004456,1.1618867520000002,0.014280035981699891,0.002019502055649578,7.724946752000001,0.02670829701377132,0.0037771235864764233
ASN  14,18.828540000000004,0.061026948143617005,0.008630513773494273,-3.3914599999999995,0.20983633717734143,0.029675339391488992,-87.02076000000002,1.251364416305343,0.17696965290101077,-8.5941,0.9951837669496029,0.14074023802736738,0.3579916319999999,0.02368640506577351,0.003349763528787968,-79.819788368,0.30999045509742923,0.04383927058049923
GLY  15,5.781520000000001,0.05119267135043255,0.00723973701178903,-3.467300000000001,0.058642731859886985,0.008293334673086097,-11.800259999999998,0.19553933721899913,0.02765343826725547,-0.10179999999999997,0.17347714546879078,0.02453337318837342,0.076547232,0.005656659489608191,0.0007999724567930373,-9.511292767999997,0.18906346928583984,0.026737612241334377
TYR  16,9.818660000000001,0.2670392188423688,0.03776504849723949,-11.03044,0.18098388436541551,0.025594986384053456,-32.369519999999994,0.309570815163324,0.04377992453188674,1.56898,0.2618464045962823,0.037030673663869515,0.031025375999999997,0.010724356069033865,0.0015166529800545903,-31.98129462400001,0.8198763860319346,0.1159480304595801
GLY  17,6.616840000000001,0.1839055583716703,0.026008173484501303,-4.537679999999999,0.07182518778264427,0.010157615468220985,-12.4976,0.33924386508822174,0.04797632749596317,0.5566199999999999,0.26456287645850857,0.03741484079880604,0.0,0.0,0.0,-9.86182,0.15373245460863194,0.02174105222844335
PHE  18,9.733899999999998,0.1452475473116466,0.02054110513095584,-10.280619999999999,0.14597313314455834,0.020643718463512796,-5.303819999999998,0.2712923655395013,0.0383665342714242,-1.72302,0.1953712865290096,0.027629672310760533,0.0,0.0,0.0,-7.57356,0.12280393479038167,0.01736709900933389
HIE  19,29.30884000000001,0.2353598402431666,0.033284907810985115,-10.008540000000002,0.2649787319767225,0.03747365165019063,-24.200180000000003,1.7627770328660064,0.24929431873189092,-2.8378999999999994,1.1938477164194792,0.1688355631968576,0.248648976,0.027908084831421917,0.003946799206845573,-7.489131024000001,0.7830471147111847,0.11073958496016781
LEU  20,11.55376,0.13258017348005613,0.018749667943727313,-9.024660000000003,0.48936896550550696,0.06920722280223793,-32.68836000000001,0.6750390436109501,0.09546493706059689,0.16786,0.2124961185527868,0.030051489280899214,1.9152000000000002e-05,0.000134064,1.895951270259866e-05,-29.991380848000002,0.41078013803793795,0.05809308423667439
HIE  21,29.116720000000004,0.3780522207311092,0.05346465778432016,-9.755040000000001,0.753199043015831,0.10651843017994243,-30.58456,4.0795776112730335,0.5769393986615958,0.32242,1.6104965580838728,0.2277586074597402,0.20515463999999997,0.04382712347751796,0.006198091242170618,-10.695305359999997,1.68933606213955,0.2389081970483709
GLY  22,5.489100000000002,0.07882975326595675,0.011148210618724081,-2.8292599999999997,0.1935553471232486,0.02737285969715304,-7.9069600000000015,0.7973647586895022,0.11276440558970441,-5.0697,0.7415809665842272,0.10487538605411631,0.13326624,0.03176959241619559,0.004492898846604923,-10.183553759999999,0.45802172053726087,0.06477405290452538
GLU  23,15.502839999999999,0.13332072007020188,0.018854397046862637,-4.651160000000001,0.31107210482456754,0.04399223895188485,-1.59642,2.191439564213442,0.30991635528316347,-70.97386000000002,1.7207591581619368,0.24335209390503207,0.5046364799999999,0.03948678438777286,0.005584274601569057,-61.21396352,0.4585689159605189,0.06485143802340938
LYS  24,9.719880000000002,0.14107142020962146,0.01995051157236806,-1.0407000000000002,0.052984620410079356,0.0074931568781124525,26.812620000000003,2.5668998335735256,0.36301445578929203,-64.07811999999998,2.4970974962147485,0.35314291457147956,1.606714992,0.027752219322647615,0.003924756495204093,-26.979605007999993,0.0844741170800814,0.011946444204414383
GLY  25,6.366580000000002,0.0184337625021342,0.0026069276936082787,-1.1770199999999997,0.010732175921056946,0.0015177588741332696,-5.165640000000001,0.23174527050186802,0.03277373045595633,-5.989720000000001,0.217448756262206,0.03075189802271732,0.631045152,0.006898509388730218,0.0009755965537700404,-5.334754848000001,0.03629756414670743,0.005133250749738104
LYS  26,9.859680000000003,0.07528304988511278,0.010646631016433676,-4.21984,0.06520685853504841,0.009221642370000928,5.07774,0.7783718856690501,0.11007840772830908,-41.10620000000001,0.7819030630449193,0.110577791621919,0.9396028799999996,0.007607164012176164,0.001075815451721606,-29.449017120000008,0.05202889307788834,0.007357996622600934
LEU  27,11.215219999999997,0.02135349151822147,0.0030198397309087657,-2.63052,0.05105104896081653,0.007219708581375964,-26.989960000000007,0.13945378589191712,0.019721743533262295,-7.0671,0.14216008581876688,0.02010447213930232,0.9015213599999998,0.007303837746742308,0.001032918639881552,-24.57083863999999,0.11554032017265453,0.016339868778909774
GLY  28,4.992239999999999,0.015474572692220908,0.0021884350573267144,-3.5601,0.023054066886347622,0.0032603374058529275,-6.629500000000002,0.2293874669636114,0.03244028668183495,-3.621260000000001,0.20208144991560345,0.028578632717466572,0.035447904,0.003147099966442735,0.0004450671454687228,-8.783172096,0.07164534770089277,0.01013218223995386
GLN  29,19.022720000000003,0.06206095068480455,0.008776743815221841,-8.95028,0.1184783592053743,0.016755370243595157,-79.20526,0.34880658307855156,0.04932870004347053,-3.1420200000000005,0.27615368836935644,0.03905402913912971,0.07950167999999999,0.02285696932477272,0.0032324636013839384,-72.19533832,0.33167669761358626,0.04690616840882536
TYR  30,9.110100000000003,0.0685671204001631,0.009696855160277958,-9.54192,0.2191285321449794,0.03098945420623386,-26.731600000000007,0.4869052063795561,0.0688587946452039,-2.4654000000000003,0.41605552514057303,0.05883913663540586,0.20881828800000002,0.012990745068465172,0.0018371687861154847,-29.420001712000012,0.2856368548644089,0.04039515140628424
ILE  31,12.655579999999997,0.0733141432468463,0.01036818556934539,-8.337720000000001,0.1321742849422391,0.01869226663622805,-5.8803600000000005,0.5878620504846209,0.0831362484599808,-1.4746800000000002,0.4679073173182901,0.06617208740851373,0.0014495040000000003,0.0012186556227187398,0.00017234393095110715,-3.035730495999999,0.18854021792438005,0.026663613324143718
ARG  32,14.418680000000004,0.7643582259646697,0.10809657696706747,-6.778660000000001,0.944051685237613,0.13350906968442083,-208.6671,3.5180770386674425,0.49753122615568723,2.03284,3.234684790578519,0.45745351008381163,0.895210848,0.10186789537729603,0.014406295921297555,-198.09902915199996,1.1846849099049577,0.16753974667263394
LEU  33,12.009620000000002,0.5925301305418491,0.08379641467269834,-4.803720000000001,0.25353153965529124,0.0358547741869845,-35.09776,0.2778771354398934,0.03929776136124827,-0.24348000000000003,0.2154633370204777,0.030471117340852453,0.6534794879999999,0.03862281659057639,0.0054620911039441715,-27.481860511999997,0.6735643571312812,0.09525638489861728
VAL  34,11.176739999999993,0.09753539050088512,0.013793587205770768,-6.509380000000001,0.05072470404044454,0.0071735564401357995,-29.263039999999993,0.21219396409936048,0.03000875818830252,-2.979419999999999,0.15076459663995614,0.021321333729393512,0.14570107200000001,0.014669543967704188,0.0020745868032955687,-27.429398928,0.1676613441145506,0.023710894673249997
GLU  35,17.207620000000006,0.21967311078004811,0.031066469255383138,-3.822280000000001,0.12052701605860083,0.01704509407424331,2.3558,1.7338520582794832,0.2452037095967351,-76.94244000000002,1.9546609543335762,0.276430803145968,0.3027487679999999,0.011374656907450606,0.0016086194065857455,-60.89855123200001,0.44001168933577045,0.06222704986613435
PRO  36,17.67848,0.020832897061740466,0.002946216556823597,-1.7536799999999997,0.09362573150583403,0.013240677928265245,-8.116879999999998,0.24190085903121986,0.03420994755916533,-2.18312,0.21381951641512803,0.030238646001433066,0.9457869600000002,0.01460154214780333,0.002064969893698584,6.570586960000001,0.05883765196779268,0.008320900539104042
GLY  37,5.9594,0.012149074039302748,0.0017181385276656825,-1.4736199999999997,0.02305288702096685,0.0032601705476906014,-21.41632,0.10060446113378553,0.014227619337063641,4.7564400000000004,0.0924028484409069,0.013067736146703614,0.27213004799999996,0.0048663085157567496,0.0006881999501674881,-11.901969951999996,0.03840082926498863,0.005430697355292057
SER  38,12.79472,0.06677276091357151,0.009443094408106893,-4.27534,0.056238637963597744,0.007953344453751034,-9.2668,0.17605567301294145,0.024898032050762468,0.16046,0.1478856598862784,0.020914190589166968,0.0,0.0,0.0,-0.5869600000000001,0.1693486297553067,0.02394951289692546
PRO  39,19.59092,0.018086282093100002,0.0025577865428967673,-8.247239999999998,0.06327007507530087,0.00894773982638544,-8.381999999999998,0.08674076319717709,0.012266996372404087,-1.0393999999999997,0.0507625846465739,0.007178913566829705,0.11868883199999992,0.005658261569828299,0.0008001990251505659,2.0409688320000003,0.05405988000422602,0.007645221548223852
ALA  40,9.814540000000001,0.04345213918728825,0.006145060455278647,-7.245799999999999,0.05448742974318677,0.00770568621216659,-8.548219999999999,0.10554132650302903,0.014925797533143062,-0.6779400000000001,0.06275202307495542,0.008874476209895137,0.0,0.0,0.0,-6.6574199999999975,0.10824806510992914,0.015308588177910762
GLU  41,17.12304,0.016944568451989432,0.0023963238513362733,-5.643759999999999,0.03987257704236984,0.005638833922008554,15.224100000000004,0.7158369996025146,0.101234639328634,-90.29090000000001,0.6769894312310848,0.09574076352302478,0.6337882079999999,0.006547150787335349,0.0009259069438351337,-62.95373179200001,0.05829248698802157,0.008243802568291728
LYS  42,12.327039999999997,0.042302699678649316,0.005982505161054183,-3.59012,0.025036485376371587,0.003540693717342036,-29.266680000000004,0.8934337455008197,0.12635061199690514,-14.113260000000002,0.8822480560476459,0.12476871662398793,1.282574448,0.004737546735032731,0.0006699902845059664,-33.360445551999995,0.04889136217412316,0.00691428274695399
ALA  43,7.36658,0.013990125088571184,0.0019785024639553464,-3.9223799999999986,0.031129979119934936,0.004402443866780325,-8.611139999999999,0.07352034004289631,0.01039734619989457,-2.937520000000001,0.05901058888026595,0.008345357511809506,0.16842527999999996,0.00324427781597206,0.00045881016874538516,-7.93603472,0.02393169488674922,0.0033844527479415594
GLY  44,6.208879999999998,0.033354843726555526,0.004717087236892997,-2.05164,0.021398841090130315,0.0030262531288728954,-11.666499999999996,0.07887642233356938,0.01115481062156019,-1.2788799999999998,0.06539010322671446,0.009247557082819626,0.27232603199999994,0.005036388092968809,0.0007122528346450858,-8.515813968000002,0.02668830571542585,0.003774296389951462
LEU  45,10.304179999999997,0.013244908458332616,0.0018731129174164108,-7.425979999999999,0.02299085905359526,0.0032513984684202674,-28.275539999999996,0.0612484154925194,0.008661833986338333,-1.3250799999999998,0.04961364328489267,0.007016428721223605,0.005091695999999998,0.0005843112790148877,8.263409354304238e-05,-26.71732830399999,0.06745352104163868,0.009539368428690437
LEU  46,10.802740000000002,0.017934112744859034,0.002536266547290782,-3.4455199999999992,0.023869009196110545,0.0033755876525547656,-31.371819999999992,0.12086632120102325,0.017093079067662983,-0.8515800000000001,0.13242961753323876,0.018728376117538807,0.8819661600000004,0.005560516369041714,0.0007863757662896389,-23.984213840000002,0.033215116675435294,0.004697326847820534
ALA  47,6.994080000000001,0.01726828306387707,0.002442104010783257,-3.380419999999999,0.032665633317057005,0.004619618166048845,2.0117000000000003,0.09419835455037602,0.013321659055837112,-7.690060000000002,0.11763815877495384,0.016636547959213925,0.41047689600000015,0.006816339810560309,0.0009639760205838043,-1.6542231040000002,0.05528929110426827,0.00781908653336503
GLY  48,6.122179999999998,0.01242045087816951,0.001756517008269614,-2.709819999999999,0.055275198778557355,0.007817093577550454,-12.185800000000004,0.19905536918127975,0.02815068027593492,-1.8095199999999991,0.27716386777501123,0.03919689008072041,0.181556064,0.01014122018042696,0.0014341851118171531,-10.401403936,0.04890140666329781,0.00691570325223578
ASP  49,12.082819999999996,0.07222317910564746,0.010213899940890777,-8.50184,0.07574176126820259,0.010711502602351729,25.386619999999994,0.5107288865928179,0.07222797181152735,-90.93938,0.3338100591633977,0.04720787129254422,0.013474223999999996,0.003165187180724724,0.00044762506384303654,-61.958305776,0.23313381299016914,0.032970100017845005
ARG  50,12.96912,0.10359240126571158,0.014650177882876508,-9.13666,0.03299915756515536,0.004666785617552943,-201.90003999999996,1.254483383071961,0.177410741411205,-2.2544600000000004,1.1189741589509554,0.15824684315334686,0.43226712000000006,0.010524517908349938,0.0014883915963427,-199.88977287999998,0.24731858230085288,0.034976129331675265
LEU  51,12.785780000000004,0.08434673437567276,0.011928429569595738,-8.76056,0.10534631649946548,0.014898218953959264,-33.49472,0.14235786455288618,0.02013244227611637,0.013360000000000004,0.09622863607055855,0.013608784221964872,0.0,0.0,0.0,-29.456140000000005,0.040843609045684195,0.005776158584867101
VAL  52,12.478239999999998,0.01391626386824776,0.0019680569100038654,-6.679220000000002,0.04957833801137068,0.007011435801559796,-32.22833999999999,0.05363379905281371,0.00758496460220824,-0.5037000000000001,0.06918215087722958,0.009783833604471978,0.059672591999999997,0.002717784758205981,0.0003843528064665781,-26.873347408000004,0.06584532707382973,0.009311935456670233
GLU  53,15.480519999999999,0.029511516396831028,0.004173558673459441,-7.86834,0.020021598337960925,0.002831481590993096,2.9312400000000003,0.44845403599476885,0.06342097798047543,-80.00191999999998,0.4552016186289121,0.06437523026791928,0.31662792,0.003324352590685659,0.0004701344519857793,-69.14187208,0.015038959293380973,0.002126830019667627
VAL  54,11.319900000000002,0.03252952505066157,0.004600369550420093,-6.983200000000002,0.05772936860880546,0.008164165603380829,-25.828800000000005,0.04878565362823916,0.006899333301029201,-2.27364,0.048489487520515004,0.006857449088403325,0.0009649440000000007,0.0005019128004584048,7.09811889536937e-05,-23.764775055999998,0.038678459349734476,0.005469960178409093
ASN  55,17.32976,0.03577460551795462,0.005059293231203878,-4.568480000000001,0.05418532642698413,0.007662962351465423,-90.1517,0.23549320584842465,0.03330376855575612,-6.98268,0.1824367769940687,0.025800456430064782,0.3948076799999999,0.006282759770680587,0.0008885164076828562,-83.97829231999998,0.0895622913493812,0.012666020710350542
GLY  56,6.066479999999999,0.019207540186280007,0.0027163563831263428,-2.110979999999999,0.023467841826739114,0.0033188540191001043,-8.003819999999996,0.04216097247522346,0.005962461907729978,-6.50118,0.04624746047104567,0.006540378582346639,0.329679504,0.004336413066349709,0.0006132614170483658,-10.219820495999997,0.049140767905748804,0.0069495540437738475
GLU  57,13.822359999999998,0.011989595491179367,0.001695584855099317,-3.50142,0.03788935998407365,0.00535836467591134,0.8422,0.5511377323319465,0.07794264557993914,-81.57483999999998,0.5430414849749624,0.07679766329828171,0.70237224,0.0031158176983778238,0.000440643164692804,-69.70932776,0.031540705914820125,0.004460529407155992
ASN  58,20.395439999999997,0.017903251101490433,0.0025319020518298823,-4.9603,0.04450943720149596,0.006294584974394916,-91.83984000000001,0.09507078625030355,0.013445039530065284,-4.87682,0.09224048785648961,0.013044774892655838,0.565814448,0.0024594186625150056,0.0003478143228082219,-80.71570555199999,0.01816340037366099,0.0025686927147243912
VAL  59,12.852039999999999,0.014267389390384128,0.0020177135575539236,-6.806780000000001,0.06919603745884133,0.009785797463677012,-31.34494,0.11148316644148877,0.01576610059578505,0.07034000000000001,0.0751900551934895,0.01063347958102144,0.0,0.0,0.0,-25.22933999999999,0.03953611514141106,0.00559125102365278
GLU  60,16.62456,0.07451339745260292,0.010537785725596788,-5.00964,0.038375387945899925,0.0054270994094420665,-28.743899999999993,0.9265678442513731,0.13103648117990935,-48.783199999999994,0.8471531384585227,0.11980554578149752,0.42546139199999977,0.003972327897250681,0.0005617719986484911,-65.48671860799999,0.02875089592794862,0.004065990695168233
LYS  61,9.438220000000001,0.0200452388358317,0.0028348248622641057,-1.72976,0.04706104971205985,0.006655437476230947,0.46270000000000006,0.8736273633535067,0.1235495665714777,-42.95018,0.8433534416839543,0.11926818751034753,1.3377486239999998,0.0057765161770940935,0.000816922752091405,-33.44127137600001,0.06895469158396493,0.009751666002729711
GLU  62,15.69576,0.03620804330712892,0.005120590591193409,-4.51618,0.06932869247292385,0.009804557715680241,-36.64701999999999,0.9511481796232373,0.13451266554496627,-50.03100000000001,0.9252989787083925,0.13085703649393823,0.29551766399999996,0.003397336808608111,0.00048045597906829185,-75.20292233599999,0.038109088527834546,0.005389438984574054
THR  63,14.725,0.04957418683130773,0.007010848736045308,-4.198519999999999,0.1155060587155845,0.016335023477184265,-28.472240000000003,0.5543920836373382,0.07840288035522028,-7.456359999999997,0.5003696937265809,0.07076296070686025,0.48127737599999976,0.03227162275081433,0.004563896657398975,-24.920842624,0.21296847702299596,0.030118290856386374
HIE  64,30.79292,0.09087614428562539,0.012851827574490566,-11.3178,0.377719896219411,0.05341766000116489,-15.284559999999999,0.5425251389567737,0.07672464094410172,-6.49596,0.56188069765742,0.07946193030627799,0.036438768,0.02891762804821612,0.004089570177744785,-2.2689612320000005,0.4704000299004391,0.06652461020259104
GLN  65,20.354320000000005,0.37411251997190975,0.05290749995978501,-3.3585799999999995,0.6222967166874688,0.08800604565596659,-74.57632000000001,1.278259307651956,0.18077316491110387,-13.316780000000003,1.6269192885942343,0.23008113228163535,0.8193831839999995,0.07488292306388893,0.010590044538709275,-70.07797681599999,0.9528704978594147,0.13475623812579873
GLN  66,20.97952,0.047139045387289094,0.0066664677304025125,-6.213240000000002,0.0552248349927518,0.007809971062656587,-74.12909999999998,0.4869242754292625,0.06886149141607553,-10.12648,0.34042316254919025,0.048143105342300554,0.67580568,0.005719996169512695,0.0008089296159647007,-68.81349432,0.1512499720227546,0.021389976174313072
VAL  67,12.851779999999998,0.1027685340951299,0.014533665470253452,-7.064640000000001,0.10144570173243324,0.014346588723446286,-28.06374,0.24933285463431876,0.0352609904569053,-0.62222,0.16251661945782628,0.022983320734828516,3.8304000000000005e-05,0.0001876505102151337,2.653778965324731e-05,-22.898781696,0.13061132728519273,0.018471231044627064
VAL  68,12.935899999999998,0.11354369203130626,0.016057502919258723,-4.92164,0.3047956535123231,0.0431046146949498,-31.044600000000006,0.20996685452641178,0.02969379733200702,-1.8083599999999997,0.1835752445184287,0.0259614600513919,0.10367596799999994,0.03043579704932646,0.004304271696879251,-24.73502403199999,0.3513659604481198,0.04969065066219795
SER  69,14.12338,0.21120444029414093,0.02986881838973927,-3.3627800000000003,0.500829763093208,0.0708280243406519,-9.515939999999999,1.4388327409396993,0.20348167762233765,-4.949999999999999,0.5352935269550751,0.07570193656703952,0.43806859200000015,0.020359976473262886,0.0028793354858085507,-3.267271408000001,0.5680564543252271,0.08033531419003087
ARG  70,13.923859999999998,0.1435453949107259,0.02030038442989504,-7.182780000000004,0.12900950197545163,0.01824469873686823,-215.92597999999998,0.8400695564190167,0.11880377600245233,6.94384,0.8725221913510333,0.1233932716480124,0.664644096,0.008572260546871144,0.0012123007125580975,-201.5764159040001,0.1374491871742177,0.019438250463893674
ILE  71,14.079160000000007,0.13351574588712548,0.018881977862393262,-7.268219999999999,0.07487597478520248,0.010589061903713923,-9.070800000000002,0.3164066370985164,0.044746655740958395,-1.3898399999999993,0.30466186896295616,0.04308569470253473,0.0008569440000000003,0.0014478478478293223,0.00020475660626529247,-3.6488430560000014,0.13176292662573508,0.018634091785208553
ARG  72,12.684700000000003,0.051591956736632326,0.00729620449263114,-2.74542,0.1208648981301063,0.017092877815043886,-168.79394,1.2215620231492972,0.17275495804176527,-41.10997999999999,1.1388552408454289,0.1610584527183283,1.4934954239999998,0.0402695505368899,0.0056949744519938445,-198.47114457599997,0.11721539419953475,0.016576760019589066
ALA  73,8.455660000000002,0.03580760254447463,0.005063959715446137,-1.7478800000000003,0.13527418674676886,0.01913065895362713,-10.735120000000002,0.10344054137479253,0.014628701651144686,-2.9912000000000005,0.20985061353256554,0.029677358373006914,0.5821107840000002,0.014688597167149963,0.00207728133260185,-6.4364292160000005,0.06689363322058767,0.00946018833369665
ALA  74,7.8223,0.3943065431868988,0.05576336611073648,-3.4549799999999995,0.1110143215986287,0.015699795922242913,1.05212,0.9366688985975781,0.1324649859849764,-4.602219999999999,0.6090385633110574,0.08613105962427223,0.09724276799999998,0.009366140849452314,0.0013245723416392124,0.914462768,0.05729329594718291,0.008102495616156155
LEU  75,12.14554,0.22868687850424924,0.032341208511747745,-0.6482800000000001,0.31657302727806735,0.04477018686581506,-23.12419999999999,0.5543508275455928,0.0783970458627726,-6.745119999999999,0.36059454460654644,0.05099576955003279,1.1766755519999996,0.05476581063089925,0.007745055214857435,-17.195384448000006,0.35798290317833326,0.05062642767724934
ASN  76,19.868139999999997,0.3194184096138393,0.04517258469475362,-2.870180000000001,0.20206827460042875,0.028576769446525714,-83.70076,1.2490532184022747,0.17664280015902603,-16.78958,0.6041379342499309,0.08543800601603174,0.7354452959999997,0.05499314193726278,0.0077772047165185635,-82.756934704,0.518835279548056,0.07337438889744968
ALA  77,8.151840000000004,0.3090008647236074,0.04369932136771396,-2.9961,0.10519073153086678,0.014876215916689896,-3.3887600000000004,0.31864937219457423,0.045063826379923906,-2.1514800000000007,0.2925536012425683,0.04137332705983304,0.40404340799999994,0.017459565798082905,0.0024691554744794273,0.019543407999999998,0.45589163511283837,0.06447281333490223
VAL  78,10.974599999999999,0.054596703197459975,0.0077211398122706415,-7.0571399999999995,0.19284418684524102,0.027272286446135104,-20.90892,0.12668004420653164,0.01791526365989003,-1.5372200000000005,0.05733979072161266,0.008109070970213957,0.001603583999999999,0.0005193571962955783,7.344819907172726e-05,-18.527076416000003,0.08094815910199227,0.011447798445117256
ARG  79,12.585780000000005,0.04207103041115151,0.005949742179046139,-7.072700000000001,0.021234170574383072,0.0030029652012036234,-187.01728,0.37433717635802255,0.05293927117059646,-17.510939999999998,0.37101085752305646,0.052468858649677846,0.8412541920000003,0.00616969609218524,0.0008725267889288651,-198.17388580799994,0.04238841720463334,0.0059946274498321505
LEU  80,11.26052,0.0292323382573287,0.004134076922339213,-7.720999999999999,0.07344984683459617,0.010387376954771245,-35.318200000000004,0.05317029245390228,0.007519414870365243,0.17976000000000003,0.03970821577457227,0.005615589728603738,0.0012790080000000007,0.0004220152356680939,5.968196698098963e-05,-31.59764099199999,0.05557336585058533,0.007859260769261958
LEU  81,13.734260000000006,0.0250653625503386,0.0035447775664487514,-7.0797799999999995,0.024119112753325504,0.003410957636815881,-35.279880000000006,0.0347123263306242,0.004909064267828944,0.7510000000000001,0.02801214022526233,0.003961514861766291,0.24700636800000006,0.0025398910714730136,0.0003591948400227468,-27.627393631999997,0.033675370898594896,0.0047624166242737145
VAL  82,11.969400000000002,0.020745119905907487,0.0029338029923990433,-6.6250800000000005,0.02152936599117539,0.0030447121374014307,-32.98510000000001,0.02800660635166793,0.003960732253857326,0.9441600000000002,0.034928131928284645,0.004939583788133687,0.0,0.0,0.0,-26.696620000000003,0.015277290337243217,0.002160535119124079
VAL  83,11.351040000000001,0.043274916522422976,0.006119997385657411,-5.354299999999999,0.050922391931229466,0.007201513729762297,-31.14826,0.07268089432474371,0.010278630647945828,-1.4896399999999994,0.06610802069342046,0.009349085944627644,0.13998225600000003,0.002922192709602221,0.0004132604561787244,-26.501177743999992,0.03935049189736628,0.005564999932730797
ASP  84,14.013240000000001,0.016937012722027772,0.0023952553097577327,-3.90474,0.02506935180655347,0.0035453417324730367,17.972300000000004,0.3989762022976113,0.05642375563533935,-88.22576,0.39848149568043745,0.05635379355459905,0.386080128,0.0039471260418149174,0.0005582079180730689,-59.75887987199998,0.036952806506912225,0.005225916012982402
PRO  85,18.055279999999996,0.021995490451060355,0.003110632090693746,-3.764379999999999,0.025104493621821527,0.0035503115356488864,-4.723099999999999,0.08126825948674034,0.011493067475660413,-7.318019999999999,0.08017243666005677,0.011338094725315022,0.6188988959999997,0.0044086553499171136,0.0006234780187681485,2.8686788959999996,0.024602256080207965,0.0034792844213606044
GLU  86,14.635500000000004,0.011857908744351853,0.0016769615367644907,-2.18574,0.016220739810498052,0.002293959023173153,0.7685000000000001,0.5455799208182063,0.07715665233795466,-80.70828000000002,0.531478956870943,0.07516247489227929,0.7345693440000001,0.003558567274604407,0.0005032574102362614,-66.75545065600004,0.03805932393340281,0.0053824012081369185
THR  87,13.23128,0.010514827625601733,0.001487021183414126,-1.9366600000000003,0.016348223145029837,0.002311987889240293,-31.314779999999995,0.08527679403156875,0.012059959867514153,-8.630719999999998,0.07015840363081477,0.009921896592914405,0.5683216320000001,0.005219856029781319,0.0007381991190951719,-28.082558368,0.01690817960120041,0.002391177690705773
ASP  88,12.76696,0.017326234445337405,0.0024502995737452037,0.18312,0.012344456245618881,0.001745769744267548,-10.15256,0.5294549333040529,0.07487623473439341,-75.01278000000003,0.5239518027382027,0.07409797454621989,0.947767104,0.002789620628014692,0.0003945119326014128,-71.26749289599998,0.012266392432003463,0.001734729853872999
GLU  89,14.983439999999996,0.01052266126621207,0.0014881290274935154,-1.4693200000000002,0.014256843970511383,0.002016222209973428,28.362419999999997,0.7731155952379553,0.10933505600676645,-108.5411,0.76551081638049,0.1082595778668589,1.000043568,0.005094437203927712,0.0007204622186452638,-65.66451643200001,0.017162534176573745,0.0024271488597202347
GLN  90,19.659940000000002,0.006900463746084121,0.0009758729416376016,-1.3912600000000004,0.006263577252553127,0.0008858035899532241,-66.67143999999999,0.042521128861707246,0.006013395712364043,-10.603520000000001,0.04984866698316056,0.007049666091380558,1.2446307359999997,0.005201742216756316,0.0007356374390905469,-57.761649264000006,0.015043645476287969,0.0021274927460099105
LEU  91,8.343599999999999,0.007848566749638543,0.0011099549542529347,0.06250000000000001,0.013678084661238083,0.0019343732835210299,0.03416,0.3424279988552338,0.04842663201173503,-107.10351999999999,0.33591190749639377,0.04750511753440166,1.498075776,0.009238734066739933,0.0013065543016341952,-97.165184224,0.02056251178558091,0.002907978304362513
THR  92,7.709720000000002,0.1166042949464595,0.016490337534423558,0.3300000000000001,0.42744660485258257,0.06045007857728555,-77.85846,2.7696833913648984,0.3916923815547748,-70.63626,2.5800719122536604,0.3648772690207012,1.405560096,0.09245697083697638,0.013075390209358571,-139.049439904,0.4231802500527407,0.05984672489530235
GLY  93,4.4084,0.07415686077497419,0.010487363825098187,-1.33274,0.3813496983085215,0.05393099153547992,-5.02964,0.5390109371803139,0.07622765776278323,-2.8790799999999996,0.7794930619319214,0.11023696599598541,0.37214049599999993,0.0586892639582301,0.008299915305542348,-4.460919504,0.18699639676606392,0.026445284042146796
TRP  94,10.578360000000002,0.19406439755908533,0.027444850300182264,-5.55292,0.8968765542704311,0.1268374986823693,0.34414,1.3280111898624953,0.18780914356867723,-7.29418,1.055491803663113,0.14926908237140143,0.96370272,0.16697066013508385,0.023613217208142426,-0.9608972800000004,1.066983854439206,0.15089430377810456
GLU  95,15.583580000000007,0.46474475101899404,0.06572483299327686,-2.4034999999999997,0.39657747036361146,0.056084523711983345,-17.66431999999999,3.336523990262977,0.47185574782130985,-65.03060000000004,2.8443170920266647,0.4022471807233712,0.7559095679999999,0.04846070848907502,0.006853379118745887,-68.75893043200001,0.6231714495789589,0.0881297515678265
THR  96,15.667240000000003,0.25982082749435753,0.03674421380295208,-3.35758,0.3038285760095641,0.04296784928292303,-41.87430000000001,0.8015383272177172,0.11335463731131394,-0.6251599999999999,0.44817275062190043,0.06338119822155465,0.32233751999999993,0.02785106703581886,0.003938735672861726,-29.867462480000007,0.31815912443761296,0.04499449487724214
TRP  97,13.70658,0.3179621417716317,0.04496663732146383,-7.04872,0.17728689066031825,0.025072152520277804,3.772540000000001,0.9359188898617156,0.13235891873236091,-2.5352999999999994,0.4490690926795144,0.06350796013099497,0.993781296,0.022763500264210073,0.0032192450800729417,8.888881296000001,0.5494973976690497,0.0777106672272292
VAL  98,9.048980000000002,0.11475356029318064,0.016228604129721474,-6.864740000000003,0.21944273148125398,0.031033888702498673,-39.825039999999994,1.454543694221813,0.2057035419432752,-70.49824000000001,1.596607698340051,0.22579442607817915,0.18986601599999997,0.02580738299286741,0.0036497151037869846,-107.94917398400003,0.4765046790364742,0.06738793796276205


