#Frame       SA_00001
       1    6120.5316
       2    6050.2639
       3    6107.6859
       4    6077.1901
       5    6173.0853
       6    6053.5347
       7    6201.1304
       8    6084.8134
       9    6056.6641
      10    6088.5719
      11    6005.0688
      12    6050.1057
      13    6064.5492
      14    6023.2302
      15    6171.7650
      16    6124.0788
      17    6042.8291
      18    6116.7632
      19    6077.9370
      20    6064.6385
      21    6111.3114
      22    6067.5253
      23    6128.7386
      24    6013.6957
      25    6109.2250
      26    6072.9807
      27    5931.3646
      28    5994.4090
      29    6077.7286
      30    6107.5927
      31    6055.9565
      32    6062.5173
      33    6108.0917
      34    6054.0372
      35    6125.1358
      36    6099.3512
      37    6083.5705
      38    6064.8431
      39    6118.9103
      40    6065.7626
      41    6073.0909
      42    6098.7077
      43    6076.6960
      44    5992.6062
      45    6083.5190
      46    6080.9174
      47    6080.7870
      48    6078.3318
      49    6071.1373
      50    6067.3588
