| Run on Mon Jun 20 15:45:52 2016
| GB non-polar solvation energies calculated with gbsa=2
idecomp = 2: Per-residue decomp adding 1-4 interactions to EEL and VDW.
Energy Decomposition Analysis (All units kcal/mol): Generalized Born Solvent

Total Energy Decomposition:
Residue,Internal,,,van der Waals,,,Electrostatic,,,Polar Solvation,,,Non-Polar Solv.,,,TOTAL,,
,Avg.,Std. Dev.,Std. Err. of Mean,Avg.,Std. Dev.,Std. Err. of Mean,Avg.,Std. Dev.,Std. Err. of Mean,Avg.,Std. Dev.,Std. Err. of Mean,Avg.,Std. Dev.,Std. Err. of Mean,Avg.,Std. Dev.,Std. Err. of Mean
ARG   1,7.7517799999999975,0.027384879039963804,0.0038728067342263515,-1.8584400000000005,0.049851844499448204,0.007050115460043423,-278.58752,0.6778507871196733,0.09586257764099196,-26.447939999999996,0.6621679367049789,0.09364468766567903,1.563370992,0.006359267443145982,0.0008993362264854722,-297.57874900799993,0.019752952567607937,0.0027934893418023595
MET   2,9.767019999999999,0.02221575116959092,0.0031417816602341427,-4.209720000000001,0.03153857320802828,0.004460227796869033,-4.697500000000002,0.04420328042100256,0.006251287867276291,-3.487159999999999,0.03865765642148437,0.005467018200082256,0.5220260639999998,0.00620965499814727,0.0008781778316037745,-2.105333936,0.030435009138769068,0.0043041602694996305
LEU   3,12.27778,0.015884948849988076,0.0022464710101256034,0.49402000000000007,0.010839723243692548,0.001532968362360088,-15.390459999999996,0.0420272340288975,0.00594354843526949,-6.747120000000001,0.046261707707215854,0.00654239344580846,1.2266043839999998,0.004315261250624414,0.000610270098581613,-8.139175616000001,0.01512102796346888,0.002138436282296051
PRO   4,18.327339999999996,0.017197220709990423,0.0024320542763191923,-4.619040000000001,0.01852237565718936,0.002619459486176646,-0.5815999999999999,0.026502075390430622,0.0037479594448181224,-4.18522,0.034524362412614244,0.0048824821556202975,0.4456977120000001,0.0025080646677800235,0.000354693906848328,9.387177712000003,0.01981489239975595,0.0028022489568698427
ARG   5,12.95894,0.06685339482786275,0.009454497765624683,-5.000919999999999,0.07357141836341922,0.010404569765257244,-246.70771999999997,0.5358032862728282,0.07577402742111077,39.07814000000001,0.5331272647303764,0.07539558082525698,0.6598995839999999,0.006935841886530812,0.0009808761662407268,-199.0116604160001,0.03910087250435147,0.005529698419627509
LEU   6,12.417399999999995,0.018484588177852812,0.0026141155296000823,-3.307540000000001,0.060560782689751944,0.008564588022777696,-31.47244000000001,0.041519229272546414,0.005871705713651315,-5.904839999999999,0.03605571244637839,0.005099047754269272,0.8848009439999995,0.012721233480549939,0.0017990540918308416,-27.382619056000006,0.07742175837696696,0.010949090071947946
CYS   7,10.647179999999999,0.015296653229590876,0.002163273445620562,-5.403520000000001,0.03367743458137022,0.004762708473090644,-4.541239999999999,0.11869381786766162,0.016785840699828906,-1.4385200000000002,0.11131221675988089,0.015741924659963727,0.05227113599999999,0.0029223588054695204,0.0004132839456815433,-0.6838288640000002,0.05676454633120625,0.008027719128354779
CYS   8,10.0841,0.02144784371506948,0.0030331831465509806,-4.02478,0.03265105817578485,0.004617556929802786,4.15604,0.0945602368863153,0.01337283694658397,-7.311920000000002,0.10592692575521905,0.014980329502351867,0.6276718080000001,0.006014695172438369,0.0008506063486402322,3.531111808,0.032104056176403384,0.004540199165185739
LEU   9,13.54958,0.17441273921357694,0.024665686124648225,-7.6634600000000015,0.20319824900815162,0.02873657195977933,-33.95356,0.13760351158290973,0.019460075231071423,0.41658,0.11397088926563659,0.016117917731518546,0.013090896000000005,0.004871667209363124,0.0006889577838849617,-27.637769104000007,0.0733885385729996,0.010378706657267705
GLU  10,15.755660000000002,0.056737504350357015,0.008023894814747736,-3.9339000000000004,0.30016303903045355,0.042449464071999204,10.401460000000002,1.8630538501073983,0.2634756022253294,-84.2956,2.1592317615297136,0.30536148414620695,0.9755340480000001,0.061792983797275755,0.008738847574560829,-61.096845951999995,0.13481491307566215,0.019065707848175132
LYS  11,9.892539999999999,0.10268032138645687,0.014521190309355546,-6.158179999999999,0.7355676091291765,0.1040249688872833,-11.227660000000004,1.3812993536521752,0.19534522796320963,-27.584079999999993,1.4425966011329103,0.2040139678355492,0.8466001919999999,0.11160290925223794,0.015783034786480864,-34.230779808000015,0.8441309937269739,0.11937814997481644
GLY  12,7.00104,0.17752971131619813,0.02510649254675477,-1.46936,0.034522317419316724,0.004882192949894666,-3.9760800000000005,0.10708012700773935,0.015143416787497853,-3.16344,0.1574871626514434,0.022272048132132884,0.167861232,0.011499171407461225,0.0016262284160484576,-1.4399787680000002,0.21383084055584103,0.030240247476770923
PRO  13,18.576719999999998,0.20323041504718348,0.028741120924644,-1.1210200000000001,0.09819439698882768,0.01388678479706479,-5.31602,0.2790559434952061,0.039464469995174056,-5.484439999999999,0.25717987168519546,0.03637072625065758,1.167832224,0.010952275718999654,0.0015488856860658852,7.8230722240000015,0.11736384143298292,0.01659775362867298
ASN  14,18.91942,0.30293570869077,0.042841578775759205,-2.8473400000000004,0.6604130104714748,0.09339650361764044,-91.75417999999999,4.579219106747499,0.6475993765840322,-5.886520000000001,3.7237051722175845,0.5266114356828949,0.4250073599999999,0.09668494658015006,0.01367331627309664,-81.14361264000001,1.2565751623477952,0.17770656367334256
GLY  15,5.7349,0.10222176871882006,0.014456341169192113,-3.3057200000000004,0.13283795240818042,0.01878612338935205,-11.72486,0.3482030447885609,0.04924334683995891,-0.3351799999999999,0.2522306634808702,0.035670802514101076,0.08782833599999998,0.016135074819755527,0.0022818441640002885,-9.543031663999999,0.2631365299485798,0.03721312494090756
TYR  16,9.636320000000001,0.12201990657265326,0.017256220675454417,-11.588840000000003,0.20169634205893627,0.028524170242079056,-32.43992000000001,0.7146351192039458,0.10106466777263337,0.7709800000000001,0.2193437931649764,0.03101989671162686,0.019627344000000005,0.012259623792925447,0.001733772623754705,-33.601832655999985,1.1503510488042892,0.16268420547091397
GLY  17,6.477120000000001,0.27718713101441894,0.03920017999958792,-4.541939999999999,0.2146136444870365,0.03035095267038848,-12.069700000000006,0.6480305625507111,0.0916453610391482,-0.17025999999999994,0.2716224445807084,0.03841321449709722,1.9152000000000002e-05,0.000134064,1.895951270259866e-05,-10.304760847999999,0.44326590725919535,0.06268726577835686
PHE  18,9.237259999999996,0.1733121819148338,0.0245100438188431,-9.510380000000003,0.30686980235916056,0.0433979436379076,-5.184159999999999,0.18136519622025418,0.025648912023714106,-1.8898400000000002,0.240065604366806,0.03395040335548307,3.816e-05,0.00026712,3.777647267811011e-05,-7.3470818399999995,0.24623787302426842,0.03482329396008245
HIE  19,29.42298,0.22711552038483504,0.03211898491536568,-9.721100000000002,0.18798491960782182,0.02658508228309976,-28.76310000000001,1.6667987550990577,0.23572094052076784,1.17464,1.2791872382102627,0.18090439410915365,0.20294625599999988,0.016415659416889487,0.0023215248182662726,-7.683633744,0.3686283014135914,0.05213191433336581
LEU  20,11.2222,0.06600757532261288,0.009334880824060275,-8.33344,0.40541988900399684,0.057335030548524714,-33.46788,1.556678870416193,0.22014763708022098,0.8957,0.4077284022483592,0.05766150362243423,0.00028699199999999997,0.0008600164286430811,0.00012162468972507184,-29.68313300800001,1.0213221778133124,0.1444367675416012
HIE  21,28.626119999999997,0.3108152917735488,0.04395592010191034,-10.09558,0.3333826084246361,0.04714742062934392,-26.900040000000008,2.7143858455274352,0.383872127625846,-0.32014000000000004,0.845192664662916,0.11952829291845511,0.23121532799999994,0.03753419971142603,0.0053081374284719,-8.458424672000005,1.7502181077499226,0.24751821850909156
GLY  22,5.453160000000001,0.14572746618257307,0.02060897590856614,-2.49892,0.33544035773889913,0.047438430328163396,-10.886779999999998,2.2668311563943235,0.3205783364982739,-3.165579999999999,1.4968996504776149,0.21169357872169886,0.10956095999999999,0.028887251102117747,0.0040852742288292054,-10.988559039999998,0.7497511422243228,0.10603082337383565
GLU  23,15.36842,0.19011639487438883,0.026886518406083946,-4.314540000000001,0.3649242228189186,0.0516080785148976,-1.2062400000000002,2.0090564308649967,0.28412348521021624,-72.06276000000001,1.676976202096459,0.23716024887817364,0.5363940960000001,0.044798488054454015,0.006335462938041795,-61.678725904000004,0.47428631138066013,0.06707421340024383
LYS  24,9.5908,0.14683895940803085,0.02076616478795896,-0.9815000000000004,0.08308652116919558,0.011750208508787566,25.96850000000001,2.540452197936298,0.35927419528820514,-63.254399999999976,2.492340811366628,0.3524702177490649,1.6233739200000001,0.020633999831093004,0.0029180882407135876,-27.053226079999998,0.06856143077021094,0.009696050525093635
GLY  25,6.33176,0.03725080401811203,0.005268059225171622,-1.162,0.009474175425864238,0.0013398507379559098,-5.4869200000000005,0.23101903298212165,0.03267102496096338,-5.6536599999999995,0.23041741340447258,0.03258594310435333,0.6275452319999999,0.004340978680323782,0.0006139070923686353,-5.3432747680000015,0.029866659745684747,0.004223783527512994
LYS  26,9.802320000000002,0.08161677278593067,0.011542354699098648,-4.067379999999999,0.12185317230180456,0.01723264088873976,4.51682,0.7821338425103477,0.1106104287669116,-40.55553999999999,0.761090565176388,0.10763445994666518,0.945272592,0.012010256961296983,0.001698506828225207,-29.358507407999994,0.10259055385410142,0.014508495263183761
LEU  27,11.14564,0.07346530065266266,0.010389562454681252,-2.6389,0.029516266701534687,0.004174230467993173,-26.814159999999994,0.16913691022461902,0.02391957123375368,-7.259459999999998,0.128894252781174,0.01822840003950823,0.8785641599999998,0.014345795092145862,0.002028801798233806,-24.688315839999994,0.18038708487721256,0.02551058619103006
GLY  28,4.977000000000001,0.014638305912722962,0.002070169075193908,-3.4558400000000002,0.04385218808680892,0.006201635913210104,-6.21462,0.18355586506563476,0.025958719382894648,-4.152400000000001,0.16410923191580676,0.02320855014859655,0.037905695999999996,0.0026793878591171287,0.0003789226649221255,-8.807954303999999,0.10020356403057099,0.014170923925015433
GLN  29,18.962600000000005,0.053812266257025725,0.0076102036762717845,-8.996340000000002,0.2123975150513378,0.03003754463999455,-78.87218,0.5203132014456805,0.07358339861662457,-3.8116200000000005,0.5156216787529369,0.07291991711459864,0.09399758399999997,0.026189633140457518,0.0037037734380810892,-72.623542416,0.4140383216877912,0.05855386098730687
TYR  30,8.886040000000001,0.08232738547978886,0.011642850510023523,-9.2393,0.226504326669456,0.03203254907121306,-26.0348,0.6177365781625528,0.08736114468114296,-2.8503599999999993,0.3950029751786716,0.05586185646754004,0.22913035200000004,0.010956770995767013,0.0015495214142029871,-29.009289648000003,0.3292454628484519,0.04656233989100877
ILE  31,12.779220000000002,0.030116633276895406,0.004259135123320235,-8.629719999999999,0.15916105553817458,0.02250877233437039,-6.205900000000002,0.5300120092978798,0.07495501717696766,-1.6376400000000002,0.3934078169025116,0.055636267020712324,0.001330848,0.0014585041688305184,0.00020626363763378173,-3.6927091520000004,0.2600898414130144,0.03678225811617524
ARG  32,14.046279999999998,0.31969792242070516,0.04521211377498628,-7.759079999999999,0.32726972606708077,0.046282928515819326,-191.21148000000002,2.142861173663709,0.3030463334077945,-11.90724,2.164443887560962,0.3060985900784259,0.7950638879999998,0.052196317585734356,0.007381674023567881,-196.03645611199997,0.4804610865851523,0.06794745848412363
LEU  33,11.782719999999998,0.05630205680159669,0.007962313231831839,-5.20268,0.2980188208821787,0.042146225833401524,-34.717,0.2965060539015653,0.04193228827533216,-0.63416,0.18005647558474483,0.02546383097650462,0.550798272,0.04255915185120648,0.006018772975107221,-28.220321728000002,0.31404992183938435,0.04441336587274678
VAL  34,11.126660000000001,0.13704650451565398,0.019381302536186345,-6.430640000000003,0.07985380642129679,0.011293033604811365,-29.296239999999997,0.07804192719439841,0.01103679518720519,-2.8746199999999997,0.15483925729608125,0.02189757776558953,0.14371948799999998,0.00810313321289116,0.001145956088738655,-27.331120511999995,0.25500441628321596,0.036063070397275854
GLU  35,16.86396,0.2706145568889088,0.03827067765278803,-3.2637400000000003,0.15473781826043367,0.021883232119592845,-6.809940000000001,5.665560983380197,0.8012313181148124,-69.42744000000002,4.786459907530688,0.6769076516984969,0.32275598400000005,0.028053015993002955,0.003967295568277411,-62.31440401599999,1.1150665211463364,0.15769421971533346
PRO  36,17.63476,0.049437459481099184,0.006991512568744081,-1.8357400000000004,0.11485726968719638,0.01624327085287773,-7.850679999999998,0.33146218125153143,0.046875831213968475,-2.4069,0.3719047324248477,0.05259527165059565,0.937901232,0.026545151557041125,0.003754051334721684,6.4793412319999995,0.08956816016328498,0.012666850685972317
GLY  37,5.959779999999999,0.04685137778136056,0.006625785387426559,-1.4109599999999998,0.047835116807641624,0.006764907094706798,-21.027980000000003,0.31238300145819886,0.04417762773169991,4.3464,0.15672306786175033,0.022163988810680626,0.29439288,0.009022940749532384,0.0012760365180477557,-11.838367119999996,0.18153279359242103,0.02567261387138775
SER  38,12.573319999999999,0.06027551409976303,0.008524244951889559,-4.401260000000002,0.11476023875883337,0.016229548607391668,-8.51846,0.2727905577545008,0.03857841064637361,-0.36449999999999994,0.1359885656957968,0.019231687393466045,0.0025583039999999995,0.005799415003082983,0.0008201611351189959,-0.7083416959999999,0.20460920183016726,0.028936110821455644
PRO  39,19.463559999999998,0.02969926598552836,0.004200110474926015,-8.02342,0.11190497576075102,0.015825753441788656,-8.32474,0.2019778017505844,0.028563974653398074,-1.1957399999999998,0.08663597636086767,0.012252177275897391,0.11077012800000004,0.008458132917920524,0.0011961606284877527,2.030430128,0.07949867643866142,0.01124281064102654
ALA  40,9.830239999999998,0.051331300392962007,0.007259342118997425,-6.92452,0.05363366107197722,0.007584945088771209,-8.045580000000001,0.1514694807542989,0.021421019396834,-0.9824400000000003,0.0932757546203695,0.013191183722471142,0.0,0.0,0.0,-6.122299999999999,0.11085057509999612,0.015676638670327182
GLU  41,17.124019999999994,0.04875099588991788,0.0068944319566716875,-5.666420000000001,0.06794088312629884,0.009608291835681718,13.176739999999997,1.3051042228113656,0.18456960922102308,-88.11948000000001,1.2623627408952725,0.17852505088085677,0.6393814560000002,0.013377153925044188,0.001891815250674997,-62.845758543999985,0.057671957272532715,0.008156046414341742
LYS  42,12.34992,0.19686856935528035,0.027841420078722576,-3.6121599999999994,0.0640582110271937,0.009059199081601507,-28.7315,1.1945144829594105,0.16892985822522835,-14.570020000000005,1.1751168876328042,0.1661866239863972,1.2854642400000003,0.0072235480083726504,0.0010215639561893762,-33.27829575999999,0.1946932044295828,0.027533777020619352
ALA  43,7.3723000000000045,0.02915973250800708,0.004123808918799524,-3.73532,0.07658967032174675,0.010831415050669839,-8.571320000000002,0.1386420484555069,0.01960694652409657,-3.1150599999999997,0.08078846699871825,0.011425214571291855,0.189868752,0.004821128088165729,0.0006818104728221844,-7.8595312480000015,0.03446887995920757,0.004874635751812152
GLY  44,6.2783000000000015,0.01367808466035554,0.0019343732833962193,-2.04474,0.032190563834759496,0.004552433195555375,-11.471680000000001,0.1217273083574629,0.017214841039029583,-1.44506,0.0770117939019778,0.01089111233988586,0.27931492799999996,0.004890297415210715,0.0006915924928629084,-8.403865072000002,0.04635130184645427,0.006555063970490471
LEU  45,10.377419999999999,0.046200471858936214,0.006533733389094411,-7.413080000000003,0.05157008435107059,0.007293111270200854,-28.311679999999996,0.08845505977739748,0.012509434519771837,-1.19376,0.0785010980814924,0.011101731756802711,0.006041519999999998,0.0013840769204058136,0.00019573803522054882,-26.535058479999993,0.06642415985829583,0.009393794774084049
LEU  46,10.75914,0.013977138475772609,0.0019766658795604434,-3.4436000000000013,0.026635314903131122,0.0037668023574086253,-31.1124,0.09201347727392029,0.013012670748188663,-1.0476800000000004,0.05402571239695997,0.007640389518864904,0.882072864,0.007815995494515697,0.0011053486831791104,-23.96246713599999,0.044023102106527295,0.006225806805678647
ALA  47,6.977480000000001,0.0232363852609447,0.0032861211176554287,-3.4072399999999994,0.03323947051320608,0.004700771000587662,2.2423800000000003,0.13631403302667539,0.01927771542480983,-8.046820000000002,0.1395592619641211,0.01973666010244397,0.41581713600000014,0.00307037949794025,0.0004342172327619396,-1.8183828640000008,0.07113192389256956,0.010059573148656267
GLY  48,6.156359999999998,0.018071812305756208,0.0025557402059461424,-2.6265599999999996,0.01925217909752194,0.002722669278495134,-11.990459999999999,0.16699379748967405,0.023616489324208314,-2.1184999999999996,0.21767942024913986,0.03078451883658461,0.18587088,0.004869578614048656,0.0006886624119029588,-10.393289119999999,0.05648564410105532,0.007988276396709224
ASP  49,12.000800000000002,0.04119514534483466,0.005825873325059605,-8.36608,0.06138496232794458,0.008681144624994074,24.507900000000003,0.7577675699048589,0.10716451744859538,-90.38282000000001,0.7395725979225778,0.10459135983416133,0.015732287999999997,0.0015586188820414552,0.0002204219961553817,-62.224467712,0.09938578876250352,0.014055273037508002
ARG  50,12.845100000000002,0.05370111730615201,0.0075944848408948705,-9.037040000000001,0.049502711036690863,0.007000740532232451,-203.39316000000002,0.9738018763506221,0.13771638205994174,-1.0117599999999998,0.8993120161545716,0.1271819250050887,0.44135078400000005,0.005251556419934992,0.0007426822312639563,-200.15550921600004,0.1871312655683441,0.026464357371079363
LEU  51,12.750200000000001,0.03105479028958029,0.0043918105604176735,-8.83456,0.08467187490544442,0.011974411384283762,-33.421279999999996,0.09731619392651145,0.01376258812894027,-0.021639999999999993,0.07077648196964867,0.010009306069853197,0.0,0.0,0.0,-29.527280000000005,0.03487236154210125,0.004931696664481753
VAL  52,12.442179999999999,0.017142566904582917,0.0024243250610349325,-6.624240000000002,0.02641329967974339,0.0037354046634118033,-32.140299999999996,0.05999608320716788,0.00848472745608415,-0.57666,0.06023706832175737,0.0085188078978224,0.05933519999999996,0.001984781833050118,0.0002806905386651209,-26.839684799999997,0.02571388323836727,0.0036364922416977194
GLU  53,15.48424,0.02086294322349134,0.0029504657257681307,-7.814939999999998,0.028955420909078718,0.004094914895384061,3.2386199999999996,0.532974892091551,0.07537403208002083,-80.45014,0.5060668734465575,0.07156866358958704,0.3302023679999999,0.0054169159992574776,0.0007660676072385731,-69.21201763199998,0.0373880165639443,0.005287464009495995
VAL  54,11.220559999999999,0.030228569268455872,0.004274965263058484,-7.153739999999998,0.07214424717205128,0.010202737279791173,-25.775919999999996,0.0638826549241273,0.009034371699410121,-2.274539999999999,0.06355791374805127,0.008988446361863349,0.0001188,0.0003564,5.04025713629771e-05,-23.983521200000006,0.05784306669662867,0.008180244941162377
ASN  55,17.13642,0.07930424704895543,0.011215314173041927,-4.936579999999999,0.1385227909046409,0.019590080959511556,-89.64568000000003,0.32781686594204157,0.046360305778987795,-6.7408600000000005,0.16387861483428698,0.023175935968156532,0.35439537599999993,0.015785128083999803,0.002232354222018895,-83.83230462400003,0.10680790680484412,0.015104919037209213
GLY  56,6.033239999999999,0.013065312855519425,0.001847714263692312,-2.09584,0.02022311548698627,0.002859980419513336,-7.92536,0.041535892912098006,0.005874062308156551,-6.627199999999999,0.047759396981194455,0.006754198694156585,0.327677904,0.005314901438670164,0.000751640569724362,-10.287482096000003,0.050790279251979445,0.007182830175486614
GLU  57,13.743319999999999,0.02615525950906326,0.003698912272510512,-3.5723000000000003,0.03715279262715492,0.0052541983213357625,0.9380399999999998,0.8579927029992739,0.1213384916998724,-81.57622000000002,0.8260258419669294,0.11681769485802865,0.6999949439999997,0.0029543853060070143,0.0004178131768230906,-69.76716505599998,0.04710268230373683,0.00666132521380958
ASN  58,20.367019999999997,0.014931162044781418,0.0021115851865720274,-4.921579999999999,0.03701031748058695,0.00523404929287801,-91.56793999999998,0.10959259283353648,0.015498733112081975,-5.13598,0.10601631761197083,0.014992971419970276,0.5732442719999999,0.004381113518709065,0.0006195830156454472,-80.685235728,0.017158655946867243,0.0024266003952153415
VAL  59,12.885399999999999,0.0646058820853637,0.009136651465419832,-6.801340000000002,0.06049846609597838,0.00855577512557015,-31.16153999999999,0.14390680456581761,0.02035149547347537,-0.09939999999999999,0.08984141583924424,0.01270549487426602,0.0,0.0,0.0,-25.176879999999993,0.07511448329189854,0.010622792100205017
GLU  60,16.54084,0.07858253241057649,0.011113248310066057,-4.976720000000001,0.024074085652021116,0.0034045898430819796,-27.7222,0.8593017397863713,0.12152361745766824,-49.78509999999999,0.801741236310851,0.1133833329904578,0.424746144,0.0035720781875114176,0.000505168141863575,-65.51843385599997,0.02747420879918644,0.0038854398699279687
LYS  61,9.4592,0.02003896204897462,0.0028339371905539653,-1.7352599999999998,0.06617183993211316,0.009358111347917598,-0.9466599999999998,0.9986731919902528,0.14123371724910452,-41.54134,0.9749839098159371,0.13788354683572449,1.3356698400000002,0.006582540098119141,0.0009309117481624813,-33.428390160000006,0.07480835219915412,0.01057949862588269
GLU  62,15.68624,0.09396053639700994,0.013288026490050227,-4.61834,0.15785482064226244,0.022324042823825996,-35.256280000000004,1.3759777329593077,0.19459263714744376,-51.43376,1.4391343726003551,0.20352433478087173,0.29178144,0.004670125582892004,0.0006604554937311428,-75.33035856000001,0.07370278189388138,0.010423147373895323
THR  63,14.644860000000001,0.04221658915560616,0.005970327294099116,-3.96758,0.21908464939378927,0.030983248248045124,-28.888899999999992,0.5459904120039755,0.0772147045581696,-6.978259999999998,0.5479263384799127,0.07748848590597235,0.529104672,0.05850373696084354,0.008273677825953304,-24.660775327999996,0.40002860482388775,0.05657258782791293
HIE  64,30.789380000000005,0.11103186749583212,0.01570227728682182,-11.41864,0.5055445681638948,0.07149479846814297,-14.349740000000002,1.0375648184089135,0.1467338238035063,-4.82594,0.9568705745292877,0.1353219343935054,0.12460752000000001,0.04209590079805861,0.005953259382892688,0.31966751999999987,0.5018215245857831,0.0709682805959958
GLN  65,21.195200000000003,0.03943450265878821,0.005576880848549615,-4.336780000000002,0.052337477967359144,0.007401637116184235,-74.08234000000002,0.4694862558136304,0.06639538303194005,-11.611140000000002,0.46064910767301653,0.06514562155662441,0.68207184,0.01403577167098053,0.0019849578655472743,-68.15298815999999,0.09087288901225553,0.012851367209315677
GLN  66,20.950800000000008,0.03248507348929448,0.004594083150324694,-6.294139999999999,0.024167755378279004,0.0034178367428077477,-73.64948,0.11144096912474148,0.015760132994021073,-10.48212,0.1461196277028504,0.020664435922627844,0.679377456,0.004189455849930477,0.0005924785281934982,-68.79556254399999,0.07423675159344816,0.010498662092997685
VAL  67,12.701720000000002,0.03729506133456579,0.005274318154887936,-7.015599999999999,0.04816679354108146,0.006811813268182219,-29.096559999999997,0.2908822552168369,0.041136963038132274,0.15002,0.24631219945426985,0.03483380530461753,0.0,0.0,0.0,-23.260419999999996,0.0902046761546925,0.012756867640743906
VAL  68,12.895659999999996,0.032482370604822404,0.0045937009047369,-5.429419999999999,0.13268445123679576,0.018764415045510813,-31.86932,0.4243898415372347,0.0600177869635326,-1.0699999999999996,0.388904152716323,0.05499935272346413,0.03628195199999999,0.008533058408477954,0.00120675669297913,-25.436798047999996,0.1288551810608813,0.018222874463833912
SER  69,14.484280000000004,0.07057791155802842,0.009981223972933261,-4.39356,0.031893046264100326,0.004510357857208325,-7.4148000000000005,0.4137642323836006,0.05851509890617809,-5.2047799999999995,0.3808015908580276,0.053853477436467304,0.3995353440000002,0.005056464704420458,0.0007150920962652274,-2.1293246559999996,0.0793093366697011,0.011216033954110511
ARG  70,14.014840000000003,0.044325324589153677,0.006268547519057076,-7.7111,0.15180727914040262,0.021468791302731563,-216.69202,1.39587260865395,0.19740619745035276,7.956720000000001,1.2898055518565559,0.18240605042596555,0.639672624,0.009156664713723143,0.0012949479424250422,-201.79188737599998,0.12736576169160227,0.018012238756624353
ILE  71,13.93006,0.10804340053904296,0.015279644236722312,-7.5438,0.07597315315294488,0.010744226356514291,-10.330700000000002,0.4846490379645446,0.0685397242480532,-0.25296,0.5045752257097054,0.07135771274361309,0.0015670079999999997,0.002117983877921643,0.0002995281525044349,-4.195832992,0.17421518153741467,0.024637747250150263
ARG  72,12.713840000000003,0.05004892006746521,0.007077986154153626,-2.9892999999999996,0.10866963697372709,0.015368207442640558,-168.44132000000002,1.9047477779486042,0.2693720140474932,-41.37681999999999,1.7525743201361685,0.2478514372603376,1.4265279360000003,0.03499935444609859,0.004949656173197571,-198.66707206400002,0.04650379389373203,0.006576629602631895
ALA  73,8.435620000000002,0.025970668069555287,0.0036728071007854973,-2.00182,0.1921673947369827,0.027176573588294502,-10.87252,0.08534172250423563,0.012069142140177121,-2.7881800000000005,0.22314808446410217,0.03155790474667102,0.565625952,0.011036264594914646,0.0015607635068066303,-6.661274047999999,0.07851568165550496,0.011103794185618354
ALA  74,8.528,0.5758575865611126,0.0814385608910164,-3.5741999999999994,0.05063398068493685,0.007160726220157503,-1.0669600000000004,2.120578807401413,0.29989513095080417,-3.21078,1.4721578215666964,0.20819455572132528,0.09000777599999997,0.014141469455110613,0.001999905789530229,0.766067776,0.14019914413872067,0.01982715310740792
LEU  75,12.5086,0.35231894641079015,0.04982542322951391,-1.2538999999999998,0.6136008556056619,0.08677626518812621,-24.364919999999994,0.9299445325396533,0.13151401701722856,-5.91964,0.717526550310159,0.10147357788114077,1.0705194720000004,0.10652503501197658,0.015064914924620606,-17.959340528000006,0.5877021407345452,0.08311363380624952
ASN  76,19.09806,0.44869412342941706,0.0634549314710989,-2.7182600000000003,0.08097402299501888,0.011451456151946655,-80.91423999999999,2.334845113150596,0.33019696250581165,-17.84298,1.2154084990652378,0.17188471832015864,0.8578416960000003,0.09028191062075758,0.012767790243683094,-81.51957830399999,0.8317956946437909,0.11763367524887987
ALA  77,7.5788400000000005,0.456147053481671,0.06450893494703046,-3.3681400000000004,0.12620586515687693,0.017848204615588538,-3.819679999999999,0.26022170854870347,0.03680090694534752,-1.694520000000001,0.41514355300305256,0.05871016429886707,0.3510764640000001,0.01313869990289148,0.0018580927594619198,-0.9524235360000002,0.4246412195855909,0.06005333718805942
VAL  78,11.316939999999999,0.15146054403717538,0.02141975555417808,-7.78822,0.2991258791880346,0.04230278752044945,-20.87724,0.23076261048976043,0.0326347613443239,-1.34188,0.10527689965040116,0.014888401929018866,0.0,0.0,0.0,-18.690400000000004,0.05777888887737973,0.008171168826923838
ARG  79,12.572179999999998,0.02993572447861073,0.004233550755711554,-6.974559999999999,0.03267241037934993,0.004620576587389616,-186.24096000000006,0.6026529999772992,0.0852280045972729,-18.24328,0.5992642836012666,0.08474876773147079,0.8375241600000001,0.0054566179380305625,0.0007716823092651134,-198.04909583999995,0.04734774408741145,0.0066959821836187795
LEU  80,11.200920000000004,0.04218570373846337,0.005965959436518828,-7.802439999999999,0.06283475471422591,0.008886176230524505,-35.410979999999995,0.06303284540634874,0.008914190484862501,0.30806000000000006,0.05750666396166599,0.008132670410142014,0.003369024,0.001337793201740837,0.00018919252895524178,-31.701070976000004,0.057399016851129296,0.008117446809774886
LEU  81,13.67854,0.024174540329231338,0.00341879627977343,-7.054200000000001,0.02798928366350223,0.003958282455803256,-35.258939999999996,0.05401644564768133,0.007639079002614007,0.6839200000000001,0.041829099918594036,0.005915528040673501,0.240228864,0.0026882488496227383,0.00038017579821703474,-27.710451135999996,0.04578172754776701,0.006474514000692204
VAL  82,11.9715,0.010169070755815123,0.0014381237779605366,-6.593500000000001,0.016543578814546437,0.0023396153529719782,-32.97092,0.036303079760988184,0.005134030775390171,0.9411399999999996,0.036716759116245945,0.005192533870858099,0.0,0.0,0.0,-26.651780000000002,0.014189136686090106,0.002006646953983426
VAL  83,11.282559999999998,0.03327591321039434,0.004705924776248971,-5.256239999999999,0.037687430265456574,0.005329807501239894,-31.28654,0.06329429989951066,0.0089511657338798,-1.4590600000000002,0.05250806033361919,0.0074257611057709,0.13751927999999997,0.0032560139449337735,0.0004604699080201266,-26.581760720000002,0.02474754661539459,0.0034998316058951415
ASP  84,13.986219999999998,0.02175986213169649,0.00307730921420139,-3.8408200000000003,0.03511392316451488,0.004965858636738373,17.887980000000002,0.49360326133436944,0.06980604266106563,-88.18206000000002,0.4868503018357638,0.0688510299701572,0.3888460800000001,0.004015550703147038,0.0005678846264787359,-59.75983392,0.051827036215319276,0.007329449751330608
PRO  85,18.06294,0.015789122840001734,0.002232919165830525,-3.71208,0.03988926672677411,0.0056411941998121785,-4.776419999999999,0.06808820455853765,0.009629126232431753,-7.285160000000001,0.0670934750924784,0.00948845024225244,0.6297390720000001,0.004560997761299777,0.000645022489198347,2.9190190719999998,0.03647524777519265,0.00515837900945965
GLU  86,14.634739999999999,0.013088636293653578,0.001851012695945361,-2.1920999999999995,0.016650825805450263,0.0023547823678779674,1.1279400000000002,0.45003103937395217,0.06364399993715035,-81.08041999999999,0.4411666846004687,0.062390390862915646,0.7316919360000002,0.004065416773002325,0.000574936753707895,-66.77814806399999,0.019416817981740414,0.0027459527327907077
THR  87,13.227759999999996,0.010775082367584926,0.0015238267619925802,-1.9497999999999995,0.01667093278740098,0.0023576259245352772,-31.40866000000001,0.08136328655888247,0.011506506333082015,-8.534560000000003,0.07189774961671427,0.010167877261206233,0.5681185919999999,0.0059970194358156675,0.0008481066219945564,-28.097141408000017,0.019881093862267885,0.002811611257483174
ASP  88,12.776340000000003,0.01660073492136974,0.002347698447116174,0.17112000000000002,0.008830945589233955,0.0012488843020873521,-9.750599999999997,0.44402887293516796,0.06279516541901542,-75.3957,0.43539413179448255,0.0615740286161416,0.9486178559999998,0.002927486794100771,0.00041400915278854425,-71.250222144,0.012536104063577925,0.001772872838603237
GLU  89,14.983819999999996,0.010762323173826043,0.0015220223395067043,-1.4682,0.015889619252871374,0.0022471315048355344,28.981020000000004,0.813747638767358,0.11508129470938798,-109.14464000000002,0.8101751850012812,0.11457607345269431,1.002010176,0.004777977469424358,0.0006757080537973007,-65.64598982400001,0.017174137211899223,0.0024287897767124333
GLN  90,19.662300000000005,0.007441102052569174,0.00105233074417456,-1.3875600000000006,0.0063942474145904085,0.0009042831414882854,-66.60587999999998,0.04335003578258792,0.00613062085330948,-10.665540000000005,0.054617656484887145,0.007724103054596222,1.2442250880000003,0.005371955456520266,0.0007597092263075112,-57.75245491199999,0.014384445851858697,0.002034267841091998
LEU  91,8.34686,0.008708639389432848,0.0012315875934352483,0.05672,0.011830536758744344,0.0016730905534369687,-0.33082,0.49459760169252737,0.06994666362307782,-106.75051999999998,0.4874801427771927,0.06894010293030786,1.4915956320000003,0.012395957647328088,0.0017530531423453864,-97.18616436799998,0.024123519028847996,0.003411580778276227
THR  92,8.350660000000001,0.04633599464766668,0.006552899205677736,0.51336,0.6023398628681318,0.08518372032260622,-86.61854,4.525069229128094,0.6399414274510116,-62.449079999999974,4.186109983457716,0.5920053512191314,1.5080734080000002,0.10082003351874287,0.01425810587611162,-138.69552659199996,0.6577094449746389,0.09301416171840152
ASN  93,18.475120000000004,0.7439891300280482,0.10521595179438259,-1.6011200000000005,0.8944283233440229,0.1264912665443745,-84.44753999999999,5.191555994921165,0.7341968897836858,-12.08686,4.212968582887842,0.5958037307771745,0.7769014559999999,0.12735839742244914,0.01801119729169302,-78.883498544,1.0163565046169287,0.14373451530353737
ASP  94,14.506539999999998,1.101456294366711,0.15576944298546147,-2.5271999999999992,0.29123839032656085,0.04118732814835315,-22.092579999999998,3.0646215041339184,0.4334029294686422,-59.297700000000006,2.0814544362054943,0.2943621093143454,0.6263421120000001,0.09694887263671342,0.013710641053962197,-68.78459788800001,0.638617051136072,0.09031408948793454
SER  95,9.95864,0.3134820415908504,0.04433305547781873,-2.9491800000000006,0.3364203733426324,0.04757702546397708,-9.2392,1.444783651624012,0.20432326348216026,-4.55442,1.188803214834146,0.16812216294111856,0.374269392,0.04242907152452864,0.0060003768388886495,-6.409890608000001,0.6809509282260083,0.0963010038007769
LEU  96,11.546359999999998,0.3027978705342154,0.042822085516718,-4.7758199999999995,0.1747445781705367,0.024712615239993848,-28.078979999999998,0.6260327943489539,0.08853440682586172,-2.016699999999999,0.10827968415176083,0.015313059785689524,0.533091888,0.03349615448849513,0.004737071596497424,-22.792048112000003,0.46388101570774076,0.06560268237412938
LEU  97,13.214459999999999,0.1304090809723771,0.018442629096774684,-5.18312,0.2596636008377221,0.036721978595934034,-25.222620000000006,0.4195987078147567,0.05934021833458545,-3.2697400000000005,0.24516017702717183,0.03467088473056153,0.593305632,0.020699742910066116,0.002927385716105182,-19.867714367999994,0.3293966961553756,0.046583727510382165
ALA  98,5.672680000000001,0.09156013106151621,0.012948557911985431,-5.896940000000001,0.1925942273278093,0.027236936832175485,-6.64744,2.2992880651192893,0.3251684365494291,-64.31838,2.304019139590665,0.32583751151763074,0.14544014399999997,0.02645568162599623,0.003741398375730856,-71.044639856,0.3189475031542845,0.04510598846458246


