#Frame       SA_00001
       1    5991.9648
       2    5993.6638
       3    5985.0322
       4    5993.6769
       5    6003.5857
       6    5987.1837
       7    5961.7485
       8    5984.5959
       9    5971.7181
      10    6018.8553
      11    5991.4697
      12    5979.3202
      13    6002.7564
      14    5940.5983
      15    5970.3645
      16    5979.7944
      17    5969.7752
      18    5990.5707
      19    6009.3139
      20    5965.1520
      21    5967.2156
      22    6015.8550
      23    6007.3909
      24    5982.9652
      25    5972.6710
      26    5964.2244
      27    5985.8402
      28    5955.4596
      29    5996.5462
      30    6004.2905
      31    5938.4446
      32    5958.8735
      33    5971.8126
      34    5970.0603
      35    5972.5567
      36    5977.5357
      37    5992.2369
      38    5970.0053
      39    5982.6272
      40    5968.7372
      41    5991.3471
      42    5981.2912
      43    5974.3443
      44    5965.3723
      45    5942.8537
      46    5990.8577
      47    5987.5250
      48    5989.5374
      49    5968.3365
      50    6010.2639
