| Run on Mon Jun 20 15:46:03 2016
| GB non-polar solvation energies calculated with gbsa=2
idecomp = 2: Per-residue decomp adding 1-4 interactions to EEL and VDW.
Energy Decomposition Analysis (All units kcal/mol): Generalized Born Solvent

Total Energy Decomposition:
Residue,Internal,,,van der Waals,,,Electrostatic,,,Polar Solvation,,,Non-Polar Solv.,,,TOTAL,,
,Avg.,Std. Dev.,Std. Err. of Mean,Avg.,Std. Dev.,Std. Err. of Mean,Avg.,Std. Dev.,Std. Err. of Mean,Avg.,Std. Dev.,Std. Err. of Mean,Avg.,Std. Dev.,Std. Err. of Mean,Avg.,Std. Dev.,Std. Err. of Mean
GLY   1,1.1645999999999994,0.005130302135430355,0.0007255342858997259,0.059879999999999975,0.021976023298131118,0.0031078790195244142,-31.616299999999995,0.3804488007606065,0.053803585382422914,-83.39717999999999,0.36899765256870554,0.05218414847464987,1.0005439680000001,0.004870826588273996,0.0006888389021104557,-112.78845603200003,0.007922976303702565,0.0011204780543056822
SER   2,11.247060000000003,0.02270718828748171,0.003211281363951613,-0.52802,0.017910321046815086,0.0025329018930862184,-4.141400000000001,0.10389725694162091,0.01469329098602025,-12.282119999999999,0.08021886062508873,0.011344660065411754,0.8376479999999998,0.009287009919339362,0.001313381538182319,-4.866832,0.013748409407519877,0.0019443187045172458
HIE   3,27.21149999999999,0.023512762500767385,0.0033252067617442764,-1.7758,0.02092080304383115,0.0029586483400322336,-5.088120000000001,0.09795215975152204,0.013852527278433847,-22.8724,0.0762010498624643,0.010776455818256548,1.3160809439999996,0.010199584496919904,0.001442439072611449,-1.2087390560000006,0.0571492026196991,0.008082117742358648
GLY   4,3.922439999999999,0.009224228965473676,0.0013045029705407616,-2.10384,0.026879255942094196,0.0038013008299807214,-5.92326,0.0696456201063451,0.009849378051427757,-5.55944,0.07365600043441582,0.010416531476450943,0.17228375999999998,0.002942086779415967,0.0004160739025128641,-9.491816240000002,0.0413126863154724,0.005842496128540643
GLY   5,5.691500000000003,0.014544070955993764,0.0020568422398083005,-4.033379999999999,0.015252396533345548,0.0021570146036149654,-7.891259999999999,0.4490982435948649,0.06351208269297938,-3.06362,0.4452320244546692,0.06296531673866226,0.02298686399999999,0.0013466178228081318,0.00019044051883485892,-9.273773135999999,0.01570826549435222,0.002221484210347022
SER   6,11.460720000000002,0.006855771293120661,0.000969552474325937,-3.0624200000000013,0.02089793291192074,0.0029554140149601377,-2.61,0.04349114852473177,0.00615057720868583,-6.1588199999999995,0.023294368418401566,0.0032943211744219,0.44716348799999983,0.0026875828236438077,0.0003800816079198051,0.07664348799999998,0.008828639360278138,0.0012485581520606268
PRO   7,18.8645,0.007965550826562091,0.0011264990010696327,-3.4957200000000013,0.013978612234063836,0.0019768743004567545,-0.011320000000000005,0.15764002537426847,0.02229366618571293,-3.0382800000000003,0.14892696733633629,0.02106145370101417,0.5933378879999999,0.012846629731922818,0.0018167877997670686,12.912517887999998,0.03195076461969474,0.0045185204653362745
ARG   8,13.759940000000002,0.013470575338765946,0.001905027033705135,-5.665779999999999,0.017414120707316558,0.002462728568108923,-189.35076,0.46246442283987305,0.06540234588951942,-18.861400000000003,0.45353460727930417,0.06413947926199473,0.55076328,0.004316111269740715,0.000610390309437868,-199.56723672,0.046681766642645235,0.006601798750156484
VAL   9,10.740439999999996,0.008316633938495395,0.0011761496509112555,-2.27412,0.02894245324779238,0.004093080991137721,-30.300919999999998,0.027337037148759007,0.003866040869087211,-2.7881000000000005,0.02561503464759799,0.003622512939928981,0.7221045599999999,0.008574378066412529,0.0012126001750434993,-23.900595440000004,0.038613195556196696,0.005460730484213789
VAL  10,11.00998,0.031374186841521295,0.004436980053970691,-4.69858,0.03987936308416062,0.005639793613242088,-21.80156,0.031207793900716436,0.004413448538613754,-1.5086600000000001,0.020956726843660307,0.002963728732525271,0.07026695999999999,0.0025715425695874167,0.0003636710378130283,-16.928553039999997,0.03493545828585708,0.00494061989155786
ARG  11,11.98444,0.030162334128355624,0.004265598199714939,-4.72364,0.05716109166208555,0.008083799106857302,-188.85338,0.6124424835007227,0.08661244663401825,-17.59934,0.5817196441585669,0.0822675810267896,1.137662208,0.01143334189974828,0.0016169187177872586,-198.05425779199996,0.08405094299063112,0.011886598350759836
ILE  12,14.158779999999995,0.04318763248962667,0.006107653559361495,-7.27716,0.11159379194202934,0.01578174540410593,-14.276519999999996,0.13114728209208446,0.018547026500299598,-2.2675,0.1031442194211588,0.014586795398578916,0.009060192000000002,0.0015077087172050098,0.0002132222115979466,-9.653339807999997,0.16579668936148823,0.02344719266915757
VAL  13,11.402440000000002,0.15058634200990823,0.021296124717856555,-2.8705000000000003,0.038492726585662086,0.005443693599016272,-20.52314000000001,0.10543566948480655,0.01491085537433005,-2.6010000000000004,0.131646648267248,0.018617647542050263,0.639774432,0.013931079572201889,0.0019701521669506688,-13.952425567999999,0.163287953404075,0.023092403827618888
LYS  14,11.353360000000002,0.24121963104173566,0.03411360737298566,-6.229999999999998,0.2211040479051347,0.0312688343243032,4.008739999999999,4.907960052037914,0.6940903669177378,-43.4797,4.868530892374039,0.6885142416827753,0.6733258560000001,0.02661584753857403,0.0037640492563105954,-33.67427414400001,0.13975765824662206,0.019764717573787696
SER  15,11.2053,0.04034612744740476,0.005705804062535319,-2.3028999999999997,0.05768474668404666,0.00815785511026352,-19.31054,0.26850163574933744,0.03797186547960737,-3.9605400000000004,0.30244590987480113,0.042772310762921456,0.38065276799999986,0.006750747976741145,0.0009546999344870058,-13.988027232000006,0.03795582035149045,0.005367763591207453
GLU  16,15.953999999999999,0.01726035920690951,0.0024409834081842744,0.47491999999999995,0.016387605072126887,0.0023175573347815966,-34.26344,0.8369959416864466,0.1183691012384213,-48.46760000000001,0.8189186772804631,0.11581258998906667,1.3462221599999995,0.0033233525523248143,0.00046999302520449933,-64.95589783999999,0.02834358409208965,0.004008388102929549
SER  17,10.380739999999998,0.03002719434186534,0.004246486547827863,-1.1232999999999997,0.01883109131197746,0.002663118472768468,-7.13612,0.060086151482759885,0.008497465033772328,-10.68336,0.05638679277973706,0.007974296708782545,0.580267296,0.005172415143463462,0.0007314899646110005,-7.981772703999997,0.018821702317798006,0.0026617906684779057
GLY  18,5.228160000000002,0.020331610855412012,0.002875323981661571,-2.8050200000000003,0.049263978726821644,0.006966978685193081,-11.598400000000003,0.22135175626127895,0.03130386557598044,-0.51914,0.23823433925444104,0.033691423359662354,0.135415152,0.006093410256013504,0.0008617383425157611,-9.558984848,0.02994606047792649,0.004235012486752857
TYR  19,10.276200000000001,0.03933802231900895,0.005563236468047797,-9.461540000000001,0.05254910465451079,0.007431565649297229,-34.14304,0.3310666374009026,0.046819892866161214,1.0248799999999998,0.2874277397886304,0.0406484207811326,0.04250404799999999,0.004575865641132472,0.0006471251249286599,-32.26099595199999,0.12748372691081333,0.018028921557914013
GLY  20,6.677840000000001,0.048860765446258184,0.006909955716202901,-3.01642,0.026814988346075985,0.0037922120193897148,-16.311179999999997,0.11389674095441209,0.01610743157678247,2.4945399999999998,0.11618850373424118,0.016431535777280088,0.050295744,0.0019594110425488497,0.00027710256706361887,-10.104924256,0.04709791905191071,0.00666065158827623
PHE  21,9.66068,0.08786158204816402,0.012425504094407002,-9.070699999999999,0.05774919912886936,0.008166970062423158,-6.28038,0.280263939171622,0.0396353063820616,-3.5059400000000007,0.2565133454617824,0.03627646520817476,0.018361152000000002,0.00232231571137431,0.0003284250375137671,-9.177978848000002,0.07820956502627847,0.01106050275674635
ASN  22,17.95492,0.10095520590857276,0.014277222138807201,-7.1975,0.1632440197986113,0.023086190677549814,-92.16457999999997,1.5738741384248185,0.2225794152028648,-3.7395599999999996,1.1384469976243987,0.16100071840833552,0.27803577600000007,0.019259297150897994,0.002723675923257345,-84.868684224,0.5023795909356175,0.07104720309605977
VAL  23,10.779640000000004,0.08532801650041966,0.012067203818528872,-7.5210799999999995,0.06714099790755691,0.009495170983213059,-22.7363,0.6870733366970093,0.09716684311018464,-0.8932800000000002,0.1705370387921624,0.024117579314682266,0.0,0.0,0.0,-20.371019999999998,0.5764923760120311,0.08152833367609043
ARG  24,12.242179999999998,0.28252254352537826,0.039954721272973295,-8.487819999999997,0.27234057281286034,0.03851477316564045,-126.54285999999996,4.987041940910997,0.7052742348959775,-77.90271999999999,4.234135524709008,0.59879718839692,0.7698983039999996,0.016054230216095037,0.0022704110105061545,-199.92132169599998,0.6917079267488646,0.09782227312092197
GLY  25,6.36374,0.0879494877757291,0.012437935841620283,-4.04298,0.07445924791450677,0.010530127824479606,-18.703159999999993,0.10967011625925069,0.01550969658008664,0.8708000000000002,0.12050659732977143,0.017042206429919615,0.053977536,0.0029299558094798496,0.0004143583242920243,-15.457622463999996,0.3148566165421505,0.04452744973168143
GLN  26,19.60974,0.07518851242044743,0.010633261399965465,-7.4710399999999995,0.1673164618321101,0.023662120953125042,-78.61542,0.15353033446177355,0.02171246812315175,-5.178540000000001,0.12266885668333243,0.01734799608023702,0.3272230079999999,0.0077294813562604195,0.001093113736413347,-71.32803699200001,0.09384184292616596,0.013271240698426959
VAL  27,12.20804,0.030943147867564646,0.004376021937682603,-1.979959999999999,0.14390676981992304,0.020351490559663836,-21.593740000000004,0.17934668215424038,0.025363451026914348,-6.746000000000001,0.1758871228941983,0.024874195464375855,0.6619436640000003,0.01716125338533439,0.0024269677284861086,-17.449716336,0.15499935565740355,0.0219202190929791
SER  28,11.20002,0.028982401555616204,0.004098730535009552,-2.12124,0.07112821099958008,0.010059048066294131,-10.820879999999999,0.049411998543223395,0.006987911848378614,-6.7456,0.09724381728422944,0.013752352526028846,0.6758488799999998,0.008698908805513593,0.0012302114810604063,-7.811851119999999,0.08298032271830509,0.01173518977983233
GLU  29,14.513619999999996,0.09556294051608434,0.013514640653809981,-2.1908800000000004,0.08377986392921623,0.011848261982247005,-16.899919999999998,1.204919961491221,0.1704014151114952,-62.34798000000001,0.9067211145656375,0.12822972975087735,0.9445759199999999,0.028103224915359236,0.00397439618217225,-65.98058408,0.4573166916968076,0.06467434676972207
GLY  30,4.870160000000001,0.0605869160792674,0.00856828384216605,-2.04812,0.09536113254360781,0.013486100696642848,-9.923619999999998,0.2145261653040411,0.03033858124568674,-2.10008,0.2068376019973107,0.029251254195332515,0.22329417599999998,0.006346365876201301,0.000897511669390569,-8.978365824000003,0.06383918057192639,0.00902822349756033
GLY  31,5.353260000000001,0.028758866458760173,0.0040671178984455335,-1.70464,0.04567614694782973,0.006459582649056725,0.3723599999999998,0.04686480982571258,0.006627684965355861,-11.218420000000002,0.06559789325879967,0.00927694303096971,0.4000393440000001,0.005971916723731474,0.0008445565624063749,-6.797400655999999,0.020760041138979116,0.0029359131734167663
GLN  32,18.537340000000004,0.018089344926840157,0.002558219692998229,-1.9725799999999993,0.027180941852735358,0.0038439656606212825,-67.36323999999999,0.0792205932904118,0.011203483745054338,-14.536059999999999,0.0916409100780115,0.012959981790053712,1.1502100799999995,0.006678870425311133,0.0009445349136807565,-64.18432992,0.010666618123021982,0.0015084876014232335
LEU  33,11.904739999999999,0.013621762002049459,0.0019264080566716827,-3.1897200000000003,0.014259088329932085,0.002016539610326588,-23.026839999999993,0.02054785634773283,0.0029059057124657854,-0.6544999999999999,0.019850692683133282,0.002807311881498745,0.7826438880000002,0.0038907790627399916,0.0005502392518724176,-14.183676112000002,0.0148208267635424,0.0020959814214583806
ARG  34,11.151900000000003,0.02349148781811035,0.0033221980672694003,-3.879060000000001,0.025332516653406082,0.003582558862028917,-134.49301999999997,0.5985806709294531,0.08465209030028192,-72.71178,0.5955544405006178,0.0842241166887494,1.217841552,0.009285880458819845,0.0013132218083438322,-198.71411844800005,0.06264355061725722,0.008859135887813063
SER  35,10.446580000000004,0.023554269250809844,0.003331076702628284,-3.339339999999999,0.012997861362971545,0.00183817518213596,-12.763260000000002,0.026660690161736784,0.0037703909608955105,-7.460559999999999,0.0409659175415671,0.005793455618234207,0.5865734880000001,0.0059383337665835974,0.0008398072150600629,-12.530006512,0.02231732703622034,0.003156146657053855
ILE  36,12.88894,0.07123999157772982,0.010074856227257059,-4.44766,0.06105918767889688,0.008635073132298015,-6.622680000000002,0.32636565015326513,0.04615507287394603,-4.43562,0.1939396700007384,0.02742721115972067,0.21801456000000002,0.004509047008135445,0.0006376755432282974,-2.399005440000001,0.14105575127344697,0.019948295650163466
ASN  37,19.759999999999994,0.007059745064243782,0.0009983987216750075,-3.105900000000001,0.04980010040140668,0.0070427977395211136,-82.13466,0.40347468867365305,0.057059937679654234,-16.97282,0.4062175619050164,0.05744783853202065,0.6566398559999997,0.008346590985187832,0.0011803862170833644,-81.796740144,0.052426192090325646,0.007414183187771561
GLY  38,5.992300000000001,0.05777482150563354,0.008170593613695171,-1.0930600000000004,0.05837856113334256,0.00825597529065999,-8.34654,0.2892541588292335,0.04090671543891233,-6.947480000000002,0.21115655234909858,0.029862046011603964,0.539473248,0.002928607893876545,0.0004141677002393116,-9.855306751999999,0.19188397716091846,0.02713649229030601
GLU  39,14.655500000000002,0.06573469403542119,0.009296289582333844,-2.14108,0.449427628879219,0.06355866480661736,2.8787999999999996,4.006201562577701,0.566562458339767,-81.80213999999997,3.440381740505965,0.48654345171642893,0.718178544,0.071443465733571,0.010103631818335358,-65.69074145600001,0.25154163978756217,0.03557335984891381
LEU  40,11.22304,0.05494614090206595,0.007770557766376471,-3.05066,0.08725195929033314,0.012339290417201429,-19.53076,0.30947236128600375,0.043766001051029284,-11.124580000000003,0.22767925597185681,0.03219870916664154,0.9314082720000001,0.010026704056152625,0.0014179900862112365,-21.551551728,0.06674859450611406,0.009439676761988876
TYR  41,10.249399999999998,0.5917422749813331,0.08368499507081106,-7.278519999999999,0.30185176759464166,0.04268828635586337,-39.37008,3.6875108452178598,0.5214927848704972,3.11708,2.064149130658925,0.29191476953384854,0.15986030400000004,0.011130783518314109,0.0015741305011438727,-33.12225969600001,0.7446211481378778,0.10530533265264123
ALA  42,10.460559999999997,0.04843682896367119,0.006850002043876974,-4.044779999999999,0.023090508872865397,0.0032654910810102533,7.325240000000001,0.10570668096197108,0.014949182184986535,-1.9778400000000003,0.05892719575883835,0.008333563943476351,0.10857211199999998,0.0021835558171608414,0.0003088014250827528,11.871752112,0.03831588145585366,0.0054186839209148015
PRO  43,19.351399999999998,0.09397723128497253,0.013290387503748127,-6.415680000000001,0.037643294223323416,0.005323565722302475,1.6434400000000002,0.054481615247718974,0.007704863918331698,-9.0661,0.0407073703399619,0.0057568915223318385,0.13404268799999997,0.007135254048473951,0.0010090773046329395,5.647102688000001,0.06062063245921501,0.008573052058345652
LEU  44,11.860019999999997,0.03328332315275103,0.004706972700346695,-8.13404,0.030364426554812814,0.004294178384749803,-36.85498000000001,0.17439982683154123,0.02466386003806848,3.1290999999999998,0.15606309621432585,0.022070654725223682,0.05216270399999999,0.002560389524815257,0.00036209375909517405,-29.947737295999993,0.06685261926193405,0.009454388084039193
GLN  45,20.483900000000002,0.14127989949005557,0.01997999499495443,-8.32988,0.09533155616059177,0.013481917964444127,-81.84944,0.3862895370056484,0.05462959022362115,1.1522399999999997,0.12819010258206515,0.018128818163355483,0.0009192960000000007,0.00018765051021512816,2.6537789653246525e-05,-68.542260704,0.21170745558416013,0.02993995549426189
HIE  46,29.607240000000004,0.06963836873218165,0.009848352552258978,-10.156099999999997,0.1538983105822846,0.021764507805177368,-12.582519999999997,0.6560707352108472,0.09278241316112679,-11.790480000000002,0.45284431055270197,0.06404185656271248,0.2923027199999999,0.030277095407532983,0.004281827895459729,-4.629557279999999,0.13553092116829027,0.01916696668371149
VAL  47,11.418439999999999,0.038644616701629074,0.005465174105215366,-7.1479800000000004,0.07005012205565105,0.009906583265699237,-35.433119999999995,0.3466913116881782,0.04902955549463395,2.79216,0.26850179589716244,0.037971888127929974,0.0,0.0,0.0,-28.37050000000001,0.12412352717948737,0.01755371755468165
SER  48,12.69756,0.06809703664576203,0.009630375278185431,-4.02876,0.1743603808208528,0.02465828152973877,-20.931780000000007,1.2657494900649513,0.1790040095416683,-1.4420399999999998,0.5035180219217578,0.07120820155010232,0.14752339199999998,0.005935366587359978,0.0008393875925500594,-13.557496608,0.5518810030217243,0.07804775992893895
ALA  49,6.636239999999999,0.01498473890394308,0.002119162098657605,-3.35314,0.02041275091707469,0.002886798919227086,0.24156,0.07967061189673377,0.011267125986692415,-3.8452,0.06999114229671972,0.009898242268200621,0.280092384,0.0040208647483547045,0.0005686361459591104,-0.04044761600000017,0.04932171229838373,0.006975143445183815
VAL  50,10.8648,0.02350999787328207,0.003324815784375812,-5.694879999999997,0.030452349663696584,0.004306612590052747,-26.46706,0.052482534236188934,0.007422151170452867,-0.48204,0.054047001766980296,0.007643400290446616,0.16038100800000002,0.003230261527728,0.0004568279662524971,-21.618798992000002,0.016688050587712756,0.0023600467470711677
LEU  51,14.673259999999997,0.009886981344610442,0.0013982303108477866,-2.3964600000000003,0.01758091010158119,0.0024863161504518265,-22.848659999999995,0.033334432654974204,0.0047142006754677095,-1.6572999999999993,0.03894316371331351,0.0055073950285083745,0.659448432,0.003122257534913701,0.0004415538951096543,-11.569711568,0.01890943019555582,0.0026741972639302367
PRO  52,18.12998,0.006610567309647334,0.0009348753944283483,-2.14526,0.004790866309801211,0.0006775308110837214,-6.71188,0.030100259134904883,0.004256819469952713,-3.8568800000000003,0.03093259769230681,0.004374529917589099,0.9253631520000002,0.002031016558134447,0.00028722911619180586,6.341323152000001,0.006709735046799942,0.0009488998303114551
GLY  53,5.298439999999999,0.009873520142890224,0.0013963266094439294,-1.2357,0.009822932352386458,0.001389172415501838,-19.973980000000005,0.03372387284705694,0.004769275835605369,2.9420600000000006,0.019087598067776906,0.002699394006057658,0.304535088,0.001529850205556444,0.00021635349090971904,-12.664644911999998,0.013590088201355299,0.0019219287048203245
GLY  54,4.33794,0.005467760053669438,0.0007732580423701161,-2.1434200000000003,0.019547981993003394,0.0027645021251530445,-11.128180000000002,0.050891134787871765,0.007197093302156547,-2.287899999999999,0.048356695503324616,0.006838669461234773,0.071640576,0.004884777975816811,0.0006908119262581528,-11.149919424,0.012121782253844178,0.0017142788863519938
ALA  55,9.35536,0.020713049028138083,0.002929267485369173,-4.5709800000000005,0.04275908792287136,0.006047048205522828,-5.402260000000001,0.0498813833006598,0.00705429287737239,-1.2335399999999999,0.05267455173041122,0.007449306544907073,0.11148494399999999,0.012081615317368285,0.0017085984237196752,-1.7399350559999995,0.03615474604583468,0.005113053220217443
ALA  56,9.418599999999998,0.013353651187822314,0.0018884914617017907,-6.219659999999999,0.042266114086846426,0.005977331177042674,-8.050459999999998,0.03738139109263568,0.005286527026357818,-0.4393800000000001,0.03926723315946628,0.005553225369098373,0.0,0.0,0.0,-5.2909000000000015,0.04652021066138115,0.006578951284177867
ASP  57,17.10426,0.0110450169739232,0.001562001280116323,-5.317840000000001,0.016275576794390793,0.002301714143807228,-36.28934,0.33715145617303827,0.04768041618937489,-41.29554000000001,0.33596447490650494,0.04751255168883346,0.4609872,0.0016217974029221107,0.0002293567882633912,-65.33747280000001,0.011050929434433558,0.0015628374283003974
ARG  58,13.713040000000003,0.02745684613908271,0.003882984418988212,-3.2626000000000004,0.012873228033335675,0.0018205493676264836,-166.46582,0.46246153093437387,0.06540193691232161,-44.81832000000002,0.4545220980302774,0.06427913154326917,1.5783912,0.0063416687731537484,0.0008968473987071978,-199.25530880000002,0.026808654285235694,0.003791316247915191
ALA  59,7.497939999999999,0.014234338762652742,0.0020130394929556567,-3.4001799999999998,0.009613927397655089,0.0013596146513434103,-9.15096,0.02931481536709257,0.004145740947060553,-3.1603999999999997,0.02929095423510359,0.004142366473413314,0.254361312,0.0020507480610355952,0.0002900195720926866,-7.959238687999999,0.02926990164023448,0.00413938918689461
GLY  60,6.453000000000002,0.02605455814219192,0.003684670948632616,-2.1643600000000003,0.017691534698791603,0.002501960831022529,-15.059500000000003,0.06840153507006494,0.009673437858322472,1.7013399999999999,0.04599026418711851,0.0065040055350544645,0.21516451199999995,0.0032952876308246404,0.0004660240459432511,-8.854355488000001,0.026530110233827175,0.0037519241703931634
VAL  61,11.067479999999994,0.02742862738304951,0.003878993684238667,-5.55814,0.05314772243477031,0.007516222987649299,-20.357460000000007,0.03682401933243956,0.005207702756102507,-2.04922,0.07360904563977826,0.010409891065711455,0.023073839999999998,0.0013548580749289353,0.0001916058664655203,-16.874266159999998,0.02216821823427215,0.003135059488055422
ARG  62,11.219600000000003,0.010199999995650251,0.0014424978330054095,-5.011479999999999,0.05996740447950972,0.008480671671523573,-140.34209999999993,0.3472985603428081,0.04911543342294499,-58.545420000000014,0.3470640338567849,0.049082266369218024,1.2994807680000005,0.004997133877776294,0.0007067014502945291,-191.37991923200008,0.028910093524173428,0.004088504635136065
LYS  63,8.95802,0.010245955300035437,0.0014489968944778608,-3.620999999999999,0.021797247532840784,0.003082596308334692,39.61432,0.7225506886024409,0.10218409833235907,-78.61564,0.6903683005459649,0.09763282136645685,1.172046672,0.004100067373057256,0.0005798370885621,-32.492253328000004,0.04000930065991887,0.005658169561432008
GLY  64,6.294979999999999,0.007690227566132831,0.0010875624121760488,-2.78294,0.027026956913429167,0.003822188901664481,-15.001879999999996,0.18444301450611952,0.02608418125995317,-3.36732,0.12154035379247549,0.017188401670894308,0.15715584000000002,0.002717712652360656,0.0003843426091601396,-14.70000416,0.038569617354110186,0.005454567595772331
ASP  65,14.609279999999995,0.04710840264916047,0.006662134192817537,-6.655339999999998,0.027391684869948335,0.0038737692239330843,-69.76953999999999,0.7178845090971736,0.10152420089827745,-2.921639999999999,0.6791027539334582,0.09603963248576153,0.010651680000000007,0.00033263999999989834,4.704239993876426e-05,-64.72658831999996,0.04542271328859538,0.006423741717251619
ARG  66,14.021019999999996,0.07935779482891307,0.011222886972707033,-9.071139999999996,0.049223169342078786,0.006961207366655535,-156.9442,1.098287721861508,0.1553213391644394,-46.83288,1.0301878593732285,0.14569056425177265,0.610344,0.007247387815197953,0.0010249354140030459,-198.21685599999998,0.10625265921178825,0.01502639516955175
ILE  67,13.06692,0.013287347365044376,0.0018791146851608164,-8.467560000000002,0.05546680448634256,0.007844190716608248,-12.69916,0.03941946727248897,0.005574754523827626,-0.69596,0.03897946125846326,0.0055125282765715366,0.0,0.0,0.0,-8.79576,0.04920510542641102,0.006958652743202843
LEU  68,13.214739999999997,0.021415704520870313,0.00302863797811896,-7.5299200000000015,0.04135206887192011,0.005848065663085571,-34.14462000000001,0.09200062825481838,0.013010853622480952,-1.6769399999999992,0.08169465343584054,0.011553368686233545,0.122777568,0.004790530084966598,0.0006774832617116098,-30.013962431999992,0.035883721926367095,0.005074724621669315
GLU  69,15.475219999999997,0.01838835501272805,0.0026005061048731295,-6.149359999999998,0.022494230372010444,0.003181164566724196,-6.104099999999999,0.4885586658734236,0.0690926291293101,-74.79482000000002,0.5035720282105457,0.07121583919270805,0.398014848,0.002742441480017365,0.00038783979350551006,-71.17504515200001,0.0262191190594359,0.0037079433767329157
VAL  70,10.86032,0.011147089307118824,0.0015764364879111547,-6.368839999999999,0.03583314666647062,0.0050675721998227,-26.53622,0.07510720071822401,0.010621762188759066,-1.84978,0.06260648209250474,0.008853893606768852,0.0,0.0,0.0,-23.894519999999996,0.026292386735335616,0.003718304990827009
ASN  71,18.276880000000006,0.03095457316661335,0.004377637718969488,-4.1674799999999985,0.03977197002934736,0.00562460594177993,-89.75562,0.09543917226850536,0.013497137180378246,-8.167260000000002,0.09084664220541387,0.012847655350295232,0.34709112000000003,0.005836862017763381,0.0008254569427221363,-83.46638888000003,0.06499856747161631,0.009192185565318247
GLY  72,6.169440000000001,0.013050915676250316,0.0018456781950740829,-1.1920000000000002,0.012726350615912181,0.0017997777640538198,-5.346760000000001,0.026766815275432492,0.003785399318405196,-6.359520000000001,0.02462619743280186,0.0034826702399145884,0.5135077440000001,0.005242720279392647,0.0007414326122845543,-6.215332255999999,0.023330628578556452,0.003299449135448386
VAL  73,10.735300000000002,0.01147736903555633,0.0016231450950444772,-2.3498200000000002,0.018136912636937605,0.0025649467830733135,-30.304559999999995,0.06005136468251004,0.008492545437301838,-0.30164,0.051358644841934635,0.007263209208056696,0.5117827679999999,0.0021675159206490284,0.0003065330411641461,-21.708937231999997,0.016180660045054845,0.0022882908883865016
ASN  74,20.468739999999997,0.009717633458457303,0.0013742809031120882,-4.3877799999999985,0.03709031679576892,0.0052453629045291,-92.33062,0.14454451079584904,0.020441680753407396,-5.471360000000001,0.14761961387292877,0.020876566001137534,0.5912386560000003,0.004847417576723107,0.0006855283679487541,-81.12978134400001,0.03453663530776989,0.004884217805098167
VAL  75,13.457520000000002,0.041479749275614035,0.005866122398940893,-6.289200000000002,0.041564889028724294,0.005878162978295456,-34.35992,0.0428624964256662,0.006061672376234544,1.9354,0.0508291255089214,0.007188323865828089,0.024517008000000003,0.0015251727964844157,0.0002156920053750761,-25.23168299200001,0.04328627157366818,0.006121603232404651
GLU  76,15.306299999999998,0.024901606374706398,0.0035216189459986104,-5.914599999999999,0.06967495963401484,0.009853527287222172,5.720120000000001,0.6855666456297238,0.09695376481601849,-85.23158000000001,0.6833965493013981,0.09664686685010107,0.5062512959999999,0.004971100341822828,0.0007030197523323372,-69.613508704,0.09973535806272074,0.014104709602043648
GLY  77,6.12468,0.013472104513049036,0.0019052432916061728,-3.7309400000000013,0.03071768871494963,0.004344137198543673,-12.388619999999998,0.13400371487399415,0.018950987098317978,-2.50726,0.11545541303897126,0.016327861096910062,0.045720576000000006,0.005523647203308941,0.0007811616788683722,-12.456419423999996,0.042539380434442546,0.006015976874533733
ALA  78,7.124100000000001,0.03018095425903392,0.0042682314838487796,-4.5466,0.07563702796909651,0.01069669107714894,-12.821340000000005,0.250248005786,0.03539041237393819,2.9467399999999997,0.1878968663921894,0.026572629677923964,0.06889089599999997,0.0015078530720164956,0.00021324262645116632,-7.228209104000001,0.05726987543262009,0.008099183455222906
THR  79,15.273260000000004,0.16977559424117522,0.024009894793582152,-6.802779999999999,0.11157746905183037,0.01577943699883628,-31.433919999999993,0.2388646344690118,0.033780560563736836,-5.436579999999999,0.29119203903955443,0.04118077308648136,0.10833854400000002,0.007385616460449296,0.0010444838964853368,-28.291681455999996,0.20757384874011484,0.029355375208225176
HIE  80,30.954360000000005,0.18932530311489904,0.02677464113654874,-11.525339999999996,0.266243468276907,0.037652512373045274,-9.146520000000002,3.6816557483827803,0.5206647491351795,-7.146859999999996,2.099905588449169,0.296971496288787,0.05513947199999997,0.022699851052401628,0.003210243722215556,3.190779472000001,1.5466584723492236,0.21873053879555246
LYS  81,11.61794,0.020676953353833284,0.0029241627861546883,-3.4771000000000005,0.037378202203874805,0.005286076049384366,-4.19668,1.576550099933395,0.22295785330864654,-37.44484,1.5082405956610312,0.21329743057055056,1.0911823200000001,0.012046970224489433,0.0017036988676977804,-32.40949768,0.11697980396045178,0.01654344252846168
GLN  82,20.6899,0.11700209399831356,0.016546594815846673,-6.217579999999999,0.1401083994627815,0.019814319872265285,-78.87894000000001,1.394647430858043,0.19723293114482376,-8.507179999999998,0.7894072127869224,0.11163903865584093,0.5610290400000001,0.029934983651906322,0.00423344598699428,-72.35277096,0.7362050379722432,0.10411511493877458
VAL  83,13.140120000000001,0.05550698694768875,0.007849873374788778,-7.556719999999997,0.11237651712010997,0.015892439460351182,-26.005039999999997,0.18347195535071964,0.025946852757209864,-2.1765000000000003,0.09124960273885135,0.01290464257544407,0.0,0.0,0.0,-22.598140000000004,0.24348733108679874,0.034434308588897886
VAL  84,13.128620000000003,0.11104177412085839,0.01570367829516877,-5.793660000000001,0.3769936662597925,0.053314955575335485,-33.38194,0.4488052321436379,0.0634706446161538,-0.8858600000000003,0.2552583796861517,0.036098986246153666,0.117041904,0.036263507782899114,0.005128434452579821,-26.815798095999995,0.20098811963843044,0.028424012466853454
ASP  85,14.3626,0.036825534618910034,0.00520791704997025,-4.265399999999999,0.15947651864776743,0.022553385555171848,-52.491859999999996,2.432549263715053,0.34401441598865146,-29.214340000000004,2.5759459824305533,0.3642937744293775,0.5237059679999999,0.012578312413577483,0.0017788420007047135,-71.08529403200001,0.062709437036845,0.008868453634628787
LEU  86,12.543019999999999,0.04385680790926289,0.00620228925476712,-6.037600000000001,0.10711489158836872,0.01514833324163948,-31.349080000000008,0.0949610109423679,0.013429514957135657,-1.5526799999999996,0.16370161147649404,0.023150903913238895,0.34046899199999997,0.010821656695420965,0.0015304133666009937,-26.055871008000004,0.0792929340602589,0.011213714274837366
ILE  87,14.433420000000002,0.04312729530021982,0.00609912059220403,-7.686700000000002,0.1390879218335203,0.019670002541925333,-9.534460000000001,0.6169164030887606,0.08724515440985524,-0.6671800000000002,0.38137958466598554,0.05393521810468548,2.376e-05,0.00016632000000000002,2.3521199969389318e-05,-3.4548962400000005,0.21307407092543684,0.030133224089279955
ARG  88,13.649320000000003,0.5718317039128907,0.0808692151068526,-4.175840000000001,0.3186344212416372,0.04506171199588251,-157.42388,2.605106213880649,0.36841765390924386,-50.72934,2.1725633671770654,0.3072468578976764,1.2240217439999999,0.05016064027322147,0.007093785777170788,-197.45571825600007,0.8584158188165586,0.12139832931259827
ALA  89,8.42332,0.1588861781276059,0.022469898798168766,-1.8533200000000003,0.314742144620002,0.04451126095720009,-6.087040000000001,1.1918650588048978,0.1685551730680493,-6.287799999999999,0.8524493885269809,0.12055454864915083,0.3874622399999999,0.013560097248502979,0.0019176873435931,-5.417377759999999,0.21768186548401208,0.03078486464501656
GLY  90,6.37932,0.9877086906573203,0.13968310260013542,-0.5721799999999999,0.11624795740141028,0.016439943795524423,-10.001640000000002,5.89810425394465,0.8341179028218969,-4.93752,4.7357120150617265,0.6697308159193512,0.5143160159999999,0.05700726554980025,0.008062044809433202,-8.617703984,0.4355610709764078,0.06159763738165861
GLU  91,15.045580000000003,0.544043861834572,0.07693942079322859,-1.30866,0.20213516369004123,0.028586228992296188,-0.9077,2.819019036828237,0.39866949544704317,-73.41786,2.071787402316683,0.2929949842709977,0.8959131359999999,0.0638391964009776,0.00902822573612622,-59.69272686400001,1.0366778371403242,0.14660838570954532
LYS  92,10.822379999999999,0.1256768697892903,0.017773393373261184,-2.921160000000001,0.17107102150859654,0.024193095874647668,15.205100000000005,1.1138937875757564,0.157528370143277,-57.89942000000002,1.196283446177581,0.16918002740267596,1.2709311839999997,0.02075469698525514,0.002935157395949181,-33.52216881600001,0.19959512792481215,0.02822701368948622
GLU  93,15.109719999999996,0.08417601558712785,0.011904286286984525,-4.14296,0.03818479278445532,0.005400145183218301,-30.154559999999996,1.375424445907636,0.19451439054220782,-53.04267999999999,1.3695113791427957,0.19367815662080234,0.5314184640000003,0.021627391622635272,0.003058575055148506,-71.69906153600003,0.0766415780345124,0.010838755909808331
LEU  94,12.865860000000003,0.06112839274846078,0.008644860207094238,-8.281799999999999,0.04052011846012313,0.005730410107527054,-32.315680000000015,0.05686560998880176,0.008042011687878239,0.28703999999999996,0.05357199268274471,0.007576223861528977,0.0,0.0,0.0,-27.444580000000002,0.06385924835002031,0.009031061509955042
ILE  95,13.11628,0.06932186956482422,0.00980359281076331,-5.061560000000001,0.05145994947530021,0.007277535846700379,-12.50578,0.06923157949943169,0.009790823867260743,-0.9649599999999998,0.04367331450669088,0.006176339368914788,0.3663715680000001,0.0034558006172412453,0.0004887240101759881,-5.049648432000001,0.07531556224722222,0.010651228958777672
LEU  96,11.551539999999997,0.027645766403460937,0.003909701778997292,-8.249699999999999,0.02145064101657019,0.0030335787447230153,-35.03849999999999,0.03732626421290964,0.005278730908261831,0.6388400000000002,0.04590614773643886,0.0064921096725174795,0.0,0.0,0.0,-31.09781999999999,0.031558637493915846,0.004463065315391185
THR  97,16.265219999999996,0.014618194148109847,0.0020673248421659955,-5.301319999999999,0.013643225425359859,0.001929443443105735,-45.007340000000006,0.08549189668996159,0.012090379977194319,2.296719999999999,0.08145576468244488,0.01151958471473849,0.134364816,0.001645552267579175,0.00023271623344042695,-31.612355184,0.01837919676276062,0.002599210932741975
VAL  98,11.908479999999999,0.011763060825941654,0.0016635480155066348,-6.651919999999998,0.013202787585206039,0.0018671561264129504,-27.197119999999998,0.05482358616660488,0.007753225909474262,-1.2636600000000002,0.060684301100031174,0.008582056163879661,9.576000000000002e-05,0.00028728,4.062752721985427e-05,-23.204124240000002,0.011635015087477966,0.001645439613512692
LEU  99,11.57176,0.01681018738880531,0.0023773194991281634,-8.709540000000002,0.03121423393178786,0.004414359296542085,-33.813379999999995,0.16706871520447833,0.023627084289042137,0.2408600000000001,0.13547368895840975,0.01915887282696973,0.0,0.0,0.0,-30.710300000000007,0.05559829133813806,0.007862785765516541
SER 100,12.008,0.01277967135889132,0.0018073184558415106,-4.892159999999999,0.00981297100846163,0.0013877636687340423,0.01562,0.14418861120074636,0.020391348949983665,-10.946299999999999,0.1312500285713377,0.018561557046744198,0.26407195199999994,0.0013708630662977934,0.00019386931405147067,-3.550768048,0.02924265023743065,0.0041355352565507235
VAL 101,7.883460000000001,0.005650522099013794,0.0007991044986914197,-2.0684199999999997,0.010448138590300513,0.0014775899295956694,-62.092960000000005,0.6358346627854433,0.08992060035380973,-48.461400000000005,0.617225339725117,0.08728884464796015,1.0210426560000003,0.0020505520311880025,0.0002899918492857771,-103.71827734399999,0.018392880474696192,0.0026011461018422646
THR 102,8.537379999999999,0.02843089165044912,0.004020735256242513,-1.4443800000000004,0.05019876094086367,0.007099176853689418,-58.46656,0.8386470809580963,0.11860260759355468,-87.60929999999999,0.8650821984075046,0.12234109775554255,1.0747478879999999,0.0061799259190734104,0.000873973504921463,-137.90811211199997,0.07865795496399931,0.011123914669861994
ASN 103,18.746039999999994,0.055857303911945,0.007899415674986835,-3.4678199999999997,0.265840530393697,0.03759552835112232,-87.77408,1.7567920063572087,0.2484479081659005,-8.7871,1.4541011415991605,0.2056409555511733,0.577773792,0.025201476070325364,0.003564026925047514,-80.705186208,0.5799181539608371,0.08201281183977845
ASP 104,17.769020000000005,0.641593063865235,0.09073496124427226,-3.8442000000000025,0.3018011928405508,0.042681134005548474,-78.29230000000001,4.279084702363281,0.6051539620625391,-6.233719999999998,3.359111210067331,0.4750500630796718,0.42378264,0.025477514775503286,0.0036030646931077665,-70.17741736,1.0422986125430886,0.14740328339010958
SER 105,12.731200000000001,0.8676121944739794,0.1226988932305385,-4.3248799999999985,0.31146092146529775,0.04404722592854455,-3.494300000000001,2.6733636583899303,0.3780707142850393,-5.2072199999999995,1.5934397546189196,0.22534641118065327,0.244229472,0.008457093588108701,0.0011960136450561867,-0.05097052799999999,0.12406360735025407,0.01754524361116597
PRO 106,19.00378,0.3801883896176739,0.05376675768541009,-3.91376,0.1396655376247089,0.01975168975049931,0.59886,0.8412433657390709,0.11896977770845839,-1.7056999999999995,0.5074886107096404,0.07176972760154533,0.7531721280000002,0.007881935934941912,0.0011146740696950713,14.736352128,0.5057699338988253,0.07152666999602625
LEU 107,8.810759999999998,0.1195445624025635,0.016906154145766208,-7.182500000000001,0.13522074544974239,0.019123101212922565,-69.31551999999999,2.1541984610526126,0.30464966796638543,-32.757099999999994,2.2585817961721486,0.31941170078756376,0.14716900800000002,0.02729870777603826,0.0038606202772133178,-100.297190992,0.11633869662559167,0.016452776259672074


