#Frame       SA_00001
       1   10913.7381
       2   10788.7755
       3   11051.6058
       4   11069.4824
       5   11223.6557
       6   11208.5929
       7   11007.5874
       8   10851.5565
       9   10890.9922
      10   11160.4044
      11   11182.9816
      12   11061.2538
      13   11069.8221
      14   11121.6310
      15   11204.4990
      16   10982.6938
      17   11218.0692
      18   11292.8530
      19   11042.2998
      20   11115.1727
      21   11118.8312
      22   10785.1597
      23   11033.4650
      24   11148.9224
      25   10977.0761
      26   11171.9783
      27   10873.1025
      28   11139.2690
      29   11227.9379
      30   10895.6616
      31   11090.1202
      32   10910.1390
      33   11063.4175
      34   11193.4996
      35   11154.0204
      36   11076.6519
      37   11292.2967
      38   10995.3059
      39   11045.3820
      40   11164.6142
      41   11082.6473
      42   11207.4361
      43   11057.2693
      44   11039.5505
      45   11134.5746
      46   11145.2696
      47   11249.6378
      48   11111.4630
      49   11353.2259
      50   10870.0360
