| Run on Mon Jun 20 15:50:15 2016
| GB non-polar solvation energies calculated with gbsa=2
idecomp = 2: Per-residue decomp adding 1-4 interactions to EEL and VDW.
Energy Decomposition Analysis (All units kcal/mol): Generalized Born Solvent

Total Energy Decomposition:
Residue,Internal,,,van der Waals,,,Electrostatic,,,Polar Solvation,,,Non-Polar Solv.,,,TOTAL,,
,Avg.,Std. Dev.,Std. Err. of Mean,Avg.,Std. Dev.,Std. Err. of Mean,Avg.,Std. Dev.,Std. Err. of Mean,Avg.,Std. Dev.,Std. Err. of Mean,Avg.,Std. Dev.,Std. Err. of Mean,Avg.,Std. Dev.,Std. Err. of Mean
GLY   1,0.9793199999999997,0.0013481839641027859,0.00019066200466080817,0.09462000000000001,0.020463518759001327,0.0028939785762855923,-19.871520000000004,0.7968584627147206,0.11269280452629331,-95.41030000000002,0.7900094746232351,0.11172421134154226,0.9919056959999999,0.015139156009783845,0.0021409999751918463,-113.21597430400001,0.02745658043571379,0.0038829468428574223
SER   2,9.896,0.02690873464080507,0.0038054697475325243,-1.7558200000000006,0.051578557560275656,0.007294309562938316,-3.3529800000000005,0.18418474312493638,0.02604765617094897,-7.8892999999999995,0.16467474001795934,0.023288525071366153,0.504419472,0.007487502187918972,0.0010588927142453233,-2.5976805279999997,0.07219240895976138,0.01020954838512795
LEU   3,11.18146,0.039345246218888776,0.005564258081766124,-0.9953400000000001,0.03815683949176038,0.005396191990654085,-29.90228,0.08042711980366699,0.011374112360895158,-1.3528200000000006,0.06139696735180287,0.008682842391749775,0.9779011199999998,0.00723875811319666,0.0010237149898420991,-20.09107888,0.02533872305890984,0.003583436580312617
GLN   4,18.40548,0.04960251606597959,0.007014855094833767,-2.5926400000000003,0.07458921101606382,0.010548507382562612,-65.88274,0.06932526525666943,0.009804073034109424,-12.394499999999999,0.06700395510714827,0.009475790204516709,0.9744518879999999,0.010635283385261422,0.0015040562003117946,-61.48994811200002,0.04108002853301649,0.005809593349406564
ARG   5,12.411800000000003,0.032066181561350854,0.004534842885758044,-4.298420000000001,0.055484444666880885,0.00784668541486425,-123.83548000000002,0.7163527689599657,0.10130758013067037,-75.32349999999998,0.6991320976783134,0.09887220944270222,1.2025912320000003,0.012735775202976847,0.0018011106019384813,-189.84300876799998,0.036163889301177185,0.005114346271788405
ARG   6,14.225419999999996,0.7382920313805661,0.10441026037703792,-4.9293000000000005,0.2569422697805932,0.036337124267064154,-158.00586000000004,0.9655944492308549,0.1365556765854454,-46.73624000000001,0.8774354804771023,0.12408811565980711,0.34697721600000003,0.010322222443783063,0.001459782697382996,-195.099002784,1.174904598764055,0.1661566018066646
ARG   7,11.5381,0.03967883566862413,0.005611434754174156,-3.6771800000000003,0.04705005419750995,0.006653882475650773,-131.34095999999997,0.8255773000801027,0.11675426145606436,-74.96594,0.8270722679427969,0.11696568183873778,1.3922372159999998,0.010426475304285029,0.001474526278306803,-197.05374278399995,0.03690693364801698,0.0052194286110629545
VAL   8,11.1475,0.02525014851375252,0.003570910248008366,-4.6586799999999995,0.1079582215489065,0.015267598108414288,-34.83994,0.14662706571472653,0.02073619849447373,-0.3610400000000001,0.08085690075683052,0.01143489256617651,0.12266337600000002,0.005073363418740819,0.0007174819353630798,-28.589496623999995,0.12308254024343043,0.017406499770359157
THR   9,15.692979999999999,0.23757588177291503,0.03359830340960034,-4.501079999999999,0.17758342715470377,0.025114089113487663,-29.713379999999994,0.23649717884251842,0.033445751778206495,-7.631519999999998,0.15831566441769557,0.022389215975561268,0.49160246399999996,0.019158674246135394,0.0027094456955972807,-25.661397536,0.0669464042267689,0.009467651280960807
VAL  10,11.40734,0.08833857820925425,0.012492961538428372,-5.5746400000000005,0.2132995789962906,0.03016511574650255,-22.790460000000007,0.13453463643189328,0.019026070745091696,0.5643000000000002,0.1579563547312985,0.02233840191240179,0.002188224,0.002912054162309485,0.0004118266490703096,-16.391271776000004,0.0881557367017777,0.012467103844464564
ARG  11,12.370080000000003,0.26624228364389263,0.03765234484063774,-3.8294199999999994,0.22240989995952368,0.03145350969288017,-143.21791999999996,1.159424388918723,0.1639673695354996,-55.47452000000001,1.2032266825492632,0.17016194930703546,1.176819984,0.02873340776614678,0.004063517495608119,-188.97496001600004,0.25975655087463545,0.03673512371621663
LYS  12,11.567839999999997,0.34647766796731094,0.04899934170987732,-7.414739999999998,0.38292050402143574,0.054153137009785565,5.438739999999999,4.192783604289637,0.5929491437281953,-43.68906,4.219100086084769,0.5966708562750572,0.23638334399999997,0.040892706260066566,0.00578310197951253,-33.860836656000004,0.36672000942493044,0.05186204109223259
ALA  13,7.601400000000002,0.2548076137009716,0.03603523830918385,-1.7966999999999993,0.11184708310904708,0.015817566184468508,-9.96814,0.5542004334173544,0.078375776921187,-2.24068,0.32694595516690744,0.04623714039600664,0.458137296,0.013732519565480395,0.0019420715415056256,-5.945982704,0.6260528191683586,0.08853723876298035
ASP  14,12.974019999999998,0.5960778301531194,0.08429813516324677,-1.4775600000000002,0.13986552970621371,0.019779972901902445,-54.478619999999985,5.342894466073722,0.7555993816249614,-26.18596,5.346546339311003,0.7561158344909844,0.8772209279999998,0.0631077137828818,0.008924778472211093,-68.29089907200002,0.4290322105018741,0.0606743170786659
ALA  15,7.356139999999999,0.09941710315649653,0.014059701561576243,-1.2963399999999996,0.2799499676727991,0.039590904106878204,0.5418200000000001,0.45755265008521134,0.0647077163250257,-6.299299999999999,0.5405379265139747,0.07644360666530944,0.595542096,0.0397056567307436,0.005615227825154816,0.8978620960000001,0.20342648577552344,0.028768849512964274
GLY  16,6.05348,0.18107901479739352,0.025608439858763227,-2.87356,0.3246684561210074,0.045915053392106275,-9.019179999999999,1.1320146234037876,0.16009104332223079,-2.6879600000000003,0.9461112399712832,0.13380033470810146,0.116033616,0.03789918645686924,0.005359754349021121,-8.411186384,0.5049766864214009,0.07141448786193708
GLY  17,4.760740000000001,0.1277965273393116,0.01807315821874385,-3.6003799999999995,0.29269314238636707,0.04139306115763997,-3.9516799999999996,0.6931970986667545,0.09803287383322047,-2.8016399999999995,0.7719265446919177,0.1091668988659111,0.07096564799999998,0.015225862631959413,0.002153262143294671,-5.521994351999999,0.31187707672261866,0.04410607916944016
LEU  18,11.201500000000003,0.22679914020991482,0.032074242001941866,-7.877340000000004,0.33162084433876093,0.04689826956294927,-28.922160000000012,0.5500939323415678,0.07779502996965929,-0.9882000000000001,0.4320190273587492,0.06109671676939763,0.0026305920000000006,0.008867739780842467,0.0012540877865662833,-26.583569408,0.4738342831219677,0.06701028695084196
GLY  19,5.9590999999999985,0.24054573369741536,0.03401830389658716,-3.80272,0.16315894581665313,0.023074159399640783,-11.598280000000003,0.7749604903476972,0.10959596357530174,-0.57964,0.570768771395212,0.08071889374861374,0.000486,0.0032132502961331848,0.00045442221480909137,-10.021054,0.41282168770723743,0.058381802959732554
ILE  20,14.476799999999999,0.12576994871590952,0.017786556721300785,-7.959340000000001,0.33858704109869814,0.047883438556555545,-12.901959999999999,1.2772353418223288,0.18062835427473733,-1.08158,0.794526804834173,0.11236305830654486,0.0013952160000000003,0.0026828897685413763,0.0003794179097023228,-7.464684784000003,0.8193083161472334,0.11586769324604809
SER  21,11.347500000000002,0.7336894233938012,0.10375935331332095,-5.530119999999999,0.5524696784439898,0.07813101120553931,-20.964100000000002,3.470581439759014,0.490814334142754,1.6715200000000001,1.8573662777169184,0.26267125802416985,0.023873184000000002,0.015712856851780452,0.002222133526341493,-13.451326816,1.4189493804783953,0.20066974581934474
ILE  22,15.910519999999996,0.39927099769478425,0.05646544600022006,-8.966459999999998,0.4108992679477759,0.05810993175009211,-6.503319999999999,0.8297026802415444,0.11733767831348994,-1.7271800000000002,0.43477799806337897,0.06148689414826538,0.0,0.0,0.0,-1.2864400000000002,0.7039323024268737,0.09955106090846039
LYS  23,9.196400000000002,0.2599184487487528,0.036758019533146245,-6.861440000000001,0.2830182439349019,0.040024823897175515,38.41333999999999,4.7010747563084525,0.6648323678101206,-75.84537999999999,4.778807516065494,0.6758254401190303,0.59454216,0.055584968023175835,0.007860901564245007,-34.50253783999999,0.5192083345328183,0.07342714683934587
GLY  24,5.4639999999999995,0.4363405092356239,0.0617078665973802,-4.11704,0.2318227736871364,0.032784691061529696,-7.43722,1.0405918756169494,0.14716191433927467,-7.02288,0.8706357594310096,0.1231264898874333,0.028420272000000003,0.021510349914020822,0.0030420228579799186,-13.084719727999996,0.25326378782154607,0.035816908359521234
GLY  25,6.3043200000000015,0.31590153149357225,0.04467522302126413,-5.552620000000001,0.23943900183551986,0.03386178837568686,-10.92074,0.7803635514297309,0.11036007180135597,3.1200999999999994,0.4512816083112665,0.0638208570923336,9.345600000000001e-05,0.0006541920000000001,9.251671987959798e-05,-7.048846544000001,0.5562072656559203,0.07865958585810574
ARG  26,14.873880000000002,0.2077344112081809,0.02937808217021989,-5.818800000000001,0.1366038066818883,0.019318695608131882,-185.27854000000002,5.313636047792085,0.7514616164302137,-28.048680000000004,4.948694532662114,0.6998510924132347,0.8493256799999999,0.05212524720521919,0.0073716231539671245,-203.42281431999996,0.4039869563037118,0.05713238326265361
GLU  27,17.069020000000002,0.21714267107105806,0.03070861103986102,-7.03474,0.5825319840145929,0.08238246323095443,-80.74500000000002,7.270952245751343,1.0282679277308662,3.6825200000000007,7.833246395307631,1.107788328965421,0.21435566399999995,0.05203088007800658,0.007358277626852499,-66.813844336,1.0228294427487008,0.14464992699297277
ASN  28,18.517580000000002,0.7632871305085808,0.10794510119500775,-6.7686399999999995,0.8157933503038667,0.11537060200935136,-91.6549,1.7070868548488585,0.24141853822760867,1.77012,1.7835685536586476,0.2522346838006225,0.043869743999999995,0.025108988706964364,0.0035509472366861885,-78.09197025599998,0.8905154179587743,0.12593789815796438
LYS  29,10.269379999999998,0.3473233012626939,0.0491189323173898,-1.4844,0.33035835088582216,0.046719726026593945,54.286880000000025,2.7363668806644226,0.38698071542641865,-93.08642,2.7378565052970667,0.3871913801622517,1.5001015679999998,0.05504370508946602,0.0077843554260787805,-28.514458431999987,0.34020456955578093,0.04811219162470863
MET  30,13.013460000000004,0.41352340731798565,0.05848104109878289,-6.917019999999999,0.30530276710178916,0.04317633138653846,0.32224,1.2749714594452692,0.18030819295861183,-5.783359999999999,1.0326958460263194,0.14604524712567782,0.25525195199999995,0.04491789464684364,0.006352349580281212,0.8905719519999995,0.6702387085525768,0.09478606716624823
PRO  31,18.69658,0.23429955953849013,0.03313496147573752,-5.59568,0.26944613116540783,0.03810543730230796,-8.84844,0.8064618567545533,0.11405092953588775,1.1603399999999997,0.40001818008685647,0.05657111354746355,0.22230216,0.018441635989033277,0.0026080411728038625,5.6351021600000015,0.5268729532040315,0.07451108760687064
ILE  32,13.129939999999998,0.22063185717410289,0.031202056470717995,-8.525339999999998,0.24670019132546847,0.03488867564125149,-12.27568,0.24008793722302063,0.0339535616982976,1.2105,0.2876230345434805,0.04067603963022953,4.6223999999999997e-05,0.000323568,4.575942539499376e-05,-6.460533775999998,0.34912030512719466,0.04937306704107119
LEU  33,11.687999999999997,0.19555602777745124,0.027655798668668123,-7.9435600000000015,0.25365158465888726,0.035871751114202564,-30.858919999999983,0.30525974775725073,0.043170247532489395,-1.3307399999999998,0.23233508645919093,0.032857143028571345,0.020430432000000005,0.022845751041114314,0.0032308770964943117,-28.424789567999998,0.32364832848456493,0.04577078555822542
ILE  34,13.014239999999997,0.100486926513262,0.014210997431624368,-8.000020000000001,0.13341836305390023,0.018868205850044315,-16.355679999999996,0.24949608734436954,0.035284075048142974,0.22507999999999995,0.2693608612994844,0.0380933783222229,0.005188176,0.0023184930570144045,0.00032788443254976285,-11.111191823999997,0.1672000429899673,0.023645656842577627
SER  35,12.86106,0.5179363439651228,0.07324726020814129,-3.785839999999999,0.5975926157509069,0.08451235819689462,-13.18804,2.371334434110878,0.3353573317641932,-1.4985800000000002,0.6160150352061218,0.0871176817414237,0.20975558399999997,0.01840881931335449,0.0026034001940221686,-5.401644416000002,1.598737897880605,0.22609568178626038
LYS  36,9.41726,0.5482396486938498,0.07753279466135034,-6.147819999999999,0.37696337700101246,0.053310672027279384,34.59446,2.4295855383995186,0.3435952819350137,-68.5338,2.575818347632602,0.3642757241431482,0.859310208,0.027060839681895238,0.0038269806487340277,-29.810589792000002,0.7914964871247967,0.11193450666625493
ILE  37,12.530959999999995,0.07266469844535431,0.010276340204717122,-6.253919999999999,0.12157332602184982,0.017193064648290592,-15.685459999999996,0.9737302544340052,0.13770625319135746,-1.2855799999999997,0.7224436058267805,0.10216895454099552,0.22398163199999996,0.009796341501550052,0.0013854119013130494,-10.470018367999996,0.30430542339386973,0.04303528568672975
PHE  38,10.24054,0.16984348206499356,0.024019495581698542,-5.619660000000001,0.690364530085363,0.09763228814280489,0.010079999999999983,0.883884445841197,0.12500013708792482,-4.8211200000000005,0.5837034740345461,0.08254813693839469,0.40287297599999994,0.08208777543074884,0.011608964531920195,0.21271297600000008,0.8665340333001869,0.12254641821509833
LYS  39,9.46328,0.1004649272135733,0.014207886260826119,-1.79854,0.15458217361649262,0.02186122064295563,32.15885999999999,1.2044553293503768,0.17033570620398558,-69.77802,1.2653346670341699,0.17894534470605675,1.6040350079999999,0.025757958360119498,0.0036427254051922438,-28.350384992000002,0.0944378657181948,0.013355531050024025
GLY  40,6.388039999999998,0.05871012178502583,0.008302865047695963,-1.3440800000000002,0.023270444774419793,0.003290937860243859,-18.91724,0.10139813805002416,0.014339862202972354,0.1985800000000001,0.09228652989467077,0.013051286220139348,0.327509568,0.005645650006206008,0.0007984154807188285,-13.347190432000005,0.044372466678393827,0.006275214417253279
LEU  41,11.384919999999997,0.26260242496993846,0.03713759109045501,-4.4615800000000005,0.3963902163272905,0.056058041992205924,-28.70976000000001,0.5175488985587858,0.07319246715330921,-3.5196399999999994,0.3978869568106082,0.056269713061292005,0.37236787200000004,0.04743151710312043,0.0067078294771164325,-24.933692128000004,0.5069061411652993,0.0716873539686177
ALA  42,10.95748,0.23549099685549169,0.03330345615697962,-5.625819999999999,0.11284018610419186,0.015958012156925216,-4.0407199999999985,0.21038270271107698,0.029752607146271197,-2.7584599999999995,0.21739413147553607,0.030744172911302284,0.04720262399999999,0.012632805572834005,0.0017865484971924266,-1.420317376,0.11757863633160637,0.016628130214549165
ALA  43,9.3347,0.06859890669685897,0.00970135042146645,-4.9282,0.06816890786863221,0.009640539403998167,-8.74554,0.188266323063958,0.0266248787415164,-1.8632399999999996,0.2167970996116019,0.030659739855387825,1.9152000000000002e-05,0.000134064,1.895951270259866e-05,-6.202260848,0.16133108405470048,0.02281566071025112
ASP  44,17.25178,0.0703182167005255,0.009944497573977343,-5.0408599999999995,0.03953834088603766,0.005591565791476511,-44.385740000000006,1.362031318435264,0.19262031629080578,-39.34492000000001,1.3623975901327794,0.19267211493101977,0.362781648,0.009300343048001695,0.0013152671273206327,-71.156958352,0.047361110661790454,0.006697872502695705
GLN  45,19.943620000000003,0.07854091672430917,0.011107362963273387,-3.4282199999999987,0.048434818054883005,0.006849717658428879,-74.10652,0.36397325396166663,0.05147359120936558,-14.368579999999998,0.3419503525368324,0.04835908262158495,0.949568544,0.010331043157473584,0.0014610301346760905,-71.010131456,0.04993788204792951,0.007062283006836982
THR  46,15.343760000000001,0.07200071110736127,0.010182438214853744,-3.7194599999999998,0.07360494820325077,0.01040931160068064,-39.31099999999999,0.1386007215015097,0.019601102010213128,-3.913660000000001,0.12135791857143537,0.01716260143450936,0.248018976,0.00656839435608236,0.0009289112381386565,-31.352341023999998,0.053945313603226096,0.007629019412415216
GLU  47,16.051340000000007,0.024438175051050576,0.0034560798596843527,-0.9322199999999999,0.04135760631371005,0.005848848775613589,-17.827520000000003,0.7304109867738018,0.10329571236018258,-63.579000000000015,0.7235947760997552,0.10233175460225968,1.145987712,0.010552842592301825,0.0014923973115621692,-65.141412288,0.06799612919516126,0.009616104809667021
ALA  48,7.648399999999998,0.027919169042303373,0.003948366750981249,-2.3392000000000004,0.04987544486014081,0.0070534530550602605,-9.331819999999999,0.3002438135915738,0.04246088731998231,2.3199400000000003,0.05688634634072496,0.008044944250890633,0.238105152,0.005865328476333847,0.0008294827079004447,-1.4645748479999998,0.2688130783664649,0.038015910116911626
LEU  49,10.33684,0.05899062976465032,0.008342534866609845,-7.798879999999997,0.07489930306777998,0.01059236102107472,-26.045519999999996,0.08766555538115135,0.01239778173729939,-4.02398,0.08763800317213855,0.012393885266533466,0.05222591999999999,0.006381980089470743,0.0009025482797324583,-27.47931407999999,0.12245382940478419,0.01731758663087671
PHE  50,8.7553,0.08584410288428287,0.012140189454870417,-4.2554,0.14864279329991797,0.021021265423376463,-5.35582,0.15681909194996035,0.022177568667466736,-3.519079999999999,0.19987774663530683,0.02826698201082242,0.7619124960000002,0.020324885786720447,0.002874372913326421,-3.6130875039999997,0.053568463467281426,0.007575724755091706
VAL  51,10.132439999999999,0.03876811060667026,0.0054826387807533315,-3.23368,0.10246276201627232,0.014490422768161912,-20.159200000000002,0.3154278364380601,0.04460823242407069,-6.956739999999999,0.31732915466436157,0.04487711942627296,0.6043546079999998,0.008449667114024416,0.0011949633830191258,-19.612825392,0.08847674011421566,0.012512500582408345
GLY  52,6.562499999999999,0.10232482592229802,0.01447091565867799,-3.28766,0.07152247478941762,0.010114805386168216,-17.56716,0.22535681573886937,0.03187026651911236,0.03878000000000001,0.1565089505427725,0.022133708049036884,0.039217824,0.003150568901678588,0.0004455577269944765,-14.214322176000005,0.1020738852704873,0.014435427291363843
ASP  53,14.799159999999997,0.41591707635060604,0.058819557019759314,-7.19736,0.08667173933867088,0.012257234924721406,-91.53888,1.495983671567469,0.21156403974194124,15.020999999999997,1.5268013099287157,0.21592231195501968,0.0,0.0,0.0,-68.91608000000001,0.4196382175130036,0.05934580584969606
ALA  54,8.398819999999999,0.07111981158560597,0.010057860209778313,-5.22304,0.11636304568031997,0.016456219736014847,-6.184420000000001,0.16666542412866514,0.02357005031814223,0.016480000000000005,0.13170986903038057,0.01862658830811483,0.0,0.0,0.0,-2.9921599999999997,0.1150470095222016,0.01627010411767641
ILE  55,12.974260000000001,0.10654103622560399,0.015067177837953237,-8.076579999999998,0.15260237088600292,0.021581234255727447,-6.908900000000002,0.15761855855189286,0.022290630318578464,-1.26478,0.10689083964493963,0.015116647511932133,0.0008189280000000003,0.0008960998745764891,0.00012672765958669002,-3.2751810719999996,0.16628437680968797,0.02351616208950189
LEU  56,11.951859999999996,0.03850351153042831,0.005445218820532055,-7.03944,0.08626289121058671,0.012199415067952657,-27.195920000000005,0.19462608663677783,0.027524285131333218,-5.579939999999999,0.13425966036010087,0.018987183256086004,0.19918742400000003,0.007872785910426429,0.001113380060818487,-27.664252576000003,0.1328304163773001,0.018785057633644305
SER  57,9.648160000000003,0.04156843032821773,0.00587866379367266,-6.192060000000001,0.07072804535684372,0.01000245609837878,-14.451239999999999,0.12267250058589053,0.017348511405878782,-1.6960800000000007,0.08788830183817292,0.012429282843348436,0.165653424,0.005283479918180841,0.0007471968956817236,-12.525566576000001,0.05584812171049708,0.007898117115604826
VAL  58,11.739759999999995,0.09287056799725271,0.013133881680700751,-5.4614,0.1576369246084429,0.022293227671204504,-24.725720000000006,0.1638083074807602,0.02316599300686732,-3.5591999999999997,0.136286903259278,0.01927387869631009,0.024527232000000003,0.003635186711102458,0.0005140930348599542,-21.982032768000003,0.12842377148380968,0.018161863936350678
ASN  59,19.1574,0.20067695433245922,0.028380007047269003,-2.4010599999999998,0.09527148786493607,0.013473423024605633,-88.79897999999999,0.24805608157428605,0.03508042747914821,-11.477959999999996,0.13549818596596244,0.019162337227001586,0.5887887839999999,0.013416966942843904,0.0018974456616481332,-82.93181121600003,0.1288934751595917,0.018228290067209423
GLY  60,6.207819999999999,0.02248972209710898,0.0031805270003733405,-1.0123200000000003,0.022820552140550364,0.003227313433800869,-9.291600000000003,0.06303078612850917,0.00891389925899756,-5.889200000000001,0.06156265101503403,0.008706273600110292,0.511345584,0.005896371903583946,0.000833872911484408,-9.473954416000003,0.04996435089089026,0.007066026266506524
GLU  61,15.468659999999998,0.06722696185399518,0.009507328121105869,-4.1563,0.2753846219381226,0.03894526672138803,-39.446600000000004,4.790132632819259,0.6774270534898937,-39.92332000000002,4.415940545070638,0.6245083009472134,0.6469935840000001,0.03442225181244871,0.004868041536058682,-67.41056641600002,0.4092883188443268,0.05788210914305306
ASP  62,16.95126,0.07406019443625633,0.010473693140374213,-2.5169799999999998,0.05238453588610408,0.007408292110874849,-43.64856000000002,1.8331750288496327,0.25925009880028405,-38.61886000000002,1.8427474054787254,0.2606038372855846,0.6673442400000004,0.011799377859374953,0.0016686840196292877,-67.16579576,0.11455458504789869,0.01620046478067605
LEU  63,12.454580000000004,0.1740051826811931,0.024608048927095127,-7.946500000000002,0.3192024592636211,0.04514204470334584,-31.878400000000003,0.23379734814541345,0.03306393805941079,0.3403600000000001,0.18402997147204028,0.026025768153889312,0.006725376000000001,0.0034988046710017935,0.0004948057017825071,-27.023234623999993,0.2443724092208682,0.03455947753899398
SER  64,11.60092,0.09753293597549365,0.013793240083460986,-2.0333200000000002,0.16959533484149394,0.023984402264804704,-25.09794000000001,0.25764769822289535,0.0364368869141029,0.05201999999999999,0.24964811154903618,0.035305574517347824,0.3415733280000001,0.012130551864097023,0.001715519096527624,-15.13674667199999,0.06568967044163533,0.00928992228463797
SER  65,10.897079999999995,0.054092823924029323,0.0076498805220422085,-0.9986399999999999,0.12489671893208278,0.017663063380965197,-13.6128,0.33938509101023306,0.047996299857389874,-5.65914,0.1950857257720318,0.02758928792122058,0.552989664,0.014208329726655675,0.0020093612598105267,-8.820510336,0.14971064724202793,0.02117228277613301
ALA  66,8.396740000000001,0.14403621905604233,0.02036979744619971,-5.319140000000001,0.13231054530906708,0.018711536762106254,-9.800059999999997,0.46650305079395793,0.06597349413212401,2.51852,0.36829386310390533,0.05208461761403229,0.019270079999999995,0.006918033966265283,0.0009783577460050097,-4.184669919999999,0.21018834544369852,0.029725120877923956
THR  67,15.126960000000002,0.09215269068205596,0.013032358497173628,-6.8985,0.3821939429137944,0.054050385752553644,-33.114180000000005,1.4270499176971843,0.2018153347790767,-2.35216,0.7957989535052175,0.11254296729693945,0.13307932800000002,0.07011440520883279,0.00991567427640541,-27.104800672,0.6489551263090686,0.09177611409978297
HIE  68,30.500459999999993,0.3855894817031082,0.054530587453294796,-11.882120000000002,0.5042644004884267,0.0713137554192671,-22.298960000000008,1.6012936265406266,0.2264571163995352,-0.40541999999999995,1.29631524082686,0.183326659468829,0.020554128,0.01825535865769873,0.0025816975799702645,-4.065485872000001,0.8625951825056484,0.1219893805937183
ASP  69,15.430379999999998,1.6981417006834385,0.24015350239378316,-5.2379999999999995,1.0073104188878481,0.14245520559109182,-70.32096,10.068442167406085,1.4238927465114846,-11.610600000000003,9.477686719869988,1.340347309916351,0.24512687999999994,0.13428340212483764,0.018990540848654546,-71.49405312,1.4746728570696996,0.208550235453145
GLU  70,17.64358,0.23361267859459042,0.03303782184107766,-5.601579999999999,0.19553701337601764,0.027653109626229345,-65.69768,5.641314086061785,0.7978022890114957,-16.64946,5.32223084508743,0.7526771043203062,0.5397083999999999,0.03484679107076761,0.004928080453746122,-69.76543159999999,0.4854208830780288,0.06864887963080726
ALA  71,9.367239999999999,0.11136023706886534,0.015748715757187243,-6.44702,0.2366051977450633,0.033461027957903657,-6.3334199999999985,0.39704740724506005,0.05615098282310374,0.19548000000000001,0.3326779968678422,0.04704777350736165,0.0,0.0,0.0,-3.2177199999999995,0.24810957579263496,0.03508799270405797
VAL  72,13.270359999999998,0.28875129506204844,0.04083559976295442,-4.8733200000000005,0.5285009154201953,0.07474131623138361,-31.920119999999997,0.34524047503215183,0.0488243762070599,0.98946,0.36568074655360233,0.051715067127482285,0.14082825599999999,0.04693966253375134,0.006638270736844738,-22.392791743999997,0.7846047591777308,0.11095986915316229
GLN  73,21.393500000000003,0.7342767666212116,0.10384241618911813,-5.526100000000002,0.5481038678936544,0.07751359235643572,-81.32186000000002,7.001580338780381,0.9901729873148024,-6.209739999999999,6.199057569695572,0.8766791288995076,0.5597131680000001,0.1598170347117892,0.0226015417987664,-71.104486832,1.167641538128702,0.16512944992117917
ALA  74,9.27308,0.08427119080666273,0.011917746095611331,-5.50342,0.17482460810769132,0.02472393318224584,-5.762439999999999,0.33039504596773134,0.04672491549484478,1.1623400000000002,0.3287098179245629,0.04648658825941075,0.03373257600000001,0.005323491055559667,0.0007528553249944344,-0.7967074240000003,0.21703368829722752,0.030693198548179403
LEU  75,12.894359999999997,0.16265949219159803,0.02300352599060785,-6.735079999999999,0.18683777348279826,0.02642285132229655,-28.76754,0.3027253018827126,0.042811822759602165,-0.6857,0.28241425247320673,0.039939406605506836,0.012769632,0.005894169639277104,0.0008335614642793413,-23.281190367999997,0.25224061164151673,0.035672209396471775
LYS  76,11.329440000000004,0.44615235783298485,0.06309547153321413,-4.200539999999998,0.32391006220865454,0.045807800296459214,56.09216000000001,5.754844756759275,0.8138579504360661,-89.07026,5.637598693805576,0.7972768531996691,1.0119578400000002,0.07930960776690558,0.011216072293044842,-24.837242159999995,0.6203204000743862,0.08772655228019012
LYS  77,10.698580000000002,0.12880218786962072,0.018215380094854496,-2.82874,0.13690972354073722,0.019361958785206156,20.121440000000003,6.605357474535343,0.9341386124810378,-64.60221999999999,6.324056189788362,0.894356603280822,1.2492218880000003,0.049452669905028286,0.00699366364752508,-35.361718112000005,0.44633398452489237,0.0631211574263126
THR  78,14.650460000000004,0.31287487658781965,0.04424718937963029,-3.8159199999999998,0.1929774950609478,0.027291139074797934,-43.251940000000005,1.0185690238758944,0.14404741277784147,-1.9763799999999996,0.7041585585647614,0.09958305835833749,0.10099900799999999,0.009232570051807677,0.0013056825782826085,-34.292780992000004,0.2859398410610456,0.04043800012513379
GLY  79,5.503180000000001,0.08419517563372267,0.011906995926759534,-2.24138,0.19691976944938414,0.02784866086547021,0.7565199999999997,0.5880891170562506,0.08316836052249682,-4.702200000000001,0.23933123490256733,0.033846547829871176,0.3130758719999999,0.018953930109138244,0.0026804905020615063,-0.37080412799999996,0.4399284998375326,0.06221528509446886
LYS  80,10.417819999999997,0.13458316239428672,0.0190329333525061,-2.59874,0.1923701442532107,0.027205246699855926,34.397839999999995,2.2992477583767,0.3251627363152266,-77.54473999999999,2.343978505106538,0.3314886191832679,1.2948703200000002,0.04440348728941815,0.006279601394135648,-34.03294968,0.22567761820851345,0.031915634839453706
GLU  81,15.410340000000005,0.200311418545931,0.028328312480584913,-3.7223999999999995,0.09061037468196287,0.01281424207669396,-74.98113999999998,1.222949745656978,0.17295121164088254,-11.108320000000003,1.2394483037222561,0.17528446009843415,0.6109018560000001,0.014266057996632052,0.0020175252700438194,-73.790618144,0.16651977036674245,0.02354945176559006
VAL  82,12.2941,0.20702408072491832,0.029277626269900194,-5.72998,0.1994353519314061,0.028204417951804575,-28.943920000000002,0.2740218122705169,0.03875253632990192,0.36121999999999993,0.07884447729549648,0.01115029291095087,0.0,0.0,0.0,-22.018579999999996,0.25775174800590495,0.03645160177553231
VAL  83,11.960020000000004,0.0866504448914787,0.012254223435119165,-4.1477,0.056519465673298665,0.007993059489325957,-28.703380000000003,0.20432678629985557,0.028896171234136483,-1.27774,0.1271708787419479,0.017984678145576704,0.34918300799999996,0.010768681896459716,0.001522921598685495,-21.819616992,0.13248030245527462,0.0187355440479539
LEU  84,11.51634,0.08601200148804189,0.012163933903124367,-6.804520000000001,0.0829942745012778,0.011737162859902261,-38.26959999999999,0.08191410135459316,0.011584403308526996,1.6578999999999997,0.07012025385009728,0.009916501399185181,0.0011124000000000004,0.001603283512794914,0.0002267385288123745,-31.8987676,0.07386211168003258,0.010445680008341826
GLU  85,15.66264,0.04862335241473502,0.006876380443296484,-5.842420000000001,0.03553144522805635,0.005024905173223408,-83.09525999999998,0.9779935543773935,0.1383091748513979,0.76562,0.973222377260203,0.13763442851263638,0.23300208000000006,0.007583664265983716,0.0010724920857438374,-72.27641792,0.09434510674673949,0.013342412950477637
VAL  86,11.58076,0.05394388195187509,0.007628816946339498,-6.677100000000001,0.059941054378239544,0.008476945204464955,-26.0631,0.10519472420325955,0.014876780565834693,0.9965600000000002,0.06599701811445381,0.009333387809364341,0.0,0.0,0.0,-20.16288,0.08167218375895965,0.011550190994054837
LYS  87,9.378839999999999,0.03952587000943665,0.005589802143194128,-7.291239999999998,0.09676663887946953,0.013684869308860544,46.21061999999999,0.788352025176931,0.11148981259295115,-85.30676000000001,0.7619802506601995,0.10776028047441046,0.6035904000000001,0.006960438673054195,0.000984354677149943,-36.40494960000001,0.11487836159105476,0.01624625369852701
TYR  88,10.4902,0.07560687799398398,0.010692427226778005,-4.114039999999999,0.11125879021455154,0.015734369005464176,-28.582200000000007,0.11241174315686361,0.015897421174243746,-5.870100000000001,0.11624134376372147,0.016439008485912808,0.7681564799999998,0.01863575481204709,0.0026354937200256663,-27.307983520000004,0.08573143378784201,0.012124255638445717
MET  89,12.965139999999996,0.049114564032812245,0.006945848256524489,-6.7708,0.07425308074412693,0.01050097138363288,-1.6950400000000005,0.22653811688102032,0.03203732772876003,-2.1015600000000005,0.25177634201806376,0.035606551756663274,0.526077936,0.009541534524253997,0.0013493767530051118,2.9238179359999994,0.07081540792652927,0.010014811031468087
LYS  90,7.310179999999998,0.035543601393545135,0.005026624314633477,-4.25938,0.174128560552249,0.024625497192949524,-1.8769199999999995,1.252079883074559,0.17707083518185604,-110.92703999999999,1.2793476143728617,0.18092707472357653,1.269526752,0.039015926486594014,0.005517685238589291,-108.48363324799995,0.09779101138085314,0.01382973745729842
GLN  91,15.61878,0.9254937339604221,0.1308845790458146,-3.4846599999999994,0.9526967746350374,0.1347316699517974,-73.04952,7.987476836248154,1.129599807096308,-93.18064,6.756458657492141,0.95550754670385,1.0050050879999999,0.10358065255162818,0.01464851636379679,-153.09103491199997,0.9231877595047921,0.13055846501085083
PRO  92,18.08106,0.25252583313381166,0.03571254580674015,-6.180840000000001,0.43591450354398226,0.06164762029470343,-6.7309800000000015,1.1781303746190341,0.1666127954029933,-1.08484,0.795210169955088,0.11245970072874993,0.221148576,0.046110854806331994,0.006521059623973132,4.305548575999999,0.9621753245839256,0.13607213934073226
ASN  93,19.840359999999997,0.6945726386780597,0.09822740456717795,-6.413419999999998,0.4738571552694339,0.06701352156095669,-92.28796,3.852018904210873,0.5447577376852565,-4.8060800000000015,3.508269697956527,0.4961442587312682,0.22210689600000003,0.05619816546902206,0.007947620778677835,-83.444993104,1.4004697575197205,0.19805633247777485
VAL  94,10.524940000000004,0.19835104335468678,0.02805107356230518,-5.70656,0.41210620766982264,0.05828061880248064,-28.658860000000004,1.1213195086145997,0.15857852568363015,-0.63172,0.6231601412157233,0.0881281523237609,0.09806457600000001,0.029364566710581953,0.00415277684953145,-24.374135424000002,0.5576041089595567,0.07885712933255701
ILE  95,14.266999999999998,0.482026140370047,0.06816879051296777,-7.387579999999998,0.4362888992399748,0.06170056784180011,-15.94178,1.0745881497578964,0.15196971353530275,1.6933999999999996,0.5473802700134534,0.07741126016284725,0.01541448,0.007223223478530892,0.0010215180607390153,-7.353545519999999,0.5694180647143484,0.08052787497792722
SER  96,10.911259999999997,0.9505400109411886,0.1344266575051299,-4.771199999999999,0.9473116066004958,0.13397009218478673,-13.496579999999996,4.944500691030393,0.6992579936418322,-2.6826799999999995,2.9937228090790233,0.42337633985852346,0.046344096000000015,0.0451572546307809,0.00638620019383856,-9.992855904,1.6094636232348254,0.2276125284124831
VAL  97,11.395600000000002,0.36464009653355006,0.05156789699027811,-6.120019999999999,0.518576994861919,0.07333786192684086,-21.493499999999997,1.6616724496723883,0.23499597145484155,-0.7818,1.2338150266551302,0.1744877944155407,0.013534128000000001,0.010819029808315348,0.001530041868663835,-16.986185872,0.7290331236413546,0.10310085308728252
ARG  98,12.924159999999999,0.7415358213869105,0.10486900155908419,-6.34484,0.7369098821429986,0.10421479495733876,-126.50649999999996,11.047765356397187,1.5623899600932531,-75.93802,9.930226791951979,1.404346140661916,0.969993936,0.22248235596215898,0.03146375651904038,-194.89520606400004,2.010992724705557,0.28439731851122224
LEU  99,11.079959999999998,0.2202293313799715,0.031145130726991432,-6.713920000000001,0.3125850181950259,0.044206197212604624,-34.75758,0.4928016270268643,0.0696926744500919,-1.5490599999999999,0.48719184763294265,0.06889933184001139,0.06331449599999997,0.014699559952610403,0.002078831704589804,-31.877285503999996,0.4210027595474606,0.059538781234851776
PHE 100,9.437140000000001,0.14662046378307755,0.020735264840346147,-6.346020000000001,0.26934895507500617,0.03809169452780952,-3.1883799999999995,0.4511395300791154,0.06380076419605098,0.09001999999999999,0.37128660035072636,0.05250785457433964,0.5199390719999998,0.03035191906003756,0.004292409557875556,0.5126990720000001,0.40152738700266355,0.056784547636339715
LYS 101,11.86976,0.22782015363003863,0.03221863510455227,-8.643000000000002,0.36748540107052274,0.051970283816804956,39.69188,5.839774675927116,0.8258688547899073,-69.35161999999997,5.173999381098329,0.7317140096459257,0.38044497599999993,0.07178089549926378,0.01015135159343447,-26.052535024000004,0.5720779885641973,0.08090404501626082
ARG 102,12.043399999999998,0.2249851550659304,0.03181770576268526,-6.74206,0.38898711598200497,0.05501108550101475,-128.24055999999996,2.282290981976715,0.32276468599932795,-71.95662000000002,2.1510226208940315,0.304200536343966,0.6399492480000002,0.010312415939660988,0.0014583958482701053,-194.25589075199994,0.20769495132566604,0.029372501700117674
LYS 103,10.85512,0.25224635894299585,0.03567302218764166,-1.7902199999999997,0.28792716370637844,0.04071904998891788,43.44184000000001,1.8727183916431929,0.2648423747967333,-84.19686000000002,1.895868339415534,0.2681162718075206,1.4061660480000002,0.05487721100205506,0.0077608096064316285,-30.283953952,0.36461257006741854,0.05156400416010537
VAL 104,9.940220000000002,0.0465962616518673,0.006589706518395609,-0.09142000000000002,0.10604793067288018,0.01499744218191889,-28.5203,0.1228829117503387,0.017378268038122514,-2.85034,0.16642519160271893,0.023536076308510602,0.976467744,0.022308383202264363,0.0031548818079258395,-20.545372256,0.05874777799134311,0.008308190439464106
GLY 105,5.24048,0.05341020127283507,0.00755334310091201,-1.8536400000000006,0.35722221431484225,0.05051885002649983,-10.119819999999999,0.12420961154439453,0.01756589172231765,-3.454399999999999,0.32814106722567526,0.04640615476421315,0.24378652799999997,0.030291966898536773,0.004283931041886757,-9.943593471999998,0.05690225144834659,0.008047193572781584
GLY 106,5.6863199999999985,0.2268947280128398,0.032087760158671264,-3.209559999999999,0.19060851607419413,0.026956114853593543,-6.08372,0.3114721201006655,0.044048809654746265,-2.0689800000000007,0.18044771985258762,0.02551916127148302,0.15074366400000003,0.010057488119122977,0.0014223436101469984,-5.525196336000001,0.2935246775921393,0.04151065799419935
LEU 107,10.679140000000002,0.13301924823088293,0.018811762490478796,-7.064400000000002,0.22915872228646414,0.03240793729936072,-28.64208000000001,0.12869542959842906,0.01820028219535302,-2.4746799999999998,0.21404256025379687,0.03027018916359799,0.137445696,0.018355765767180333,0.0025958972895690205,-27.364574304,0.37578466618629436,0.05314397714525037
GLY 108,5.842579999999998,0.0933123978901945,0.013196365863386765,-4.273759999999999,0.13728052447455671,0.01941439795616097,-9.718599999999999,0.21412547723237546,0.030281915395163676,-3.6659599999999997,0.13017310935828083,0.01840925767107568,1.9152000000000002e-05,0.000134064,1.895951270259866e-05,-11.815720848000002,0.15805315945623752,0.02235209216789285
PHE 109,8.783640000000002,0.12117834129899495,0.01713720537309144,-8.578680000000002,0.2888845748737219,0.04085444837468033,-6.767360000000001,0.27856408670175614,0.03939491094036982,-0.8364,0.2561188786481777,0.036220679176404175,0.11963260799999999,0.007490306934481152,0.0010592893653080487,-7.2791673920000015,0.2974399918887138,0.04206436705211624
LEU 110,10.401839999999998,0.05687085721202499,0.00804275375730295,-3.924359999999999,0.07079936722884864,0.010012542534247099,-30.280720000000006,0.15461617509117628,0.02186602917761946,-0.6188199999999999,0.11900465369051785,0.016829799523464375,0.6787360800000001,0.008246347337431258,0.0011662096244634546,-23.74332392000001,0.16491014299220827,0.023321816079246733
VAL 111,12.209619999999997,0.19982781488089324,0.028259920594393938,-5.082559999999998,0.15386736626075606,0.021760131617258958,-20.35372,1.1173374609311613,0.15801537909963664,-4.4607,0.540851338169741,0.07648792976672848,0.26331119999999997,0.051353733011293555,0.007262514570305826,-17.42404880000001,0.4968994693074191,0.07027219686305455
LYS 112,9.73882,0.06088799224781919,0.008610862442253377,-5.8264400000000025,0.19081961744006692,0.02698596909505882,11.267660000000001,2.0905635853520472,0.2956503375408189,-53.99434,1.961771297679756,0.2774363575452977,0.8916503040000002,0.011421413212590784,0.0016152317466713148,-37.92264969600001,0.3162448834389044,0.044723780319039716
GLU 113,15.243819999999998,0.06241912847805496,0.008827397804517401,-4.129619999999999,0.23069381352782758,0.03262503198466236,-41.76780000000001,2.2108200831365585,0.31265717455385345,-37.81385999999999,2.0438032293741917,0.28903742458029114,0.7585017119999997,0.029256315573259646,0.004137467826877098,-67.708958288,0.1614088673379276,0.022826660927657685
ARG 114,12.669779999999998,0.11902155939195243,0.016832190350689395,-9.021360000000001,0.14818552695848158,0.020956598197208853,-134.87153999999998,1.547684582983059,0.218875652753039,-67.55506,1.5361266147036141,0.2172411092036121,0.47392646400000005,0.02542609813109013,0.0035957932815216865,-198.30425353599995,0.17818786141818035,0.025199569026784822
VAL 115,12.602059999999994,0.03779598391587892,0.005345159305707133,0.34468000000000004,0.0251924115558624,0.003562745009118529,-28.662860000000006,0.1241566768228885,0.017558405622210223,-6.71766,0.10887765794688854,0.015397626050790857,1.2274907040000003,0.008406212320507886,0.0011888179471850058,-21.206289296,0.06627167165171576,0.0093722296850993
SER 116,10.232199999999999,0.09094261927163465,0.012861228557167852,-2.3511599999999997,0.08693753159597332,0.012294823626226494,-4.4759199999999995,0.36782098036953814,0.05201774189639688,-5.681759999999998,0.1705379207098004,0.024117704036670722,0.46587182399999993,0.016304302314991588,0.002305776545889215,-1.8107681759999996,0.24002318641477058,0.033944404551177414
LYS 117,11.38374,0.05832625823758369,0.00824857854420663,-4.182099999999999,0.10710541536269498,0.015146993100952688,33.37234000000001,1.329743006899943,0.18805405948286794,-59.089700000000015,1.2033640222301958,0.17018137207097814,0.9412145280000002,0.010061307777699029,0.001422883791443187,-17.574505472000002,0.21481137501170167,0.030378915989356145
PRO 118,20.543200000000002,0.11962357627100303,0.016917328394202482,-5.730700000000001,0.34080828921844053,0.04819757047818909,-2.6934200000000006,0.30019514253231977,0.04245400419277309,1.0148399999999997,0.23339608908463008,0.0330071914588323,0.15054796799999998,0.026899750561560784,0.003804199206861254,13.284467968,0.33573572158951615,0.04748020108450113
PRO 119,19.40762,0.06778197105432048,0.009585818274940056,-8.513520000000002,0.1453450019779464,0.02055488730203561,-8.045919999999997,0.16590332606691033,0.02346227337666304,-1.9042000000000001,0.07275300681070923,0.010288828893512715,0.034379712,0.0027424893416485505,0.0003878465621623041,0.978359712,0.22998557987028054,0.032524872620279144
VAL 120,11.364360000000001,0.40636450435536386,0.05746861933263762,-7.530719999999999,0.23124800885629734,0.03270340703963493,-28.28679999999999,0.31208960251941364,0.04413613485585832,0.6681000000000001,0.1672421298596729,0.02365160882477118,0.000369936,0.0010933222071759085,0.00015461910934318565,-23.784690064000003,0.64303569009651,0.0909389794024427
ILE 121,13.825860000000004,0.0733293965606453,0.010370342713669958,-7.7622800000000005,0.09459704857965946,0.013378042906182093,-14.965340000000001,0.21344250841856885,0.030185329019247358,0.5886,0.13543382147750233,0.019153234713750036,0.21970641599999996,0.011531918950242517,0.0016308596179620272,-8.093453583999999,0.22757898252655892,0.032184528360012926
ILE 122,12.929439999999994,0.09269458668175834,0.01310899416439111,-8.44262,0.1225289990165188,0.01732821721931605,-15.821499999999999,0.1760767162347318,0.024901008011727666,-0.39714000000000005,0.2050590168707534,0.028999724274551275,0.002704176,0.0010610211689801492,0.00015005105271366823,-11.729115823999997,0.16073928880837027,0.022731968223900306
SER 123,12.516859999999998,0.09420530982924095,0.0133226426808072,-4.5019599999999995,0.07035935190154324,0.009950314969894366,-9.345600000000003,0.179959662146714,0.025450139488796302,-9.34534,0.29188543026330604,0.041278833413747364,0.335451168,0.012676180887026078,0.0017926826929526888,-10.340588832000002,0.17156250394326775,0.024262601987125685
ASP 124,15.206420000000005,0.14800257970664177,0.020930725548733778,-3.1622399999999993,0.1119806340400063,0.015836453138251518,-44.00214000000002,1.095233673878954,0.15488943155673282,-37.36243999999999,1.136341430381318,0.1607029462331702,0.56733264,0.008069105241096608,0.0011411438068174645,-68.75306735999999,0.10611590356747183,0.015007055000859415
LEU 125,10.792940000000002,0.08683165551805046,0.012279850487693554,-5.86694,0.23001273095202698,0.03252871236308303,-25.056679999999997,0.19594809925124687,0.02771124594823426,-6.165920000000001,0.12568816014246942,0.017774990070320174,0.306021888,0.02660884520594263,0.0037630589769330376,-25.990578111999998,0.284445804154469,0.04022671139953713
ILE 126,12.913380000000007,0.14635325619818396,0.0206974759812936,-3.9126999999999996,0.2624790467827873,0.03712014277989799,-5.479219999999999,0.10794930106312642,0.015266336561216974,-1.9562800000000002,0.1475749355412377,0.020870247530875366,0.404593056,0.021886330352950546,0.003095194521572059,1.9697730560000004,0.28053397367904803,0.03967349502833266
ARG 127,11.377340000000002,0.25034453139618235,0.03540406315664182,-1.9308999999999998,0.12301516166717162,0.017396971000723297,-136.84141999999997,3.0445642649831464,0.4305664075055639,-69.01968000000001,2.9643924938506125,0.4192284069000538,1.807533648,0.027070631912208917,0.003828365479225576,-194.60712635199997,0.3174564976276741,0.044895128440851896
GLY 128,5.354219999999999,0.03785249793626665,0.005353151595116789,-2.13016,0.13075295178311622,0.01849125977319983,-21.11286,1.0059039319935419,0.14225629830696904,2.20226,0.41395095409963806,0.05854150534449907,0.24528095999999994,0.015232304072596525,0.0021541731005656935,-15.441259040000002,0.6004646214224899,0.08491852113409112
GLY 129,4.6035,0.05138453074604327,0.0072668700277231674,-3.2141800000000003,0.3160497865843297,0.04469618945726813,-7.00796,0.24716981692758155,0.03495509073082608,-5.154480000000001,0.38870288087429955,0.05497088858659279,0.013600224000000001,0.007862293164988437,0.0011118961625279935,-10.759519776000001,0.17571350398745422,0.024849642043115665
ALA 130,10.245700000000001,0.09666297119364504,0.013670208484133263,-5.329839999999998,0.48334184010906234,0.0683548585544604,-5.16034,1.6781027454837194,0.2373195661718602,-4.33398,0.25991356178545905,0.03675732841216936,0.057367583999999985,0.007819783143779948,0.001105884337675012,-4.521092416000001,1.3034215946660117,0.18433164966666407
ALA 131,9.32906,0.15827209608773402,0.02238305448324911,-6.202259999999999,0.3754580035104022,0.05309778006659359,-5.47452,1.3099896830128102,0.18526051762855478,-2.76628,0.3654493146798905,0.05168233771802541,0.00019008,0.0005992044005178868,8.474029898460355e-05,-5.113809920000001,0.7075914988790508,0.10006854943346603
GLU 132,17.109140000000007,0.30634007312120193,0.043323028610636936,-7.484099999999999,0.29256611218664114,0.04137509637451163,-46.05116,2.7485627106543937,0.38870546624404007,-32.03378000000001,2.7167561339950677,0.3842073370356122,0.485365968,0.024229565309029217,0.003426577987043377,-67.97453403199998,0.22040714312185017,0.03117027710468283
GLN 133,20.571359999999995,0.28203678909031216,0.03988602522196796,-3.4918199999999997,0.14379647979002946,0.020335893194056834,-78.98906,0.8266319473639172,0.11690341110529341,-9.05112,0.6241639733275056,0.08827011562244372,0.9230935679999999,0.016708917506797656,0.0023629977750686485,-70.037546432,0.4424314297106152,0.06256925283168707
SER 134,11.37132,0.15443062390600373,0.021839788277360918,-2.844380000000001,0.2638590449463386,0.03731530399179241,-10.838120000000004,1.7385470098907252,0.2458676760210655,-6.688920000000001,1.0236227789571606,0.14476212167552532,0.39467764800000005,0.05910849616410216,0.008359203692675133,-8.605422352000001,0.8826376089564362,0.12482380772467523
GLY 135,5.918279999999999,0.1944531861400032,0.027499833308585245,-2.2798599999999998,0.34344123281865807,0.0485699249330282,-8.124540000000001,1.321321493202909,0.1868630775942623,-2.3499600000000003,0.792895376704895,0.11213233952789867,0.2755807200000001,0.07196176884064986,0.010176930946680464,-6.56049928,0.8530287695042141,0.12063648549272925
LEU 136,10.83158,0.5500056759706797,0.07778254863399171,-5.930679999999999,0.5314129633345581,0.07515314199686084,-30.977800000000002,0.8644192038585822,0.12224733616725601,-0.2992000000000001,0.49162949464001837,0.06952690989825448,0.12560371199999998,0.036406355188074835,0.005148636126354752,-26.250496288,0.8357228832001613,0.11818906358072141
ILE 137,11.537799999999995,0.2260289362009004,0.03196531870640763,-6.2737,0.2442716725287625,0.03454523121937353,-10.1668,0.9053861054820642,0.12804093095568927,-2.26036,0.7800205576778084,0.11031156515977816,0.006686928,0.018008666645046655,0.002546810060968096,-7.156373071999999,0.7282541123273486,0.10299068425073157
GLN 138,18.552319999999995,0.3284115978469076,0.046444413571571544,-5.492139999999997,0.38811802380207233,0.05488817730623344,-74.55566000000002,1.3176542582922666,0.18634445225955845,-10.490280000000002,1.185807556730831,0.16769851290932444,0.6601619519999999,0.05899261387587514,0.008342815462310187,-71.32559804799999,0.48519638056886105,0.06861713018148209
ALA 139,7.143620000000001,0.055844745500454894,0.007897639647401719,-2.9257400000000002,0.1635399412987465,0.02312804029743871,0.46608,0.2656814513661049,0.03757303117929134,-5.37712,0.27515047810244836,0.03891215378259238,0.43575336,0.019934383381164118,0.002819147533518713,-0.2574066399999999,0.11859619965238032,0.016772035399430358
GLY 140,6.2983,0.07205782400267063,0.010190515197967034,-2.6654199999999997,0.1876507489993102,0.026537823422429396,-11.03704,0.17750582638332935,0.02510311470715483,-2.6234200000000003,0.4403196152796265,0.062270597170735124,0.164565072,0.019279133872402123,0.002726481259315761,-9.863014928000002,0.15122890281400975,0.02138699653823753
ASP 141,13.370000000000003,0.20430242289288802,0.028892725728080573,-7.030540000000001,0.23940812099835682,0.033857421165813514,-79.18830000000001,5.040818982070015,0.7128794569911154,3.5973,4.807026054641268,0.6798161441154511,0.007281935999999999,0.010547648485719648,0.0014916627539648766,-69.244258064,0.563644845588014,0.07971141849922583
ILE 142,12.64698,0.2369201122741844,0.0335055635977108,-6.746080000000001,0.17692550296660198,0.025021044582504978,-11.599419999999995,0.35597281300694356,0.050342157999052124,-1.05474,0.17534865953294257,0.02479804524554297,0.16945790400000005,0.016657968403870998,0.0023557924838336864,-6.583802095999999,0.4932314027527443,0.06975345391612373
ILE 143,13.843760000000001,0.09812330202312815,0.013876730450593918,-8.871559999999999,0.17950043565414786,0.025385195055397495,-9.472559999999998,0.19900323213469237,0.02814330698409633,0.21836,0.1352468498708935,0.019126792935565545,0.0,0.0,0.0,-4.282000000000001,0.2259858402643649,0.03195922402061447
LEU 144,13.009540000000001,0.4355172653293972,0.06159144232764752,-6.591059999999999,0.1886336565939644,0.026676827547521344,-33.099819999999994,0.26449897466804395,0.037405803720932544,-1.05848,0.21028211906864372,0.029738382471142997,0.21064967999999998,0.03636847970585532,0.005143279724291126,-27.529170320000002,0.3410160190011083,0.04822694790578484
ALA 145,7.012480000000002,0.05400045925700639,0.007636818185563418,-5.823059999999999,0.12436243966733684,0.017587504882735354,-5.865319999999998,0.21497352767263506,0.030401847838582834,0.6318200000000003,0.14374431327882073,0.020328515735291524,0.082123488,0.017924803317511114,0.0025349499954494463,-3.961956512,0.10849953509602425,0.015344151404397311
VAL 146,11.198139999999999,0.21324549327009107,0.030157466869750335,-5.638799999999999,0.22098570089491437,0.03125209752961121,-27.464720000000003,0.3727417894467707,0.052713649389883974,-1.5070200000000002,0.17801645878962907,0.02517532903459246,0.008267328000000001,0.007909807871624694,0.0011186157567817108,-23.404132672,0.5547180425502966,0.0784489779067685
ASN 147,21.741099999999996,1.019459430286602,0.14417333526004614,-4.125020000000001,0.32344325561061543,0.045741783874264,-93.82990000000001,1.769291872473257,0.25021565618481684,-5.461860000000001,0.7147867097253547,0.10108610590976373,0.531112464,0.0480179952755948,0.006790770015671336,-81.14456753600001,0.565883304567653,0.08002798440400796
ASP 148,14.083999999999998,0.3714798514052853,0.052535184400569646,-0.9239000000000003,0.10133178178636441,0.014330478010170752,-54.39958000000001,3.3473166870792137,0.4733820656425201,-22.874139999999993,3.071730150973612,0.43440824394572364,0.8054822880000002,0.02136524783653841,0.0030215023253895045,-63.30813771200002,0.1458703558976513,0.020629183565864864
ARG 149,14.9759,0.20219893669358915,0.028595247856949262,-4.1352400000000005,0.1489097122420076,0.021059013462172205,-153.52100000000002,1.9522643775874033,0.2760918760121975,-43.34461999999999,1.852925825714692,0.26204328327970833,1.0572132959999998,0.027966717970115705,0.003955091184840098,-184.967746704,0.18387165219068857,0.02600337842640204
PRO 150,19.25544,0.14555386082152166,0.020584424402956183,-4.584640000000001,0.1236834281542695,0.017491478153656623,-1.2567000000000002,0.5951093765014964,0.08416117513438127,-6.21218,0.5912496153064234,0.08361532247142191,0.5918238720000002,0.011835506080505672,0.0016737933216600354,7.793743871999998,0.12341301552011441,0.017453236032190705
LEU 151,11.888640000000002,0.10272190808183305,0.014527071556217075,-8.79886,0.16678357353168916,0.023586759166956517,-29.86148,0.3433343699664073,0.0485548122435315,-0.44732000000000005,0.17927659523763848,0.025353539240114013,0.0,0.0,0.0,-27.21901999999999,0.21769947083217375,0.030787354417230614
VAL 152,13.392560000000005,0.26681230556305724,0.037732958113530994,-3.0302799999999994,0.31137411838494433,0.04403495011919539,-30.382340000000003,0.31587026514071004,0.04467080129123776,-1.6742399999999997,0.22464554836453302,0.03176967812238636,0.585732528,0.03930674957843833,0.005558813834663042,-21.108567471999994,0.3537866621787256,0.05003298958398623
ASP 153,13.153559999999997,0.06430930259360702,0.009094708791463431,-1.9000600000000005,0.06550127021667382,0.009263278469308498,-57.698219999999985,1.6000912510232588,0.2262870748231625,-24.778620000000004,1.499889701144607,0.21211643574224315,0.7415857439999999,0.017453837463619937,0.0024683453656506936,-70.48175425599999,0.24940458070812982,0.035271134055541234
LEU 154,11.454379999999999,0.12643557885342832,0.017880691038101124,-6.89322,0.15888124999504669,0.022469201854978527,-31.956879999999988,0.19918269402907568,0.02816868672859293,1.4654999999999998,0.22005537939346337,0.03112053020113928,0.287108064,0.009854301366404439,0.001393608664008088,-25.643111936,0.2996296867057814,0.042374036662891745
SER 155,11.423560000000002,0.08033882249548482,0.011361625235819933,-3.71132,0.15681434118089127,0.022176896807261818,-10.91292,0.237412454601723,0.033575191317404336,-5.186960000000002,0.3132578465098366,0.044301349505400024,0.43357363200000004,0.008175237919799494,0.0011561532341807252,-7.9540663679999986,0.20132749414820633,0.028472007270298333
TYR 156,11.154679999999999,0.22590010535641586,0.03194709927365544,-7.846000000000001,0.3057904511262302,0.04324530032269018,-25.891559999999995,1.704899447592253,0.24110919212673618,-3.446860000000001,0.8687184586504396,0.12285534261073025,0.4405541760000001,0.03365657456130877,0.0047597584207624164,-25.589185824,0.9475102351192077,0.13399818249929035
ASP 157,13.776719999999997,0.12078295243956455,0.017081288944349668,-3.8627199999999995,0.20070844924915499,0.028384461101102702,-35.337019999999995,2.14882318946917,0.30388948976891106,-42.9829,2.3581466896696215,0.33349230305959965,0.7222730399999999,0.022660630277273962,0.0032046970670043225,-67.68364695999999,0.19104368371608024,0.027017656851699667
SER 158,13.411379999999994,0.08542081479445286,0.012080327479127555,-5.272120000000001,0.05080418880348191,0.0071847972831247464,-6.961659999999998,1.1681732852620828,0.16520465032195716,-9.21812,1.1228622291269643,0.15879669931078386,0.3425506559999999,0.01411749776305066,0.0019965156803278075,-7.697969343999998,0.1552251106791532,0.021952145674332322
ALA 159,9.239900000000002,0.08124807690016027,0.011490213226893883,-6.5478200000000015,0.12739524166926275,0.01801640785504694,-5.33746,0.2791509419651075,0.03947790480762797,-0.02274,0.14990394391075906,0.02119961905318112,1.9152000000000002e-05,0.000134064,1.895951270259866e-05,-2.668100848,0.2736480473192446,0.03869967798357901
LEU 160,13.3945,0.06378691088328324,0.009020831447302313,-5.556699999999999,0.11392300031162313,0.016111145210693175,-39.14042,0.32749400544070406,0.046314646409013185,2.7418600000000004,0.26347516087859013,0.03726101458629353,0.16514265599999997,0.021576453785626577,0.0030513713571549412,-28.395617343999994,0.2756665407684386,0.038985136064720156
GLU 161,17.490260000000003,0.36025578746198733,0.05094786205521417,-3.9342200000000007,0.16497857921558207,0.023331494422772017,-29.699939999999998,5.403758741505785,0.7642068900029648,-52.96682,5.39829826034093,0.7634346613509227,0.933700464,0.0450121658921265,0.006365681547643293,-68.177019536,0.4301628866578437,0.0608342188341083
VAL 162,13.068320000000002,0.10951428034706562,0.01548765805403495,-5.54158,0.20865934822101517,0.029508888017009,-25.60683999999999,0.5564551863361223,0.07869464713693919,-1.62744,0.6652032820123488,0.09407395031569583,0.226250208,0.03594438065965697,0.005083303061998806,-19.481289792,0.17845302029857252,0.025237068155268248
LEU 163,13.274279999999997,0.1951664971250566,0.02760071071551047,-6.8715,0.46333207313978614,0.06552505017167283,-27.622520000000005,1.9968353686770555,0.2823951660209371,0.4639,0.9587669633440652,0.1355901242716445,0.15115247999999998,0.008709811282088661,0.0012317533240839978,-20.60468752,0.7966629564596618,0.11266515576655002
ARG 164,11.594559999999996,0.24854361066031197,0.035149374503699135,-3.583000000000001,0.3057138531372016,0.043234467731196706,-146.81341999999998,4.675093578058877,0.6611580743454223,-61.60486,4.1864640450384565,0.5920554230880712,1.3771114560000002,0.04902854908538898,0.0069336839060032095,-199.02960854400004,0.5450396331430172,0.07708024412217111
GLY 165,5.623819999999999,0.27141243081334004,0.03838351406528748,-1.4594200000000002,0.15284529302533081,0.021615588634131266,-13.260240000000003,0.2970784111980651,0.04201323182045548,-3.87314,0.2016462258511238,0.028517082740000747,0.4663884960000002,0.01743958446322032,0.002466329687003729,-12.502591504,0.18128044350802588,0.02563692618020599
ILE 166,12.503400000000005,0.18864898621483303,0.026678995483295193,-3.8612799999999994,0.16431178168350427,0.023237195011449885,-17.594759999999994,0.3546062357039943,0.05014889478346592,2.1112200000000003,0.5170625993049568,0.07312369405329551,0.13151059199999995,0.06273146203971297,0.008871568440405505,-6.709909408000001,0.3340204507195914,0.04723762515176202
ALA 167,8.181880000000001,0.10839236873494673,0.01532899579227071,-2.24496,0.07334819970524646,0.010373001879880979,-6.945999999999999,0.3962273084985602,0.05603500334612521,-1.5596199999999996,0.24121541327204213,0.034113010890275304,0.47085220799999994,0.010331410637855589,0.0014610821042501043,-2.0978477920000005,0.2883668675853139,0.04078123350781973
SER 168,11.06092,0.0242683662414601,0.003432065267531025,-3.089200000000001,0.18043381057882588,0.02551719420312336,0.062319999999999987,0.781544021536855,0.11052701548490305,-16.31052,0.815867691234345,0.11538111540456354,0.508696848,0.037051186193513753,0.005239829001687792,-7.767783151999998,0.1770053628465947,0.0250323384750425
GLU 169,16.674300000000002,0.1650522644493506,0.023341915088466225,-2.3429199999999994,0.23558453599505158,0.03331668458895745,-52.222260000000006,3.417641723820673,0.4833275277159359,-29.002419999999997,3.8331882661303913,0.5420946833091008,0.8453576160000001,0.028395810248915982,0.0040157739968589914,-66.04794238400002,0.17466009526759438,0.02470066755328088
THR 170,14.5177,0.0728094087324607,0.010296805329781196,-4.3297,0.15347185409710798,0.021704197750667495,-36.16008,0.2585723759414232,0.036567656091139523,-2.48108,0.24386683579363816,0.03448797865923756,0.36652824,0.009590878069164447,0.0013563549840479045,-28.086631760000003,0.15144759662281992,0.021417924513280166
HIE 171,28.95954,0.3620257565422125,0.051198173483037714,-6.438300000000003,0.4212952527622085,0.05958014602197164,-13.177819999999995,2.3118434522259714,0.32694403642214054,-11.109859999999996,1.8987949548068916,0.26853015772535144,0.8757285120000001,0.07711202215744102,0.01090528675570677,-0.8907114880000008,0.7321568833383794,0.1035426194201952
VAL 172,11.130559999999996,0.48837723779888603,0.06906697132494947,-5.34958,0.3493313664703033,0.04940291562246287,-31.313979999999997,0.7182819081670597,0.10158040161370818,0.7918799999999999,0.4213905855616616,0.05959362811576419,0.0018167040000000006,0.0024827585516888264,0.0003511150815896121,-24.739303296000003,0.673630635885108,0.09526575812987317
VAL 173,11.240780000000003,0.5316833377113839,0.07519137870792335,-4.242820000000001,0.43096207211306997,0.06094724072507154,-30.16188,0.434469959375892,0.06144333089930741,0.5063799999999999,0.2951812250127032,0.041744929177086915,0.30041985599999993,0.07161253384064055,0.010127541659333609,-22.357120143999996,0.4456608457017973,0.0630259612210145
LEU 174,11.073960000000001,0.3256614782255417,0.046055487924903146,-7.641519999999998,0.3227714510300187,0.04564677635934957,-30.071899999999996,0.39741294644220276,0.056202677872121555,-1.36732,0.3032378894531479,0.042884313589003506,9.561600000000001e-05,0.00043791638259375507,6.193072874494535e-05,-28.006684384,0.3242360262579354,0.04585389857439312
ILE 175,13.615060000000005,0.4287709603038037,0.060637370721337513,-6.306319999999997,0.6057109026590489,0.08566045734176765,-14.249460000000004,0.33794095401397145,0.047792068044786085,0.2584,0.24273417559132468,0.03432779631727036,0.33849,0.07252255116514283,0.01025623754356417,-6.34383,0.4680714071458748,0.0661952932144755
LEU 176,11.15146,0.3219326768130737,0.04552815577201232,-8.839820000000001,0.23936680555164067,0.03385157827930537,-27.22797999999999,0.330989334572067,0.046808960595266305,0.32544000000000006,0.19423708811655915,0.027469272433029587,0.0011354400000000006,0.0009534597111572142,0.0001348395654694866,-24.58976455999999,0.3160798834692074,0.04470044579954605
ARG 177,11.00058,0.5732969593500289,0.08107643351800678,-7.50916,0.46747976897403626,0.06611162294181233,-124.41317999999993,4.0136292787970085,0.5676128960412473,-81.52416000000004,3.8024638242058173,0.5377495910624931,0.8615244959999997,0.09283475672417113,0.013128817201892969,-201.584395504,0.5887554722942967,0.08326259738399713
GLY 178,6.428060000000001,0.09290434004927137,0.013138657770100147,-2.66324,0.1989559307987497,0.028136617565015478,-8.778480000000004,1.4483784483345368,0.20483164450836008,-0.10579999999999998,1.0024666777504379,0.14177019715017683,0.025442639999999992,0.008241803392947465,0.0011655670136718895,-5.094017359999999,0.5847837248692689,0.08270090747651766
PRO 179,17.74028,0.07032354939865759,0.009945251731379588,-4.645479999999999,0.4295199292233207,0.0607432909217152,-9.080680000000003,0.8727703578834137,0.12342836769559436,-1.6784799999999995,0.7547217034112653,0.1067337668781536,0.313526592,0.047596222798049266,0.006731122379873277,2.6491665920000007,0.4045132064134359,0.05720680626689083
GLU 180,14.372840000000002,0.04320711052518314,0.00611040816956673,-1.0676799999999995,0.09839582104947804,0.01391527046090079,-31.974039999999995,2.0150405153249067,0.2849697625503753,-47.04789999999999,2.0802386425603023,0.29419017012813764,1.317064464,0.028875584691218207,0.00408362434917737,-64.39971553599999,0.07413274302621012,0.010483953060358583
GLY 181,6.0434399999999995,0.07402625480199923,0.010468893351267376,-2.174680000000001,0.07315803168482365,0.010346108060519821,-5.3555800000000024,0.7849000978468339,0.11100163634829618,-6.411020000000001,0.6369048120402288,0.09007194231279785,0.30927355199999995,0.013897528525178454,0.0019654073323774326,-7.588566447999999,0.23566858628693502,0.03332857109522775
PHE 182,8.716019999999999,0.20311341560820878,0.028724574705305192,-5.34448,0.20263861823452733,0.02865742821678125,-8.171780000000002,1.1324480260038272,0.16015233570572518,-3.1147199999999997,0.9694681230447951,0.13710349678983377,0.6331944960000001,0.020295628117766355,0.002870235254102591,-7.281765503999999,0.36404524479386474,0.05148377225049169
THR 183,15.018879999999994,0.21552230882269727,0.030479457213102103,-4.7202,0.4157235619976376,0.05879218995751113,-30.526020000000003,1.0148058235938524,0.14351521589016247,-9.304239999999997,0.6979279492899451,0.0987019171445082,0.21711801599999997,0.02783331087789158,0.003936224572926086,-29.314461983999994,0.44877917680467955,0.0634669598347811
THR 184,14.580839999999998,0.4251354777010331,0.06012323584107655,-7.759960000000001,0.37692784243140437,0.0533056466802521,-34.26888,2.605551800598127,0.36848066938715096,-1.5546400000000002,0.6908389902140727,0.09769938693768755,0.006639119999999999,0.010438994161201545,0.0014762967120304775,-28.996000879999997,2.0063681122787203,0.2837432995497471
SER 185,10.463019999999997,0.261901316529798,0.037038439383980916,-4.873799999999999,0.2777426866724093,0.03927874743420623,-8.7491,2.0846583341161704,0.2948152089021191,-5.6111200000000006,1.33864191836353,0.18931255561108418,0.07260393599999998,0.045543180083774414,0.0064407782948074,-8.698396064,0.9846208267410059,0.139246412697214
ILE 186,13.124759999999998,0.686292228136121,0.09705637767813526,-6.9193999999999996,0.4499812884998742,0.06363696410106424,-13.276600000000006,0.8278170570843947,0.11707101092925336,-0.25904,0.7611366752430209,0.1076409808948246,0.038421791999999975,0.01634931335546352,0.0023121420682784086,-7.2918582080000025,0.6165542918338055,0.08719394414507069
GLU 187,15.46182,0.4449449264796587,0.0629247149536633,-5.3582600000000005,0.7740578999015456,0.10946831801028013,-65.52240000000002,7.921124778716582,1.120216209131057,-16.0577,6.759771742448112,0.9559760876716528,0.24047582400000006,0.04564866653093147,0.006455696331229006,-71.236064176,2.049081827013643,0.2897839310174934
MET 188,11.738480000000003,0.5476484361339087,0.07744918457929893,-10.478119999999999,0.4698737549598093,0.06645018368673347,-11.70446,1.0290896211700937,0.1455352499156137,0.17891999999999997,0.7015365661175474,0.0992122526304085,0.005054544000000001,0.019514738012529502,0.0027598007163476997,-10.260125456,0.7023623223461948,0.09932903219618522
ASP 189,14.711239999999998,2.1282533924323976,0.30098048117444454,-5.751519999999998,1.0135036110443938,0.14333105522530878,-58.41888,6.958234829725088,0.9840430066374063,-20.48915999999999,5.786924825362812,0.8183947572461643,0.20351534399999996,0.044135659813136004,0.006241724869202212,-69.744804656,2.1721317907233293,0.307185823770269
VAL 190,13.41356,0.6890584637024254,0.0974475824635939,-5.200039999999999,0.3471440023967234,0.04909357562859244,-32.468500000000006,1.4008259742021933,0.1981067091241245,0.09127999999999999,0.7272509344098502,0.10284881346909164,0.08273592,0.022487119038027113,0.0031801588722276167,-24.080964079999994,1.1185292959715964,0.15818393002746614
THR 191,13.515780000000005,0.4305809234045035,0.06089333815777796,-4.75932,0.6821375650116364,0.0964688195843615,-32.88284,4.517708668606256,0.6389004869993467,-6.958039999999999,3.1486483129114338,0.4452861147262514,0.24952536000000003,0.05859861193850903,0.008287095173967743,-30.83489464,1.7758070794091048,0.25113704558585115
GLY 192,5.245059999999999,0.13256355607789558,0.018747317888176625,-3.05418,0.3368633366812112,0.0476396699400823,-7.571060000000002,0.9868077302088694,0.1395556875515993,-3.4254599999999997,0.9642386055328843,0.13636393133083258,0.21714192000000002,0.034856873346323036,0.004929506302829128,-8.588498079999997,0.4541590812183849,0.06422779321339439
ASP 193,12.904820000000003,0.32444917568074255,0.04588404245484771,-1.4514799999999999,0.2631292640509614,0.03721209738781209,-34.67994,4.702138111157526,0.6649827488950381,-48.94072000000001,4.2878872841528315,0.6063988351176072,0.9120922560000001,0.0231604719329732,0.0032753853518572114,-71.25522774400001,0.832515968840671,0.11773553740266539
GLY 194,4.90894,0.14124211978017145,0.019974652137144364,-0.9782799999999999,0.20307043507118522,0.028718496339467513,-3.1126400000000007,1.0782836317036426,0.15249233360402067,-9.823960000000001,0.9487779921562078,0.13417747041884232,0.398002464,0.04002720214632905,0.0056607012139188,-8.607937536000001,0.33894069941504873,0.04793345339529845
THR 195,15.887720000000003,0.12448084832581002,0.017604250395806872,0.08843999999999996,0.2474014680635505,0.034987851148648726,-15.459720000000003,2.820471762241173,0.398874941845181,-15.159559999999997,2.2900301234700056,0.3238591658854215,0.8601256800000003,0.05534876011566847,0.007827496721611338,-13.782994320000002,0.7828478296587931,0.11071140179778076
PRO 196,18.727200000000003,0.3978309691310795,0.056261795207720476,-4.626340000000003,0.3740945126568618,0.052904953340868734,-1.2681399999999998,1.4255592728469764,0.20160452576269214,-2.93644,1.166356792066647,0.16494775939066283,0.24472915199999995,0.0386944048234073,0.005472215208921751,10.141009152000002,0.5012893171487403,0.07089301509844961
LYS 197,11.214679999999996,0.9452148208741136,0.1336735619036227,-4.065879999999999,0.5329306386388468,0.07536777369672122,21.81558,8.987861267487384,1.2710755301208494,-61.37688,9.58220065254325,1.3551278120206984,1.0321487999999999,0.13853878620544222,0.019592343036644304,-31.38035120000001,1.276466399038502,0.18051960934337963
THR 198,15.330540000000001,0.33039383832020897,0.04672474470769431,-5.039439999999999,0.45672714655471675,0.06459097249616447,-34.99466,0.9825982416023625,0.13896037596380162,-5.982799999999998,0.9070141784999963,0.1282711752499386,0.37428379199999995,0.05066280040438289,0.00716480194396794,-30.312076207999997,0.8042568401272375,0.11373909309392694
ILE 199,14.26154,0.6910140725050246,0.09772414731272709,-3.3585200000000004,0.4169592421328498,0.058966941518108336,-5.725,0.4007994011971661,0.05668159489640476,-0.63408,0.3534143652994314,0.04998033885439352,0.5722172640000002,0.0655627623829175,0.00927197477485665,5.116157263999999,0.4700067487291716,0.06646899184596779
ARG 200,12.526819999999997,0.3087496519837597,0.043663794521340615,-8.578400000000002,0.44368448248721476,0.0627464612547907,-178.11953999999997,5.690056362497931,0.8046954878511893,-29.02398,4.949155954261259,0.6999163472815829,0.2934822239999999,0.08539717368179982,0.012076984120913204,-202.90161777600002,1.2709540205380792,0.17974004129975646
VAL 201,11.02712,0.22594084535556083,0.03195286077958762,-2.3745999999999996,0.35654671503184865,0.05042332000176154,-35.63438,0.9723791624669497,0.13751517993297513,-1.10594,0.3133648614634393,0.04431648370527619,0.3896046719999998,0.04515657807304454,0.00638610451412591,-27.698195328000008,0.789862394568827,0.1117034110807724
THR 202,14.781299999999998,0.4729108689806901,0.06687969647061377,-3.726140000000001,0.5247490832769406,0.0742107270413098,-36.97824,1.9634080020209481,0.2776678224929886,-4.069339999999999,0.6943772061351149,0.09819976623190177,0.39966883200000003,0.03264691455150623,0.004616970932837566,-29.592751168000003,1.134545928406769,0.1604490239088027
GLN 203,20.14922,0.13104476944986893,0.018532529023406005,-3.08486,0.16970928200896962,0.024000516827768513,-63.930020000000006,0.47676113474111476,0.0674242062763271,-12.477039999999999,0.4896058398345218,0.06924072189110501,0.83346192,0.022665631700109122,0.003205404375004787,-58.50923808,0.2754671237216769,0.038956934235510284
PRO 204,18.17478,0.09736761063126101,0.013769859549059207,-3.441959999999999,0.13678171807668044,0.01934385607887346,0.23273999999999997,0.5017008196126451,0.07095121033499004,-2.30136,0.5435414891247964,0.07686837456327551,0.7606681919999998,0.027971493336327282,0.00395576652360627,13.424868192000003,0.18596166730424465,0.026298951198317613
LEU 205,9.219359999999998,0.19350325682016292,0.027365493015843848,-2.73944,0.4175448316049442,0.05904975637545022,-50.48016,3.1794386885737445,0.44964053141147164,-57.84108000000001,3.362711726211144,0.4755592529558842,1.207684656,0.050924716701870314,0.007201842501979266,-100.633635344,0.5757117264107009,0.0814179331507242


