#Frame       SA_00001
       1    5913.6673
       2    5907.3678
       3    5939.8177
       4    5920.4518
       5    5935.5510
       6    5954.7451
       7    5890.0286
       8    6091.2961
       9    5949.5932
      10    5894.9944
      11    5917.3252
      12    5996.9433
      13    5945.0410
      14    5991.2514
      15    5935.0545
      16    5900.3589
      17    5960.6081
      18    5890.4785
      19    5858.9334
      20    5948.6828
      21    6006.2745
      22    5941.3914
      23    5973.0317
      24    5983.6930
      25    5963.3159
      26    5986.7540
      27    5975.1724
      28    5909.1494
      29    5987.5374
      30    6003.8118
      31    5998.7044
      32    5865.2740
      33    5905.1141
      34    5957.5336
      35    5948.9150
      36    5882.2160
      37    5963.3325
      38    5837.0244
      39    5956.2765
      40    5900.7107
      41    5977.4969
      42    5968.9410
      43    5906.8565
      44    5987.2276
      45    5962.3372
      46    5980.6691
      47    5961.0090
      48    5930.6606
      49    5887.9002
      50    5942.5012
