| Run on Mon Jun 20 15:45:52 2016
| GB non-polar solvation energies calculated with gbsa=2
idecomp = 2: Per-residue decomp adding 1-4 interactions to EEL and VDW.
Energy Decomposition Analysis (All units kcal/mol): Generalized Born Solvent

Total Energy Decomposition:
Residue,Internal,,,van der Waals,,,Electrostatic,,,Polar Solvation,,,Non-Polar Solv.,,,TOTAL,,
,Avg.,Std. Dev.,Std. Err. of Mean,Avg.,Std. Dev.,Std. Err. of Mean,Avg.,Std. Dev.,Std. Err. of Mean,Avg.,Std. Dev.,Std. Err. of Mean,Avg.,Std. Dev.,Std. Err. of Mean,Avg.,Std. Dev.,Std. Err. of Mean
ARG   1,7.77136,0.022372089755232888,0.0031638912750478524,-1.93318,0.05458633162249412,0.007719673050072653,-286.3027000000001,0.8380274995429021,0.11851498554951849,-18.73742,0.8314860212896042,0.11758988082314023,1.55660184,0.006092710323396838,0.0008616393570958375,-297.64533815999994,0.018272722436531094,0.002584153189122142
MET   2,9.773079999999998,0.01676405678922282,0.002370795647171167,-4.202440000000001,0.024308977765301415,0.003437808604311527,-4.417400000000001,0.05964997904440072,0.00843578093598624,-3.7873199999999985,0.05744020891338786,0.008123272247085705,0.5248431359999999,0.005822950425966172,0.0008234895465427551,-2.109236864,0.02068114245929217,0.002924755215130105
LEU   3,12.243900000000002,0.013327040177583021,0.001884728096542905,0.50248,0.01069811198295494,0.0015129415058081001,-15.34183999999999,0.04105282451087776,0.005805746119700595,-6.778040000000001,0.041430404294158917,0.005859143964740006,1.221079392,0.003542504708682026,0.0005009858203788671,-8.152420608000002,0.015488886712523006,0.0021904593654910455
PRO   4,18.318380000000005,0.017590781673600373,0.0024877122015549737,-4.55116,0.019548258234400075,0.002764541191586012,-0.68782,0.05505331597642505,0.00778571461074717,-4.172819999999999,0.056291274634836984,0.007960788403185506,0.45263016,0.005916957765881652,0.000836784192049864,9.359210159999998,0.015629481746404883,0.0022103425058628513
ARG   5,12.8915,0.03827492651929615,0.005412892018242225,-5.04642,0.03256138203446281,0.004604874808274894,-245.78812000000005,0.4894988718896075,0.0692255943392613,38.11190000000001,0.48160088247285343,0.06810864996439603,0.6683353920000001,0.004505795150751456,0.0006372156611467634,-199.16280460800002,0.05021544509745177,0.0071015363497417845
LEU   6,12.385499999999997,0.008556284245860992,0.0012100413224015864,-3.4901800000000005,0.02806042765171804,0.003968343735104867,-31.420939999999995,0.04559710956307753,0.006448405074911619,-5.959319999999999,0.04546666471179423,0.006429957387128961,0.8713090079999999,0.007849773378950682,0.0011101255974067332,-27.613630992000004,0.034498826720872955,0.004878870863461786
CYS   7,10.606159999999997,0.01587748091109275,0.002245414884078729,-5.46234,0.029764146216674444,0.004209285925207684,-4.564600000000001,0.08107823382376525,0.011466193788682582,-1.3302599999999998,0.08925957875768947,0.012623210685083387,0.04502750399999998,0.0019999110117168355,0.00028283012763092463,-0.7060124960000003,0.027970651840356364,0.003955647518104794
CYS   8,10.037459999999998,0.016166892095647964,0.002286343806308774,-4.1507999999999985,0.04693570069800184,0.006637710448659855,4.0909,0.05414323595788345,0.0076570098602405405,-7.1091999999999995,0.07829125110769965,0.011072054913166644,0.6067222559999998,0.01288461728487973,0.001822160051026372,3.475082256,0.030870326371087022,0.004365723422887507
LEU   9,13.144600000000002,0.1900258929724215,0.026873719504365668,-7.28788,0.18485990803854152,0.026143138908714853,-33.203039999999994,0.36485487306645786,0.05159827097884988,0.023519999999999996,0.14855574576568892,0.021008955043028674,0.022040207999999995,0.0034028446220090796,0.00048123490150935884,-27.300759791999994,0.25427143733547497,0.03595941152039293
GLU  10,15.428080000000001,0.14973093735073284,0.021175152230824258,-4.2728399999999995,0.2663214118316604,0.03766353525626846,2.9023200000000005,1.9856678114931505,0.28081583493813156,-76.65930000000002,2.2499081781260806,0.31818506596000445,0.8858473919999998,0.05938057808027352,0.008397681886267733,-61.715892608,0.2707119610704438,0.038284452684243894
LYS  11,9.68504,0.08429755868342481,0.011921475076504123,-6.0250200000000005,0.37525977615512796,0.05306974648516737,-0.7890599999999999,2.70714108542573,0.38284756382664886,-37.50286,2.560848914012757,0.36215872653852527,0.7979215680000002,0.06512160135936593,0.009209585184586947,-33.833978431999995,0.4846743590435468,0.06854330518938707
GLY  12,6.978619999999999,0.06800879060831984,0.009617895403887789,-1.2420400000000003,0.11188207363112038,0.015822514591555568,-3.1798799999999994,0.47337036831640006,0.06694467948986002,-3.7483000000000004,0.34499021725260026,0.048788984412466777,0.181385712,0.007853751182833064,0.0011106881438266256,-1.010214288,0.2171578121229857,0.03071075230795949
PRO  13,18.487560000000002,0.05765697182516213,0.00815392715205077,-1.1469799999999994,0.04421288952331925,0.00625264679955814,-4.657799999999999,0.37576497974133916,0.05314119306150531,-6.05048,0.3395660312811039,0.048021888675894374,1.1311668000000006,0.02624519891580187,0.003711631625390665,7.7634668,0.06842477611310531,0.009676724638149612
ASN  14,16.803899999999995,0.7918809064500612,0.11198887176859766,-2.2325800000000005,0.350141862107343,0.049517537014677454,-82.57916000000003,3.19373409262493,0.45166220684035063,-13.26914,2.586292558934505,0.36575700131097943,0.6544398240000001,0.10812582258610072,0.015291300474401075,-80.62254017600002,0.4519774941239424,0.06391927020774851
GLY  15,5.6325,0.11313695240727835,0.01599998124999324,-3.025420000000001,0.14033304528868643,0.01984608958963781,-11.851180000000001,0.8484453238718467,0.11998828839515986,-0.11496000000000003,0.621343060152763,0.08787117825544392,0.10689652799999999,0.006911214226835841,0.000977393289205713,-9.252163472000001,0.2908492583890549,0.04113229658199581
TYR  16,9.543860000000002,0.1492962169646858,0.021113673484245483,-10.97558,0.31850319244861625,0.0450431534419961,-30.52422,1.333702804825666,0.1886140594759494,-0.34086000000000005,0.6369866877729864,0.09008352128996734,0.018722016000000008,0.010678251625268228,0.0015101328270886872,-32.278077984000014,1.182456802773937,0.16722464474032298
GLY  17,6.257419999999999,0.21970435498646076,0.031070887853428573,-4.0709,0.11073287678010767,0.015659993614301704,-9.153979999999997,0.5206867960684863,0.07363623287486473,-2.726239999999999,0.3071737332520585,0.04344092595698364,0.0033514559999999983,0.0064779475533585495,0.0009161201286301269,-9.690348543999999,0.3254944650388128,0.04603186869352643
PHE  18,9.627340000000002,0.1317149361309271,0.01862730490434631,-9.78048,0.08105608922206525,0.011463062069076832,-7.192200000000001,0.406231904212356,0.05744986684057619,-0.36051999999999995,0.17673259348518608,0.024993763062012106,0.0,0.0,0.0,-7.705859999999999,0.3211590889263702,0.04541875392390596
HIE  19,29.393240000000013,0.19063258483025816,0.02695951868971906,-10.13862,0.30786548296300764,0.04353875413928284,-20.01458,3.5398965413695387,0.5006169698202413,-6.1321400000000015,2.584298659288431,0.36547502131883053,0.24278918400000005,0.04773958661726044,0.006751397085621481,-6.649310816000002,1.1806657902044808,0.1669713573137124
LEU  20,11.324419999999998,0.06870519339907225,0.009716381631043441,-9.11246,0.27019846113551416,0.03821183282701837,-33.07334,0.884232901672418,0.12504941618416487,0.53044,0.49934621897036513,0.07061821951876156,0.0,0.0,0.0,-30.330940000000002,0.5766342483759684,0.08154839745821103
HIE  21,28.682819999999996,0.32071262463431505,0.04535561433821199,-9.97364,0.6264933123346192,0.08859953390396619,-24.875960000000006,4.30197076679975,0.6083905403340789,-4.03862,3.3387784526080795,0.47217457694374015,0.29099664,0.05500688734372069,0.0077791486105418745,-9.91440336,1.6755208381847169,0.23695442933995625
GLY  22,5.17302,0.32846019484864347,0.0464512862254661,-3.16346,0.18985691559697856,0.02684982249475711,-7.446719999999999,2.3073462855843783,0.3263080410164612,-5.446740000000001,2.0260718625952023,0.2865298306424653,0.08758123199999997,0.032065484932166176,0.004534744367513953,-10.796318768,0.42221919462470064,0.059710811133249705
GLU  23,15.403839999999997,0.35556092923726074,0.05028390883773144,-4.95558,0.3145879902348466,0.04448946023498149,1.811460000000001,1.7748555570524598,0.2510024800036843,-73.66326000000001,1.7338003323335984,0.24519639444331542,0.5842632959999999,0.04513676817344111,0.006383302971257069,-60.81927670400001,0.6584493030811132,0.09311879345524228
LYS  24,9.651459999999998,0.09629542252908758,0.013618229253508335,-1.37264,0.26601321470934397,0.037619949601242035,14.20912,3.215975432990749,0.45480760735942033,-51.834699999999984,3.248607610962241,0.45942249422512604,1.517592096,0.07362390729497723,0.010411992821145624,-27.829167903999995,0.9465401194665407,0.13386098742798314
GLY  25,6.3995999999999995,0.022315913604588025,0.0031559467676354645,-1.2294800000000001,0.04763286260555418,0.006736304031142896,-6.4488,0.8899907639970254,0.12586370088313856,-4.71218,0.8151392443012397,0.11527809745133688,0.6193655999999997,0.021581595054755365,0.0030520984424079155,-5.3714944,0.14934650623671653,0.02112078546130025
LYS  26,9.772059999999996,0.06855316477062111,0.009694881536220983,-4.530960000000002,0.10893703869659159,0.01540602375694825,-7.139620000000001,2.204039626594761,0.3116982731938043,-29.365100000000005,2.08766900872719,0.2952409825887987,0.873147744,0.024117761845574827,0.0034107665896096285,-30.390472256,0.2174040900240208,0.03074558126273515
LEU  27,11.077760000000001,0.06693924409472224,0.00946663868537593,-2.6948199999999995,0.030257356130388227,0.004279036340114774,-25.913999999999998,0.790971200487167,0.11186021991754799,-8.128299999999998,0.7946373827099038,0.11237869637970055,0.8731596960000004,0.009350980222741709,0.0013224283052483909,-24.786200303999998,0.13370512727748937,0.018908760435464633
GLY  28,5.001259999999999,0.04555120635082511,0.006441913380379233,-3.56724,0.03074316834679047,0.004347740562635032,-5.157240000000002,0.3406904495285733,0.048180905429429474,-5.148459999999999,0.36601793453326903,0.05176275270887366,0.006403535999999999,0.0019515256413134864,0.00027598740292643847,-8.865276464000003,0.09885492374819493,0.013980197387205543
GLN  29,18.786200000000004,0.10460248562890921,0.014793025383434017,-8.76844,0.13665579534002273,0.019326047914674214,-80.63636000000001,2.3315778413761903,0.3297349005002793,-2.2153999999999994,1.8904950039606043,0.26735636741996643,0.064237392,0.04867064050193643,0.006883067988722376,-72.76976260800002,0.5966309217948439,0.08437635413334296
TYR  30,8.832639999999998,0.06654164410374609,0.009410409555412141,-8.4648,0.3333742641536709,0.04714624057122721,-26.397220000000008,0.5693813235429865,0.08052267899164348,-2.9646400000000006,0.2361954072373031,0.03340307482852303,0.220183056,0.017107410392039984,0.002419353179350537,-28.773836943999992,0.2641360880397351,0.03735448380179672
ILE  31,12.636559999999998,0.10573441445448821,0.014953104293111504,-8.519779999999999,0.24373816196896128,0.03446978143243951,-6.30484,0.43762730079371737,0.061889846404720505,-0.9732400000000004,0.565062388059937,0.07991188927812917,0.001809936,0.0033357667260022856,0.0004717486544825328,-3.1594900640000003,0.2749609462400946,0.038885349929568123
ARG  32,14.4583,0.7550457800689976,0.10677959823861495,-7.286659999999997,0.6792388566624146,0.09605888031827814,-207.63940000000002,8.963024967052153,1.2675631468293818,1.9042600000000005,7.357964158135048,1.0405732703889716,0.8050030560000002,0.12101543365353577,0.017114166752929174,-197.758496944,1.2254876738226383,0.17331012888410308
LEU  33,11.76732,0.31422688872848703,0.044438392770212776,-4.824059999999999,0.43528773977681434,0.061558982512710136,-35.261619999999986,0.3316262287590207,0.04689903103496496,-0.21998000000000004,0.21690407926085659,0.030674869062475213,0.6513523200000002,0.05434947872326906,0.007686176991835507,-27.886987680000008,0.5595563888856515,0.07913322340746021
VAL  34,11.043800000000001,0.13142222034323695,0.018585908640659097,-6.315820000000001,0.06860574028443508,0.009702316836689429,-28.426640000000003,0.18669834064649626,0.02640313254148271,-3.7067799999999993,0.1484455846430004,0.02099337590765344,0.13956926399999997,0.009629869256802525,0.0013618691706849847,-27.265870736000007,0.1523508034171851,0.021545657243102045
GLU  35,17.33382,0.09079816958426319,0.012840800286471724,-2.9246600000000003,0.27458540456476666,0.03883224031651961,-33.85846000000001,6.53845817363691,0.9246776226166534,-43.29948,6.063340542110412,0.8574858427939178,0.3276659519999999,0.0511545472789988,0.00723434545390158,-62.42111404800001,1.1520000737989238,0.16291741282212444
PRO  36,17.633019999999995,0.09374571776982926,0.0132576465484493,-1.8688399999999996,0.20424704257345305,0.028884893768197223,-8.611580000000002,0.48839566296189457,0.06906957703649104,-1.6438799999999998,0.39626812337103334,0.05604077544074502,0.9631650239999999,0.041214087799755945,0.005828552192725037,6.4718850240000005,0.06560696748507101,0.009278226320355808
GLY  37,5.9761,0.069092763731163,0.009771192353045062,-1.4190800000000001,0.06890336421395024,0.00974440721645014,-21.61407999999999,0.47982925463165504,0.06785810395234598,4.964220000000001,0.27032723059282393,0.03823004357831306,0.2957117759999999,0.011548540172240837,0.001633210213719351,-11.797128224,0.2336870150688573,0.03304833460608638
SER  38,12.677000000000003,0.05030785226946558,0.007114604697334031,-4.145479999999999,0.15804496069159407,0.022350932687477502,-6.8712599999999995,0.6382407636621206,0.09026087440303321,-2.1411599999999997,0.38072779567560056,0.05384304122168469,0.022117679999999997,0.013885127346452386,0.001963653540863051,-0.45878232,0.2180929694452052,0.030843003524763022
PRO  39,19.500199999999996,0.03592380826292541,0.005080393685751978,-7.9073,0.1518267762946272,0.021471548616724772,-6.9028,0.29959566084972117,0.042369224680180576,-2.4081,0.2857354195755224,0.040409090561407054,0.14112403199999993,0.018055425868735323,0.0025534228137987515,2.4231240320000005,0.15272151650406995,0.02159808399062422
ALA  40,9.762299999999998,0.07020149571070608,0.009927990733295719,-7.062940000000002,0.04605536233696508,0.006513211803694306,-7.282039999999999,0.15455716871112715,0.021857684415326258,-1.6766399999999992,0.13547498071601147,0.01915905550908169,0.0,0.0,0.0,-6.25932,0.0998119111128557,0.014115535838217837
GLU  41,17.177480000000003,0.06843485661498515,0.009678150236397011,-5.67422,0.07793466237810781,0.011021625651408826,8.863339999999999,1.6535613397754627,0.23384888729262848,-83.88573999999998,1.6257841284759191,0.2299205963981567,0.6157223999999999,0.019464312689964118,0.0027526694988417996,-62.90341759999998,0.05870278493057607,0.008301827459789163
LYS  42,12.243539999999996,0.194313479718088,0.027480075836922937,-3.595540000000001,0.037625634878244316,0.005321068313771126,-20.03384,1.8744139069052699,0.2650821568646173,-23.200339999999997,1.8302881151338348,0.2588418275472558,1.2864468959999997,0.007417899534779915,0.0010490494126406827,-33.29973310399999,0.1972504030217704,0.027895419513694664
ALA  43,7.3487,0.01927718859138319,0.0027262061550358007,-3.93686,0.04273406603638144,0.006043509576399809,-8.246920000000001,0.0921248804613392,0.013028425538042603,-3.2387599999999996,0.08314554949005684,0.011758556373980177,0.165602304,0.004573871716650808,0.0006468431414242283,-7.908237695999999,0.047936963078785255,0.006779310332499643
GLY  44,6.213660000000001,0.03388782082080021,0.004792461580404501,-2.0615399999999995,0.023806898160055375,0.0033668038255985394,-11.156479999999997,0.09039739819306548,0.012784122652787432,-1.7506,0.0797225187760674,0.011274466727965823,0.276359328,0.004555954408509588,0.0006443092514067752,-8.478600671999999,0.03037817858842252,0.004296123215993909
LEU  45,10.333459999999997,0.015459896509566437,0.002186359531671333,-7.459719999999999,0.028929597301240118,0.004091262885740586,-28.365539999999996,0.16123910319831586,0.022802652652793336,-1.1935200000000001,0.16823831192686017,0.02379249024377209,0.004805567999999999,0.0007132175649659799,0.00010086419532976026,-26.680514432000006,0.041150984272296104,0.005819628006288308
LEU  46,10.790939999999999,0.0319470875039332,0.004518000442638235,-3.4475799999999994,0.028925483574227164,0.004090681116887224,-31.4404,0.24550869638482392,0.03472017281079564,-0.7686799999999999,0.214531996681148,0.03033940592694593,0.8763962400000003,0.010359815694701556,0.0014650991859132588,-23.989323760000005,0.035541680973735425,0.005026352726259443
ALA  47,6.984000000000002,0.018004443895239145,0.0025462128739632676,-3.3913000000000006,0.02863441984739547,0.0040495184898872005,2.8864,0.3403769674933898,0.04813657237485779,-8.475280000000003,0.2268886987048002,0.03208690748575113,0.41491252800000006,0.004684762384026014,0.0006625254499984904,-1.5812674720000002,0.14925414986751645,0.021107724298310825
GLY  48,6.1370200000000015,0.032333567696639004,0.004572656995649548,-2.709600000000001,0.08031014879824616,0.011357570162668104,-10.89094,0.36743496894006583,0.0519631516365178,-2.9763399999999995,0.27874193154242255,0.039420061998936676,0.21633019200000003,0.0082877544640224,0.001172065476463864,-10.223529808,0.07312363604405397,0.010341243782353522
ASP  49,12.107039999999998,0.04214829059459285,0.005960668418971557,-8.405019999999997,0.042010708159487785,0.005941211324404567,22.587659999999996,1.116103106527399,0.1578408150257791,-88.48099999999998,1.13085021112593,0.1599263705586768,0.018051264,0.002873975809902374,0.0004064415568296137,-62.17326873600001,0.11913500604382138,0.016848234130057285
ARG  50,13.231119999999999,0.03598868711117246,0.005089568940462189,-8.687399999999998,0.03565893997311738,0.005042935652983069,-205.62849999999997,1.7257379088367555,0.24405619557783234,0.48038,1.6300123421618626,0.230518556112084,0.43163827200000005,0.00424065124465161,0.0005997186503480653,-200.17276172799995,0.11677276753152663,0.016514163155892554
LEU  51,12.855239999999998,0.023407315097769894,0.003310294247000669,-8.71768,0.043800200912441314,0.006194283816504092,-32.436879999999995,0.09957663179578126,0.01408226231810258,-1.1045199999999995,0.09085356129509319,0.012848633857341607,0.0,0.0,0.0,-29.40384,0.03570230244426659,0.005049068032462791
VAL  52,12.575359999999998,0.015859079419493244,0.0022428125201799376,-6.452139999999998,0.0235889889574022,0.0033359868106227365,-31.99596000000001,0.11792013568227033,0.016676425515874223,-0.74444,0.11392544228573422,0.016111490557983863,0.05941929600000002,0.0028897709036500422,0.0004086753204093044,-26.557760703999996,0.03344626511976527,0.004730016174309824
GLU  53,15.449500000000006,0.016926015475166627,0.002393700064191753,-7.917719999999998,0.017193068371163883,0.002431467046930786,2.6051399999999996,0.9092443018243244,0.12858656231504154,-79.60798000000001,0.8979952224809605,0.12699570225788193,0.31336128,0.002637820598595766,0.00037304416656412485,-69.15769872000001,0.025512969396142202,0.0036080787336434015
VAL  54,11.3925,0.021538105765442444,0.0030459481281314856,-6.85892,0.044174580925924904,0.006247229145759084,-25.606679999999997,0.06893749052809925,0.009749233406080473,-2.55162,0.061048796875922906,0.00863360365084904,0.002078496,0.001099246841971356,0.00015545697923116862,-23.622641503999997,0.045586230925496345,0.006446866603230874
ASN  55,17.402919999999998,0.06261049113367341,0.008854460570808135,-4.48498,0.08464549367806373,0.01197068051532838,-90.15242,0.3123763813123881,0.044176691501700865,-7.0526,0.2425931573643663,0.03430785332835973,0.40181039999999996,0.007084117430533315,0.0010018454947703856,-83.88526960000002,0.1079972591339699,0.015273118856638184
GLY  56,6.06406,0.0079181058345836,0.001119789265957366,-2.10376,0.01281648937893001,0.0018125253101693543,-8.010039999999998,0.03932274659803832,0.0055610761548706275,-6.487779999999998,0.041140875051931765,0.0058181983466338814,0.32974012800000013,0.003077129581340811,0.00043517183871116187,-10.207779871999998,0.027997835837343266,0.003959491915826632
GLU  57,13.8546,0.011757550764682243,0.0016627687751703782,-3.4220200000000007,0.027831270182948394,0.003935935975079555,-0.12502000000000002,1.039859230665382,0.14705830269658357,-80.67924,1.0258038323191072,0.14507056919999775,0.7143255359999999,0.004499958675292307,0.0006363902588716847,-69.657354464,0.02853339108353089,0.0040352308650824925
ASN  58,20.372740000000004,0.012911715602082029,0.0018259923317968697,-4.966420000000001,0.027014137039489735,0.0038203758977051754,-92.16900000000001,0.22583126443554546,0.03193736369726132,-4.632020000000001,0.22995090693447431,0.032519969126672696,0.565841808,0.005632148354425401,0.0007965060588125711,-80.82885819199998,0.010742821838942611,0.0015192644342790513
VAL  59,12.824460000000002,0.023452257886075793,0.0033166501170759756,-6.685100000000001,0.03275744190227503,0.004632601860684606,-30.85947999999999,0.3542905158211592,0.0501042452494443,-0.42505999999999994,0.3175221195444501,0.04490440878132125,0.0,0.0,0.0,-25.145180000000003,0.05976075300612526,0.008451446739889104
GLU  60,16.74522,0.03454868449017316,0.004885921816815188,-5.202220000000002,0.022448420879418746,0.003174686126153335,-28.638840000000002,1.5300079131821291,0.2163757941360324,-49.55818,1.537703192296501,0.2174640709450115,0.38267395200000004,0.002961267258058304,0.0004187864318157441,-66.271346048,0.031360777258407774,0.0044350836525402
LYS  61,9.465300000000003,0.018675384867396314,0.002641098256200913,-1.8104000000000007,0.062119562136228955,0.008785032726173318,-2.6913799999999997,1.6751028731394386,0.23689532015639322,-39.828880000000005,1.65692636698177,0.2343247740039199,1.3312307519999995,0.008216783640479874,0.001162028686345201,-33.53412924800001,0.09881515338274725,0.013974573008185878
GLU  62,15.643600000000001,0.03751159820466465,0.0053049410927327,-4.4211599999999995,0.09510759380830763,0.013450244904838005,-34.553740000000005,3.070119546923142,0.43418047013654487,-52.20965999999999,3.0616135785564143,0.4329775445540106,0.3006086399999999,0.004898486545049244,0.0006927506107110766,-75.24035135999998,0.05283099563359199,0.007471431053869955
THR  63,14.72972,0.034912484873450535,0.004937370960417927,-4.259499999999999,0.36865600496941053,0.052135832207802345,-30.939879999999988,2.3318145178381955,0.32976837160652556,-5.1855400000000005,1.8414174997539234,0.2604157602143154,0.5165101440000001,0.04650191371791959,0.006576363705618536,-25.138689856,0.9281814264058935,0.13126467615660195
HIE  64,30.953140000000005,0.0982720733461967,0.013897769892871491,-11.18884,0.5698275654967989,0.08058578713396161,-14.025099999999995,2.3581473766497605,0.33349240021326265,-7.25162,1.16789584963729,0.16516541499963044,0.12046464,0.05486918566359082,0.007759674652181753,-1.3919553599999999,1.6887061198991928,0.23881910976238843
GLN  65,21.084720000000008,0.044370278336594626,0.006274904938988125,-4.21114,0.042320212664839534,0.005984981871312969,-75.67314000000002,0.6334915314320473,0.08958923153997031,-10.105699999999999,0.6439130764319493,0.0910630605679446,0.7665860160000001,0.008722403564857309,0.0012335341417912637,-68.138673984,0.063773730365083,0.009018967440542525
GLN  66,20.953780000000005,0.02568757675844786,0.003632771943629687,-6.22498,0.034590455330796036,0.004891829105747247,-73.77722000000003,0.11664720997571704,0.016496406636064123,-10.478879999999998,0.12228027477907707,0.01729304230032795,0.6730344000000001,0.005548815550123953,0.000784721020609202,-68.8542656,0.03464368796075109,0.00489935733647157
VAL  67,12.689020000000001,0.03208145258622336,0.004537002534806648,-7.03212,0.050535785340681934,0.007146839301396783,-28.988879999999995,0.6303321549789488,0.0891424282371089,0.24177999999999997,0.4719836136986113,0.06674856277104398,0.0,0.0,0.0,-23.090199999999996,0.2066057114415788,0.029218459918442286
VAL  68,12.9894,0.08415485725749082,0.01190129404731154,-5.34234,0.16214951248769552,0.022931403969228454,-31.575880000000005,0.5035485136504738,0.07121251373173136,-1.4178,0.4455870285365139,0.06301552189738652,0.05701579200000003,0.01549496167078616,0.002191318494327706,-25.289604208,0.21924327301735272,0.031005681016020744
SER  69,14.532900000000001,0.04998929885515485,0.007069554441448182,-4.3194,0.04184495190584258,0.0059177698502092466,-7.92014,0.30936379943359477,0.04375064808662597,-4.906459999999999,0.29868519949941624,0.0422404660012188,0.39656534399999993,0.004226572266614622,0.0005977275821796392,-2.2165346559999994,0.10990608517242421,0.015543067623817484
ARG  70,14.16908,0.0516955858855869,0.007310859867422014,-7.054420000000001,0.1452643232179746,0.020543477602380858,-215.34459999999999,1.8432874762278053,0.2606802148233836,6.22628,1.820146818693481,0.2574076316506564,0.668788848,0.009307493175244881,0.0013162783080126333,-201.33487115200006,0.17534141957188115,0.024797021360430556
ILE  71,14.188940000000002,0.05642389919058683,0.00797954434773002,-7.437380000000001,0.16610356889601638,0.023490591989132014,-9.52802,0.6426375491674959,0.09088267377228794,-0.9115999999999996,0.6272290490721877,0.08870358279122674,0.00043991999999999995,0.001181634948704548,0.00016710841702320082,-3.6876200800000007,0.14691166623365715,0.02077644708584674
ARG  72,12.703739999999998,0.048704336563114,0.006887833331393963,-2.96422,0.12144732026685556,0.017175244743525598,-161.90765999999996,1.5635291057140528,0.221116406646589,-47.84704,1.4295174704772304,0.20216429943981798,1.3813683840000002,0.026789999987562197,0.0037886781318385507,-198.63381161600003,0.09608034929029095,0.013587813304387363
ALA  73,8.47946,0.02920493793853023,0.004130201932093399,-1.7807800000000003,0.24479773610064115,0.034619627843175654,-10.793759999999999,0.18194763642331221,0.025731281507157706,-3.0361199999999995,0.3472872378881812,0.04911383218605572,0.5954384160000001,0.016418033766010302,0.002321860601939119,-6.535761583999999,0.11960062046302904,0.016914081952705277
ALA  74,7.985959999999998,0.7180464319248508,0.10154710024417334,-3.404019999999999,0.11046383842692283,0.015621945845514452,-0.003960000000000026,1.6602404158434405,0.23479345128857407,-3.74122,1.0673240611922885,0.15094241627852656,0.09672048,0.008321764360614657,0.0011768752021654315,0.9334804800000002,0.23847583456709667,0.03372557595430307
LEU  75,12.325659999999997,0.3723864986812516,0.05266340368796567,-0.9076799999999997,0.5123480239056265,0.07245695240623917,-23.905240000000003,0.9894934574820848,0.13993550674506097,-5.96152,0.5965366456471833,0.08436302147267997,1.1335608,0.09100496158345595,0.012870045091456589,-17.3152192,0.647245262601947,0.0915343028553409
ASN  76,19.963100000000008,0.6156762542114071,0.08706977087368373,-3.1499800000000007,0.29386020417877956,0.04155810861913569,-84.11594000000002,2.4552912121367547,0.3472306131779274,-16.082879999999996,1.2509378184386863,0.17690932285214025,0.7321128479999999,0.10391190372358841,0.014695362353790604,-82.65358715199999,1.0071586949975855,0.1424337485927573
ALA  77,8.111399999999998,0.5613336619160242,0.0793845677698195,-2.978080000000001,0.1707926040553051,0.024153721700803054,-3.1803599999999994,0.5220840070333538,0.07383382834446592,-2.2220600000000004,0.5075498166682746,0.07177838343122518,0.4187085120000001,0.029884884322295562,0.004226360871854146,0.149608512,0.7544071803458375,0.10668928659967289
VAL  78,10.977999999999998,0.06980916845280831,0.009872507280394951,-6.89866,0.3025605797191708,0.04278852752783173,-21.088959999999997,0.24170858156065705,0.03418275541850446,-1.40494,0.12360443519550635,0.01748030686229514,0.002407968,0.0013812386321617293,0.00019533664064767803,-18.412152031999998,0.14315999846463645,0.020245881141800034
ARG  79,12.596760000000002,0.05139710497637331,0.007268648292430083,-7.0600200000000015,0.03162245404742919,0.004472090338939433,-184.42994000000007,0.7415155941628311,0.10486614099762195,-20.09574,0.7550673032253418,0.10678264207257565,0.8450573760000003,0.008016014882254048,0.0011336356962668242,-198.14388262399999,0.060026345157730955,0.008489007142175167
LEU  80,11.193880000000002,0.04529310764286033,0.006405412711055756,-7.711500000000002,0.12085433380716816,0.017091383794166245,-35.43303999999999,0.08188429886273309,0.011580188599708894,0.27364000000000005,0.07782949569411299,0.011006752836327299,0.0008981280000000002,0.0006446228959756229,9.116344421049466e-05,-31.676121871999996,0.0782190744507219,0.011061847592448177
LEU  81,13.640260000000003,0.017408974696605736,0.0024620008122949867,-7.1724999999999985,0.02035804509350974,0.0028790623474644517,-35.26743999999999,0.09801880636190997,0.013861952532463528,0.7444600000000001,0.08546372563842307,0.01208639598887911,0.24880161599999998,0.0027176200575878147,0.0003843295142817839,-27.806418384000004,0.024811063533089258,0.0035088142545395347
VAL  82,11.99944,0.01214110374026878,0.001717011357166682,-6.60418,0.018041829175248252,0.002551499950965467,-32.96234,0.05913767327211189,0.008363329958860952,0.9344999999999998,0.06281886659277391,0.008883929310840701,0.0,0.0,0.0,-26.632580000000004,0.016138265070094658,0.002282295333529985
VAL  83,11.320879999999999,0.028924480980924275,0.004090539328782575,-4.948200000000001,0.02298173187520933,0.0032501076904743096,-31.794580000000007,0.06805059588058307,0.009623807562189125,-0.94906,0.07029008749460931,0.009940519503526797,0.22250159999999997,0.0028633461287146246,0.000404938292899672,-26.1484584,0.025846145380202412,0.0036551969331748966
ASP  84,13.972220000000002,0.020641017417168495,0.002919080677253896,-3.8478199999999987,0.030485202968107916,0.004311258748919474,18.76086,0.42228000236832897,0.05971941064682335,-89.01676000000002,0.40964065032090724,0.057931936338316156,0.383263056,0.003818216002913736,0.0005399772855390594,-59.74823694400001,0.03470589328878238,0.004908154498326942
PRO  85,18.040459999999996,0.009411078585613618,0.0013309274972333784,-3.718960000000001,0.02262914934314952,0.0032002449906048266,-5.02426,0.07015377680502802,0.009921242260936568,-7.03438,0.07035563659006942,0.009949789545506895,0.631117296,0.003658894549185634,0.0005174458294751314,2.893977296,0.022025315984217673,0.0031148500580433546
GLU  86,14.630419999999999,0.00950808077737388,0.001344645678750106,-2.225539999999999,0.014433585833213152,0.0020412172839006206,4.698499999999999,0.4398848144685298,0.06220910705033675,-84.63388,0.4349435659931742,0.06151030898944642,0.735799104,0.00462347257235549,0.0006538577617085155,-66.794700896,0.024578570241851293,0.003475934737976586
THR  87,13.220940000000002,0.008239927183985323,0.0011653016776558788,-1.9450199999999997,0.008956539510326638,0.001266645964743441,-31.670659999999998,0.07896293054173333,0.011167044729684395,-8.271239999999999,0.07183134691779713,0.010158486501467553,0.572571072,0.002360210324774252,0.0003337841451348754,-28.093408927999988,0.00907160969873859,0.001282919346851142
ASP  88,12.782680000000001,0.014120113311398036,0.0019968855747223976,0.15617999999999996,0.011540693220080923,0.0016321004871025667,-6.289959999999999,0.5001653710524293,0.07073406511717169,-78.79232,0.49435988672210707,0.06991304564956308,0.9489784320000001,0.0027794734969545007,0.00039307691156496285,-71.194441568,0.013870568981018003,0.001961594677078722
GLU  89,14.9846,0.0090354855947931,0.0012778106270783132,-1.46928,0.015115607827694619,0.0021376697593438647,33.13665999999999,1.190518485535096,0.16836473884996103,-113.25550000000003,1.17877258620849,0.16670361783696547,1.00394712,0.004767083896543568,0.0006741674699462293,-65.59957288000001,0.019847240113578232,0.002806823614429766
GLN  90,19.66188,0.0069903934025210635,0.0009885909156168693,-1.3920000000000001,0.006327716807788956,0.0008948742928431328,-66.43547999999998,0.03741777120169436,0.005291671950720958,-10.83796,0.0427036110889581,0.006039202596431064,1.247802048,0.002870055962250231,0.00040588720665840405,-57.755757951999996,0.010740008005241724,0.0015188664981008457
LEU  91,8.34596,0.007399891889970881,0.0010465027470891494,0.06533999999999998,0.007190577167376926,0.001016901175139476,1.5711399999999998,0.8191112991529294,0.11583983083551182,-108.62660000000001,0.8050880697152658,0.11385664670961047,1.5009177599999994,0.008554352088240727,0.0012097680740504643,-97.14324224,0.015080364908299889,0.0021326856578852997
GLU  92,8.674259999999999,0.4594744306270272,0.06497949713563976,-2.396079999999999,0.7183208430778029,0.10158590784159045,-84.07806,10.595973451099297,1.4984969361089875,-77.41813999999998,11.396088572857023,1.611650301773945,1.106017344,0.1263729944107409,0.01787184026133691,-154.11200265600002,1.633207043578535,0.23097035511920308
SER  93,10.39672,0.6215750973132821,0.08790399326538198,-2.576940000000001,0.2950188746504077,0.041721969368665464,-7.174840000000001,1.4557283587263017,0.20587107880418618,-8.444919999999998,1.136382996000918,0.16070882449946688,0.4939025759999999,0.06470041592947857,0.009150020569864884,-7.306077423999997,1.0280228117578216,0.14538438028168346
GLU  94,15.672540000000001,0.39324192095956734,0.05561280579146688,-3.15448,0.41256317043575613,0.0583452430965889,-13.82734,5.387560567121268,0.761916122212938,-65.66052,4.869864364599835,0.6887028231334522,0.7223791679999999,0.047293199581493986,0.006688268425616637,-66.24742083200002,0.9258589772798672,0.13093623225140713
SER  95,11.33796,0.9089351563230715,0.12854284253897968,-3.8342599999999987,0.2560291241245964,0.036207985969950875,-5.1311,1.7480365356593712,0.2472096976253163,-7.246340000000003,1.1692742126635498,0.16536034496819146,0.34651612800000003,0.03391315728654548,0.004796044697752457,-4.527223872,0.6456559128286369,0.0913095348548639
LYS  96,10.998119999999998,0.22780031957839714,0.03221583014606945,-5.6173199999999985,0.1931479681488156,0.02731524761008616,-23.6749,4.2380580187156545,0.5993519128191727,-5.502080000000002,4.294064390947113,0.6072724099380771,0.7409136959999998,0.025820061433313075,0.0036515081060297843,-23.055266303999996,0.4833275363883245,0.06835283570287441
VAL  97,8.635380000000001,0.19281005056783654,0.027267458847487668,-6.62228,0.14876949149605084,0.02103918325410639,-63.35834000000003,2.364675543155009,0.3344156223741779,-50.919160000000005,2.8715774435662977,0.4061023766096119,0.159906384,0.02477667369803586,0.003503950797425506,-112.10449361600004,0.7505612091133297,0.10614538413192194


