#Frame       SA_00001
       1    4942.9415
       2    5033.5045
       3    4924.0433
       4    5031.3993
       5    5087.9063
       6    5078.5508
       7    4922.2732
       8    5031.0075
       9    4915.2217
      10    5015.1034
      11    4931.0556
      12    4903.1720
      13    4907.4276
      14    4972.9855
      15    4943.5779
      16    4957.2221
      17    5069.4984
      18    5093.0644
      19    5040.8010
      20    4922.9980
      21    4944.3746
      22    5056.0696
      23    5060.0365
      24    4988.1399
      25    4946.3253
      26    4851.0313
      27    4993.2300
      28    4974.3257
      29    5011.9865
      30    5029.4674
      31    5058.9760
      32    5157.5081
      33    4971.8551
      34    5134.5830
      35    4917.5320
      36    4956.1102
      37    4916.3592
      38    4935.2204
      39    4825.3841
      40    4953.4852
      41    4936.5306
      42    5119.5667
      43    4918.7094
      44    4888.9915
      45    4989.3531
      46    5027.3444
      47    5274.7931
      48    4912.3226
      49    5003.9382
      50    4812.4831
