| Run on Mon Jun 20 15:45:38 2016
| GB non-polar solvation energies calculated with gbsa=2
idecomp = 2: Per-residue decomp adding 1-4 interactions to EEL and VDW.
Energy Decomposition Analysis (All units kcal/mol): Generalized Born Solvent

Total Energy Decomposition:
Residue,Internal,,,van der Waals,,,Electrostatic,,,Polar Solvation,,,Non-Polar Solv.,,,TOTAL,,
,Avg.,Std. Dev.,Std. Err. of Mean,Avg.,Std. Dev.,Std. Err. of Mean,Avg.,Std. Dev.,Std. Err. of Mean,Avg.,Std. Dev.,Std. Err. of Mean,Avg.,Std. Dev.,Std. Err. of Mean,Avg.,Std. Dev.,Std. Err. of Mean
SER   1,4.375960000000001,0.0156166065454574,0.0022085216774830304,-1.2323999999999997,0.06042847011136555,0.008545876198495037,-103.42388000000001,1.1343257845953838,0.1604178908724294,-11.321280000000002,1.0746733836845306,0.15198176743280478,0.9633463199999999,0.00442794924853422,0.0006262065880776848,-110.63825367999999,0.0600872692166771,0.008497623105218812
ILE   2,11.861480000000002,0.03906775652497115,0.005525015112910418,-2.873860000000001,0.03593828599133529,0.005082441145738938,-5.233419999999999,0.06022959073425633,0.00851775040725662,-2.4507999999999996,0.03674125746352311,0.005195998460355608,0.35138592,0.004809298194121431,0.0006801374731622962,1.6547859200000008,0.05843830255164359,0.008264424003059661
HIE   3,29.50724000000001,0.19323090435892187,0.02732697656140057,-5.989720000000001,0.11137127816450605,0.0157502772039071,-31.13048,2.4964463001635324,0.3530508215427402,-0.8245599999999997,1.4756395245452059,0.20868694287856157,0.786086784,0.032021781442707564,0.004528563760762413,-7.651433216000002,0.8742380823220377,0.1236359352762872
THR   4,14.399379999999997,0.044268675156943174,0.0062605360795237935,-4.213399999999998,0.14084899715657034,0.019919056202547126,-24.750880000000006,0.4446164477388421,0.06287826104464189,-7.491959999999999,0.5947656331699305,0.08411256248623368,0.089363664,0.007435298137661006,0.001051509946656761,-21.967496336,0.07379304786077312,0.010435912909355225
LYS   5,9.201279999999999,0.039872316210688125,0.005638797034838375,-4.64162,0.08328982891087369,0.011778960565349229,-12.250720000000001,1.1761260823568294,0.1663293456729764,-23.18326,1.1411652607752365,0.1613851388697369,1.067262768,0.017557276600626875,0.0024829738686942314,-29.80705723199999,0.15987937890152695,0.022610358598632627
LEU   6,11.01708,0.06187207447627006,0.008750032685649932,-7.557579999999999,0.07313770299938964,0.010343233150255222,-28.51834,0.17761178001575129,0.02511809881355021,-1.7306799999999998,0.14711851549006477,0.020805699988224586,0.03822508800000001,0.00396081285155647,0.0005601435252692811,-26.751294912000002,0.12964010151917907,0.018333878979584793
ARG   7,12.293560000000003,0.06708566463766302,0.009487345677139618,-6.266980000000001,0.11257770471981797,0.015920891683560017,-147.65351999999996,1.521685923446074,0.21519888706096651,-48.74352,1.521737155227632,0.21520613232899688,1.2074147999999996,0.026341425534105387,0.0037252401242572784,-189.16304520000008,0.2241210917859036,0.03169550876174901
LYS   8,13.144400000000001,0.4675869972528503,0.0661267873104292,-9.299700000000003,0.5697490061421269,0.08057467716347876,-36.15514000000001,11.121830606532345,1.5728643682174228,-5.571480000000001,9.071419975373203,1.2828925159154991,0.16822079999999992,0.04182064573205966,0.005914332438147926,-37.713699200000015,1.8316029488882535,0.2590277731200323
SER   9,11.635120000000006,0.20918533791800073,0.029583274193323548,-3.83498,0.261323897873887,0.03695678005454526,-16.215099999999996,1.8993926950476,0.26861469096087004,-4.5253000000000005,1.3195953811680257,0.18661896848927156,0.2556011519999999,0.05116969945374435,0.00723648829500404,-12.684658847999996,0.7545018685234282,0.10670267753016739
SER  10,11.971920000000004,0.06955568704225963,0.009836659595534212,-1.4358999999999997,0.19200106770536624,0.02715305139390438,-1.13872,0.11566140929454209,0.016356993366752698,-10.647620000000003,0.14712741280913086,0.02080695825915379,0.7935235199999999,0.031700012002927616,0.004483058690193014,-0.45679648000000006,0.36849467568173333,0.05211301680113824
ARG  11,11.882640000000002,0.5116890759044885,0.07236376308622837,-4.3681,0.6898136052586931,0.09755437560663242,-175.48379999999997,3.7462256846079667,0.5297963170883019,-31.282159999999998,3.571767620436751,0.505124221046673,0.907305696,0.0963638736727272,0.013627909707077843,-198.34411430399993,1.0298689486871961,0.14564546347003537
GLY  12,5.416039999999999,0.3481292840311048,0.049232915493602376,-3.3680999999999996,0.45437417400200314,0.06425821192657054,-19.507960000000004,2.4658269035761067,0.3487205849501784,2.2227200000000007,0.622665111918113,0.08805814460911565,0.06358809599999998,0.01511667655634613,0.002137820900399211,-15.173711904,2.1069314628890097,0.2979651049808223
PHE  13,8.684400000000004,0.5184299759850917,0.07331707031788745,-10.377940000000002,0.2891254682658717,0.04088851584490676,-10.423619999999996,0.8173413458281222,0.11558952163584085,-0.6144200000000002,0.4269821584094583,0.06038439593139932,1.9152000000000002e-05,0.000134064,1.895951270259866e-05,-12.731560848,0.988842348274735,0.13984342599789898
GLY  14,5.889080000000002,0.2693483127847347,0.03809160369424823,-4.429620000000002,0.1749293445937058,0.024738745158145538,-10.106459999999997,0.8559264269784385,0.12104627614264522,-1.6957400000000005,0.4793069918121358,0.06778424483609724,0.00040435199999999997,0.0008808085327107135,0.0001245651372813437,-10.342335647999995,0.35525732281926103,0.05024097240633558
PHE  15,9.205119999999997,0.10974946742491679,0.01552091852955415,-10.581559999999998,0.19080200837526748,0.026983478797232813,-9.350219999999997,0.43233187668742984,0.061140960345757576,-0.31779999999999997,0.5468800234054998,0.07734051460909734,0.00013406400000000004,0.0003322747813241324,4.6990750218314245e-05,-11.044325935999998,0.299305946378391,0.04232825286672349
THR  16,14.98302,0.22619040563211426,0.03198815393236077,-5.295300000000001,0.34792172970365953,0.04920356287912214,-38.342420000000004,1.0201317775657248,0.14426841952412214,-1.8605599999999993,0.41871485094274175,0.05921522209702543,0.0930096,0.021185157014324937,0.002996033637066183,-30.422250400000006,1.0189038415617775,0.1440947631490713
VAL  17,11.931860000000002,0.36310125364685,0.05135027174220484,-7.050639999999999,0.5822074118387934,0.08233656179365598,-30.922660000000004,1.0588432104894372,0.1497430428700832,1.3836600000000001,0.7596119169681314,0.10742534751165567,0.0,0.0,0.0,-24.657780000000002,0.624108076858417,0.08826221066797632
VAL  18,9.981340000000001,0.21763746092975877,0.030778584892730942,-5.192600000000001,0.397526451950032,0.056218729974979176,-26.806660000000008,1.2207389009937033,0.1726385509901722,-3.541480000000001,0.9536414261136045,0.13486526384506792,0.145915056,0.043465014064132855,0.0061468812378234,-25.413484944,0.7329463230145057,0.10365426304986053
GLY  19,4.914459999999998,0.2927914759688505,0.04140696762623845,-3.9406,0.676670702779429,0.0956956885131202,-10.190959999999999,1.2032138955314795,0.17016014094963827,0.83516,0.8764168496782794,0.12394405951073248,0.0465192,0.047307493262797186,0.00669028985741216,-8.335420800000003,0.919302128472878,0.13000895380047975
GLY  20,6.845139999999998,0.3392476977077647,0.047976869510216874,-4.139659999999999,0.19768202852056266,0.02795646057712047,-18.184320000000003,0.8406095988031141,0.11888014952883702,3.222080000000001,0.6917546050442998,0.09782887442876925,0.002767103999999999,0.0020501986737835936,0.00028994187700240906,-12.253992895999998,0.2359394447071707,0.033366876260365774
ASP  21,14.602319999999997,0.91830161581049,0.12986745994283222,-4.035920000000002,0.6490401787254684,0.09178814232786149,-35.8531,8.92027715993174,1.261517693970242,-45.67906000000002,9.256874536062288,1.309119751408544,0.478450656,0.09283828011745202,0.013129315484949309,-70.487309344,0.8703931630173374,0.12309218157359347
GLU  22,16.012840000000004,0.3821479483130444,0.05404388113373599,-2.1850199999999997,0.35590979137978535,0.05033324539506713,42.49166000000001,9.725795228381058,1.3754351516840024,-111.97509999999998,9.93792730553046,1.4054351577359085,0.7666555679999999,0.023522937576674244,0.003326645734778842,-54.888964431999995,0.47421777482614647,0.06706452086775268
PRO  23,18.75996,0.026495252405252828,0.003746994529000692,-3.6766799999999984,0.15505488576634838,0.021928072236298085,-6.443460000000001,0.29509545642043067,0.041732799666445164,-6.35208,0.2981241915712494,0.04216112749915757,0.612198432,0.03146289250385837,0.004449524929044329,2.8999384319999995,0.16600606149581704,0.02347680236035265
ASP  24,12.435040000000004,0.060575889592281745,0.008566724461422006,-1.2266199999999998,0.03154481890897291,0.004461111072367275,39.36188000000001,3.4668959813641775,0.4902931316182001,-121.79479999999995,3.4381048849646634,0.48622145571782166,1.0142920800000004,0.015459485109539811,0.0021863013509216115,-70.21020792,0.06328722411610249,0.008950165066993775
GLU  25,13.920400000000003,0.3850835753443379,0.054459041489908426,-4.57928,0.3703700873450843,0.052378240062072604,36.20706,8.709437769247803,1.2317005013914717,-115.58475999999997,8.754646461302809,1.2380939759356056,0.5284477439999999,0.061024445916449135,0.00863015990513458,-69.50813225600001,0.8293418246862632,0.1172866456314563
PHE  26,9.68232,0.09521269663233992,0.013465108688757022,-2.71854,0.24019185748063668,0.03396825824207019,-3.8291599999999995,0.710274661240286,0.10044800589359681,-2.76652,0.648439858121016,0.09170324417380263,0.7574460479999999,0.04655450975607149,0.006583801908666687,1.1255460479999997,0.2228162514024245,0.03151097646504419
LEU  27,12.58944,0.16638102776448663,0.023529830598611145,-8.06954,0.21776787733729105,0.030797028557959755,-28.109659999999998,0.3258136651524239,0.04607701040650441,-3.361800000000001,0.19606641731818575,0.027727978649728136,0.013538448000000002,0.005529938729000161,0.0007820514349644263,-26.938021551999995,0.22275951902539845,0.0315029532953426
GLN  28,20.86029999999999,0.09392619443156715,0.013283169802721453,-6.87088,0.11166944792558908,0.015792444775908417,-89.72381999999999,4.297652455423383,0.6077798388825781,1.5986199999999997,3.231793111509461,0.4570445649080624,0.3470772959999999,0.07700166329613674,0.010889679655868314,-73.78870270399997,1.2256207798831025,0.17332895292369732
ILE  29,13.578459999999998,0.11199289441775133,0.015838187017500203,-8.52514,0.15323341802621385,0.02167047779814575,-8.27352,0.39528284759145094,0.0559014364037287,-0.4775800000000001,0.40557939247451896,0.05735758774565051,0.004566672000000001,0.0013749872329647248,0.0001944525592948568,-3.6932133279999992,0.22031614300867353,0.031157407745259644
LYS  30,12.320720000000001,0.4101366621017451,0.05800208299707193,-5.02944,0.415093635701635,0.05870310492640089,-21.284060000000004,4.739629708785281,0.6702848614790587,-21.046619999999997,4.26548562248193,0.6032307617421389,0.8047028159999999,0.023082245791187395,0.0032643225047926504,-34.234697184,0.6677784669810342,0.09443813646652925
SER  31,10.635640000000006,0.12430088656115669,0.017578799958978736,-3.165979999999999,0.34539846496475246,0.04884671935760012,-15.045279999999998,1.3863175399597498,0.19605490667667833,-5.896560000000001,0.4979073873723851,0.07041473800277813,0.358866144,0.02319879580623249,0.003280805165989807,-13.113313855999998,0.8920885737832869,0.12616037598823956
LEU  32,10.688099999999995,0.04990601166329959,0.007057775853818814,-5.523360000000001,0.09769989969285127,0.013816852318812124,-26.939060000000005,0.22691966948659492,0.03209128741571627,-3.314539999999999,0.2128854349174852,0.030106546929200242,0.4298004000000001,0.008423373915186202,0.0011912449631796085,-24.659059599999992,0.1422625979117369,0.020118969538520867
VAL  33,11.102260000000001,0.03791876052715003,0.005362522540587313,-3.626319999999999,0.21452817437347105,0.0303388653710103,-25.0322,0.32872888525364297,0.04648928478694908,-3.7406399999999995,0.3030179374228561,0.04285320767457249,0.26166672,0.026959771990015074,0.0038126875186765604,-21.035233280000003,0.18874920641330667,0.026693168759685706
LEU  34,12.7158,0.14525825277754995,0.020542619112463044,-0.7715199999999995,0.1330616759251167,0.018817762672539356,-35.08878,2.2510376210983267,0.31834479331693216,1.2675599999999998,1.5322550069750143,0.21669358118781465,1.1549365920000003,0.06626117391337062,0.009370745080705106,-20.72200340800001,0.8333456584785277,0.11785287323650713
ASP  35,12.269840000000002,0.12121655992456808,0.017142610302953516,-3.1614599999999995,0.41426287354770774,0.05858561741588188,-17.204280000000004,2.983611757853191,0.42194642128118137,-64.49488000000001,2.5096517658031474,0.35491835640323977,0.637209504,0.02623511112439259,0.0037102049962481256,-71.953570496,0.9751646346804201,0.13790910519116548
GLY  36,6.4638,0.07798281862051304,0.011028435972521067,-2.4734000000000007,0.17252408527505644,0.02439859012319972,1.6876399999999998,0.35240055391557035,0.049836964273519066,-4.487759999999999,0.40229857369869804,0.05689360990480508,0.000509904,0.0023475951672262407,0.00033200009244528834,1.190789904,0.2535852056111112,0.035862363699240334
PRO  37,20.2436,0.14214584060056296,0.020102457561224026,-7.66436,0.26573451111965835,0.037580534961600486,-5.681060000000001,0.3709226016300208,0.05245637738158881,-5.26106,0.37813682232758056,0.05347662225683298,0.12872232,0.0155424735656072,0.002198037690930702,1.7658423200000002,0.30511621181401677,0.043149948484728445
ALA  38,9.541720000000003,0.05673483585898241,0.008023517433078433,-6.060359999999999,0.05348560927964133,0.007564007403505703,-3.7747400000000004,0.23082008664758508,0.03264288970051477,-3.962320000000001,0.17704106190371324,0.025037387084116593,0.0,0.0,0.0,-4.255700000000001,0.13320228977005982,0.018837648473196956
ALA  39,8.758640000000002,0.02725271362591213,0.0038541157221234977,-4.09154,0.04689998294244414,0.006632659195227132,2.05708,0.2317002235648471,0.03276735985702849,-6.863760000000001,0.20682384388649083,0.029249308504641105,0.29392041599999996,0.008123056725528483,0.0011487736989168364,0.15434041599999998,0.0825442735332147,0.011673523112690674
LEU  40,12.0867,0.033523872091377485,0.004740991457488694,-3.2505999999999995,0.14377329376489534,0.02033261419493661,-27.771559999999994,0.34297330275200205,0.04850374962837749,-6.962779999999999,0.352970440122135,0.049917558353752375,0.91849824,0.031002328563698476,0.004384391351992918,-24.979741760000003,0.167751631871993,0.02372366329035912
ASP  41,16.901020000000006,0.04564317692496292,0.0064549199837077255,-4.704320000000001,0.06764094617901022,0.009565874345810483,-8.46024,1.10992959344275,0.15696774843259925,-74.14704,1.0969311001146393,0.1551294838770962,0.388302912,0.00866880178923373,0.0012259537059858493,-70.022277088,0.08603811749107268,0.01216762726369248
GLY  42,7.1089600000000015,0.055646009739917165,0.00786953416661362,-2.1797000000000004,0.033343815018658136,0.004715527542064603,-0.9855800000000003,0.06275542685696019,0.008874957577362586,-6.887199999999998,0.05919256710113426,0.008371093118610356,0.353473488,0.004012039819577228,0.0005673881125627022,-2.5900465119999994,0.04742021605850687,0.006706231268060284
LYS  43,10.419299999999996,0.03280137192359494,0.004638814503879202,-2.4346599999999987,0.08451097206877116,0.011951656286898999,-28.895939999999996,0.7419202493533142,0.10492336788346855,-12.98514,0.7393226632533294,0.10455601373426551,1.1072999520000004,0.012840826358317377,0.0018159670788010355,-32.78914004799999,0.031825629354035094,0.004500823666353571
MET  44,10.745680000000002,0.0354837653014728,0.005018162213340667,-9.59694,0.0824061672449926,0.011653991934105403,-11.578440000000002,0.1839019477870524,0.02600766287072783,-2.48286,0.1624269694354984,0.0229706423070842,0.012458304000000002,0.0012413405052539332,0.00017555205780531825,-12.900101696000002,0.10058627080612124,0.014225046836254958
GLU  45,15.125460000000002,0.013098412117195113,0.0018523952061689415,-5.04208,0.038748336738470224,0.005479842333494425,23.860079999999993,1.054747284234618,0.14916379142407865,-102.60542,1.0908908852873231,0.15427526850425247,0.6860399040000001,0.004753097205669706,0.0006721894531535758,-67.975920096,0.0611999391281927,0.008654978393149796
THR  46,13.415319999999994,0.017853223803214118,0.0025248271234587574,-3.0677600000000003,0.10674465981959208,0.01509597456277695,-19.425200000000004,0.16901727722301832,0.02390265257241657,-17.13778,0.1685392880014628,0.023835054688437374,0.656950176,0.010909582349230743,0.0015428479318108246,-25.558469824,0.12315916985282996,0.017417336833648375
GLY  47,6.174699999999999,0.023201077561673982,0.0032811278549389443,-1.8252000000000002,0.0855834096072367,0.012103321858068599,-12.8171,0.17413801997263598,0.024626834957009867,-3.2013399999999996,0.21996641652762772,0.031107948951998043,0.31524206400000004,0.00391205118031807,0.0005532475835903489,-11.353697935999998,0.036350155443999194,0.0051406882823273855
ASP  48,12.872199999999998,0.06296729309738724,0.008904919988424681,-6.5241,0.06538080758147895,0.00924624248006332,-6.3985,1.624598390372215,0.22975290770738863,-68.13382,1.599891217427491,0.226258785800756,0.005542848,0.0014186999268682558,0.00020063446775148055,-68.17867715200002,0.07805257485376042,0.011038300993632918
VAL  49,11.566040000000001,0.04239998113125908,0.0059962628360189915,-5.616040000000001,0.07100534064413898,0.01004167157398629,-28.37022,0.24192025876341547,0.03421269109560308,-0.38472,0.206997974869321,0.029273934344395885,0.23543913600000008,0.011452147321819468,0.001619578206081181,-22.56950086399999,0.08935788013553288,0.012637112599257996
ILE  50,13.358499999999998,0.1214817270214149,0.017180110593419104,-7.590600000000003,0.08842397864802129,0.012505038984302068,-8.756780000000001,0.13318968278354998,0.01883586557606667,-1.8296199999999998,0.146048606977268,0.02065439207529502,0.0,0.0,0.0,-4.8185,0.16622457700352022,0.02350770511981092
VAL  51,12.68596,0.041114454879389806,0.005814461970000974,-6.037279999999999,0.050210373430422846,0.0071008191077121694,-31.695680000000003,0.10490728096481522,0.014836129953212651,0.8279399999999998,0.08006307763257951,0.011322629023332394,0.19384200000000004,0.012920418857605236,0.0018272231579966416,-24.025217999999995,0.0937886622134663,0.013263719809911305
SER  52,11.47912,0.05195253218012624,0.007347197560875919,-5.969000000000001,0.08500847016615173,0.012022013142556041,-16.442040000000002,0.21847187095824933,0.030896588290618088,-0.44043999999999994,0.1781587112661069,0.02519544657274407,0.026104031999999996,0.010583042715239127,0.001496668253906496,-11.346255967999996,0.07781234051401668,0.011004326727491584
VAL  53,11.180579999999999,0.10673014382100003,0.015093921690568923,-5.86394,0.20150090917907532,0.02849653185915576,-26.982999999999993,0.13412650744807406,0.018968352590680228,-1.3403400000000003,0.08929470533015804,0.01262817833260186,0.021108384,0.009745490313932074,0.001378220457393837,-22.985591616000008,0.1474812054151114,0.020856992089318287
ASN  54,18.47714,0.4454115853904812,0.06299071048973204,-3.1883999999999992,0.0961554990627527,0.013598441087129829,-88.46710000000003,0.38558284452774333,0.05452964881495311,-10.560440000000002,0.10828299220106317,0.015313527614508361,0.593296992,0.02907983244080925,0.004112509342932954,-83.14550300799999,0.10676537447887267,0.015098904057986404
ASP  55,13.762540000000001,0.09986575188719528,0.014123150073545808,-2.23808,0.15179879314408162,0.021467591201622824,23.879400000000004,1.6480391864272599,0.23306793687677524,-105.94783999999996,1.3983570983141342,0.1977575573476536,0.781033536,0.05187623155148328,0.007336407022491472,-69.76294646400001,0.5210994868177757,0.07369459616033583
THR  56,15.054599999999995,0.05665792089553408,0.008012640014632626,-2.27724,0.13818242435274244,0.01954194586012426,-31.555880000000002,0.352089002384574,0.04979290423346776,-9.299559999999996,0.2481012825442312,0.0350868198616211,0.6351670079999999,0.04809393085570615,0.006801508928397351,-27.442912992,0.2428848173650282,0.03434910028121351
CYS  57,10.508780000000002,0.03040676898245896,0.004300166508293901,-4.46558,0.05548732828307536,0.007847093219777338,3.57414,0.17338408346789133,0.024520212233992065,-6.160760000000002,0.16561105760179032,0.023420940373940373,0.5713875360000001,0.004924282475944596,0.0006963987062437011,4.027967535999999,0.07394671460005219,0.010457644668032635
VAL  58,13.074380000000001,0.06498427194329043,0.009190163872314272,-5.996140000000002,0.10491387134206098,0.014837061973300862,-27.451820000000012,0.14733481462124332,0.020836289304708808,-1.7795999999999994,0.11030013599267455,0.015598794825243711,0.014564736000000002,0.004631504000635639,0.0006549935771884168,-22.138615264,0.11151781220208265,0.01577100024623611
LEU  59,11.618699999999997,0.03400896940570196,0.004809594577587536,-3.348500000000001,0.11096995088759509,0.015693520956111325,-27.96156,0.09442291247347388,0.013353416341875445,-4.52528,0.09298710448228216,0.013150362428464745,0.6565796639999999,0.021456378498731308,0.0030343901472316285,-23.560060336000003,0.16762516786015733,0.02370577857829011
GLY  60,6.824539999999998,0.053480168287228194,0.007563237930979361,-1.6668000000000007,0.059682158137902855,0.0084403317470318,-9.321220000000004,0.139474627082923,0.019724690922759948,-2.876619999999999,0.13938118811377065,0.01971147665701701,0.273024144,0.016010332417138035,0.0022642029242418223,-6.767075855999996,0.09216745510731177,0.013034446502217368
HIE  61,28.125460000000007,0.12350290846584389,0.017465948814491934,-7.345420000000001,0.13548713444450058,0.019160774305847963,-4.343000000000001,0.4788080199829496,0.06771367956328952,-21.735860000000002,0.36354702639403075,0.05141331352868478,0.47556662399999994,0.015938295337538187,0.002254015342745437,-4.823253375999999,0.11595481951877908,0.016398487838598184
THR  62,14.384660000000002,0.05822838139594225,0.008234736668517473,-5.493099999999999,0.13284641508152084,0.018787320192093244,-37.46206000000001,0.6977269784087818,0.0986734955699299,-1.0526200000000001,0.6270769295708456,0.08868206984503679,0.201217104,0.009941872910250747,0.001405993150506628,-29.42190289600001,0.24591985220693235,0.03477831902478308
HIE  63,31.337300000000006,0.2580883763364798,0.036499208210590106,-10.83852,0.44757556859149483,0.06329674392889414,-23.14438,6.932769440533848,0.9804416567608703,-1.435,4.711001137762546,0.6662361701378874,0.049652064,0.03537175481858801,0.005002321538938303,-4.030947936,2.3165601089261103,0.32761107240957993
ALA  64,9.187000000000001,0.051245292466850806,0.0072471787614396205,-3.5694199999999996,0.23243683787215008,0.03287153285139109,-5.75426,0.34108291132802965,0.04823640790937993,-1.3353400000000002,0.3071078383890585,0.04343160701608911,0.408710016,0.05482366770825618,0.007753237441205179,-1.0633099839999998,0.3000088798912891,0.042427662677462195
GLN  65,20.599699999999995,0.07430215340202322,0.010507911305466744,-6.027959999999999,0.04110034549755837,0.005812466602086702,-71.43959999999997,0.2720790326434718,0.03847778580017498,-11.10228,0.23539490563731624,0.03328986680658275,0.645954768,0.011536024282033819,0.0016314401995517573,-67.32418523199999,0.11787426063152358,0.016669937803980163
VAL  66,12.597639999999997,0.050838473620463474,0.007189645888440626,-6.2653,0.18356734459048307,0.025960342832867654,-28.422040000000003,0.3182659868724208,0.04500960750770349,0.7270799999999998,0.23461481965127542,0.03317954598845514,0.0016054559999999995,0.00177734124986284,0.00025135401005211763,-21.361014544,0.2807164876872677,0.03969930640690739
VAL  67,13.157119999999997,0.10306476410551757,0.01457555872008067,-5.1263,0.3476479397321526,0.049164843130027454,-24.409820000000003,0.6061448899395555,0.08572183241156664,-1.6001000000000003,0.537722577171537,0.0760454561430201,0.08682825599999999,0.037879632962087496,0.005356989067269907,-17.892271743999995,0.4739484437158972,0.06702643169686433
LYS  68,11.39318,0.06365082560380901,0.009001586082515134,-4.4814799999999995,0.11549168628090471,0.016332990907979416,11.812620000000003,1.8600722984873315,0.26305394715152797,-51.36336,1.8581284752134675,0.2627790490278525,1.202032224,0.015644763269366712,0.0022125036395654846,-31.437007776,0.11286961190510653,0.01596217359359894
ILE  69,14.486880000000001,0.058849176714241745,0.00832253038437716,-4.45842,0.27241417657675887,0.03852518230975515,-15.57064,0.18042070391173937,0.025515340640488233,-1.7091199999999998,0.2864659588851718,0.040512404421362336,0.39655022399999995,0.04985050524541851,0.007049926060922197,-6.854749776,0.20050451178868545,0.028355619988855506
PHE  70,10.648799999999996,0.23469878568091504,0.03319142057824464,-8.32586,0.26824041529939896,0.037934923329300145,-11.754519999999998,1.154885037395508,0.16332540828664863,0.10291999999999994,0.6260291954853224,0.08853389786968605,0.000873072,0.0019804397062309167,0.00028007646920139506,-9.327786927999998,0.9412912969004241,0.13311869182203395
GLN  71,20.71428,0.5440243391614412,0.07693665987031706,-3.671419999999999,0.15563278446396342,0.022009799453882577,-74.35643999999999,1.6572784697819476,0.23437456885945598,-12.430519999999996,1.211513965912128,0.17133394815973468,0.78732072,0.05811487116591034,0.008218683897839552,-68.95677927999999,0.8415861964908049,0.11901826129832847
SER  72,11.307800000000002,0.07863866733325976,0.011121186986964203,-2.12332,0.11829377667484951,0.016729266331790626,-8.17962,0.16097923965536431,0.022765902398112495,-9.408019999999999,0.23567863628262833,0.03332999237924888,0.6744696480000001,0.015681474353869733,0.0022176953709248442,-7.728690351999998,0.13834900279119164,0.01956550360880964
ILE  73,13.6341,0.1300750936954569,0.01839539616310662,-3.62326,0.24908535163674106,0.03522598824731506,-2.0918400000000004,3.13972927087671,0.4440247717053632,-0.9508399999999998,1.4879475039126884,0.21042755401325178,0.21192868799999995,0.018835244488571434,0.0026637058206350813,7.180088688000001,1.4963549703271528,0.21161654931610496
PRO  74,18.30374,0.07020080056441173,0.00992789242476399,-3.3980600000000005,0.07807673405053187,0.01104171762000594,-5.999659999999999,0.32372850415125526,0.045782124109746,-2.0691999999999995,0.2594965125006541,0.03669834873669444,0.6895141920000002,0.009060315104517226,0.0012813220500182067,7.526334191999997,0.09355471983262903,0.013230635361131914
ILE  75,11.697980000000003,0.12083567188517758,0.01708874459984834,-2.1587199999999993,0.12652352192380165,0.017893128066384992,-5.5130799999999995,0.16200849854250018,0.022911461585850557,-5.9872000000000005,0.2645210766649796,0.037408929415314734,0.9115886879999997,0.019173168925787465,0.002711495552851902,-1.0494313120000003,0.2728687565299035,0.038589469623247157
GLY  76,6.528280000000002,0.05838220276735962,0.008256490295481601,-1.8275000000000003,0.09115420999602583,0.012891152004378488,-16.468980000000002,0.20457541298984783,0.028931332357831983,-0.08918000000000005,0.20059598101656967,0.028368555691116872,0.24859583999999996,0.006633749607576058,0.0009381538664421258,-11.60878416,0.06064328091567072,0.008576255033774302
ALA  77,7.328320000000002,0.13770932285057455,0.01947503920404977,-2.2882599999999997,0.10125824608396636,0.014320078491405756,-8.763980000000002,0.35689059892348934,0.05047195252810553,0.038900000000000004,0.31198943892382,0.04412196958432386,0.264392352,0.004933929928736492,0.0006977630621017666,-3.4206276480000013,0.18156873514626173,0.02567769677467718
SER  78,10.413620000000002,0.1763113030975836,0.02493418360402762,-4.04418,0.24171402028017577,0.03418352456959499,-5.741979999999997,0.22206156713857128,0.03140424799291911,-8.669400000000001,0.26020099922940626,0.03679797820532576,0.31812955200000004,0.03015676830151513,0.004264811072934574,-7.723810447999999,0.09672162633126703,0.01367850357324605
VAL  79,13.05388,0.6239008780247263,0.088232908327905,-5.837740000000001,0.36457530415538064,0.05155873396428355,-35.38099999999999,0.17599113614182527,0.024888905158921906,2.8419600000000003,0.11800999279720908,0.016689133230936435,0.004492223999999998,0.0035378091735174186,0.0005003217714276283,-25.318407776000008,0.4110406278708279,0.05812992306212772
ASP  80,13.23874,0.3335805036269033,0.0471754072372414,-5.684679999999999,0.14915179382098245,0.0210932489673909,2.8445,1.5696995158309766,0.22198903441386478,-79.70234,1.5612076045165384,0.22078809679873,0.29829067200000003,0.010301323482950545,0.001456827137998111,-69.00548932799998,0.4009640398600175,0.0567048783193943
LEU  81,10.507100000000001,0.079166975438126,0.011195901035665548,-7.2454,0.08430397380909091,0.011922382312276256,-33.76181999999999,0.14539514297267866,0.020561978309513736,-1.40698,0.15797385733088867,0.022340877153773513,0.002938608000000001,0.002608904480262931,0.00036895480989237675,-31.904161391999995,0.10673835678204474,0.01509508317865859
GLU  82,14.709899999999994,0.04609479363400914,0.006518788231200472,-5.3342600000000004,0.08038826033692202,0.011368616802405427,4.02362,1.2567865354148247,0.17773645633915391,-86.19568,1.3093565662571047,0.18517098139830634,0.298384416,0.014687492182279827,0.0020771250641428937,-72.49803558399998,0.1721754156950696,0.02434928079831929
LEU  83,10.91742,0.026029283509229322,0.0036810965757606453,-8.022340000000003,0.041866268044098584,0.005920784407391153,-33.7782,0.09460528526483254,0.01337920774937017,0.82798,0.08411551343242167,0.011895729990210697,0.0,0.0,0.0,-30.055139999999998,0.05115154347935302,0.0072339206524818095
CYS  84,10.19604,0.041305186115165364,0.005841435440041171,-3.7994400000000015,0.018401260826166603,0.002602331262512955,5.39806,0.0836233005806829,0.011826120581160367,-6.24454,0.07024107345424133,0.009933587871463286,0.500973984,0.005739317775734296,0.0008116621037212426,6.0510939839999995,0.05669833320624027,0.00801835517842138
ARG  85,8.8522,0.018117394955885494,0.0025621865661483167,-4.0693,0.07583304029244754,0.01072441140575647,-240.11570000000003,0.45516679359574747,0.06437030526449812,-57.307480000000005,0.47892388706304356,0.06773006564289967,1.2651948,0.005222493732594042,0.0007385721466042982,-291.37508520000006,0.03475592806480525,0.0049152304842111265
ARG  86,7.190480000000001,0.968872091454777,0.13701920519401314,-3.93938,1.423108890984806,0.20125798943644468,-248.43536,16.2885024759915,2.3035421112294916,-45.35205999999998,16.336720076453613,2.3103611096813523,1.5318267839999995,0.21996865303274032,0.0311082652415843,-289.0044932159999,1.3618870826324445,0.19259991826795309
ARG  87,11.36894,0.5784335194298323,0.081802852810887,-5.0641,0.7718325530838946,0.10915360644522956,-170.80377999999996,13.223534597512616,1.8700901970312187,-35.31876,11.694169912499138,1.653805369095167,1.0301112000000001,0.15764299442364743,0.022294086072702838,-198.7875888,2.2612742439543543,0.31979247040452147
GLU  88,14.94706,0.24322322339781224,0.034396958121328716,-3.290679999999999,0.49005936130228656,0.06930485951215903,-45.016939999999984,6.294131842947132,0.8901246615660197,-40.45813999999999,5.764559389962153,0.8152318070389651,0.665258976,0.07420082873845185,0.010493581834124192,-73.153441024,0.6005386249819267,0.08492898681783306
MET  89,11.23596,0.4807857718360322,0.06799337591265332,-6.105320000000001,0.2718677207760983,0.038447901789301984,-9.167300000000001,1.10921480787086,0.1568666624876037,-3.74372,0.5831064410551429,0.08246370372472907,0.5378055839999999,0.05391285480811979,0.007624429045589453,-7.242574416000001,0.5886101083853376,0.08324203982284419
GLN  90,19.985660000000003,0.435663200649113,0.06161208069848466,-5.136960000000001,1.0158124031532543,0.14365756773661384,-64.56110000000001,3.7540051371833876,0.5308964978223017,-9.95548,3.5652945417735187,0.5042087894830879,0.6586973280000001,0.11544773916307347,0.016326775846973,-59.00918267200001,1.0894100686144912,0.15406584940204174
VAL  91,9.00936,0.5026510821633972,0.07108559775369892,-6.65698,0.443659305774177,0.06274290072988731,-79.34665999999999,9.415650508828627,1.3315740648150576,-29.387360000000005,10.13185180460115,1.4328602234021264,0.03426983999999999,0.02602028102304817,0.0036798234319553994,-106.34737016000001,1.6596250006894577,0.2347064184428488


