#Frame       SA_00001
       1    6012.4684
       2    5941.8265
       3    6017.1912
       4    6015.8259
       5    5926.5680
       6    5886.2126
       7    5971.0777
       8    5956.2935
       9    5966.7517
      10    6011.5401
      11    6001.6064
      12    5875.4589
      13    6037.4995
      14    5945.4596
      15    5948.6373
      16    5922.5239
      17    5890.1224
      18    5949.7175
      19    5909.8162
      20    5956.5509
      21    6005.5376
      22    6003.2873
      23    6011.9491
      24    6002.9685
      25    5917.2949
      26    5956.0259
      27    5945.7855
      28    5937.3026
      29    5889.4261
      30    5875.5167
      31    5934.4260
      32    5857.7540
      33    5914.0536
      34    6007.2237
      35    6000.2187
      36    5884.9963
      37    5960.4753
      38    5931.5421
      39    5952.5033
      40    5906.7497
      41    5935.0133
      42    5900.8049
      43    5948.4303
      44    5901.8042
      45    5835.8845
      46    5860.6179
      47    5950.7128
      48    5911.1296
      49    5902.4969
      50    5916.5887
