| Run on Mon Jun 20 15:46:08 2016
| GB non-polar solvation energies calculated with gbsa=2
idecomp = 2: Per-residue decomp adding 1-4 interactions to EEL and VDW.
Energy Decomposition Analysis (All units kcal/mol): Generalized Born Solvent

Total Energy Decomposition:
Residue,Internal,,,van der Waals,,,Electrostatic,,,Polar Solvation,,,Non-Polar Solv.,,,TOTAL,,
,Avg.,Std. Dev.,Std. Err. of Mean,Avg.,Std. Dev.,Std. Err. of Mean,Avg.,Std. Dev.,Std. Err. of Mean,Avg.,Std. Dev.,Std. Err. of Mean,Avg.,Std. Dev.,Std. Err. of Mean,Avg.,Std. Dev.,Std. Err. of Mean
GLY   1,1.1647599999999998,0.0014221111067397282,0.00020111688143527358,0.06771999999999999,0.026196213466835257,0.0037047040367619135,-19.73208,0.4219432587443844,0.05967178790682084,-95.14265999999999,0.4139205049316894,0.058537199181871474,0.9978770880000002,0.005556072562215379,0.000785747317101402,-112.64438291199998,0.009007341082276637,0.0012738303919475973
SER   2,11.24302,0.010984516375995144,0.0015534452035041693,-0.5134599999999999,0.01769204340939995,0.0025020327735666937,-4.360680000000002,0.12362045785382744,0.017482572808365435,-12.0754,0.09750569214161213,0.013789387223524359,0.84177792,0.007490734808295864,0.0010593498758032236,-4.86474208,0.006086072030616861,0.0008607005607277927
HIE   3,27.22759999999999,0.0245389486390987,0.003470331397179018,-1.75724,0.018323274816482406,0.0025913023752558804,-5.4146600000000005,0.08254904239296217,0.011674197531303866,-22.56006,0.06893458058209892,0.00974882187757053,1.3234947839999998,0.007558190051699384,0.0010688894878106672,-1.1808652160000004,0.0652525249882107,0.009228100581741686
GLY   4,3.919960000000001,0.009736446990066818,0.0013769415382679192,-2.0832599999999997,0.029138160545917648,0.004120758182664136,-5.625459999999999,0.06620248031617473,0.009362444552587217,-5.85132,0.07440199997306729,0.010522031742959442,0.17143214399999995,0.00165565780186646,0.00023414537180483744,-9.468647855999997,0.04583833166513235,0.0064825190317386264
GLY   5,5.68254,0.013610598811261558,0.001924829343090522,-4.02804,0.01731353227971193,0.0024485032162552983,-7.81414,0.5021465128824179,0.07101424088166713,-3.1310999999999996,0.4940557154815654,0.06987002934019729,0.024290351999999994,0.0009511334733340101,0.00013451058576159855,-9.266449648000002,0.018539831924769365,0.0026219281752126516
SER   6,11.464760000000004,0.005202153391488264,0.0007356955879787895,-3.0889399999999996,0.02321069581039965,0.003282488080718356,-2.99272,0.0540126059360693,0.007638535985390274,-5.77178,0.030340922859912304,0.004290854460340385,0.43915924799999995,0.002736489029570197,0.0003869979898903362,0.05047924800000004,0.011215006620100285,0.0015860414464249867
PRO   7,18.853720000000003,0.012247514026134885,0.0017320600441114663,-3.507819999999999,0.015038204680473925,0.002126723301286878,0.24542000000000003,0.19062382747180368,0.026958280212209373,-3.271779999999999,0.18700227699150287,0.026446115631603352,0.5980836959999999,0.016444779363983877,0.00232564300067792,12.917623696,0.03966496782598555,0.005609473545060122
ARG   8,13.78674,0.014518691399033654,0.0020532530284423,-5.709160000000001,0.035549604779624246,0.005027473321634801,-173.42998,0.592095718286887,0.0837349795024355,-34.57654,0.5860908874910058,0.08288576818730642,0.5489405279999999,0.005104491641806074,0.0007218841308862256,-199.37999947199995,0.04724953629510725,0.006682093504438048
VAL   9,10.739520000000002,0.011121582617462447,0.0015728292972668257,-2.22676,0.03356757959697412,0.00474717263220792,-30.169700000000002,0.022878155525639588,0.003235459782644047,-2.89748,0.02446568208738604,0.003459969942068983,0.7284473280000001,0.007171862797300885,0.0010142545635421956,-23.825972672000002,0.07188421286635499,0.010165962875611376
VAL  10,10.995420000000001,0.030984570353002453,0.0043818799617519385,-4.610859999999999,0.05852111072087832,0.008276134846660364,-21.771499999999996,0.029470833043456945,0.004167805178448997,-1.55208,0.04239001769285108,0.005994853793046545,0.07102195199999997,0.0022665551329051075,0.0003205393008820756,-16.867998048,0.039850108232918735,0.00563565635250294
ARG  11,11.944840000000005,0.03569950139594421,0.005048671904410154,-4.62202,0.04552383551496881,0.006438042559651086,-176.89996,0.455346811126892,0.06439576358789909,-29.368419999999986,0.45772245258542094,0.06473173002489782,1.1238600960000003,0.00873816922461853,0.0012357637427766717,-197.82169990400004,0.06938299671192695,0.009812237494809495
ILE  12,14.158600000000002,0.054528157863317384,0.007711446038152457,-7.396740000000002,0.09706612385368922,0.013727222880087389,-13.970819999999996,0.18146015430419293,0.02566234112473042,-2.56894,0.1314292828862782,0.018586907435074473,0.011028816000000002,0.001182595377525157,0.00016724424216958073,-9.766871184,0.13041700852519297,0.018443750222045547
VAL  13,11.325579999999997,0.06916013013325717,0.009780719400994045,-3.0028200000000003,0.1045293623820497,0.014782684194690669,-20.822619999999997,0.09430522572986968,0.013336772922983787,-2.2439799999999996,0.08797283444338377,0.012441237559023629,0.6307741439999999,0.02185301818865901,0.0030904834701187497,-14.113065856000002,0.10998441397650593,0.015554144989523167
LYS  14,11.549899999999997,0.11516809454061466,0.016287228125200406,-6.602919999999998,0.4039906355350743,0.05713290358454281,12.43932,3.9466340516445144,0.558138340155915,-51.47208,4.077283295725195,0.5766149334451841,0.5963041440000002,0.03795753015819458,0.005368005394390455,-33.489475856,0.3421679435137776,0.04838985463264954
SER  15,11.25368,0.0900465301940142,0.012734502424501328,-2.2287199999999996,0.03157153148016868,0.004464888800414367,-19.658960000000004,0.31992311326287687,0.04524396056929843,-3.6758200000000003,0.3176952432756915,0.04492889217419027,0.40665844799999995,0.009709491771544112,0.0013731294947067652,-13.903161552000002,0.0673881821475505,0.009530128113673441
GLU  16,15.959580000000006,0.02923634039569817,0.004134642910175274,0.4685799999999999,0.017761858010919993,0.002511906049198826,-50.287859999999995,1.7356137359446075,0.24545284844138998,-32.597699999999996,1.7103630988771108,0.2418818691014485,1.345415904,0.004553129357655902,0.0006439097288836075,-65.111984096,0.04559321491072766,0.006447854287894228
SER  17,10.380419999999999,0.0227974472259811,0.0032240459054467363,-1.15684,0.05103542299226462,0.007217498735710831,-8.2397,0.4882637914078723,0.06905092758247208,-9.52614,0.5068407643432316,0.07167810828977439,0.57356568,0.012147448777483779,0.0017179086809350032,-7.9686943199999964,0.02751456155309089,0.0038911466111130463
GLY  18,5.142839999999999,0.05383060839354268,0.007612797646094302,-2.7805199999999997,0.1172959061519346,0.016588146129090764,-10.559180000000001,0.6513407000947874,0.0921134851799635,-1.3078199999999998,0.4379833645242706,0.061940201420402255,0.13734907200000002,0.009163459976909054,0.0012959089377607832,-9.367330928,0.3592044208089513,0.050799176357239136
TYR  19,10.0479,0.17184042015777382,0.02430190527510147,-9.9624,0.35110209341443616,0.049653334228428096,-32.0056,0.7690624421980105,0.10876185360682009,-0.7558799999999999,0.3532079070462611,0.04995114124822379,0.033569712,0.007140296333588385,0.0010097903914323579,-32.642410287999994,0.7482645944447311,0.10582059377073424
GLY  20,6.49184,0.21129300603667947,0.029881343477165236,-3.3027999999999986,0.11398912228808199,0.01612049627028108,-14.026540000000002,1.051961258031862,0.14876978781997222,1.0230000000000004,0.5917998648191797,0.08369313950378482,0.047761776000000006,0.003308174619004175,0.00046784654128941504,-9.766738224000001,0.4217245704619128,0.059640860713320504
PHE  21,9.939559999999998,0.2216010974702298,0.03133912774791611,-9.14148,0.1004024382174716,0.01419904898224751,-5.884620000000001,0.6512759749906206,0.09210433166794964,-3.3447799999999996,0.44662070216236516,0.06316170542346115,0.015631776000000007,0.007381750248025447,0.0010439371314808544,-8.415688224,0.34969073762589864,0.04945373837867974
ASN  22,17.575219999999998,0.4025043249457713,0.05692270752521371,-7.105219999999999,0.25594407904855543,0.03619595877995586,-78.8201,2.884613098840347,0.40794589665791,-13.912419999999996,2.0507504196269455,0.2900199056478742,0.3151918080000001,0.033404627987892066,0.004724127794650483,-81.947328192,0.8900821455917318,0.12587662419219708
VAL  23,10.67266,0.09146028865034021,0.012934438062786918,-7.617440000000003,0.2771738919883306,0.039198307718563245,-26.5097,0.6112432985317037,0.08644285626932019,2.4091600000000004,0.19552527816115578,0.027651450016227843,0.0,0.0,0.0,-21.045320000000007,0.3658539839876945,0.05173956660036266
ARG  24,12.543979999999998,0.17612671461207186,0.024908078850060758,-8.264019999999999,0.10599575274523397,0.01499006310862551,-83.78392000000002,2.3330170581448266,0.32993843648761934,-119.77851999999999,2.230051104705331,0.3153768517059382,0.8712348479999997,0.010551908346129398,0.001492265189201405,-198.41124515200002,0.26702203946389325,0.037762618966236165
GLY  25,6.429359999999998,0.10352309114403592,0.014640375951468164,-3.455719999999999,0.04349806432480367,0.0061515552505114635,-19.409879999999998,0.1605229753031239,0.02270137687461592,1.8917199999999996,0.10462237619172372,0.014795838333803569,0.11681596799999998,0.004626469945063877,0.0006542816542220843,-14.427704032000001,0.1117871680598511,0.015809092916952188
GLN  26,19.81649999999999,0.09368100127712833,0.013248494254280612,-7.555760000000001,0.0852559816082163,0.012057016546377065,-79.10898,0.12133432985108852,0.017159265485686005,-4.322359999999999,0.1845300799328101,0.026096494170677133,0.3775379039999999,0.005077997977510285,0.0007181373609498192,-70.793062096,0.14557139630105892,0.020586904294254613
VAL  27,12.223940000000004,0.021513168057600323,0.003042421403667003,-2.0489599999999997,0.09502798745634077,0.013438986866577745,-21.787779999999998,0.19294655114855525,0.02728676294474009,-6.4914,0.17337439257288703,0.024518841734477402,0.588010032,0.014017166620131657,0.0019823267140233625,-17.516189968,0.08840658444296894,0.012502579072232893
SER  28,11.132040000000003,0.033350238378429126,0.0047164359423150165,-2.1302000000000003,0.03408870780767405,0.004820871290538625,-11.4889,0.1663392016333379,0.023523915490417935,-6.12568,0.19319010740719156,0.027321207001156523,0.6671584800000001,0.00419946966936727,0.000593894696119365,-7.945581520000002,0.09622058091632571,0.013607645051128563
GLU  29,14.530800000000005,0.04664118351658957,0.0065960594294293415,-2.1918,0.043714985988776045,0.00618223260642769,-33.30373999999999,1.1877205700000548,0.16796905384035804,-46.65139999999999,1.1454317613897746,0.1619885131730322,0.9214315200000001,0.0084609985044647,0.0011965658836232452,-66.69470848,0.16762493607336804,0.023705745798688012
GLY  30,4.823340000000001,0.017986228064453047,0.002543636766468508,-1.9224199999999996,0.03048349717472855,0.004311017513306304,-10.10616,0.09763592781355863,0.01380780532888151,-1.9324800000000009,0.07819775955867887,0.011058833211507399,0.235966464,0.0036595592472187088,0.0005175398319724572,-8.901753536,0.049066698625945655,0.006939079065768565
GLY  31,5.336619999999999,0.014978504598386627,0.0021182804347106136,-1.6791000000000003,0.01594020075155497,0.002254284808979884,0.42512,0.05176664563210547,0.0073209092331485495,-11.293140000000001,0.052873815825399746,0.00747748674346975,0.3998331360000001,0.0029202262316263016,0.0004129823541963591,-6.810666863999997,0.021745246682437144,0.003075242277545116
GLN  32,18.545959999999997,0.012213042213964803,0.0017271849936824155,-1.9902199999999999,0.02203841192104274,0.0031167021031903537,-67.65628000000001,0.06368643182161514,0.009006621562127759,-14.244680000000002,0.05816371377378076,0.008225591285686755,1.139782032,0.005199926417204532,0.0007353806462552786,-64.20543796800003,0.009185620715061278,0.0012990429394054905
LEU  33,11.90186,0.006770553895235713,0.0009575009143420332,-3.1833,0.012576565508938585,0.0017785949510814632,-22.985239999999997,0.021762867463869535,0.003077734232353246,-0.6903400000000002,0.026591434711195436,0.0037605967611531272,0.7745381280000001,0.0031687277087170456,0.00044812577011350683,-14.182481872000006,0.017473909471042427,0.0024711839761627874
ARG  34,11.135100000000005,0.011128791484019605,0.0015738487849522728,-3.901179999999999,0.01199948332233996,0.0016969832055922936,-120.39931999999995,0.7102363111044852,0.10044258236537996,-86.62804,0.7124516253055434,0.1007558751041854,1.2176567999999994,0.007452422109850179,0.0010539316420279238,-198.57578320000002,0.06288377917972644,0.0088931093369244
SER  35,10.434160000000002,0.022545385336652075,0.003188398971202087,-3.32702,0.014052031881445971,0.0019872574065640013,-13.08442,0.031171839856774488,0.0044083638689572675,-7.13718,0.050889955786988204,0.007196926566252589,0.5824510560000001,0.003242784879924249,0.00045859903570472815,-12.532008944,0.028019878967008503,0.003962609285119605
ILE  36,12.842719999999996,0.07322487009271424,0.01035556043881245,-4.38802,0.06438710740514919,0.009105712053433513,-6.584039999999999,0.37062045059604853,0.05241364677257595,-4.53798,0.21964557723752282,0.031062575424457194,0.22590936,0.004974407884843669,0.0007034875095521578,-2.4414106400000004,0.15903571263147914,0.022491046170510794
ASN  37,19.758680000000002,0.007365975828999083,0.0010417062917482906,-3.0995000000000004,0.05743074089717336,0.008121933267391773,-81.75967999999997,0.45642819545469127,0.06454869442615022,-17.32592,0.46186612086179524,0.06531773321234019,0.6635687040000002,0.013786341564670731,0.0019496831216265264,-81.762851296,0.06364788798951483,0.009001170641117549
GLY  38,6.024060000000002,0.06667365596679344,0.00942907885212371,-1.0604799999999999,0.06718489115865367,0.009501378426312827,-8.03214,0.3217335549798699,0.04549999569230418,-7.21942,0.2354832554556932,0.033302361357720946,0.5399733600000001,0.004386691749543631,0.0006203718966154763,-9.748006640000003,0.21665670862928163,0.030639885572264606
GLU  39,14.672000000000004,0.0712699094978315,0.010079087260093636,-2.3261600000000002,0.5086910402198953,0.07193977681366535,-6.65566,4.604098980734451,0.6511179221062803,-72.18052,3.963793285427274,0.5605650222694659,0.7513529760000001,0.08711168279479889,0.012319452324954759,-65.738987024,0.2904133887398379,0.04107065530506086
LEU  40,11.19894,0.05618199355693516,0.007945333724937553,-3.085419999999999,0.0943027231844759,0.013336419009620152,-19.36864,0.3439061941868577,0.04863568040031694,-11.244780000000002,0.25145284170184395,0.03556080190320027,0.931361184,0.009925643197753083,0.0014036979225538666,-21.568538816000004,0.06721999247100446,0.009506342501511184
TYR  41,10.00666,0.6630645099837676,0.09377148227473146,-7.445639999999997,0.3294101249203138,0.04658562662453232,-37.92321999999999,4.210382259557945,0.5954379694241922,2.317720000000001,2.3702638337535333,0.33520592600966936,0.16511846400000002,0.008854124598303694,0.0012521623089862316,-32.87936153599999,0.8569882850823127,0.1211964455558267
ALA  42,10.52768,0.04169577436612448,0.005896672960222168,-4.055879999999999,0.03474284962420076,0.0049133809134033705,7.113980000000001,0.1054917039392443,0.014918779842872654,-1.8344800000000003,0.06637627286914881,0.009387022531132756,0.10361923199999999,0.002311714108054508,0.0003269257443939908,11.854919231999997,0.061022745030060485,0.008629919363474691
PRO  43,19.408140000000003,0.07023503683997499,0.00993273416528666,-6.393660000000002,0.04263782827447101,0.006029899501589192,1.42936,0.06364833383522177,0.009001233693222097,-8.9359,0.05111369679435927,0.0072285683229609075,0.13913827199999995,0.00869333087333192,0.0012294226423262744,5.647078271999999,0.050355046165579044,0.007121278922128519
LEU  44,11.821820000000002,0.05662532648854763,0.008008030469390852,-8.10432,0.024027850508592897,0.003398051206392534,-37.03514,0.06573309973387562,0.009296064114047018,3.3289600000000013,0.059939956623212554,0.008476789958460221,0.05714049600000001,0.001906219378031013,0.00026958012972698643,-29.931539503999993,0.07183030187326914,0.010158338709853075
GLN  45,20.25196,0.09133563598063439,0.01291680951317852,-8.105620000000002,0.06656512299951095,0.009413729972694162,-82.47542,0.2223948821353659,0.031451385851820036,2.0818799999999995,0.23954971425572785,0.03387744547630499,0.0009192960000000007,0.00018765051021512816,2.6537789653246525e-05,-68.24628070399999,0.11690234620572623,0.016532488347737295
HIE  46,29.705,0.047025950283966486,0.006650473667506831,-10.340479999999998,0.0868970057023149,0.012289092399382591,-13.03988,0.1977922789191504,0.02797205233801445,-11.19362,0.13999769855258976,0.019798664399409263,0.28939276799999997,0.009861483795157819,0.0013946244128234687,-4.579587231999999,0.11453032597500055,0.016197034029685736
VAL  47,11.449080000000002,0.053720327623262204,0.007597201589994342,-7.441399999999999,0.07855443972189544,0.011109275403932431,-34.185280000000006,0.25653771964281336,0.03627991223791334,1.75102,0.20526923685735246,0.029029453870164302,0.00016632000000000002,0.00041222059337204397,5.8296795383622936e-05,-28.426413679999992,0.14629063967690586,0.020688620667931586
SER  48,12.392759999999999,0.13856039260908848,0.01959539864355137,-4.7857,0.34027319906215747,0.0481218973025783,-12.669219999999996,2.853950814502612,0.40360959482153347,-6.3786200000000015,1.1565992718309956,0.163567837645424,0.16321967999999998,0.01916130549873933,0.002709817810909132,-11.277560320000003,1.3908434569027397,0.19669496798897337
ALA  49,6.6980200000000005,0.03628194592344153,0.005131041999421823,-3.3492000000000006,0.10187992932856622,0.01440799777900708,-0.59392,0.155835405476419,0.022038454392266222,-3.01406,0.14572321846568892,0.02060837519068347,0.259053984,0.011712632130742884,0.001656416321038347,-0.00010601600000000322,0.15012667862278894,0.02123111849823751
VAL  50,10.872839999999998,0.031341576221922525,0.0044323682159192945,-5.724819999999999,0.03537099942060369,0.0050022147095308625,-26.63038,0.10370128061019245,0.014665575747439222,-0.21558000000000002,0.11101893352036862,0.01570044814647023,0.149202864,0.006556677521725637,0.0009272542275331209,-21.548737136000003,0.056107102975079856,0.007934742597282177
LEU  51,14.64744,0.009998319863147243,0.0014139759551407137,-2.4169400000000003,0.026743530058633884,0.0037821062914652572,-22.42736,0.07221322870460486,0.010212492741680228,-2.05254,0.07877162179363595,0.011139989587068402,0.6597020159999998,0.007933422914233212,0.0011219554281350092,-11.589697983999999,0.03349314694040918,0.00473664626496816
PRO  52,18.136080000000003,0.0061703808561667335,0.0008726236291798304,-2.14672,0.011092411820629013,0.0015687039236161183,-6.9302800000000016,0.06980717441628463,0.009872225281045387,-3.63938,0.07094389050506758,0.010032981211977841,0.9284736960000001,0.0023148941422027223,0.0003273754691361122,6.348173695999999,0.014958659583032014,0.0021154739257246142
GLY  53,5.284559999999999,0.006344005045341642,0.0008971777974885491,-1.2264,0.00934023554309462,0.0013209087780803642,-19.83262,0.05983540423648083,0.008462004018130773,2.7964199999999995,0.0503603375683801,0.007122027239489043,0.30852863999999997,0.0018920317764851272,0.0002675736998746127,-12.66951136,0.011167746212594408,0.0015793578154991777
GLY  54,4.335980000000001,0.007021367388233711,0.000992971298684427,-2.12992,0.021681180779669983,0.003066181990687216,-10.27924,0.21894351417657057,0.030963288714213208,-3.091699999999999,0.17767715103525403,0.025127343671786904,0.07777382400000002,0.004205455306744093,0.00059474119307514,-11.087106176000002,0.04079999422232816,0.00576999051739604
ALA  55,9.428659999999999,0.060419073147561425,0.008544547267129344,-4.49356,0.03805320485841669,0.005381535840253464,-4.806920000000001,0.18570221754193061,0.026262259461055714,-1.84318,0.16340155323619102,0.023108469269945062,0.13007318400000004,0.008118401630649464,0.0011481153690856322,-1.5849268160000003,0.05441565448504416,0.007695535657815778
ALA  56,9.426179999999995,0.03055204739601785,0.004320711978571404,-6.211740000000001,0.04840281396767596,0.006845191597010922,-7.174379999999998,0.17314501321150863,0.02448640259409842,-1.18088,0.14557384929993486,0.020587251200682496,0.0,0.0,0.0,-5.14082,0.127630982132092,0.018049746591020266
ASP  57,17.068739999999995,0.011122607613549385,0.0015729742536035784,-5.308119999999999,0.03160863173268473,0.0044701355684419325,-53.41904,0.618681952541116,0.08749484080791138,-24.37886,0.6105068061864806,0.08633870052300034,0.4614703200000001,0.0035488770785059407,0.0005018870095618108,-65.57580967999999,0.017626787518041337,0.0024928041969082843
ARG  58,13.706759999999997,0.02822379138395202,0.003991446855677385,-3.230280000000001,0.01800004444426964,0.0025455906976404605,-150.53220000000002,1.01482985766009,0.14351861482040568,-60.55100000000002,0.9985979371088646,0.14122307460171513,1.5747527519999993,0.004901138867811306,0.0006931257057932664,-199.03196724799997,0.038467156512673996,0.005440077444615209
ALA  59,7.51836,0.023251460168967536,0.0032882530315931705,-3.4040000000000017,0.0139025177570578,0.001966112916316392,-8.731740000000002,0.0641254426883495,0.009068707074304247,-3.5510600000000005,0.05195205866951898,0.007347130596363646,0.25840252799999985,0.004168023362276409,0.0005894475167219206,-7.910037471999999,0.04480030664384436,0.0063357201254198164
GLY  60,6.466900000000001,0.04882960167765203,0.006905548493781153,-2.1507599999999996,0.020829363888542465,0.0029457168906781143,-14.916340000000002,0.09219210595294691,0.013037932658239488,1.5145800000000003,0.06457587475209692,0.009132407787652178,0.2120381279999999,0.010106599638475999,0.0014292890278207776,-8.873581871999999,0.03737545754930673,0.005285687896612946
VAL  61,11.081260000000002,0.045757976353585764,0.006471155074598837,-5.609700000000001,0.08191635978234285,0.011584722698442322,-19.97662,0.03779941269336669,0.005345644208069689,-2.4507999999999996,0.07106194480876285,0.010049676611716078,0.024500592,0.0027365107771642524,0.0003870010654645824,-16.93135940799999,0.04858749062941697,0.006871308820979714
ARG  62,11.215660000000005,0.020113289136055985,0.0028444486280141804,-5.01882,0.09068069033706712,0.012824186212003518,-124.95243999999997,0.5233951914279331,0.07401925781982453,-73.77747999999998,0.5669218725745939,0.08017486010009423,1.298563632,0.007744396365436999,0.0010952230372393908,-191.23451636799996,0.03945770245969579,0.005580161795858402
LYS  63,8.950800000000001,0.010560303024816085,0.0014934523760464526,-3.4942799999999994,0.07371866520770444,0.010425393613677723,64.6073,0.725317509784988,0.10257538593646101,-103.30984000000001,0.719176261009089,0.10170688220558266,1.1764778400000002,0.00728437208536885,0.0010301657796500613,-32.06954216000001,0.04692689759025719,0.006636465501223503
GLY  64,6.302979999999999,0.014716643639573512,0.0020812477027696607,-2.8515800000000007,0.040930228438128186,0.0057884084168229825,-14.185160000000002,0.06633200132664872,0.009380761589549676,-4.14354,0.08724476144732736,0.012338272488481569,0.15634440000000002,0.005199115413375404,0.0007352659529938497,-14.720955600000003,0.017663208795625867,0.002497954943380184
ASP  65,14.66654,0.0828258920873392,0.011713349990556551,-6.64928,0.03162153696440422,0.00447196064381426,-90.11000000000004,0.6111635133009052,0.08643157293377296,17.260059999999996,0.5851085509544965,0.08274684482203182,0.009344879999999998,0.0012348344251761326,0.00017463195913692715,-64.82333512000001,0.046039526252530355,0.006510972243156058
ARG  66,13.88362,0.09044863514699451,0.012791368652301544,-9.06926,0.04673320446999799,0.006609073157462611,-137.8817,0.8631382565977843,0.12206618286836551,-65.83152,0.8292054809281797,0.11726736371227364,0.619872912,0.009762226487031489,0.0013805873096917787,-198.27898708800004,0.10784259882609287,0.015251246586142136
ILE  67,13.173820000000001,0.039363277302947225,0.005566808062128099,-8.56102,0.04352584979081945,0.0061554847087991,-12.419260000000001,0.03810816710325943,0.00538930867546097,-0.9170400000000005,0.035226103957134804,0.004981723396574459,0.0,0.0,0.0,-8.7235,0.04001362267985324,0.005658780787352812
LEU  68,13.298500000000006,0.031919429815592676,0.00451408905484273,-7.590519999999999,0.05305100941565994,0.007502545701320905,-34.117159999999984,0.062369338631142746,0.008820356456840227,-1.6721799999999996,0.05917117203505005,0.008368067399347938,0.11989151999999992,0.00449524156734931,0.0006357231590688684,-29.96146848000001,0.03324317630155737,0.00470129507820223
GLU  69,15.416860000000002,0.031051576448232074,0.004391356054615478,-6.141499999999997,0.02767616302968979,0.003914000511103614,-19.32758,0.45388227945132054,0.06418864753208726,-61.731739999999974,0.4514134162861367,0.06383949755490262,0.40039675200000013,0.002886588962358942,0.0004082253259564495,-71.38356324799999,0.04917016639919171,0.006953711618587877
VAL  70,10.902819999999995,0.024706833064842587,0.003494073840358841,-6.59512,0.06907029462807619,0.009768014742013088,-26.23715999999999,0.04771765292322942,0.006748295192864321,-2.09386,0.030061942718345475,0.004251400710356728,0.0,0.0,0.0,-24.02332,0.036209081737194504,0.0051207374473816415
ASN  71,18.3848,0.07810326497720016,0.011045469659637602,-4.06656,0.039054915183665,0.005523199073006996,-89.17914,0.1760757802739193,0.024900875646880174,-8.883859999999997,0.18577018167639087,0.02627187104112658,0.35014968,0.00530437604277718,0.0007501520539622416,-83.39461032000003,0.10030875842574175,0.014185800659049045
GLY  72,6.1217999999999995,0.015491933384995077,0.0021908902300440567,-1.2284999999999997,0.022141589825502652,0.003131293662372798,-5.0720600000000005,0.03937939054875777,0.005569086819204011,-6.6315800000000005,0.032938178455749506,0.004658161869198624,0.5068759680000001,0.005834836671896454,0.0008251705155627858,-6.303464031999999,0.03506231026703223,0.004958559470777039
VAL  73,10.724680000000001,0.01705454777994031,0.0024118772770531545,-2.3915,0.018423083346607406,0.00260541743295021,-30.513520000000007,0.05325457350910512,0.007531334011497141,-0.044039999999999996,0.04553107071001075,0.0064390657707465585,0.5208783839999999,0.003150981035297644,0.0004456160114898344,-21.703501615999993,0.017370960065121104,0.0024566247315535687
ASN  74,20.441719999999997,0.012603237686496014,0.0017823669666054373,-4.35504,0.040776934656719964,0.0057667294023534856,-92.59002000000001,0.07119002456934564,0.010067789825164247,-5.18698,0.06719865772473596,0.009503325312758914,0.5996050559999999,0.003015812541434665,0.00042650029976717746,-81.090714944,0.03958460297962489,0.005598108239493995
VAL  75,13.456100000000001,0.01787875834519925,0.002528438253017193,-6.339899999999997,0.024290121449652893,0.0034351419185788745,-34.68874,0.04831141065156694,0.006832265216082197,2.214959999999999,0.0411839580420115,0.005824291201521716,0.02319551999999999,0.0007921911042168587,0.00011203274035747995,-25.334384479999997,0.030370330026539227,0.004295013261727861
GLU  76,15.312139999999992,0.021807347391346734,0.0030840246440224086,-5.962900000000001,0.0750648386395103,0.010615771286134341,-7.133819999999997,0.5168004136995528,0.07308661540939337,-72.49754,0.5075267563399323,0.07177512220831574,0.50032584,0.0033829888616840617,0.00047842687295507184,-69.78179415999996,0.11679493511465668,0.01651729812556331
GLY  77,6.14722,0.012606807684938283,0.0017828718406269078,-3.6833,0.035709522539506856,0.005050089108123832,-12.37848,0.057355118341686016,0.008111238623032622,-2.56864,0.057717158627225956,0.008162438851226222,0.03981585600000001,0.0025234258957345054,0.00035686631253912133,-12.443384144000003,0.0346429454375612,0.004899252327835018
ALA  78,7.13214,0.01787625240391163,0.0025280838594016466,-4.44556,0.05033375010862281,0.007118267204871262,-13.123459999999996,0.12544324772597443,0.017740354224220094,3.1017999999999994,0.10545539341353669,0.014913644759081393,0.07028899200000002,0.002760820170589537,0.0003904389328520925,-7.2647910079999996,0.051648564885824956,0.007304210093864045
THR  79,15.353839999999998,0.08637808981493891,0.012215706610816791,-6.742419999999999,0.031691696073428276,0.0044818826401648425,-31.517540000000007,0.20602225219574852,0.02913594632058777,-5.477320000000001,0.2130094307771023,0.0301240825918351,0.10782086399999999,0.004456157104131893,0.0006301957812728539,-28.275619136,0.08740924372529031,0.012361533795308091
HIE  80,30.804440000000003,0.09090416051985165,0.012855789668331506,-12.70838,0.28289283412624355,0.0400070882719496,-4.1317200000000005,0.96172933905543,0.1360090674624302,-8.745459999999998,0.8539200948566701,0.12076253793292226,0.020678687999999997,0.013481570854713347,0.0019065820344829453,5.239558688000001,0.32266274086393976,0.045631402420225904
LYS  81,11.550999999999998,0.1483698082497414,0.020982659507347977,-3.64542,0.16196062360957253,0.022904691047906156,20.390840000000004,2.8237550910799274,0.3993392746625307,-61.67346,2.788356650143526,0.3943331791366186,1.045390032,0.038966340755873276,0.005510672757300747,-32.331649967999994,0.061264402740205025,0.008664094924588535
GLN  82,20.660519999999998,0.07363891362652976,0.01041411503690593,-6.072660000000001,0.06129261293165351,0.008668084448122894,-80.45748000000003,0.4895859573139293,0.06923791007807739,-7.63034,0.313793474119504,0.04437709868839733,0.533434896,0.008757933405018908,0.001238558819973812,-72.96652510400003,0.21775025167515372,0.030794535912915713
VAL  83,13.299619999999999,0.07666730463553344,0.010842394200616104,-7.67738,0.07096813087567225,0.010036409318064448,-25.272280000000006,0.23888223374613904,0.03378304947737697,-2.957300000000001,0.1953785300384759,0.027630696697693177,0.0,0.0,0.0,-22.607339999999986,0.09448123835182383,0.013361664866695426
VAL  84,12.92934,0.11048884287605626,0.01562548200862287,-6.616179999999999,0.23814950682293126,0.03367942624214533,-31.95680000000001,0.4394548440958742,0.06214830005709393,-2.1076200000000007,0.4565253066369902,0.06456242802125675,0.05501016000000001,0.021348793915760167,0.0030191753895976244,-27.696249839999993,0.30327137447075914,0.04288904908560772
ASP  85,14.433979999999998,0.0922517186833917,0.013046363171427999,-4.3836200000000005,0.08072469015114284,0.0114161951630112,-78.88421999999998,3.076074753903451,0.4350226635843741,-2.9431600000000007,3.102932164002301,0.4388208749455751,0.5172107039999999,0.008466028534069558,0.001197277237231878,-71.259809296,0.13158480849408233,0.018608902077459764
LEU  86,12.615879999999999,0.04570629715902642,0.006463846532815002,-6.07538,0.12194734765459629,0.01724595929485569,-31.024299999999993,0.16991494931370743,0.024029602576938206,-2.0663199999999997,0.1700750940026256,0.024052250456039218,0.33268478400000007,0.010483984087266968,0.001482659248391666,-26.217435216,0.11950727066743257,0.01690088029800755
ILE  87,14.432100000000002,0.11301508748808622,0.01598274694784334,-7.8375400000000015,0.19972653404083382,0.028245597320631883,-7.659940000000001,0.45259122439569993,0.06400606477514437,-2.1987200000000002,0.2605913306309297,0.03685317940151121,0.0,0.0,0.0,-3.2640999999999996,0.21803295622451577,0.03083451637370095
ARG  88,13.221060000000001,0.19886582511834494,0.028123874697487953,-4.477779999999999,0.5572761358608547,0.07881074693212922,-134.48438000000004,6.150535140586181,0.8698170211669287,-74.08224,5.794770171663277,0.8195042567601274,1.052637552,0.11031737405030381,0.015601232654732539,-198.77070244800004,0.7423104560305238,0.10497855144097237
ALA  89,8.56668,0.20708321419181414,0.029285989004987613,-1.4344199999999996,0.09736880198503514,0.013770028031925704,-7.111140000000002,0.3377217203556298,0.047761063723490545,-5.6741399999999995,0.21123569868751424,0.029873238994123922,0.3961428479999999,0.010040074211887432,0.001419880911768357,-5.2568771519999995,0.29743280301290015,0.042063350391548855
GLY  90,7.5080599999999995,0.27470721941731746,0.038849467538177196,-0.7766200000000001,0.05914825103077789,0.008364825879837449,-15.619399999999994,0.9272943006403975,0.13113921762769243,-0.28318,0.7352200946655363,0.10397582292052322,0.47364393599999993,0.017616923490301892,0.00249140921272741,-8.697496064,0.3733659215613574,0.05280191500000008
GLU  91,15.661739999999998,0.11346661359203873,0.016046602381840854,-1.1619200000000003,0.23744075808504062,0.033579194034401356,-16.6144,3.246551524310066,0.45913171966223404,-58.65689999999999,2.4196761456856968,0.34219388217793695,0.9495895679999999,0.011893496318591304,0.00168199437977863,-59.821890432000004,0.6609126288690476,0.0934671603290263
LYS  92,10.789760000000001,0.12735219825339528,0.01801032059679788,-3.241759999999999,0.25897741677607544,0.036624937515307536,26.159400000000005,1.702611182859969,0.2407855826248666,-68.63051999999999,1.8077649099374813,0.25565656532157627,1.2398472,0.04379474601781284,0.006193512377907601,-33.68327280000001,0.1538027780302332,0.02175099746210145
GLU  93,15.149580000000004,0.10740727908219992,0.015189683077563916,-4.258780000000001,0.10004204915931153,0.014148082272869426,-41.85674000000001,0.8940012038018094,0.1264308627194392,-41.38668,0.8266663278494426,0.1169082732401845,0.53360784,0.019496328738465206,0.002757197251842183,-71.81901215999997,0.06973417802690625,0.009861902032659069
LEU  94,12.947779999999998,0.04427201825182791,0.006261008864536423,-8.239900000000002,0.07341968400888572,0.010383111287051324,-32.06857999999999,0.07096226885218344,0.010035580302752367,-0.0044199999999999995,0.058752051879062066,0.008308794858461725,0.0,0.0,0.0,-27.36512,0.1161577616862157,0.01642718819515481
ILE  95,13.026419999999996,0.1072354586881532,0.0151653840044086,-5.066319999999999,0.045515465503557076,0.006436858861285517,-12.813280000000002,0.081142846881042,0.011475331454873297,-0.6090599999999999,0.06549974351094898,0.009263062560514316,0.375218928,0.005574247218596943,0.0007883176016560299,-5.087021072,0.11596703230446864,0.016400214987313838
LEU  96,11.583540000000001,0.016535065769610266,0.0023384114266113954,-8.13128,0.03196187729196524,0.0045200920345201895,-34.53032000000002,0.08357928929383111,0.011819896445284037,0.17937999999999998,0.05780134600508897,0.008174344744381673,3.8304000000000005e-05,0.0001876505102151337,2.653778965324731e-05,-30.898641696,0.0544831004491405,0.007705073957531016
THR  97,16.23298,0.015385044684768288,0.002175773885091541,-5.306940000000001,0.011586906403004351,0.0016386360181076408,-45.19480000000001,0.09836117119943624,0.01391037023211446,2.582919999999999,0.09431836300532452,0.013338630814295873,0.135493488,0.0025102145961350734,0.0003549979526321122,-31.550346511999997,0.020316763453685608,0.002873224241972823
VAL  98,11.872899999999994,0.012252754797282004,0.0017328012010748212,-6.644499999999999,0.019793180644033462,0.0027991784509292755,-26.71177999999999,0.04716366822484318,0.006669949925483821,-1.7561399999999994,0.04895876223927453,0.006923814555578179,0.00021067200000000002,0.0003966822602738872,5.609934324321453e-05,-23.239309328000004,0.015625667336581554,0.002209803066852391
LEU  99,11.597660000000003,0.021853704489233693,0.003090580527676808,-8.68358,0.034349433765798264,0.004857743509142824,-34.33938,0.18917133926761867,0.026752867360454836,0.7209199999999999,0.13361479558791411,0.018895985605413692,0.0,0.0,0.0,-30.70438,0.07327561395156036,0.010362736704151184
SER 100,11.971379999999996,0.012865286632826031,0.001819426283995986,-4.8951199999999995,0.014865584415209469,0.0021023111092591347,-0.057620000000000025,0.21051573717895772,0.0297714210611452,-10.871239999999998,0.18318543173534518,0.025906332198929592,0.258393312,0.0021862467550323103,0.00030918198116608626,-3.594206688000001,0.035513293078292485,0.005022338071585179
VAL 101,7.882999999999999,0.0055677643621822575,0.0007874007873095734,-2.0964799999999992,0.015017642957675319,0.0021238154345621235,-76.99812000000001,0.7579240236308955,0.10718664334671986,-33.7691,0.7382757547148545,0.10440795850889797,1.0230595200000001,0.0029994038575738434,0.0004241797614415108,-103.95764047999994,0.02973900989744663,0.004205731112851673
GLY 102,1.00864,0.009750405119789023,0.0013789155159037699,-0.90632,0.05146744213577896,0.00727859546890711,13.43652,1.6879664124620404,0.23871449933340752,-125.77546000000001,1.6298992264548706,0.23050255913538945,0.8431496639999998,0.010614579397770201,0.0015011282143212658,-111.39347033599998,0.1252264554305893,0.01770969516378493
MET 103,9.509960000000001,0.26832241501583964,0.03794651984041026,-5.271299999999999,0.25881601573320995,0.036602111960927386,-5.9380999999999995,0.7841094375149421,0.110889820091837,-1.9544799999999998,0.6510924739236367,0.09207838069818577,0.6250870079999999,0.05694604509315676,0.008053386929425213,-3.0288329919999994,0.5386834942064533,0.07618135033332948
ASN 104,20.067120000000003,0.6372945516791707,0.09012705982111645,-4.659899999999999,0.3042848172354485,0.043032371535858975,-81.42244,4.077482233732146,0.5766430675279344,-9.448659999999999,3.321477819344878,0.4697278979238939,0.5671356479999999,0.054932735280691335,0.007768661925220469,-74.89674435199998,0.7696370914899956,0.10884312128905343
LYS 105,13.0407,0.5135748144136982,0.07263044678370974,-5.612240000000001,0.3974876380467567,0.05621324086013711,76.37468000000001,4.051077592147378,0.5729088873040563,-103.08367999999999,4.1590461860382,0.5881779522831316,0.829602144,0.10693130388963686,0.015122370020296332,-18.450937856000003,0.9105415059814712,0.12877001468626192
PRO 106,19.016979999999993,0.5021206026445878,0.07101057662069278,-4.27908,0.32052886547079823,0.045329626868086406,-8.72274,2.7729581447255938,0.392155501616387,3.6893199999999995,1.8416947786210407,0.2604549733677591,0.5935724640000001,0.0502337669468715,0.007104127450535497,10.298052464000001,1.104531818536797,0.15620438778473567
VAL 107,9.949720000000001,0.4028546159596471,0.05697224615547376,-7.612439999999997,0.6204669583467187,0.08774727874983118,-110.25126,4.315256144472279,0.6102693764626529,0.44395999999999985,4.567602386197818,0.6459565242088665,0.11745359999999998,0.03023775759685904,0.004276264688922814,-107.3525664,1.9816986638703185,0.28025451269820456


