#Frame       SA_00001
       1    6201.3187
       2    6205.9511
       3    6082.0536
       4    6194.2844
       5    6089.9695
       6    6180.7767
       7    6172.7264
       8    6176.4722
       9    6185.4682
      10    6243.6009
      11    6186.2102
      12    6076.8602
      13    6078.5630
      14    6188.1974
      15    6186.6805
      16    6175.3379
      17    6044.5641
      18    6136.0457
      19    6204.9940
      20    6207.7020
      21    6199.0484
      22    6127.9635
      23    6179.7024
      24    6108.6062
      25    6164.2257
      26    6098.0097
      27    6219.6517
      28    6087.8513
      29    6141.4445
      30    6140.6545
      31    6079.2690
      32    6179.1237
      33    6202.4719
      34    6096.7824
      35    6227.4935
      36    6151.0060
      37    6204.9962
      38    6150.3854
      39    6131.2237
      40    6213.3145
      41    6273.0452
      42    6183.9614
      43    6174.4507
      44    6240.8820
      45    6090.9080
      46    6215.4839
      47    6167.7699
      48    6131.3936
      49    6124.5363
      50    6177.9618
