| Run on Mon Jun 20 15:45:52 2016
| GB non-polar solvation energies calculated with gbsa=2
idecomp = 2: Per-residue decomp adding 1-4 interactions to EEL and VDW.
Energy Decomposition Analysis (All units kcal/mol): Generalized Born Solvent

Total Energy Decomposition:
Residue,Internal,,,van der Waals,,,Electrostatic,,,Polar Solvation,,,Non-Polar Solv.,,,TOTAL,,
,Avg.,Std. Dev.,Std. Err. of Mean,Avg.,Std. Dev.,Std. Err. of Mean,Avg.,Std. Dev.,Std. Err. of Mean,Avg.,Std. Dev.,Std. Err. of Mean,Avg.,Std. Dev.,Std. Err. of Mean,Avg.,Std. Dev.,Std. Err. of Mean
ARG   1,7.784419999999999,0.023757179967371856,0.003359772611359568,-2.0249800000000007,0.055815943958664065,0.007893566494299934,-287.7266399999999,1.462238075845018,0.20679169182783627,-17.215600000000006,1.4438050976499137,0.20418487505199187,1.5521630399999997,0.00993547219473702,0.0014050879526377874,-297.63063696000006,0.03616470744733149,0.005114461975127146
MET   2,9.764000000000003,0.02517300141009936,0.003559999999979956,-4.209299999999999,0.05375992931550346,0.007602802115020393,-4.612740000000001,0.055545588483596,0.007855332456349626,-3.57616,0.05336116940252548,0.007546408947313976,0.526672512,0.008373047006881757,0.001184127663551963,-2.107527488,0.0458581157155327,0.006485316918978111
LEU   3,12.247239999999998,0.015628896316098893,0.002210259713514996,0.4676600000000001,0.010352989906297816,0.001464133873659813,-15.326459999999999,0.027113251373412698,0.0038343927812311183,-6.761519999999998,0.029308865553405592,0.004144899516339582,1.221891984,0.004055438151161365,0.0005735255634737673,-8.151188015999999,0.015284384189497208,0.0021615383413307854
PRO   4,18.31942,0.022953073870065926,0.0032460548365198737,-4.675200000000001,0.02701703166479254,0.003820785259541297,-0.6850800000000001,0.045340860159463474,0.006412165936717518,-4.0712600000000005,0.047611263373283225,0.006733249438421453,0.44243179200000016,0.0056183253050526225,0.0007945511844229375,9.330311792,0.02493492252453188,0.003526330561091536
ARG   5,12.859640000000002,0.03136288251945801,0.004435381381413158,-5.040380000000002,0.05546129821770179,0.007843412012629263,-253.30046,0.6493555947195291,0.0918327488855205,45.53348000000001,0.6404338604405583,0.09057102512379955,0.6652120319999998,0.003476347350116817,0.0004916297570054973,-199.282507968,0.046401986947226456,0.006562231926182698
LEU   6,12.428220000000001,0.011268167550223364,0.0015935595372618295,-3.47358,0.052224549782643306,0.007385666659144303,-31.365359999999995,0.04958215808325522,0.007011976041306631,-5.960919999999998,0.04539640514431195,0.00642002118380697,0.8555369760000001,0.006856871013572264,0.0009697079982836845,-27.516103023999996,0.07040133073792544,0.0099562516738688
CYS   7,10.706599999999996,0.0291561314326867,0.004123299649843803,-5.61952,0.048504119412819194,0.006859518350457302,-4.81706,0.12784669100135862,0.01808025243186437,-0.9246599999999999,0.12010572176212259,0.016985514063460314,0.03660940799999999,0.002300939208918128,0.0003254019435448037,-0.6180305919999998,0.032321087535591056,0.004570892034348087
CYS   8,10.108480000000002,0.028579181233775657,0.004041706570232418,-4.045019999999999,0.03380147334082718,0.00478025020267904,4.38602,0.04207778035957097,0.005950696765906151,-7.453559999999998,0.05557559176500391,0.007859575561097901,0.6265696319999998,0.005701995105647843,0.0008063838810992189,3.622489632000001,0.0396425135593296,0.005606298032216323
LEU   9,13.61282,0.10453854600144548,0.014783982954600788,-7.5317,0.08752125456150732,0.012377374519679176,-33.938480000000006,0.08671130030058988,0.012262829689610044,0.5326,0.03484479875103341,0.004927798697187253,0.011261520000000002,0.0010804014453895377,0.00015279183768773788,-27.313498480000018,0.05795346775342816,0.008195858008344993
GLU  10,15.69376,0.0678048847804357,0.009589058765163722,-3.72582,0.1341251191984395,0.018968156262534112,15.890820000000005,1.39348444828058,0.1970684605714386,-90.01659999999997,1.5213161144233573,0.21514658816742513,0.9821884319999998,0.02069734083339763,0.0029270460111649388,-61.17565156799999,0.07870399636016658,0.011130425906551028
LYS  11,9.7549,0.05668835859365139,0.00801694455518112,-6.39818,0.28641282722670636,0.040504890470163014,-14.178899999999999,3.4029650321447598,0.4812519300740514,-24.74351999999999,3.4084467855022624,0.4820271670684279,0.8109054720000001,0.034981259790547316,0.004947097202468863,-34.75479452800001,0.359889298074382,0.050896032628972444
GLY  12,6.626640000000001,0.04976535340956872,0.007037883772810223,-1.61832,0.054643733401013035,0.0077277908874412325,-4.214200000000002,0.20818222786775967,0.02944141300956318,-2.814900000000001,0.1965480348413446,0.027796089653040913,0.151038864,0.003936367388023945,0.0005566864146626619,-1.8697411359999998,0.08086789533587377,0.011436447434456064
PRO  13,18.38994,0.011428753209726777,0.001616269779021065,-1.03406,0.013751232672001925,0.0019447179744093135,-5.16348,0.12385382351787552,0.017515575697074334,-5.626900000000001,0.11704464960002921,0.016552613086756797,1.192655952,0.004127949222673483,0.0005837801775492314,7.758155951999999,0.0213595504816646,0.0030206965977362847
ASN  14,18.539720000000003,0.010868376143488822,0.0015370204943094088,-1.4768599999999998,0.0751616950314462,0.010629468848442167,-85.47063999999999,0.1282058906650789,0.018131050935467675,-11.952500000000002,0.14481177438304027,0.02047947753238083,0.6943318559999999,0.016642199396722873,0.0023535624094562827,-79.66594814400001,0.04429226819539004,0.006263872639018709
GLY  15,5.253600000000001,0.08697171954135621,0.012299658531829509,-3.31672,0.04647969018829257,0.006573220823918303,-11.25438,0.34689726951940086,0.04905868233045316,-0.8309600000000004,0.29947667421687374,0.042352397429189184,0.067720752,0.0032230994768539904,0.0004558150993044541,-10.080739247999997,0.06665758896139454,0.009426806634429526
TYR  16,9.622539999999999,0.10411440054104625,0.01472399972834923,-11.42492,0.17250064811489696,0.024395275608223615,-32.65681999999999,0.4469021230656028,0.06320150434927055,0.19560000000000002,0.3294928830794377,0.04659733039563532,0.04382553600000001,0.006110827889370093,0.0008642015678474941,-34.219774464,0.7269665379241282,0.10280859373237171
GLY  17,7.282140000000003,0.09708223524391231,0.013729501374743606,-4.17942,0.11029416847683969,0.015597950891060978,-16.92128,0.6080525977249992,0.08599162303388856,1.5118399999999996,0.6497284158785119,0.09188547375945781,0.0036054719999999967,0.002749976094662643,0.0003889053489273708,-12.303114527999998,0.08116087121416808,0.011477880480509262
PHE  18,9.483260000000001,0.0357350304320537,0.005053696468882562,-10.37814,0.11967840406686094,0.01692508221545221,-5.513059999999999,0.4090550285719608,0.05784911691633808,-1.2711999999999997,0.39070285384163894,0.055253727476071886,2.4624e-05,0.000172368,2.4376516331912564e-05,-7.6791153759999995,0.19377838768410632,0.027404402395765467
HIE  19,29.68918,0.25869980208716764,0.036585676869490796,-9.129859999999997,0.2287306721890811,0.0323474018740513,-25.452440000000006,2.4142370899312584,0.3414246835364939,-2.3129800000000005,2.0782193386647125,0.2939045974325681,0.22998816000000002,0.03749896750501774,0.0053031548420584065,-6.97611184,0.3758502982464579,0.05315325892021134
LEU  20,11.314359999999999,0.267951171671287,0.037894018103129555,-8.594060000000002,0.3125209375385501,0.044197134839257246,-32.0252,0.9715213842216457,0.1373938717701734,-0.0953,0.45426094923512855,0.06424219952647948,0.0006164639999999999,0.0009874136701018474,0.00013964138039306256,-29.399583536000005,0.7822537250808532,0.11062738272262171
HIE  21,28.839699999999993,0.33616318953783453,0.04754065418150029,-9.46238,0.5097900701269189,0.072095203113662,-31.695420000000002,2.890291190105194,0.4087489000254239,0.7425000000000003,1.4562274169922769,0.20594165630100184,0.23843952,0.03868198994211124,0.005470459479571337,-11.33716048,1.2987787791775376,0.18367505640352447
GLY  22,5.4501,0.09648797852579083,0.013645460783713734,-2.3443199999999997,0.24004628220408308,0.03394767078902536,-11.917919999999999,1.5945001579178442,0.2254963748533457,-3.0658399999999997,0.7316483680020086,0.10347070449165818,0.10775592000000002,0.02253958077239228,0.0031875780818521,-11.77022408,0.7329665038244173,0.1036571170473682
GLU  23,15.579039999999996,0.09244586740458309,0.013073819946890624,-4.68132,0.18436088956174154,0.026072567038938326,9.664260000000002,1.4039906952682937,0.1985542682694052,-82.16602000000003,1.268391477262656,0.17937764295432934,0.48947904000000003,0.0270369029857191,0.003823595488696958,-61.11456095999998,0.3022994782161787,0.04275160219916299
LYS  24,9.769639999999997,0.11872956834767555,0.01679089658119861,-1.0635800000000002,0.03525001560282353,0.004985105013937625,14.950199999999997,1.0619451963260962,0.15018172991413242,-52.37431999999998,1.0367385676257068,0.14661697429715306,1.624393872,0.007584883502272002,0.0010726645117933005,-27.093666127999995,0.0652994021010632,0.009234730006617776
GLY  25,6.355960000000001,0.02364314699840733,0.0033436459142328376,-1.17296,0.011253372827717087,0.001591467247539837,-5.80722,0.29491058238048246,0.04170665452898262,-5.3306000000000004,0.2735656411174451,0.03868802398675816,0.6323607360000001,0.00692205628053701,0.00097892658714453,-5.322459263999999,0.03721353074097302,0.005262787987767214
LYS  26,9.886840000000003,0.06260650445419152,0.008853896769188924,-4.185419999999999,0.05202233751004357,0.007357069525305421,-2.65154,1.0745013207995597,0.15195743406625412,-33.49126,1.0881311650717451,0.15388498512852988,0.9535462559999999,0.008966906072370131,0.00126811201800715,-29.487833744000003,0.054495936279139914,0.0077068892180179645
LEU  27,11.160459999999999,0.030344824929643965,0.00429140629633397,-2.5676,0.04670631648931393,0.006605270622767788,-26.60076,0.2390960944895554,0.033813293953756825,-7.684640000000002,0.23610326215449728,0.033390043545942036,0.8983460160000001,0.009663196478160833,0.0013665823515290976,-24.794193984000003,0.11846665761778509,0.01675371538920816
GLY  28,5.0181000000000004,0.015916343801585388,0.0022509109267595,-3.50484,0.029636032123070158,0.0041911678563370525,-6.232119999999998,0.26703637505032124,0.037764646324311264,-4.28202,0.22707219028317863,0.032112857113623536,0.03230553599999999,0.0031238554428629967,0.0004417798734189861,-8.968574463999998,0.08850139248745473,0.012515986954466282
GLN  29,19.192719999999998,0.04991514399465119,0.007059067360504166,-9.00196,0.11580638324375964,0.01637749577927012,-77.79523999999998,0.5310434091499692,0.0751008791428731,-4.280559999999998,0.46111955759869766,0.06521215322315597,0.09496439999999998,0.010376499740933902,0.001467458666358963,-71.79007559999997,0.23083971819254082,0.03264566602022745
TYR  30,9.052480000000001,0.05785853091808235,0.00818243191233351,-9.655740000000002,0.13481792314051702,0.01906613353562927,-27.23692000000001,0.43578333332011243,0.061629070023745805,-2.2062,0.3048841091300096,0.04311712420836983,0.20763547200000002,0.013294890428416445,0.0018801814354130783,-29.838744528000003,0.2748251840531804,0.038866150256968976
ILE  31,12.997579999999994,0.12585882408560606,0.017799125596619364,-8.033860000000004,0.1487868287178297,0.021041635107523746,-5.679919999999999,0.3562015070153641,0.05037450021588631,-1.8482399999999997,0.3133738061804146,0.044317748679281996,0.0028278719999999986,0.001463346506476171,0.00020694844759098891,-2.5616121280000006,0.19081320723250053,0.02698506255481102
ARG  32,13.851220000000001,0.6937913602805682,0.09811691511660578,-7.5215600000000045,0.8110197077753043,0.11469550700876996,-218.66862000000003,5.314146154895259,0.751533756468571,13.17054,4.212611357388663,0.5957532114625981,0.8313317280000001,0.09519181800545262,0.013462156005026248,-198.33708827199996,1.055096755674596,0.14921321414908656
LEU  33,11.7393,0.06119779407767523,0.008654675037196418,-4.808679999999999,0.26726125345813445,0.0377964489337327,-35.404219999999995,0.40611999655282127,0.05743404070759144,0.07943999999999996,0.31243214687352516,0.044184577942988204,0.63992448,0.04978738815762906,0.007040999956765263,-27.754235519999998,0.26780180381267177,0.037872894297985925
VAL  34,11.09744,0.13287590601745763,0.018791490840250134,-6.391679999999999,0.0365121568796853,0.005163598745074506,-28.987899999999996,0.21872523859951884,0.030932419886073072,-3.3017199999999995,0.2727087853370391,0.03856684628019337,0.11604023999999996,0.0034618735838275534,0.0004895828573470077,-27.46781976,0.22978564217393638,0.032496597160099186
GLU  35,16.80108,0.48223338084379547,0.06819809874183254,-4.207799999999999,0.05710621682454447,0.008076038632908941,22.706000000000003,2.8998661003570056,0.4101029968190856,-92.82783999999998,2.8651589091011065,0.40519465876048866,0.37481587200000016,0.01927550831951045,0.00272596852870871,-57.153744128,0.5888068814189478,0.08326986773212826
PRO  36,17.875100000000003,0.029062862898597375,0.004110109487258625,-1.7015000000000002,0.12448554132909752,0.017604914086696614,-8.12572,0.3785363940231104,0.05353313022792885,-2.4341800000000005,0.40926586420076205,0.0578789335769063,0.9527594399999999,0.01643960422471791,0.00232491112546421,6.566459439999999,0.1354093428204782,0.019149772908874815
GLY  37,6.209039999999999,0.00883846140523436,0.0012499471989793596,-1.6182199999999995,0.038783135510189665,0.0054847636229863805,-19.78504,0.27676408437505534,0.03914035217009749,4.14806,0.22740962248770077,0.0321605772336252,0.30430454400000007,0.007666228154498226,0.0010841683828337852,-10.741855455999996,0.0907283382204972,0.012830924640300037
SER  38,12.549599999999998,0.037681295095085235,0.005328939857125232,-4.919479999999998,0.05306194116322769,0.00750409168388798,-7.00504,0.2823162737073342,0.039925550315554684,-0.6381399999999999,0.2803522791061275,0.03964779953540928,0.0005171039999999998,0.0004772653806678212,6.749551741915906e-05,-0.01254289600000004,0.048903044268466304,0.0069159348445796895
PRO  39,19.430659999999996,0.022257232534539297,0.003147648011123717,-7.845439999999999,0.0444419441520718,0.006285040015808759,-8.46998,0.1246472607000464,0.01762778465946605,-1.14006,0.11362418932603995,0.016068886955853394,0.12128716799999996,0.009758147877983068,0.0013800105072685892,2.0964671679999998,0.05443098740174305,0.007697704059690409
ALA  40,9.449399999999999,0.026873779042797172,0.003800526279454161,-6.951999999999998,0.04258826129384682,0.00602288967196473,-8.64418,0.10478390907017059,0.014818682532550441,-0.5854599999999999,0.10267077675755737,0.014519840494991797,0.0,0.0,0.0,-6.732239999999999,0.04819774268601426,0.006816190138233001
GLU  41,17.464439999999996,0.016091190142206682,0.0022756379333832943,-6.0104799999999985,0.08401291329326589,0.01188122013938115,25.953699999999998,1.1123797957532688,0.1573142593664086,-100.81954,1.090244600262035,0.15418386999946035,0.5680036800000001,0.010388632869742816,0.0014691745498905217,-62.84387632000001,0.06235994298561044,0.008819027711906324
LYS  42,11.383659999999999,0.12067122440751982,0.017065488214528177,-3.7079199999999997,0.0309100889679252,0.00437134670325988,-32.30872000000001,1.360910680977851,0.19246183422172813,-10.847820000000002,1.3335748001518244,0.18859595688136999,1.3149960479999996,0.006027813272638017,0.0008524615281617234,-34.165803952000005,0.06706812048454384,0.00948486455921147
ALA  43,7.345920000000002,0.0237123090389962,0.0033534269038130557,-3.921880000000001,0.023619178647706376,0.0033402562775699373,-8.73536,0.1060748339617009,0.01500124688151116,-2.8475599999999996,0.09329140582067366,0.0131933971364449,0.18213911999999993,0.002712365762951817,0.00038358644480829073,-7.976740879999999,0.047957644846840466,0.006782235176187396
GLY  44,6.207899999999999,0.030120590963968116,0.00425969482479362,-2.0935999999999995,0.024300617276152413,0.003436626252597268,-11.548339999999994,0.10355532048202616,0.014644933868157375,-1.2255,0.06622091814524844,0.009365052055380893,0.2608210079999999,0.003445166824167437,0.00048722016473754334,-8.398718992,0.03697383733280426,0.0052288902209028446
LEU  45,10.307119999999998,0.01613026968415821,0.0022811646152072116,-7.494320000000001,0.04441821248105236,0.006281683850707413,-27.7402,0.14431327035099983,0.0204089784160799,-1.6236799999999996,0.07083740254980116,0.010017921540921126,0.0036611999999999994,0.0008541655296252611,0.0001207972476507642,-26.54741879999999,0.12244929399285208,0.017316945226770176
LEU  46,10.729400000000004,0.021385041498576625,0.003024301571919852,-3.5689800000000007,0.04960584239775752,0.007015325509185097,-31.253400000000003,0.16555301265652253,0.02341273157905788,-0.69526,0.0829290805447632,0.011727943042153488,0.851373936,0.009356480963205552,0.0013232062274250971,-23.936866064000004,0.07677329760483095,0.010857383870085778
ALA  47,6.98608,0.033719928825693406,0.004768718066755108,-3.42792,0.041302706933107454,0.005841084830752182,1.7284200000000005,0.145622263407761,0.020594097989472288,-7.52928,0.13624757465733156,0.01926831679208391,0.421196112,0.0036505099751506765,0.0005162600716436356,-1.8215038880000005,0.06454545309994328,0.00912810551634563
GLY  48,6.176839999999999,0.019273152311007704,0.0027256353387909455,-2.6478400000000004,0.027927305634365112,0.003949517438865769,-12.471280000000002,0.18095900530211576,0.02559146795317969,-1.60416,0.24911855490910403,0.03523068389912415,0.184958928,0.009118815640444013,0.0012895952751495823,-10.361481071999998,0.06719366386295318,0.009502619074052731
ASP  49,12.03118,0.06323406993040126,0.008942647929962218,-8.521279999999999,0.06298000952685448,0.008906718363126434,33.124320000000004,0.9377040778409467,0.13261138243752232,-98.89146,0.9140283411362057,0.12926312764282039,0.018289295999999997,0.00240300997858607,0.00033983693022343007,-62.23895070399998,0.15772404928494269,0.02230554896111684
ARG  50,12.896920000000005,0.08594319984677337,0.01215420388170482,-8.974400000000005,0.04516060229788977,0.006386673625461327,-208.28035999999997,1.3972834037591273,0.1976057140074999,3.95262,1.2893816175205826,0.18234609705721666,0.4459239360000001,0.0058196948655964585,0.0008230291407799578,-199.95929606399997,0.225078622589669,0.03183092406665652
LEU  51,12.715960000000006,0.04902242751876653,0.0069328181857491655,-9.008299999999997,0.04322048125693124,0.0061122990765844305,-33.267360000000004,0.07327994541246632,0.010363349265226994,-0.031359999999999985,0.059503532668237456,0.008415070290853192,0.0,0.0,0.0,-29.59106,0.07281879153094163,0.010298132257867673
VAL  52,12.477319999999997,0.016612573555158248,0.0023493726827625416,-6.736880000000001,0.03728626556753715,0.005273074245585598,-32.078399999999995,0.05249952381190122,0.007424553859291995,-0.6200800000000001,0.054146039559693035,0.007657406349410802,0.058150655999999995,0.004308005486169194,0.0006092439785318172,-26.899889344,0.04024076087316229,0.00569090297870387
GLU  53,15.525060000000002,0.01628914976181183,0.002303633651268076,-7.807019999999999,0.02388010887799236,0.003377157384620295,8.107400000000004,0.7165977951402901,0.1013422320654055,-85.25455999999998,0.6939681883232302,0.09814192237821982,0.33077016,0.0037424168422046343,0.0005292576654299285,-69.09834984000001,0.02342473004829772,0.00331275709292312
VAL  54,11.2359,0.026610712128623683,0.0037633229996705824,-6.939280000000001,0.05437537678014616,0.007689839530162977,-25.706660000000007,0.05459179791542915,0.007720446100633115,-2.332760000000001,0.052116239311711034,0.00737034924545036,0.0002376,0.0004752,6.720342848396947e-05,-23.74256240000001,0.05042202588911784,0.007130751285471776
ASN  55,17.2015,0.072296127143093,0.010224216351281176,-4.940199999999998,0.0886956594203778,0.012543460447592325,-89.83250000000002,0.23359591177455555,0.03303545065464854,-6.637880000000001,0.1470973337622812,0.020802704439553985,0.36360374399999995,0.010920251297259083,0.001544356748910618,-83.84547625599998,0.07518810464309245,0.01063320373153888
GLY  56,6.080280000000001,0.015151290373895525,0.0021427160334215973,-2.0940599999999994,0.014641598273495834,0.00207063468531963,-7.955,0.09507260383520649,0.013445296575387334,-6.541919999999999,0.09939352896439968,0.014056367667357707,0.32718384,0.004040930709421496,0.0005714739013873813,-10.18351616,0.03903738496589784,0.005520719925835229
GLU  57,13.763939999999998,0.02559016217312447,0.003618995440855958,-3.61778,0.03787996304117328,0.005357035747501885,5.640039999999999,0.8543169425921567,0.12081866067789448,-86.31361999999999,0.8544738940426536,0.12084085696488717,0.6938157599999998,0.003312393237573929,0.0004684431440489976,-69.83360424000001,0.029377840138234235,0.004154653995671953
ASN  58,20.42620000000001,0.010025966278567416,0.0014178857487045348,-5.0292200000000005,0.03167225284057689,0.004479132951805362,-91.21500000000002,0.1186831074633269,0.01678432601992204,-5.35086,0.1167153820196903,0.01650604761898029,0.5570036639999999,0.003199429477501756,0.00045246765589392486,-80.61187633599998,0.021005952300576277,0.0029706902634037287
VAL  59,12.876519999999998,0.029710765725945252,0.004201736783812149,-6.916420000000001,0.05820484172275186,0.008231407656009505,-31.062779999999997,0.1650022169560891,0.023334837304092908,-0.22799999999999998,0.11354699467621332,0.01605796998378065,0.0,0.0,0.0,-25.33068000000001,0.04085018481757239,0.005777088539445837
GLU  60,16.663,0.07669524105146228,0.01084634500644517,-5.0564800000000005,0.02361629945595733,0.0033398490983679203,-22.414519999999996,1.0658062345475323,0.150727763175892,-55.052040000000005,0.9924372012370712,0.14035181497930627,0.4212963360000001,0.002928962084935324,0.00041421779041921124,-65.43874366400001,0.03648101441737981,0.005159194535818694
LYS  61,9.417300000000001,0.01743358827054725,0.002465481697303643,-1.8277799999999993,0.049952093049266164,0.007064292745919502,-6.456019999999999,0.8322844823736726,0.1177028002725519,-35.98197999999999,0.8152202522023627,0.11528955369857963,1.3360750559999999,0.005636606899240122,0.0007971365922671138,-33.51240494400001,0.06562054067330095,0.009280145859043751
GLU  62,15.89166,0.05462842117535637,0.007725625411721855,-4.83534,0.0773694022206961,0.010941685793320749,-28.216860000000008,1.9850581050436558,0.28072960942513736,-58.19866,1.9392838328619983,0.2742561497724316,0.288959616,0.0037320752669446284,0.0005277951458310282,-75.070240384,0.0680509513295919,0.009623857830270026
THR  63,14.52596,0.026011505146593016,0.0036785823356049402,-3.7978199999999998,0.19646838829693505,0.0277848259307109,-29.362439999999996,1.1194693056980334,0.15831686747785512,-6.41396,0.9056601782125608,0.12807969069294378,0.5490102239999999,0.027648854052683795,0.003910138438537974,-24.499249776000003,0.4493752849978583,0.0635512622639246
HIE  64,30.533599999999993,0.11732604144158364,0.01659240790262354,-10.56212,0.2168726483446404,0.03067042405967614,-15.844299999999999,1.4545941461452203,0.20571067692270825,-6.3513,0.840447386812516,0.11885720928912867,0.09778967999999999,0.025529343171057144,0.0036103943350985967,-2.1263303199999997,0.8552265219776253,0.12094729462819295
GLN  65,20.56508,0.6801426862062546,0.09618670111817534,-4.1597,0.25803978375438,0.03649233618172649,-72.82390000000001,2.1975288416760903,0.31077750916043645,-12.35434,1.3358713352714624,0.18892073599263579,0.855417888,0.07271570972792421,0.010283554289481562,-67.91744211199997,0.31903533333630696,0.04511840952804265
GLN  66,20.82558,0.12458203562409591,0.01761856044076445,-6.473680000000002,0.1218168198566493,0.01722749987664336,-73.16713999999999,1.08932628739047,0.15405400094771346,-10.290619999999999,0.43237080798782734,0.06114646606305987,0.650754576,0.014049785790176489,0.0019869397612904383,-68.45510542400001,0.47316069655585435,0.06691502742511898
VAL  67,12.626280000000001,0.06586411466017206,0.00931459242261119,-7.01622,0.0851023595442365,0.012035291105741067,-28.768860000000004,0.3321085370776375,0.04696723973150828,0.18626000000000004,0.2187565596730758,0.030936849354774306,0.000325152,0.0006786837172763172,9.598037175339551e-05,-22.972214848000007,0.2749999264860543,0.03889086256881821
VAL  68,13.786899999999996,0.133485167715931,0.018877653455951684,-4.61788,0.3087751052141242,0.04366739415169938,-32.74347999999999,0.42657610059723106,0.06032697068488339,-0.5926800000000001,0.2948748507418017,0.04170160131217981,0.13939012800000003,0.033117644132872874,0.0046835421486554575,-24.027749872,0.4867127199865572,0.06883157295844877
SER  69,13.926139999999997,0.4926362962674278,0.06966929314986464,-4.42582,0.07593489053131681,0.010738815204670455,-6.5844799999999974,0.9955373069855461,0.14079023613873468,-5.7901,0.7414981658777099,0.10486367626590322,0.46121270400000014,0.029083976006650192,0.004113095331633839,-2.4130472960000002,0.27118461548258066,0.038351296112239835
ARG  70,14.28396,0.1652392156844584,0.02336835398568541,-7.73356,0.13722888325712693,0.019407094785154306,-222.34620000000007,2.0597688219718524,0.2912953003385847,13.57952,1.9596069324229202,0.27713027007528307,0.6319552319999999,0.010301280239765892,0.0014568210224882893,-201.58432476800002,0.1924111580177791,0.02721104692206559
ILE  71,13.694579999999995,0.07483049913058035,0.010582630674961482,-7.678040000000001,0.14386854555452164,0.020346084832209593,-9.713260000000002,0.2155977560179609,0.030490127057780588,-0.9977399999999998,0.25440792519102146,0.03597871381803423,0.00032544,0.0004919323270532239,6.956973686884262e-05,-4.694134560000001,0.09683432933732555,0.013694442185214867
ARG  72,13.77198,0.7516992081943543,0.10630632150535727,-4.069100000000001,0.6999289463938438,0.09898490086876849,-176.63484000000005,6.895138969910353,0.9751199045694473,-32.33404000000001,7.322423951015106,1.0355471260971147,1.2149953920000003,0.16045923463830525,0.0226923625833498,-198.05100460800003,0.3477326189055536,0.049176818573574886
ALA  73,8.3589,0.019423954283017693,0.0027469619581958586,-2.0913,0.08855173629014938,0.012523106643321503,-10.927460000000004,0.217937441482525,0.03082100854934796,-2.3778399999999986,0.21671385373345978,0.030647967110399802,0.5586798239999999,0.004277202669526537,0.0006048878024262836,-6.479020176000001,0.10648593608675011,0.015059385501587658
ALA  74,9.241179999999996,0.35953557209275566,0.05084600822091447,-3.1681199999999996,0.0873598626372719,0.012354550254868053,-2.6983399999999995,1.0234100372773387,0.14473203545863672,-2.4922,0.5863914392280979,0.08292827262158546,0.092159856,0.009451768235756879,0.00133668188274146,0.9746798559999997,0.06031192844324296,0.008529394717730981
LEU  75,12.922399999999998,0.24216102081062799,0.03424673999085034,-1.7618599999999998,0.31434770621081465,0.044455478942420724,-26.348139999999994,0.7485889929731502,0.10586647065058465,-4.31766,0.5678317219035932,0.08030353222617291,0.9502865279999999,0.05912098801347652,0.008360970306955567,-18.554973472,0.3394952442586687,0.04801187787917759
ASN  76,18.852940000000004,0.18199301195378528,0.025737698576217195,-2.7998199999999995,0.07586321638318914,0.010728678949435086,-80.18080000000003,1.0389018817951676,0.14692291312096561,-17.896220000000007,0.47760826165365156,0.06754400811320319,0.9017526240000003,0.03733371435464129,0.005279784517409682,-81.122147376,0.3812005897632798,0.05390990440278527
ALA  77,7.197100000000001,0.19818095266697439,0.028027019106565555,-3.2822800000000005,0.047852707342384296,0.006767394771987046,-4.04906,0.16447594474573052,0.023260411174353988,-1.29544,0.22535395803047217,0.0318698623781151,0.36965304000000004,0.007927340369323632,0.0011210952263845221,-1.0600269599999999,0.1704709183284105,0.024108228469023434
VAL  78,11.203720000000002,0.0773014980445785,0.010932082692640021,-7.477240000000003,0.17413196834574918,0.024625979127728095,-20.542079999999995,0.1403578056261808,0.019849591230147158,-1.6291799999999999,0.07579068280468353,0.010718421152390077,5.7456e-05,0.00022741739965095019,3.216167709059961e-05,-18.444722543999994,0.04769723134663404,0.006745407145805698
ARG  79,12.585859999999995,0.030838294377861213,0.00436119341496253,-7.116620000000001,0.02231491877590733,0.0031558060776142173,-191.37838,0.7189271698863039,0.1016716554011717,-13.11692,0.7011894990657029,0.09916316993723137,0.830702016,0.0039002067152930447,0.0005515725232826044,-198.19535798399994,0.032911628018489084,0.004654407070352562
LEU  80,11.342319999999999,0.04569745726007147,0.006462596382315792,-7.9256800000000025,0.062050121675577434,0.008775212362050236,-35.22909999999999,0.06376527268460881,0.009017771343899243,0.14644000000000001,0.0591655845910441,0.008367277215438718,0.0011975040000000007,0.00044220765844114104,6.25376067952711e-05,-31.664822495999996,0.047327126512013956,0.006693066418143741
LEU  81,13.705200000000007,0.02285432124916767,0.003232089106940453,-7.064220000000001,0.03519732376170005,0.004977653262303302,-35.183779999999985,0.06178423424370328,0.008737610200828139,0.66012,0.05369642073732607,0.0075938206457618436,0.23465519999999998,0.004436312821432683,0.000627389375899975,-27.648024799999998,0.04450888171763734,0.006294506417114262
VAL  82,11.985500000000002,0.01250159989788188,0.0017679932126946655,-6.6589399999999985,0.021102047294771428,0.0029842801478104234,-33.13548,0.03716785708247415,0.005256328757037984,1.09408,0.04163308299897994,0.005887807062056216,0.0,0.0,0.0,-26.71484,0.022081992662759113,0.003122865350789711
VAL  83,11.36078,0.04053259922510135,0.005732175154237153,-5.3510199999999974,0.04420791331914451,0.006251943058014835,-31.10304,0.06302252295844717,0.008912730670280573,-1.5892799999999994,0.035102729238655636,0.004964275576561739,0.13587206400000007,0.0040746528752133625,0.0005762429358089264,-26.546687935999994,0.02628233635076949,0.003716883651810961
ASP  84,13.99568,0.024840644114237146,0.0035129975804437568,-3.8793400000000013,0.040992979886652556,0.005797282811779154,23.59712,0.6633320326954404,0.09380931569944051,-93.75158000000002,0.6641457698391022,0.09392439550991784,0.38070575999999995,0.004581520619527925,0.0006479248596428376,-59.65741423999999,0.044875982747127736,0.006346422342580906
PRO  85,18.053539999999998,0.015529597550042039,0.002196216747346544,-3.6998200000000003,0.04754900209254283,0.006724444363658074,-4.806259999999998,0.08085513218107342,0.011434642451794331,-7.257499999999998,0.0779649280127866,0.011025905858512484,0.6283388159999997,0.006777410757045145,0.0009584706210386549,2.918298816,0.04748901634954876,0.00671596109852895
GLU  86,14.636400000000002,0.013592645068852846,0.0019222903004895465,-2.233739999999999,0.0306592954909741,0.004335879149613985,6.0426400000000005,0.7461088328119443,0.10551572303690117,-85.97612,0.729951796764234,0.10323077308625889,0.731914272,0.004949629525972133,0.0006999833204352103,-66.79890572800001,0.03254710623353534,0.004602855905146358
THR  87,13.210339999999999,0.00817951098786272,0.001156757537261521,-1.9738799999999992,0.012911452280922425,0.0018259550925613524,-31.366220000000002,0.08833126060322603,0.012491926672659451,-8.555959999999999,0.07790557361340583,0.011017511878853406,0.5635224,0.003622515701326374,0.0005123010834725242,-28.122197600000003,0.012590288153675746,0.0017805356261113552
ASP  88,12.793579999999997,0.019819273449100724,0.0028028685308099234,0.14194,0.011096684189432346,0.0015693081278066318,-5.04368,0.730894587201187,0.10336410378850035,-80.00176000000002,0.71327855876585,0.10087282115565997,0.954944064,0.004087808643148418,0.0005781034423526452,-71.15497593599999,0.018899701438974247,0.002672821409979968
GLU  89,14.987080000000002,0.011677054418167365,0.0016513848726740956,-1.4578399999999996,0.016273118938964975,0.002301366550559474,34.010299999999994,1.0258345919300726,0.14507491926589783,-114.09616000000005,1.011915240708906,0.143106425738257,1.003190832,0.0072745630919410255,0.0010287785784961754,-65.55342916800001,0.018412474342789302,0.002603917093241927
GLN  90,19.665599999999998,0.007467261889271931,0.0010560303037600105,-1.3836000000000004,0.007042726744591458,0.0009959919678288957,-66.69917999999998,0.0410037510582569,0.005798806085475705,-10.577,0.05111359897360588,0.007228554489017294,1.2432013919999998,0.0031439893041180565,0.0004446272313839705,-57.75097860800001,0.01919672056607267,0.0027148262577626485
LEU  91,8.351140000000001,0.0067409494859821326,0.0009533142186347875,0.04227999999999999,0.008620997622085328,0.0012191931758339272,5.198100000000002,0.5026947483314198,0.07109177308240236,-112.21248000000003,0.49783239106480803,0.07040413192324779,1.4920967520000001,0.007210750733588047,0.001019754148233196,-97.12886324800002,0.015098466663177821,0.0021352456326104124
GLU  92,9.2357,0.10347912833042072,0.014634158670742695,0.0934,0.7024611875399238,0.09934301384596704,-63.636639999999986,2.161070223385274,0.3056214819152108,-100.7107,2.7328702731744308,0.3864862204529545,1.763847792,0.14710322736789097,0.020803537921252446,-153.25439220799998,0.513785439989249,0.07266023373826239
SER  93,9.51474,0.13928055284206667,0.01969724468040732,-1.0246199999999996,0.24928063623153893,0.035253605659563626,-9.328000000000003,1.8269378642964191,0.2583680305300933,-5.605639999999999,1.253327662824054,0.17724729788631505,0.495049392,0.06681855630815106,0.009449570854917756,-5.948470607999999,0.6392599898404436,0.09040501475148423
LEU  94,10.74056,0.3781592870735435,0.053479799251674585,-2.0933599999999997,0.5108265756594901,0.07224178713182568,-29.064640000000008,1.1083696451994096,0.15674713843636603,-2.9825600000000008,0.7551684092968907,0.10679694063033793,0.8049036959999999,0.07831615379220083,0.011075576684582752,-22.595096304,0.6745745878943499,0.0953992531032431
GLU  95,15.095419999999999,0.4360357366087384,0.06166476523914205,-3.2623599999999984,0.6740529581568556,0.09532548351831295,-3.90706,5.32570286219575,0.753168121688644,-77.36872,4.069408242189296,0.5755012326936959,0.7752156480000001,0.048766295127459766,0.006896595595594258,-68.66750435200001,0.956058554001519,0.13520709734917583
SER  96,10.996619999999998,0.669079035391226,0.09462206461497799,-4.1440399999999995,0.24575971679671207,0.03475567245788811,-11.808400000000004,1.5073610450054329,0.21317304332395645,-5.793780000000001,0.7909181320465428,0.11185271490670153,0.2196508319999999,0.032030536877358476,0.004529801966205192,-10.529949167999998,0.4508064853516725,0.06375366455900833
CYS  97,10.2098,0.1422874555257963,0.02012248493601397,-4.318320000000001,0.13718198715571994,0.019400462674891088,2.30198,2.574015396146652,0.364020748298775,-3.3047200000000005,1.7897959664721554,0.25311537296655834,0.5448133439999999,0.03850547910874225,0.005445497078125716,5.433553344000002,0.8091908721755693,0.11443687059792036
PHE  98,6.708560000000001,0.08014665557581661,0.011334448729416509,-9.161999999999999,0.49781313763300483,0.07040140907680996,-3.411620000000001,4.145668693419673,0.5862860891339651,-69.56594000000001,4.281414109426659,0.6054833899686707,0.135808416,0.04772475446993672,0.00674929950323105,-75.29519158400001,0.31377673294823977,0.044374731129252144


