#Frame       SA_00001
       1    6012.4395
       2    5971.9584
       3    5946.3199
       4    5968.5236
       5    5979.3981
       6    5945.2637
       7    5979.8623
       8    5993.4479
       9    5977.5730
      10    5975.9705
      11    5974.3651
      12    5986.5915
      13    5984.9177
      14    6006.4721
      15    6018.5520
      16    5976.1894
      17    5984.7022
      18    6005.6992
      19    5974.7339
      20    5980.7641
      21    5981.9978
      22    5984.9043
      23    6005.5381
      24    5989.8331
      25    6000.6947
      26    5931.7759
      27    5975.8527
      28    5986.7212
      29    5983.6352
      30    5991.2373
      31    5982.2607
      32    5984.9192
      33    5985.5040
      34    6024.3443
      35    6018.5214
      36    5996.7635
      37    5976.5317
      38    5973.2849
      39    5971.3745
      40    5976.3268
      41    5968.9706
      42    5985.0786
      43    6027.7208
      44    5978.0320
      45    5994.6765
      46    5990.2054
      47    6010.1860
      48    5974.2850
      49    5987.7386
      50    5982.9870
