| Run on Mon Jun 20 15:46:06 2016
| GB non-polar solvation energies calculated with gbsa=2
idecomp = 2: Per-residue decomp adding 1-4 interactions to EEL and VDW.
Energy Decomposition Analysis (All units kcal/mol): Generalized Born Solvent

Total Energy Decomposition:
Residue,Internal,,,van der Waals,,,Electrostatic,,,Polar Solvation,,,Non-Polar Solv.,,,TOTAL,,
,Avg.,Std. Dev.,Std. Err. of Mean,Avg.,Std. Dev.,Std. Err. of Mean,Avg.,Std. Dev.,Std. Err. of Mean,Avg.,Std. Dev.,Std. Err. of Mean,Avg.,Std. Dev.,Std. Err. of Mean,Avg.,Std. Dev.,Std. Err. of Mean
GLY   1,1.1641399999999995,0.004660514993113438,0.0006590963510904176,0.05,0.031665754372823644,0.004478213929682234,-25.53232,0.21646703582785512,0.030613061787445536,-89.39586,0.20371048181228385,0.02880901261764895,0.9994792320000002,0.005568136310850311,0.0007874533887946601,-112.714560768,0.00805528382775856,0.0011391891637980813
SER   2,11.243000000000002,0.011137324633989911,0.0015750555545940498,-0.53504,0.01484312635532118,0.002099135059971274,-4.17168,0.09256596350712656,0.013090804100591137,-12.235939999999996,0.06982675991387366,0.00987499508867701,0.8340696000000001,0.009305360556732438,0.0013159767102102668,-4.8655904,0.009595631875371153,0.001357027273768946
HIE   3,27.211200000000005,0.02206898275465718,0.003121025471941413,-1.78214,0.019744376414553174,0.002792276490606056,-5.236159999999997,0.11845190754068198,0.016751629413299635,-22.74366,0.08278396221508742,0.011707420211155848,1.3226253119999998,0.007480483714479923,0.0010579001522128574,-1.228134688,0.06926849845955642,0.009796044996672453
GLY   4,3.919020000000001,0.007092221090104404,0.0010029915252974145,-2.1098600000000003,0.030391452745795574,0.004298000465332514,-5.68188,0.06804605499218497,0.009623165383593342,-5.801060000000002,0.07410166259926623,0.010479557624227743,0.16875331199999993,0.002005640333132888,0.0002836403760359023,-9.505026688000001,0.040788007058965355,0.005768295276495834
GLY   5,5.697959999999999,0.010671382290994189,0.0015091613565192052,-4.03786,0.01016072832007233,0.0014369439793834684,-7.544440000000001,0.3097072914866633,0.04379922519862767,-3.4179000000000004,0.3066700017934562,0.04336968757092871,0.022208111999999995,0.000997119897432758,0.00014101404822614756,-9.280031887999998,0.01597977615225639,0.002259881615820714
SER   6,11.46914,0.0066843399103859,0.0009453084156779499,-3.0645600000000015,0.012353396293936201,0.0017470340580254104,-2.85228,0.029522899586593876,0.00417516849959401,-5.92542,0.015769705133541836,0.0022301730874479484,0.440580096,0.002246223888485312,0.0003176640287222359,0.06746009600000004,0.008176388004319725,0.001156315880693364
PRO   7,18.850539999999995,0.0074032695610420154,0.0010469804219129528,-3.5009400000000013,0.011456718552554744,0.0016202246757314374,0.029820000000000003,0.116147266864098,0.016425704003177458,-3.0725599999999993,0.11177945428390464,0.01580800202429613,0.5947570080000001,0.008957846370893537,0.001266830782737225,12.901617007999995,0.021824591221469278,0.0030864632898650645
ARG   8,13.769680000000001,0.010362316341438612,0.0014654528307662836,-5.656479999999998,0.01484889221481899,0.002099950475641328,-181.04108000000005,0.348015507686217,0.04921682508860061,-27.192619999999998,0.34249764320360127,0.04843648120993542,0.5467197599999999,0.002440894830048449,0.00034519465729808874,-199.57378024,0.03344623035896176,0.004730011258389847
VAL   9,10.741780000000004,0.009379317666123316,0.0013264358249237159,-2.245939999999999,0.017590235928060027,0.0024876350214804977,-30.245140000000003,0.01367480895000826,0.0019339100279962664,-2.8323999999999994,0.011667047613078727,0.0016499696967268581,0.7297895519999998,0.007287023016688783,0.0010305406779526182,-23.851910448,0.02793241065605258,0.003950239397956432
VAL  10,11.014859999999999,0.034216376196421934,0.0048389263272239835,-4.6752199999999995,0.030550476264739612,0.0043204897870552095,-21.77616,0.0215947771440859,0.003053962671359081,-1.5393600000000003,0.025038178847491262,0.003540933210324529,0.066080736,0.0012851849868026305,0.00018175260384945672,-16.909799264000004,0.030798297155555394,0.004355536953538315
ARG  11,11.988900000000003,0.03230804853237557,0.00456904804082937,-4.7639000000000005,0.09691712954885723,0.013706151903426413,-182.62266000000008,0.38737230718529525,0.054782717050920124,-23.694220000000005,0.36495628724530593,0.05161261310956426,1.1361515040000005,0.01099137989382223,0.0015544158515038346,-197.95572849599998,0.07017942855495277,0.009924869966200785
ILE  12,14.142500000000002,0.03540466070868112,0.005006975134543467,-7.392459999999999,0.06280643597594893,0.008882171356150444,-14.213,0.10471217694258037,0.014808538077780844,-2.3441199999999998,0.06366212060559384,0.009003183436986249,0.008372736000000002,0.0014877880695529113,0.00021040500658986127,-9.798707264,0.09006713158011213,0.012737415900463666
VAL  13,11.482759999999999,0.08375835719517075,0.011845220470750057,-2.851199999999999,0.02689312179730285,0.0038032617580297198,-20.53938,0.07633842806818629,0.0107958840304272,-2.5783399999999994,0.0848187738652505,0.011995186034409386,0.646996896,0.006662487768174147,0.0009422180560896731,-13.839163103999999,0.08203721871221521,0.01160181473221826
LYS  14,11.20758,0.21122339737822288,0.029871499326280443,-6.216020000000001,0.09621319867871185,0.013606601045073144,14.360579999999997,3.796540351899355,0.536911885575279,-53.54106000000002,3.6846213884735888,0.5210841539789334,0.6695426879999999,0.02361289369639291,0.0033393674512313017,-33.519377312,0.1488966458130613,0.02105716559006944
SER  15,11.19254,0.01641853830279215,0.0023219319542150795,-2.3157799999999997,0.030319162257556844,0.0042877770464427355,-19.61616,0.21884299029208795,0.030949072490135433,-3.6508,0.23704033412059516,0.033522565534279555,0.384057072,0.0038980256897543546,0.0005512640796929346,-14.006142928,0.035226473582141433,0.004981775669444195
GLU  16,15.93206,0.01619680215434986,0.0022905737273755332,0.4694599999999998,0.012635204786638606,0.0017868877972625763,-42.19202,0.6549351873280042,0.09262182243946271,-40.6177,0.6497936980309971,0.09189470605000036,1.3487132160000002,0.0032184338381296505,0.0004551552783483446,-65.05948678399999,0.021158684039616408,0.0029922897930792667
SER  17,10.3925,0.013964598095045258,0.0019748924019102492,-1.1066599999999998,0.010834408151818806,0.0015322166948587774,-7.374600000000002,0.02294776677542463,0.0032453042999980217,-10.45336,0.021779586773535652,0.00308009869980158,0.5825121119999999,0.003706920320963983,0.0005242376992543691,-7.959607888000001,0.012020936616793298,0.001700017159589643
GLY  18,5.2371799999999995,0.015149508243322627,0.002142464002098986,-2.81564,0.01673530400073453,0.002366729388827549,-11.251559999999998,0.1597261606626,0.022588690267483287,-0.85238,0.16785313699779367,0.023738018282914893,0.136556064,0.002277539089258581,0.0003220926668864352,-9.545843936,0.021258733816958114,0.0030064389682821716
TYR  19,10.243719999999998,0.045795650449548995,0.006476482996344971,-9.44226,0.060129796274474935,0.008503637339409365,-33.65715999999999,0.20456102854742944,0.02892929809047646,0.6119999999999999,0.13885935330398227,0.019637678070484898,0.040249440000000004,0.004629675918506446,0.0006547350473343932,-32.20345056000001,0.07937743857582678,0.011225665018037153
GLY  20,6.477800000000002,0.01805990033116918,0.0025540555983445804,-3.104719999999999,0.012491661218888535,0.0017665876712322193,-15.985319999999994,0.04729669756009874,0.00668876311449501,2.2848199999999994,0.04651825018209688,0.006578674030538611,0.050105232,0.001850440011396055,0.0002616917360474125,-10.277314767999998,0.021737522839008233,0.0030741499611320346
PHE  21,9.311979999999998,0.024664541350301106,0.0034880928887307833,-9.00318,0.027498138118542393,0.0038888239867251235,-5.4615399999999985,0.07101357898341507,0.010042836651099857,-3.901719999999999,0.07454556727261472,0.010542335225172766,0.00523224,0.0008526712285517752,0.00012058592156632495,-9.049227759999997,0.030613134780145605,0.004329351039283741
ASN  22,17.335440000000002,0.017235034084900604,0.0024374018950829,-5.88082,0.029869509537227806,0.004224186548898007,-78.42512000000002,0.11430321779962363,0.01616491608351135,-15.307419999999995,0.11119713845306362,0.015725650129740136,0.4712548319999999,0.004989616708552601,0.0007056383620278491,-81.806665168,0.03851818957445941,0.005447294609425845
VAL  23,10.556539999999998,0.017167655637636753,0.0024278731436896818,-7.253839999999999,0.03544311498737886,0.005012413390790029,-25.941179999999996,0.1028283404528316,0.014542123366471241,2.08214,0.07687392535835319,0.010871614783464007,0.0,0.0,0.0,-20.556339999999995,0.06937827037514979,0.009811569089852435
ARG  24,11.727119999999998,0.11304028308543132,0.015986310143391094,-7.931,0.01533101431738103,0.002168132837257635,-98.45794,1.260610414203566,0.17827723446354476,-105.48743999999996,1.214490447228506,0.1717548861843119,0.7705722240000001,0.004490341136365533,0.0006350301334729951,-199.37868777600005,0.15248830117875373,0.021565102363022674
GLY  25,6.326880000000001,0.027645354039749697,0.003909643461961985,-3.9080999999999992,0.028787670972172334,0.004071191471798037,-19.4628,0.22537018436330414,0.03187215712811095,1.82652,0.17087507015360678,0.024165384168268477,0.04215643199999999,0.005917772184511432,0.0008368993682370324,-15.175343568,0.03756275213044033,0.005312175350292758
GLN  26,19.732759999999995,0.028433473234670555,0.004021100347384349,-7.6065400000000025,0.09334049710570617,0.01320033969255363,-79.31150000000001,0.05612673157533326,0.007937518500551053,-4.46132,0.10709611384174186,0.01514567766724443,0.31059302400000005,0.005565925590680902,0.0007871407457500411,-71.336006976,0.0770730177826542,0.01089977070412523
VAL  27,12.216700000000003,0.024443608570197485,0.00345684827533125,-1.67224,0.09888813073367596,0.013984893564128822,-21.71496,0.17526470951126846,0.024786172919621662,-6.58718,0.16560080796900373,0.02341949085697076,0.7364115359999999,0.010752546039830937,0.0015206396439570024,-17.021268464000002,0.09047869145425912,0.01279561925603839
SER  28,11.20582,0.023572602740951454,0.003333669449668674,-2.09836,0.0418414913692095,0.005917280456425287,-10.99694,0.11463601702782349,0.0162119810017181,-6.529459999999999,0.1285743691410138,0.018183161661278646,0.678621312,0.0038459278238128242,0.0005438963288344139,-7.740318688000001,0.0824933823005061,0.011666326005540436
GLU  29,14.533679999999997,0.10044649122865583,0.01420527901883552,-2.1662,0.11433774529874029,0.01616979900926391,-23.620620000000002,1.3358405427295164,0.1889163812695918,-55.84755999999999,0.9298933951814142,0.131506785102672,0.9339477120000003,0.015655315291105473,0.002213995920790826,-66.16675228800001,0.38028280132932013,0.05378010951771578
GLY  30,4.845820000000001,0.03171793814213587,0.004485593829111943,-1.9878600000000004,0.0671383675702616,0.009494798997345394,-10.05126,0.13954781402814112,0.019735041119811562,-2.02446,0.11714900084934354,0.016567370581959888,0.22882852799999992,0.006726787771145816,0.0009513114497159896,-8.988931471999997,0.0597733389088676,0.008453226655324398
GLY  31,5.33614,0.021200009433723212,0.0029981340863608924,-1.7106800000000002,0.028367897348928205,0.004011826516686204,0.4192000000000001,0.051436174041232456,0.007274173492569386,-11.281899999999998,0.060357021132601926,0.008535771787016515,0.39719879999999996,0.0033291863395154314,0.00047081804730099625,-6.840041200000001,0.02056980140051599,0.0029090092115930796
GLN  32,18.524899999999995,0.01498699436853748,0.0021194810695194903,-1.977,0.020496829023041632,0.0028986893590027952,-67.41644,0.07141040821120465,0.010098956778688464,-14.476440000000002,0.07072854020795773,0.010002526080894459,1.147023792,0.005959842351356937,0.0008428489882894537,-64.19795620800001,0.011642544055183675,0.0016465043703367003
LEU  33,11.897279999999999,0.008658036734253503,0.0012244312973105763,-3.1800599999999997,0.012313261144065026,0.0017413580906978413,-23.0133,0.01765134555478266,0.002496277227770768,-0.6703200000000001,0.01906875979186403,0.002696729871528887,0.7755490080000002,0.004350685659761601,0.0006152798665656993,-14.190850991999998,0.01488882077876872,0.0021055972273077072
ARG  34,11.14444,0.012527026781372207,0.0017715891170427555,-3.869020000000001,0.0271075561420857,0.0038335873538927687,-127.68846000000002,0.6671285396318997,0.09434622285935892,-79.41272000000002,0.6804640193251652,0.09623214448365565,1.2154223520000003,0.007124280572859406,0.0010075254208288934,-198.61033764800007,0.03988668192537421,0.0056408286536926
SER  35,10.452700000000002,0.01518189711394939,0.0021470444801100176,-3.3329599999999995,0.010501352294093352,0.0014851154837564632,-12.938920000000007,0.012840311516032314,0.0018158942691068336,-7.310860000000003,0.029841588428836593,0.0042202379078816726,0.587341584,0.0019022009146488943,0.00026901183318549726,-12.542698415999999,0.01726819871999347,0.0024420920827568486
ILE  36,12.88296,0.049777087098146246,0.0070395431669625225,-4.454180000000001,0.04818908175088728,0.00681496529704106,-6.391500000000001,0.22313504879331786,0.03155606122442924,-4.622300000000001,0.1339510731572774,0.018943542435345233,0.2160957599999999,0.00456312853310727,0.0006453238258371947,-2.36892424,0.09027614757181933,0.012766975225486185
ASN  37,19.7552,0.007544534450636652,0.00106695829418814,-3.1240200000000002,0.035526041152883145,0.005024140921583205,-82.09162,0.30137510779350934,0.042620876480323436,-17.014140000000005,0.3020452952786139,0.04271565530340019,0.657031824,0.006349187000885249,0.0008979106366694876,-81.817548176,0.03353088066026605,0.004741982618806197
GLY  38,5.97452,0.039606686304197655,0.005601231293205304,-1.1074399999999995,0.04029846647207914,0.005699063782765176,-8.326519999999999,0.1985319359700799,0.028076655641307388,-6.99192,0.14598216877409112,0.02064499629449578,0.5443711199999999,0.004098631920834654,0.0005796340849619657,-9.906988879999998,0.12975154475400247,0.01834963943299699
GLU  39,14.62736,0.039224359778068964,0.005547162157354685,-1.9655999999999998,0.3056056282204254,0.04321916241668755,-4.125380000000002,2.7019888962762204,0.3821189342495341,-75.08456000000002,2.3156676200168174,0.327484855417601,0.6953909760000001,0.05067827724378282,0.007166990699586146,-65.85278902399999,0.16947593927624377,0.023967517182038302
LEU  40,11.2403,0.03593674999232319,0.005082223922675468,-3.0251200000000007,0.06159761034322917,0.008711217595716792,-19.633079999999996,0.21964032780936338,0.031061833043207414,-11.056059999999997,0.16078711515551983,0.022738731890778074,0.936639216,0.008928032085227265,0.0012626144060230542,-21.53732078400001,0.04438107843772329,0.006276432303937241
TYR  41,10.490720000000001,0.40679547883426764,0.05752956832794786,-7.193380000000002,0.198693018498315,0.02809943615091653,-40.86882,2.5476593782530266,0.3602934445032437,3.9578,1.4309973165593275,0.2023735812797706,0.15565967999999997,0.0076674845573245125,0.0010843460650254591,-33.45802032,0.5227954442611918,0.0739344407621045
ALA  42,10.52234,0.024684902268479303,0.003490972357393781,-4.028420000000001,0.022277423549344116,0.003150503451821222,7.21976,0.0698969412779067,0.009884920232361146,-1.8795200000000003,0.04257663208850976,0.006021245053974001,0.10626062399999998,0.002051455804892903,0.0002901196621888557,11.940420623999998,0.039979168766000536,0.005653908268128079
PRO  43,19.365779999999997,0.04217738256560971,0.005964782644968378,-6.44266,0.033745879748472575,0.0047723880814501485,1.6676200000000005,0.12719054839097982,0.01798745985401951,-9.131319999999999,0.1128282659622003,0.01595632639427823,0.128694096,0.0076477542787134955,0.0010815557822653492,5.588114096000001,0.04237453878052874,0.005992664744272842
LEU  44,11.851680000000002,0.0662149348713873,0.00936420589267671,-8.197240000000004,0.029743274868886383,0.004206334270896997,-36.90919999999999,0.5087229108273341,0.07194428399819346,3.1975799999999994,0.36954042214621935,0.052260907684426226,0.050446656,0.0037146538873040753,0.0005253313906947362,-30.006733343999993,0.11604733493728207,0.01641157149455574
GLN  45,20.20658,0.03144143126518805,0.00444648985156504,-7.988879999999999,0.04927987012985408,0.006969226068962442,-82.35284000000001,0.1651930216248581,0.02336182115912663,1.86838,0.07370994234158355,0.01042416001412063,0.0009384480000000008,0.0001340639999999908,1.895951270259736e-05,-68.265821552,0.1061441731857629,0.01501105292861845
HIE  46,29.91878,0.11935347334685897,0.016879130072346368,-9.64792,0.03419171829504732,0.00483543917336962,-13.402180000000003,0.6479523343579596,0.09163429790203328,-11.38882,0.3726157103504133,0.05269581911308393,0.3356513279999999,0.003435618669826302,0.0004858698518010569,-4.184488672,0.12901350915111165,0.01824526543708475
VAL  47,11.336380000000002,0.039686718181076344,0.005612549509775706,-7.526439999999999,0.03704762340571267,0.005239325147404977,-34.07599999999998,0.3084312565243084,0.04361876660364521,1.79564,0.2608347952248729,0.036887610494582425,0.00021384,0.0008464031039640626,0.00011969947488606621,-28.470206160000007,0.11614232072532897,0.0164250045135246
SER  48,12.221679999999997,0.018447156963805535,0.0026088219565439073,-4.85478,0.03826449529270797,0.0054114168200309065,-10.29066,0.05138506008516957,0.007266944887580319,-7.29168,0.06373490095691399,0.009013476132977372,0.17535585599999995,0.005291456002735162,0.000748324884376859,-10.040084143999996,0.04428739581387036,0.00626318358021609
ALA  49,6.6842400000000035,0.005598428348329476,0.0007917373298181551,-3.38418,0.011497286636120567,0.0016259618691292644,-0.4461399999999998,0.017926527828893174,0.002535193878187944,-3.2801400000000007,0.03062287380364631,0.0043307283451956375,0.26265383999999997,0.0026505550996039746,0.00037484509696771105,-0.16356615999999996,0.019054476742644905,0.0026947099433371137
VAL  50,10.938260000000003,0.024874734168601007,0.003517818642166098,-5.676819999999999,0.010937440285559126,0.0015467876389483573,-26.843500000000002,0.03161281385658879,0.004470727010076397,-0.12229999999999996,0.029357963144605315,0.0041518429642750316,0.15713827199999994,0.002099258531869802,0.00029687998866977057,-21.547221728,0.01988041232748755,0.002811514873910216
LEU  51,14.6764,0.009015542139797104,0.0012749901966247219,-2.3627400000000005,0.013665738179789139,0.0019326272273697612,-22.65384,0.013553390719422511,0.0019167388971548954,-1.86648,0.014221448590071172,0.0020112165472670382,0.656425296,0.0027495998504964048,0.000388852139967105,-11.550234704,0.010241028568944793,0.0014483001494852055
PRO  52,18.139199999999995,0.007172168446173161,0.0010142977888202452,-2.13708,0.006486416576094823,0.0009173178293114953,-6.772279999999998,0.013815990737112824,0.001953876147804601,-3.81608,0.015298156751654253,0.0021634860757498977,0.9269208,0.002185260612006871,0.0003090425194819847,6.340680800000001,0.007218301457915721,0.0010208219819081896
GLY  53,5.29872,0.006666453329657615,0.0009427788711729076,-1.22928,0.0234844970139888,0.0033212094182693414,-19.864139999999995,0.05397888846723858,0.007633767615219344,2.8199199999999998,0.019002989238477368,0.0026874285106684667,0.305321184,0.0020253598924969223,0.0002864291428655661,-12.669458816000004,0.021259966735519314,0.0030066133292972266
GLY  54,4.339220000000001,0.006697133714078088,0.000947117732747533,-2.13302,0.01503527851415894,0.002126309478878037,-10.786340000000001,0.04229213165564357,0.005981010616907963,-2.6445199999999995,0.03830364995667201,0.005416954125711717,0.07174296,0.002474823083131276,0.0003499928368638248,-11.15291704,0.013074107559191814,0.0018489580226133666
ALA  55,9.38542,0.023324742228279776,0.0032986166798089703,-4.539980000000002,0.01918592192150189,0.0027132990988019243,-5.17122,0.03829584311652239,0.00541585007178983,-1.5012800000000002,0.03867197434834998,0.005469043060718097,0.11135577599999998,0.005425403830225548,0.0007672679678055906,-1.7157042239999996,0.02553769644746899,0.0036115756667777854
ALA  56,9.363660000000003,0.008394307592295041,0.0011871343643755088,-6.223619999999999,0.025160993621355862,0.0035583018422104392,-7.726040000000001,0.041369534684108665,0.0058505357019330625,-0.81076,0.03180664081602652,0.004498138281555435,0.0,0.0,0.0,-5.39676,0.02479641909636623,0.003506743218436833
ASP  57,17.09624,0.01245240539173662,0.001761036058916178,-5.3448,0.011167810886753882,0.0015793669618065242,-45.68569999999999,0.27303789114484095,0.038613388869878286,-31.982000000000003,0.2716327668008351,0.03841467427946692,0.45987465600000005,0.0015295560699581478,0.00021631189385449033,-65.45638534400003,0.009738713302196559,0.0013772620432029644
ARG  58,13.732799999999997,0.03952922969249088,0.005590277274128186,-3.24732,0.016697832194627102,0.002361430075187175,-158.32336,0.34426633642521715,0.04868661220410407,-52.849399999999996,0.33944124675635967,0.04800424147916762,1.5798251520000002,0.005001357235561919,0.0007072987232804476,-199.107454848,0.04965002391757777,0.007021573719638703
ALA  59,7.5373800000000015,0.011504590387026658,0.0016269947754880233,-3.3913399999999982,0.008839932127125878,0.001250155190463906,-8.880379999999997,0.021791640599543815,0.0030818033682235026,-3.4103000000000003,0.02156501796877616,0.0030497540884262737,0.25563038400000004,0.0015747262791122672,0.0002226999260945888,-7.889009616000001,0.02681880829469064,0.003792752241703556
GLY  60,6.54,0.017758378304391257,0.002511413944382224,-2.1423200000000002,0.0184980431397094,0.002616018348553962,-15.048079999999997,0.04332613068434577,0.006127240161895089,1.6089000000000002,0.035297733638289266,0.004991853363230169,0.206908128,0.0020865866134988976,0.00029508790878762884,-8.834591871999999,0.01914576349239477,0.0027076198392932357
VAL  61,11.1229,0.017527407110892856,0.0024787496849459304,-5.706319999999998,0.02235570620728897,0.003161574291477645,-20.144960000000005,0.021496008929372267,0.0030399947364811416,-2.22102,0.027877941100447338,0.003942536239529095,0.022668911999999986,0.0015054256222931102,0.00021289933321908726,-16.926731088000007,0.017594135262287723,0.0024881864706154007
ARG  62,11.217820000000001,0.008751434165272983,0.001237639688674432,-5.090719999999999,0.026968900607977974,0.003813978500209446,-131.99382,0.28788676175604483,0.040713336290307066,-66.79125999999998,0.2824824107839684,0.039949045646253595,1.2958430399999998,0.003328634989549763,0.00047074007464109,-191.36213696,0.02425888170625845,0.003430723951699527
LYS  63,8.92328,0.006663452560168429,0.0009423544982819915,-3.577419999999999,0.01569087633016712,0.0022190250111641316,55.78034000000002,0.579338298749635,0.08193080792938898,-94.42049999999999,0.5634922625979415,0.07968984000583104,1.1750793120000005,0.002960963985602249,0.00041874354261369943,-32.11922068800001,0.017430097135763933,0.002464987976287779
GLY  64,6.27106,0.006528123772930424,0.0009232161176528425,-2.8637400000000004,0.04760034033485503,0.006731704687512705,-14.287379999999995,0.23782328649672682,0.03363329172118132,-3.995840000000001,0.1562370455429396,0.02209525487519281,0.15271488,0.004929391333461361,0.0006971212078025452,-14.723185119999998,0.029967641265607317,0.004238064471015349
ASP  65,14.60088,0.029367764639286836,0.0041532291049460445,-6.6781799999999985,0.01654531958066381,0.002339861534477189,-80.91959999999999,0.3958584090318907,0.05598283308323359,8.289999999999997,0.36932267734333013,0.052230113919088,0.010200240000000003,0.0009229773769708626,0.00013052871242757387,-64.69669975999999,0.030603998442426374,0.0043280589660124455
ARG  66,14.057319999999997,0.026381387379360945,0.003730891582611065,-9.197399999999998,0.04228096498433699,0.0059794314111071304,-147.73588000000004,1.4320528152199667,0.20252285133186487,-55.84493999999997,1.2209803996800161,0.1726727040619201,0.591760656,0.008652387179041482,0.0012236323295503548,-198.12913934400004,0.19478520771235544,0.027546788249647344
ILE  67,13.097359999999998,0.014998346578257386,0.0021210865144143695,-8.44036,0.020974041097888814,0.002966177337840504,-12.576280000000002,0.08772982161123655,0.012406870354718297,-0.8428800000000004,0.053184824903347624,0.007521470069075254,0.0,0.0,0.0,-8.762159999999998,0.03525867836477945,0.004986330113482192
LEU  68,13.234379999999998,0.02514906757855741,0.003556615245063338,-7.5496399999999975,0.046443410727881454,0.006568090133423405,-34.09792,0.04053336403399413,0.005732283314548032,-1.7253200000000002,0.04003670316097425,0.005662044860295554,0.11955168,0.005127177379259996,0.0007250923786442028,-30.018948320000014,0.03460602437444696,0.004894030901015679
GLU  69,15.4581,0.014318170273241154,0.0020248950588784924,-6.121359999999999,0.016278525732149888,0.0023021311865845787,-12.541139999999999,0.26825286652718056,0.03793668419881984,-68.46772000000001,0.26388990431119763,0.0373196681650234,0.39849609599999986,0.002936428509957899,0.00041527370237214793,-71.27362390400002,0.027234812611474618,0.0038515841363837215
VAL  70,10.8577,0.009174420962318701,0.0012974590551831128,-6.461779999999999,0.020195336095475698,0.0028560518202904637,-26.23382,0.05351960014741151,0.007568814438125445,-2.0939799999999997,0.04266450046583989,0.0060336715190664,0.0,0.0,0.0,-23.931880000000007,0.014382823074067961,0.00203403834565596
ASN  71,18.338039999999996,0.026390877214101147,0.0037322336479104923,-4.14384,0.019644195071429133,0.002778108709191779,-89.58048000000002,0.07300088761522093,0.010323884533071955,-8.364080000000003,0.0722672373896741,0.010220130723171314,0.34143940799999994,0.002724900098264163,0.0003853590675076959,-83.40892059199997,0.051822067751542814,0.007328747104444925
GLY  72,6.154579999999999,0.010827908386349918,0.0015312974892109428,-1.2072800000000006,0.007042840336004362,0.0009960080320805655,-5.198959999999999,0.02252728123860003,0.0031858386651021134,-6.5038,0.020231658360525782,0.0028611885642754577,0.5099302079999999,0.0028873672506326575,0.000408335392539662,-6.245529792,0.013419397042540528,0.0018977893296430216
VAL  73,10.724060000000001,0.010591336080991507,0.0014978411129389693,-2.3667000000000002,0.012893796958138552,0.0018234582528684497,-30.502179999999996,0.0431980045910084,0.00610912039600593,-0.06992,0.0404469232451617,0.005720058740957127,0.5211145439999999,0.0018428424910126233,0.000260617284410747,-21.69362545600001,0.013401350713677415,0.0018952371933400956
ASN  74,20.475720000000003,0.012785992330832508,0.0018082123762661714,-4.379659999999999,0.025215558689026953,0.0035660185080836656,-92.23379999999999,0.10082757560989171,0.014259172488870753,-5.5668999999999995,0.09983090703789511,0.014118222267699893,0.5963991839999998,0.0026949461655374598,0.00038112294171684433,-81.10824081599999,0.017451982913182337,0.0024680830926125975
VAL  75,13.450359999999998,0.03010498962080593,0.004257488461684501,-6.2785199999999985,0.026604691316326597,0.003762471528229878,-34.49364,0.054559604101744576,0.007715893207839392,2.03006,0.04143303512896639,0.005859516020966515,0.022259519999999998,0.0012410051667901963,0.00017550463378497805,-25.269480480000002,0.04177059721320189,0.005907254508733392
GLU  76,15.341419999999994,0.021962777606316077,0.0031060057958236294,-5.928219999999999,0.04051137618002287,0.00572917376241867,-0.352,0.2457215497265147,0.034750274819057195,-79.22049999999999,0.25307913782773983,0.035790794906967946,0.503755776,0.0026861793502533644,0.0003798831268094856,-69.65554422400001,0.06398905268839193,0.009049418615533043
GLY  77,6.143540000000001,0.015499948387151534,0.002192023722519268,-3.690940000000001,0.02595566219519222,0.0036706849496815457,-12.360320000000002,0.0845951393398184,0.011963559336521292,-2.6137799999999993,0.08805573008045778,0.01245296077244479,0.045860976000000005,0.003958185731597728,0.0005597719944017178,-12.475639024000001,0.021142723433863392,0.0029900326225673064
ALA  78,7.115200000000002,0.025167439280713102,0.003559213396098584,-4.4214400000000005,0.06414644495216197,0.009071677242936662,-13.157920000000004,0.24221369408000587,0.034254189116043214,3.1421599999999987,0.22430437891402286,0.03172142947598848,0.07421731200000001,0.002944060528769331,0.00041635303282328934,-7.247782688,0.0548143245911444,0.007751916124911747
THR  79,15.292959999999995,0.1620033283612066,0.022910730411800022,-6.684979999999997,0.07124254066243904,0.0100752167222738,-31.12962,0.17386119636030173,0.024587686186315048,-5.803680000000001,0.18384182766712623,0.02599916060183072,0.10500868799999999,0.004198007579251948,0.000593687925352315,-28.220311312000003,0.13165488993495525,0.018618813089875078
HIE  80,30.818460000000005,0.041753663306376934,0.00590485969266381,-11.589439999999998,0.08712569311047919,0.012321433682799579,-9.01848,0.3780461474476137,0.05346379889233142,-7.15288,0.16882424470438978,0.02387535365183422,0.09489182399999997,0.0039671391301328565,0.0005610381961654888,3.152551824,0.44512440699786066,0.06295009733196559
LYS  81,11.099580000000001,0.2322965423762593,0.032851692072088226,-4.434340000000001,0.19448790296569426,0.02750474300915873,24.986900000000002,5.548729199555511,0.7847088087947011,-64.00702,4.916077910245113,0.6952384054351421,1.1555962559999997,0.032961352080025146,0.004661439114572619,-31.199283744000002,0.3400226703695572,0.04808646719509441
GLN  82,20.6274,0.07812400399363398,0.011048402599468701,-6.314659999999999,0.1285689869292866,0.018182400501596627,-79.72775999999999,1.183481483759077,0.16736955651495206,-7.87596,0.6005084498989098,0.08492471941666825,0.5482749600000001,0.01843396899639225,0.0026069568963063066,-72.74270504000003,0.5927671785005518,0.08382993831651137
VAL  83,13.26518,0.028270613718102685,0.003998068533675169,-7.586840000000002,0.030821005823567324,0.0043587484441669055,-25.60006,0.04315618611481451,0.006103206370386813,-2.6597199999999996,0.06748867756892697,0.00954434031246014,0.0,0.0,0.0,-22.581439999999994,0.05863451543552243,0.00829217269520904
VAL  84,13.007179999999996,0.02711655582894463,0.0038348601018140696,-5.87414,0.254505403478974,0.03599249932972017,-33.40094,0.29572611720969916,0.041821988570589205,-0.8907399999999999,0.2337361598041691,0.0330552847212061,0.10468166399999994,0.029228891337208053,0.00413358945422091,-27.053958336,0.2324019169170025,0.032866594282553015
ASP  85,14.404379999999998,0.08027973343347118,0.011353268780531174,-4.799859999999999,0.16993857831585327,0.024032944222468204,-43.0745,5.710965222271923,0.8076524471578032,-36.778860000000016,5.286754437308291,0.7476599826177526,0.603908784,0.021157328932651577,0.002992098152014454,-69.64493121600002,0.3910651804843007,0.055304968201278025
LEU  86,12.447560000000005,0.04081184141744079,0.005771665963796476,-6.0316800000000015,0.04178537543189464,0.005909344464463692,-31.363420000000016,0.09187449917615181,0.012993016277114964,-1.7255800000000001,0.09003645706045817,0.012733077868292274,0.34141507200000004,0.007152272935032361,0.0010114841386516787,-26.331704928,0.07426426027061016,0.01050255240743023
ILE  87,14.416880000000003,0.028158579507750588,0.003982224503702199,-7.72384,0.05845797122724364,0.00826720557383841,-9.7028,0.3777392751621229,0.05342040059752566,-0.71968,0.31804908048915975,0.04497893231280618,0.0,0.0,0.0,-3.7294400000000003,0.13095604758847793,0.018519981857440193
ARG  88,13.925620000000002,0.5371804497558171,0.07596878774863555,-4.21478,0.20545892922916614,0.029056280422654065,-143.63828,1.7016703563261593,0.24065252966047115,-64.10825999999999,1.3676093859004124,0.1934091741569103,1.2205892159999996,0.05109586953940871,0.00722604716838781,-196.81511078399996,0.6780327935263691,0.09588831723387077
ALA  89,8.419400000000001,0.06662522044979766,0.009422229035620112,-2.1105799999999997,0.13179940667544943,0.01863925084331476,-4.924459999999999,0.5271817223690576,0.07455475416095289,-7.1629200000000015,0.3904492202578351,0.055217858270663014,0.37561795199999987,0.010092068138541644,0.0014272339633918988,-5.402942047999999,0.08787495020520764,0.012427394637306502
GLY  90,5.665100000000001,0.3981386316347419,0.05630530525625178,-0.49788,0.0526602848454126,0.007447288902681286,-5.37866,2.3908596580309784,0.338118615411811,-8.699739999999997,1.9311303509603015,0.2731030733038373,0.5522302080000001,0.022124050798165693,0.003128813269339722,-8.358949791999999,0.14119562226442656,0.019968076395406056
GLU  91,14.664540000000002,0.22330563897920253,0.03158018631987783,-1.24726,0.18631991949332627,0.02634961570877252,-8.54486,2.1327395903860396,0.3016149253733976,-66.22482,1.6124696423811147,0.22803764371702667,0.8536119839999996,0.02636296498264007,0.0037282862622816573,-60.49878801599999,0.5103523711873162,0.07217472449223705
LYS  92,10.78938,0.07442711602689789,0.010525583689355493,-2.8229999999999995,0.10363705900885213,0.014656493441477942,20.64272,0.6974124185874683,0.09862901009338196,-63.20619999999998,0.6969171830292583,0.09855897320908297,1.2865086719999999,0.012506338367525792,0.0017686633334981967,-33.310591328000015,0.15161609785453062,0.02144175418599635
GLU  93,15.07092,0.05753323908817149,0.0081364287005746,-4.142799999999999,0.048345837463036126,0.006837133902451095,-37.27002,0.9727345062243515,0.13756543312907737,-45.990019999999994,0.9781359923856955,0.1383293186277117,0.51796584,0.013501826890789497,0.0019094466705768265,-71.81395416,0.053289684374293406,0.007536299437670734
LEU  94,12.832160000000002,0.05339114533318354,0.007550648184082113,-8.251019999999999,0.0279324112815713,0.003950239486418137,-32.260040000000004,0.05895386671091783,0.008337335785691572,0.22844,0.037102646805854615,0.005247106631277839,0.0,0.0,0.0,-27.450460000000007,0.078002874304394,0.01103127227453578
ILE  95,13.130619999999997,0.06152784410375917,0.008701351159511369,-5.022399999999999,0.05004318135381235,0.00707717457748578,-12.711820000000003,0.06953004818002814,0.009833033712865053,-0.8117200000000001,0.03157786566568541,0.0044657845895208015,0.36458279999999993,0.004264422391840007,0.0006030803982227651,-5.0507372,0.0683728565026069,0.009669382096417612
LEU  96,11.521120000000002,0.019467552490743206,0.0027531276758619165,-8.19952,0.015105283844437784,0.0021362097276299116,-34.805,0.028068487663259582,0.0039694835928683605,0.40548,0.023415584553882682,0.0033114637246994846,2.7215999999999998e-05,0.000190512,2.6942465419482306e-05,-31.077892784000007,0.021924510571278474,0.003100594019829431
THR  97,16.23008,0.013500874045388972,0.0019093119178879997,-5.2862,0.008937561189069354,0.0012639620248121287,-45.158960000000015,0.044935491529654564,0.006354838155313881,2.46168,0.05339267365473332,0.007550864321388451,0.138096432,0.001999531344836631,0.0002827764346258078,-31.615303567999998,0.016660486637266977,0.0023561486158158677
VAL  98,11.895839999999998,0.008686449221380052,0.001228449429774088,-6.64592,0.014708963253591336,0.002080161532167635,-26.90436,0.025595124533038888,0.0036196972245251926,-1.5531400000000002,0.03268639472317195,0.004622554272259014,0.0004021919999999999,0.00047263162646610956,6.684020561548268e-05,-23.207177807999997,0.012959309370205289,0.0018327231070333053
LEU  99,11.597959999999999,0.016198715999275273,0.002290844385920513,-8.71754,0.029967455681178607,0.0042380382254137445,-34.19106,0.12166830482889536,0.017206496679996776,0.5956599999999999,0.09679392749547942,0.013688728501946502,0.0,0.0,0.0,-30.71498,0.04226227159529719,0.0059767877666764505
SER 100,11.988859999999997,0.010101504841634324,0.0014285685147416745,-4.906459999999999,0.009604603063374902,0.0013582959913434963,0.15285999999999997,0.12941746559100908,0.01830239350467584,-11.08052,0.11739493004366226,0.016602150222158787,0.2624690879999999,0.001790702364186948,0.00025324355696067474,-3.5827909119999997,0.024709362045886484,0.003494431492287967
VAL 101,7.8852,0.005264978630944213,0.0007445804185485836,-2.0834799999999993,0.009207040784284378,0.0013020721946457186,-69.6376,0.40361139726020984,0.05707927119337438,-41.027699999999996,0.3946899162637254,0.055817583251206164,1.0224515519999995,0.0033302360303528967,0.00047096649600286044,-103.84112844799998,0.013017995990561694,0.0018410226484770922
LEU 102,4.759200000000001,0.008595347578698512,0.001215565711910618,-2.4944999999999995,0.028078639568250744,0.003970919289040603,-0.13537999999999994,0.44528817141262583,0.0629732571176051,-101.8514,0.45323049323806874,0.06409647104183241,1.2678632639999998,0.006780335019175753,0.000958884174155159,-98.45421673599996,0.035808292226150916,0.005064057251164169
GLY 103,4.7911600000000005,0.009527560023068099,0.0013474004600946624,-2.1553800000000005,0.024563297824121033,0.00347377489194815,-10.988160000000004,0.09386593844365453,0.013274648319189432,0.3634199999999999,0.07519789624716992,0.010634588473467257,0.094972752,0.0013887197618310451,0.00019639463215169985,-7.893987247999999,0.026766573229365372,0.003785365087922112
ALA 104,6.962459999999997,0.013215460643748135,0.0018689483675396485,-2.650419999999999,0.336406723476214,0.047575095081355726,-3.9428800000000006,0.694391320222242,0.09820176226524535,-3.6394200000000008,0.10359132975298678,0.014650026348093741,0.445497984,0.004717956464041152,0.0006672198018132807,-2.8247620159999998,0.2864573307996794,0.04051118422581027
THR 105,14.36824,0.5398788590044928,0.07635040044426657,-3.30352,0.3084516325131075,0.04362164820361585,-37.9113,0.8287391205921077,0.11720141040105107,-3.2684200000000008,0.1221631843068647,0.01727648320694521,0.4081007520000001,0.01156600618989896,0.0016356802816246275,-29.706899247999996,0.04169492654520574,0.005896553060237993
GLY 106,6.430980000000002,0.016979387502871666,0.002401248008734935,-2.522900000000001,0.00957131129969608,0.001353587824972505,-0.8777200000000001,0.08869003100687242,0.01254266446972093,-2.28678,0.09380070148992296,0.013265422420715923,0.385020144,0.004208276136002256,0.0005951401185745434,1.1286001440000004,0.034601316925751406,0.004893365167236736
LEU 107,9.135760000000001,0.02652060331114566,0.0037505796884939003,-7.408480000000001,0.0760965807377468,0.010761681652954075,-83.51272,1.421029359865114,0.20096389932516018,-19.293900000000004,1.4808948409660376,0.20943015685425181,0.16032528,0.023284449704230034,0.0032929184564116313,-100.91901471999999,0.039579212587599465,0.005597345922943108


