#Frame       SA_00001
       1    6086.1475
       2    6035.1989
       3    6085.4251
       4    6065.0194
       5    6017.2397
       6    6087.9730
       7    6068.2287
       8    6085.2707
       9    6099.0022
      10    6130.6154
      11    6090.4725
      12    6015.6384
      13    6050.2168
      14    6012.1185
      15    6112.4516
      16    6065.5282
      17    6094.8676
      18    6057.1427
      19    6073.3470
      20    6092.7350
      21    6034.4219
      22    6104.6396
      23    6076.7911
      24    6078.6671
      25    6140.5077
      26    6091.6602
      27    6059.1618
      28    6065.6538
      29    6085.1724
      30    6015.1345
      31    6099.9395
      32    6066.8133
      33    6069.0248
      34    6079.7531
      35    6069.7595
      36    6085.8816
      37    6066.0255
      38    6087.5526
      39    6088.8633
      40    6064.1572
      41    6067.9250
      42    6070.0810
      43    6047.9382
      44    6067.2015
      45    6136.9168
      46    6044.4992
      47    6013.6719
      48    6067.8532
      49    6103.4119
      50    6089.1910
