| Run on Mon Jun 20 15:45:52 2016
| GB non-polar solvation energies calculated with gbsa=2
idecomp = 2: Per-residue decomp adding 1-4 interactions to EEL and VDW.
Energy Decomposition Analysis (All units kcal/mol): Generalized Born Solvent

Total Energy Decomposition:
Residue,Internal,,,van der Waals,,,Electrostatic,,,Polar Solvation,,,Non-Polar Solv.,,,TOTAL,,
,Avg.,Std. Dev.,Std. Err. of Mean,Avg.,Std. Dev.,Std. Err. of Mean,Avg.,Std. Dev.,Std. Err. of Mean,Avg.,Std. Dev.,Std. Err. of Mean,Avg.,Std. Dev.,Std. Err. of Mean,Avg.,Std. Dev.,Std. Err. of Mean
ARG   1,7.761339999999998,0.026205045316478787,0.0037059530489165853,-1.8502799999999997,0.05139768088155427,0.007268729737721838,-271.04650000000004,0.6186064742642395,0.08748416656762906,-33.90708000000001,0.6067538163041118,0.08580794760389085,1.5697838880000006,0.009850405778534297,0.0013930577446881508,-297.47273611200006,0.022808873733133027,0.003225661857585217
MET   2,9.797199999999998,0.019000000000322845,0.002687005768554538,-4.230080000000001,0.03395929327871141,0.004802569312335916,-4.5886000000000005,0.04290314673774892,0.006067421198500753,-3.618639999999999,0.04353424399254442,0.006156671828191576,0.5231299679999999,0.00853109723750977,0.0012064793415209963,-2.1169900319999995,0.03075045099505149,0.004348770484629105
LEU   3,12.242540000000002,0.015103920021322902,0.0021360168539153374,0.5010200000000001,0.010360482614235072,0.0014651935025781896,-15.41156,0.028579125249404532,0.004041698652846725,-6.707460000000001,0.032699975534888806,0.004624474889070815,1.2162467519999998,0.004595365209229767,0.0006498827802950212,-8.159213248,0.015497849954535528,0.0021917269593327397
PRO   4,18.2978,0.022349944070365394,0.0031607594022590875,-4.5970200000000006,0.03204652243211051,0.0045320626650384305,-0.46864000000000006,0.03617941956416517,0.005116542582642887,-4.35992,0.03816901361059508,0.005397913671050682,0.451286784,0.00580842524776742,0.000821435376142299,9.323506784000001,0.02577326216948693,0.003644889690668583
ARG   5,12.851680000000002,0.033491157041115216,0.004736364850711231,-5.031140000000001,0.05378959378915124,0.007606997305115729,-240.52508,0.2993779444058399,0.04233843492541173,32.87838,0.2657981858471082,0.03758953992791448,0.6621523199999999,0.003933762681212636,0.000556318053492806,-199.1640076800001,0.049417419570463104,0.006988678497403053
LEU   6,12.408520000000003,0.011101783637662937,0.0015700292986914638,-3.5003399999999996,0.055310979018658314,0.00782215366763203,-31.3391,0.033560840274343806,0.0047462195480614195,-6.044020000000001,0.03494709716124351,0.004942265877100086,0.8716514400000005,0.0059559876625133535,0.0008423038529653213,-27.60328856000001,0.06286049786385697,0.00888981686165915
CYS   7,10.663720000000001,0.01357356253727586,0.001919591622993488,-5.546619999999998,0.031497231624765414,0.004454381214095,-4.632059999999999,0.09810207133392855,0.013873727977733457,-1.1895400000000003,0.0793955187652292,0.01122822194294347,0.040539744,0.0020915355534306145,0.0002957877945847092,-0.6639602559999999,0.0253306747042281,0.0035822983710780466
CYS   8,10.048439999999998,0.02517392301647354,0.003560130334803309,-4.132579999999999,0.04562547095655306,0.006452415981641708,4.18328,0.038992327450417134,0.005514347830887264,-7.2162000000000015,0.07330457011656245,0.010366831724277211,0.6193280159999999,0.010090487545473033,0.0014270104337764766,3.502268016,0.03563307504033941,0.005039277799110621
LEU   9,13.276800000000001,0.15758794370109128,0.022286300724857103,-7.363099999999998,0.14266509734341493,0.02017589155403352,-33.620219999999996,0.1262325298812425,0.017851975577072014,0.33958,0.05139497640820524,0.007268347267432911,0.017329680000000004,0.0024720066291173126,0.0003495945301173901,-27.349610320000007,0.11169451986032515,0.015795990482922285
GLU  10,15.65204,0.12683153551077547,0.017936687765594348,-4.119940000000001,0.20484359008764605,0.028969258326714393,1.9629600000000003,1.4040008113957763,0.19855569890587366,-75.80806000000001,1.6349469399333485,0.23121641362141312,0.9205525440000001,0.04703531409025998,0.0066517979096924,-61.392447456,0.16826815828039376,0.023796711155567547
LYS  11,9.97702,0.07646397583187003,0.010813639165439917,-5.738940000000001,0.5057668399568989,0.07152623244656289,-1.9362799999999993,0.629982254988188,0.0890929449058681,-36.87798,0.7608121578947162,0.10759508721130483,0.8812728,0.07284318142745878,0.010301581510111615,-33.69490719999998,0.502703835459709,0.07109305819640932
GLY  12,6.897000000000002,0.08950530710505457,0.012657961921233711,-1.4073199999999997,0.03629018600118497,0.005132207322391802,-4.35626,0.08927414183289781,0.012625270214930335,-2.7742399999999994,0.12337383190937824,0.017447694632818124,0.15468955200000004,0.0071334310378718645,0.0010088194920011575,-1.486130448,0.11533488179927297,0.016310815405522965
PRO  13,18.363539999999993,0.11675636342516027,0.016511843264922364,-0.9967399999999997,0.04039247949805222,0.005712359232402263,-5.3289800000000005,0.12184260174503449,0.01723114598626515,-5.524719999999999,0.13424157925175736,0.018984626201221794,1.1823225119999998,0.006764476323446107,0.0009566414158969175,7.695422512000001,0.07919664713555855,0.011200097247358322
ASN  14,18.588760000000004,0.15477952836184222,0.021889130818702838,-1.8578200000000005,0.23610698337829142,0.03339056980645786,-86.63517999999998,2.1516191920509256,0.30428490424606597,-10.515139999999999,1.6284095063589015,0.23029188089900351,0.6220974240000001,0.04253981641838289,0.006016038531973874,-79.79728257599999,0.6361027474672872,0.08995851325310256
GLY  15,5.68228,0.07404081036836438,0.010470951819203538,-3.2792200000000014,0.08820414729474269,0.012473950136177924,-11.60134,0.26295182904854203,0.03718700428912597,-0.63404,0.17169449146667448,0.024281267841692267,0.07733592000000002,0.009743595813291844,0.0013779525345439033,-9.75498408,0.14648193240176188,0.020715673544519055
TYR  16,9.93746,0.3381505114590454,0.04782170394287807,-11.109760000000001,0.2590178804638523,0.036630659944911305,-31.43426,0.4616019848311011,0.06528037873664828,1.1131199999999999,0.5097919042119048,0.07209546249244815,0.038173104,0.012635188297211225,0.0017868854653053927,-31.455266895999994,1.2989642977430025,0.1837012926906597
GLY  17,7.318359999999999,0.14786828733705432,0.0209117337396944,-4.0556,0.07675363183590167,0.01085460271037235,-15.492459999999996,0.8307455978819028,0.11748516914063324,0.35218000000000005,0.5151861290834604,0.07285832108963257,0.006502607999999998,0.0032750500984162103,0.0004631620266631544,-11.871017392,0.2646256910155205,0.03742372411865012
PHE  18,9.801459999999999,0.1493332126489021,0.021118905464082276,-9.607579999999999,0.1408893310368472,0.019924760274598195,-4.664079999999999,0.24640737326630927,0.03484726491419442,-2.12182,0.1828993920164806,0.025865880073950024,0.00012139199999999999,0.0004372362893630857,6.183454903789629e-05,-6.591898608,0.11199499252758881,0.015838483735038954
HIE  19,29.58764,0.17578859576100464,0.02486026162357343,-9.2225,0.25043428279692925,0.03541675592145964,-29.899259999999998,1.7617764762875123,0.24915281866356814,1.5793799999999996,1.4643969119060594,0.20709699735148276,0.216195552,0.02828084726590908,0.003999515775885068,-7.738544448,0.38441547616483424,0.054364557997841984
LEU  20,11.352279999999999,0.08571908538935617,0.012122509311184491,-8.667959999999999,0.3577292808815411,0.05059056006806498,-35.84236,0.88310204982235,0.1248894895818248,2.6608799999999997,0.36831517155827426,0.05208763108454847,0.0,0.0,0.0,-30.497159999999997,0.28023100185424954,0.039630648341967965
HIE  21,28.634959999999996,0.15880855896357923,0.02245892179072211,-10.537099999999999,0.5357787696428683,0.07577056024605146,-20.464160000000003,4.276525465187815,0.6047920312702517,-5.007740000000002,2.5610085186113634,0.3621812980373219,0.272315376,0.07091606918943734,0.010029046683789107,-7.101724624000001,1.9413319470804966,0.27454579686294056
GLY  22,5.4697,0.31893674921527043,0.0451044676279422,-3.4081399999999995,0.36518526859665174,0.05164499596282464,-7.96688,2.4646839443628483,0.3485589461081155,-4.648919999999999,1.734838999331065,0.24534328413877607,0.044153856,0.015518809732864979,0.002194691119610524,-10.510086143999999,0.6563067660617647,0.09281579296417738
GLU  23,15.68826,0.4334839240387422,0.06130388444462977,-4.890119999999999,0.3123885810973392,0.04417841681183445,-20.40396,2.0958501373905327,0.2963979688999206,-52.83882000000001,1.4724503616757927,0.2082359271403075,0.5355770399999998,0.030459871864526415,0.004307676389895991,-61.90906296000001,1.0245099740912826,0.14488759001464
LYS  24,9.971,0.2458350666605611,0.034766328537825936,-1.8582599999999996,0.35608464218497393,0.050357973033076084,32.8324,1.5467844452281285,0.21874835405093632,-69.54838000000001,1.5520760663050743,0.2194967022803319,1.4477436,0.07728522397983258,0.010929781192332157,-27.1554964,0.18113795985851827,0.02561677594925098
GLY  25,6.46762,0.06140582708507389,0.008684095347244862,-1.4752600000000005,0.122988911695319,0.01739325869410271,-5.738639999999999,0.634742081793865,0.08976608606818164,-5.575280000000001,0.344330831613992,0.04869573320117139,0.5517619199999999,0.04763182478247902,0.006736157260796073,-5.769798080000002,0.3736893738741884,0.05284765806475873
LYS  26,9.875119999999999,0.10650401682568263,0.015061942504209268,-4.851600000000001,0.23721711573996818,0.03354756623064912,9.807780000000001,2.0320276109344575,0.28737210065001084,-45.74373999999999,2.19859368515464,0.3109281007693534,0.8425416959999998,0.030692603010636567,0.004340589544217552,-30.069898303999988,0.2167872388791168,0.03065834533722629
LEU  27,11.127519999999999,0.10467554442194545,0.014803357457030262,-2.7384600000000012,0.03757616797909461,0.005314072637804521,-26.95694000000001,0.2598091922923732,0.03674256833690736,-7.07468,0.11732696876680923,0.016592539046214612,0.8843919839999999,0.007060960568290995,0.000998570619905876,-24.758168016,0.2926385909650674,0.041385346421655096
GLY  28,4.985920000000001,0.0168781989557887,0.0023869377871707786,-3.5905600000000004,0.034907970436569326,0.004936732522631539,-6.904719999999998,0.19018118098283734,0.02689568054540607,-3.364019999999999,0.14299671185032525,0.020222788927348745,0.006901200000000001,0.002238028362286765,0.0003165050062921589,-8.866478800000001,0.11741787803799703,0.016605395558640535
GLN  29,19.056500000000003,0.07263394523041429,0.010271991043351646,-8.887339999999996,0.13943580745297093,0.019719200998043498,-79.14560000000003,0.5180906484342725,0.07326908215544194,-3.52424,0.5202938615820912,0.07358066354688632,0.07723655999999997,0.023848698726161216,0.0033727153183487147,-72.42344344000001,0.2622376844420094,0.037086008990320565
TYR  30,8.98148,0.0659958301712953,0.009333219808831731,-9.0903,0.20865620048299308,0.029508442859628833,-26.15950000000001,0.41712852935199607,0.05899088234623365,-2.61472,0.1330984658063235,0.018822965547435434,0.195610032,0.023871382844145753,0.003375923337079135,-28.687429968000007,0.19217811848640767,0.027178090155482133
ILE  31,12.753239999999998,0.04860599140075183,0.006873925225153327,-8.679400000000001,0.11384322553400918,0.01609986335344948,-6.387899999999999,0.3931329164544888,0.05559739022652269,-1.3176999999999999,0.44927912259529734,0.06353766284653539,0.00014256000000000002,0.0004533119085133326,6.410798490047867e-05,-3.631617440000001,0.16382569109536965,0.023168451421221696
ARG  32,13.890720000000002,0.2300240022259122,0.032530306361922404,-7.673599999999999,0.35629852651958915,0.05038822084575528,-166.36670000000007,2.515209496240472,0.35570433817928754,-35.129220000000004,3.2429156466981994,0.45861752891925095,0.8167108319999998,0.08595523087572012,0.0121559053261354,-194.46208916800006,0.751827313511709,0.10632443833307877
LEU  33,11.812560000000003,0.03463013716289093,0.004897440964260089,-5.07182,0.25744682480078246,0.036408479122315665,-35.52068,0.29596354099830885,0.04185556536477739,0.09123999999999999,0.2195126019161543,0.031043769874163164,0.5642327519999999,0.05138607589527243,0.007267088544822745,-28.124467248000002,0.23243080885461384,0.03287068021955433
VAL  34,11.11782,0.06999505411097838,0.009898795482278427,-6.4474800000000005,0.030283487249561758,0.0042827318384282935,-29.09586,0.12734017590649221,0.018008620380193692,-3.0598199999999998,0.1610970750820846,0.02278256684397208,0.11740795200000002,0.00326161894881773,0.00046126257527111117,-27.367932048000004,0.144403841269872,0.020421787078262463
GLU  35,16.975579999999997,0.2890809637457071,0.04088222195530639,-4.20244,0.07402544427425332,0.010468778725334282,-6.621919999999999,1.6126760969270992,0.22806684079892117,-63.893920000000016,1.5295258329292425,0.21630761769285395,0.3581526239999999,0.01996441328062104,0.002823394402627581,-57.38454737600001,0.4153758022784443,0.0587430093063781
PRO  36,17.86242,0.027164012956939394,0.003841571553218217,-1.6648800000000004,0.07169397185258587,0.010139058733432186,-8.241300000000003,0.2234053938470896,0.03159429378858569,-2.329839999999999,0.24000569659907395,0.03394193111772126,0.9745273439999999,0.011271549431127584,0.0015940378074459373,6.600927344,0.08359381852376434,0.011821951188686277
GLY  37,6.22252,0.010643758734989735,0.0015052547957649582,-1.5662999999999996,0.04094935896935189,0.005791113882494178,-19.32788,0.3405425459469009,0.048159988704317015,3.7052199999999997,0.20304071414375402,0.028714293165601562,0.3244259519999999,0.009216745322863653,0.0013034446236532568,-10.642014047999998,0.15380050236638837,0.021750675634634172
SER  38,12.56938,0.01729148923494971,0.002445385858969425,-4.807919999999999,0.055551720045434023,0.007856199590140613,-5.88222,0.18993243956731348,0.0268605031970703,-1.851,0.16220998736206194,0.022939956407979634,0.002312496000000001,0.002796247414014717,0.00039544910166503075,0.0305524959999999,0.09123522763450734,0.012902609628691686
PRO  39,19.407260000000004,0.014691235483945742,0.0020776544469412925,-7.9883799999999985,0.05799168561098369,0.00820126282959298,-7.957240000000001,0.09361614390671272,0.01323932203699445,-1.4577399999999998,0.04347680301036239,0.00614854844658779,0.11330424,0.01018308889970032,0.0014401062428807108,2.11720424,0.10761794067690657,0.015219475125994444
ALA  40,9.514420000000001,0.031659494626048,0.00447732866780352,-7.01396,0.02560387470715378,0.003620934686015833,-8.006360000000003,0.05037410445832533,0.0071239741717362675,-1.1787799999999995,0.039344778560831205,0.005564191944929367,0.0,0.0,0.0,-6.684680000000002,0.06676629089571183,0.009442179409406297
GLU  41,17.49584,0.02176635936239787,0.0030782280613789663,-5.895960000000001,0.04185449079823479,0.005919118853308355,9.815459999999998,0.6371082548515823,0.09010071347109619,-84.94300000000001,0.6176410931909804,0.08734764106696291,0.5909800320000002,0.007224151946938641,0.0010216493660004625,-62.93667996800001,0.03406618846923969,0.004817686575155672
LYS  42,11.258659999999997,0.18782785842385538,0.026562870477450987,-3.64904,0.05187714718451836,0.007336536512557108,-17.825560000000003,1.221625477140967,0.17276393179132588,-25.191940000000002,1.1468824597141363,0.16219367289755462,1.3285202399999998,0.00705967636884825,0.0009983890066790038,-34.07935976000001,0.1392678772302783,0.019695452078197073
ALA  43,7.348400000000002,0.010844353366895333,0.0015336231606629717,-3.9927799999999998,0.030855981591996786,0.0043636947647736415,-8.42534,0.07271055219156562,0.010282824903694887,-3.0916600000000005,0.0505931260152964,0.007154948497368323,0.17178753599999996,0.005096099349964331,0.000720697281592027,-7.989592464000001,0.029837639650447053,0.004219679466286343
GLY  44,6.199480000000002,0.02166863170486428,0.0030644072835086704,-2.10664,0.016179938195204198,0.0022881888034016235,-11.571499999999999,0.077218197337253,0.010920302193634521,-1.2856200000000004,0.0511100342398504,0.00722805035953497,0.26931398399999995,0.0019996970730038043,0.0002827998721279761,-8.494966016000003,0.02734704187617294,0.0038674557512068737
LEU  45,10.30674,0.01666230476168106,0.002356405737436316,-7.473160000000003,0.01652677826926198,0.002337239397072324,-27.704639999999994,0.06859701451470791,0.009701082826500397,-1.8565,0.052929859247883966,0.007485412480285649,0.004591727999999997,0.0005847992472772321,8.27031026765039e-05,-26.722968272,0.04437445343731889,0.006275495387394978
LEU  46,10.796879999999998,0.012623216706166925,0.0017851924266635893,-3.4920999999999998,0.014435026844425736,0.0020414210736606577,-31.59596,0.09922639971255084,0.014032732021894317,-0.6204,0.09493766375891118,0.013426213166786886,0.8691710399999998,0.004068105513679471,0.0005753169990610275,-24.04240896,0.026395496601353412,0.003732886927920693
ALA  47,7.007059999999999,0.013060490036831539,0.0018470322141325845,-3.3930000000000002,0.022705946357653533,0.0032111057285509606,3.301039999999999,0.25437876955439936,0.03597459058836117,-8.96138,0.23981683760732211,0.033915222422970105,0.4136902559999999,0.0030518239349042954,0.000431593079871648,-1.632589744,0.08671920505107551,0.01226394759014444
GLY  48,6.1213799999999985,0.007799717944716232,0.0011030466900102498,-2.654839999999999,0.05113682039394707,0.007231838493775702,-10.777000000000001,0.32227851309070416,0.04557706440743089,-3.2633599999999996,0.30000051733289435,0.0424264800331124,0.21484728,0.004573902955155154,0.0006468475592158797,-10.358972719999999,0.0629731599925566,0.008905749692696432
ASP  49,12.090399999999999,0.041224264699792054,0.005829991423730435,-8.49558,0.05200041922871725,0.007353969812233862,14.171080000000003,0.6887295794431119,0.09740107120559667,-79.5213,0.5177935592492435,0.07322706739997169,0.010003248,0.003139916816875245,0.00044405129471483294,-61.745396752,0.2187866909575126,0.03094111056188453
ARG  50,13.249180000000003,0.056476079891169643,0.007986923813175853,-8.698959999999998,0.033686768916248624,0.004764028547388721,-193.39022000000006,0.5300203501587833,0.07495619675282882,-11.531100000000002,0.4997613130284602,0.07067692268342342,0.43948223999999997,0.00586786765985947,0.0008298418026783737,-199.93161776000005,0.09154059369333693,0.01294579491088021
LEU  51,12.79152,0.03779430644964493,0.00534492207615728,-8.727079999999999,0.05421322347918351,0.007666907590422482,-32.8099,0.09203678612521299,0.013015967117550811,-0.6729600000000001,0.052180057493257825,0.007379374499237306,0.0,0.0,0.0,-29.418420000000012,0.039806074904000094,0.005629429099407623
VAL  52,12.568499999999997,0.02470161938043418,0.0034933365140388107,-6.51098,0.023395290124234143,0.0033085936589345257,-32.33328,0.030765591167270463,0.004350911628317979,-0.4074799999999999,0.033550701930066075,0.004744785769663661,0.06174864,0.002206314504507493,0.00031201998951349715,-26.621491360000004,0.0422450739682927,0.005974355654941412
GLU  53,15.47076,0.016887344371475748,0.0023882311442605954,-7.89032,0.020220227496249635,0.0028595719959465605,-3.8148199999999997,0.2710694885080238,0.03833501469935851,-73.34877999999999,0.2579090762299408,0.03647385134634987,0.326070576,0.0035609692102307297,0.0005035970952301307,-69.257089424,0.018051009886040834,0.002552798299536976
VAL  54,11.32662,0.02885126686968187,0.004080185289874965,-6.906060000000001,0.042141385833689406,0.0059596919383200974,-25.636120000000002,0.04248888795626189,0.0060088361597896425,-2.4823399999999998,0.040403767151097295,0.005713955547604634,0.0007840800000000006,0.0005627660202961787,7.958713383455884e-05,-23.697115919999998,0.051729592012341834,0.007315669059988075
ASN  55,17.314320000000002,0.058841631520173236,0.008321463332798918,-4.595179999999999,0.06501128825059796,0.009193984555134227,-89.96373999999997,0.21673355163478783,0.030650752814320642,-7.158280000000002,0.15463881013498496,0.021869230256213373,0.39923424,0.005978784450101423,0.00084552780558388,-84.00364576,0.11766069297678612,0.01663973477659877
GLY  56,6.0790999999999995,0.012742448744742972,0.001802054383265953,-2.0917999999999997,0.014681961721816732,0.002076342938923586,-7.887479999999998,0.05196431083005468,0.007348863313523443,-6.618060000000002,0.05860218767237353,0.008287600859100405,0.3319149599999999,0.0038341990258268983,0.0005422376263162108,-10.18632504,0.03601549720583986,0.005093360460410904
GLU  57,13.826600000000003,0.01488220413473991,0.0021046614925354134,-3.48664,0.027102590282157092,0.003832885075246781,-6.11932,0.6165358850869912,0.0871913410379723,-74.74391999999999,0.5844430456438744,0.0826527281584205,0.7038607680000001,0.003708213102674982,0.0005244205261972574,-69.819419232,0.0349473049408843,0.004942295261578685
ASN  58,20.391099999999998,0.01083928041798095,0.001532905737347377,-5.01614,0.028885989683559637,0.004085095837305934,-92.39628,0.11716245815042485,0.0165692737317301,-4.3288400000000005,0.10130930065888616,0.014327298698633034,0.5660616959999999,0.0028762789545602784,0.00040676727067074525,-80.784098304,0.015718216223549946,0.0022228914559657147
VAL  59,12.8467,0.020714487684706996,0.0029294709421323084,-6.787160000000003,0.056644279499082094,0.008010710829845415,-31.596179999999993,0.14636826022156701,0.020699597870629447,0.28324,0.07154315061555501,0.010117729389541894,0.0,0.0,0.0,-25.253399999999996,0.06679311341761612,0.009445972686831706
GLU  60,16.746480000000002,0.040851555662385644,0.005777282406178518,-5.280199999999999,0.0355083088870013,0.005021633200493034,-38.77458000000001,0.3858631410222392,0.05456928872535328,-39.49666000000001,0.335416255418194,0.0474350217452808,0.3880830240000001,0.0030199687724505133,0.0004270880795942743,-66.41687697599998,0.02531003793466935,0.003579379891138691
LYS  61,9.444780000000003,0.018614284835238498,0.0026324574067870116,-1.8389999999999997,0.10090450931450792,0.01427005255771794,7.439759999999999,0.3249581240714007,0.04595601862650937,-49.80802000000001,0.305135674083743,0.043152700865308584,1.3248272159999996,0.011231114207285436,0.0015883194032504215,-33.43765278399999,0.11079598298943157,0.015668918180011284
GLU  62,15.792499999999997,0.0390687854956759,0.005525160631343011,-4.634859999999998,0.09265311867402977,0.013103129702497678,-45.66786,0.711567003451333,0.1006307706818058,-41.03472,0.6973028908585488,0.09861352053341257,0.294312384,0.00757641423195531,0.0010714667760987737,-75.25062761600003,0.07270178476343793,0.010281585002118355
THR  63,14.68112,0.03671928103915595,0.005192890524616358,-3.97134,0.030170588326983414,0.004266765519679533,-28.270939999999992,0.25414337764442935,0.03594130114520592,-7.784800000000001,0.13427077120504355,0.018988754566846743,0.5448857760000001,0.0041695888389339285,0.0005896689085539848,-24.801074224,0.13755441204457633,0.019453131507769686
HIE  64,30.67052,0.0761974382755429,0.010775945062735954,-10.847000000000001,0.3525567755694864,0.04985905735168951,-13.108660000000004,0.41507510693837674,0.05870048456357151,-8.958839999999999,0.5555045403955021,0.07856020549871519,0.07397452800000003,0.0072241426756406,0.0010216480548409196,-2.170005472,0.39576500990395763,0.05596962445188992
GLN  65,20.274640000000005,0.28662670915294575,0.04053513794224644,-2.9588599999999996,0.527874530925674,0.0746527320866424,-73.34085999999999,0.6945117136520556,0.09821878846737163,-14.813200000000004,1.5694046769396182,0.22194733789797738,0.853859088,0.05762273457514197,0.008149085273719084,-69.98442091199999,0.5912696809188059,0.08361816017753877
GLN  66,20.99073999999999,0.01929332527721478,0.0027284882270312795,-6.206679999999999,0.048621575458010505,0.006876129143666528,-74.3844,0.27140714802441956,0.03838276696611363,-9.89624,0.25931236453352613,0.03667230628143486,0.6790942080000001,0.005039622245029338,0.0007127102128157635,-68.81748579200001,0.05680870455037877,0.008033964043599181
VAL  67,12.922279999999999,0.08814035171297419,0.012464928078482275,-7.037319999999999,0.08280517858214713,0.01171042065855986,-27.85444,0.22422035233296936,0.03170954632293591,-0.94418,0.1337745401786149,0.01891857690208217,1.9152000000000002e-05,0.000134064,1.895951270259866e-05,-22.91364084799999,0.11996994532923198,0.016966312376175862
VAL  68,12.915199999999997,0.10256919615581599,0.014505474828526129,-4.756419999999999,0.2750144061681209,0.03889291030509395,-30.73114,0.21226163195479197,0.030018327868191315,-2.07636,0.20350879686146048,0.028780490058370856,0.12385396800000002,0.027853170636417155,0.003939033166911319,-24.524866032,0.2980889108110147,0.042156138046196084
SER  69,14.14546,0.13924643047495106,0.0196924190489718,-3.18468,0.41336431582806005,0.058458542164511795,-9.85254,0.9520423774181387,0.13463912420986565,-4.86148,0.2840470552566816,0.040170319789613905,0.447326208,0.016875039886644003,0.0023864910273278883,-3.305913791999999,0.4522744242327026,0.06396126246643707
ARG  70,13.951960000000001,0.08964261486553494,0.012677380170942753,-7.210479999999998,0.10989126261917394,0.01554097139823393,-206.84932,0.8034667744168533,0.1136273609296478,-2.0141000000000004,0.7056418425802127,0.09979282639548773,0.662570784,0.009127681014215351,0.0012908490283318756,-201.45936921599994,0.1584761500986065,0.02241191207821236
ILE  71,13.913960000000001,0.15836274309296472,0.022395873905667687,-7.18836,0.07792708386680648,0.011020553888062333,-8.521899999999997,0.41825204123833715,0.05914977092094874,-1.90844,0.4466874594165361,0.06317114632488469,0.00097128,0.0013734650626790622,0.00019423729190863427,-3.703768720000001,0.1902028433348737,0.02689874406461034
ARG  72,12.654739999999999,0.03996138636238366,0.005651393456491421,-2.6670400000000005,0.15818760507700325,0.022371105649921705,-154.55367999999999,1.2362596238664068,0.17483351266861336,-55.12612,1.086149154398471,0.15360468649103864,1.5046619039999998,0.03411700886373886,0.00482487366427026,-198.18743809599994,0.10146962774465676,0.014349972372544288
ALA  73,8.4148,0.03651520231419331,0.00516402943455296,-1.83622,0.18808830798324425,0.02659970360737117,-10.60822,0.16503603121746432,0.023339619362796753,-3.0492600000000003,0.27295851772750507,0.038602163773549455,0.5684610240000001,0.014692291267708893,0.002077803757312971,-6.5104389760000005,0.12125700653528261,0.017148330317495967
ALA  74,8.07436,0.6031399094737389,0.08529686399862423,-3.54058,0.13427450837743563,0.018989283082834922,0.3654000000000001,1.3623459325736618,0.19266480944894945,-3.998519999999999,0.81836664741423,0.11573452117670048,0.08982532800000001,0.010067448119777564,0.0014237521669476947,0.9904853279999998,0.10038895062050099,0.014197141547991543
LEU  75,12.281639999999998,0.38357089357779284,0.05424511598292817,-0.8293,0.4887143644297757,0.06911464823031362,-23.68168,0.9502129748640454,0.1343804076195618,-6.281619999999999,0.6072956080855556,0.08588456853242085,1.1454942240000003,0.08848331060877104,0.012513429790659517,-17.365465776,0.5790490400910752,0.08188990057759205
ASN  76,19.657480000000007,0.4132308429919147,0.05843966625500328,-2.6987999999999994,0.29690287974353374,0.04198840792409335,-83.52804,1.8787363408418654,0.26569344133417677,-16.689760000000003,0.9084031607165886,0.12846760699879858,0.7654249440000003,0.07996359092922037,0.011308559478815764,-82.49369505599999,0.7632899554782556,0.1079455007060505
ALA  77,7.960579999999998,0.40581385338605525,0.05739074552574461,-3.00972,0.13042684386274742,0.018445141148821547,-3.5028599999999983,0.4145142704419364,0.05862117030561754,-2.06604,0.4046072643935116,0.05722010807399807,0.393994368,0.024234192969879872,0.003427232437117083,-0.22404563200000005,0.566401966757127,0.08010133431427238
VAL  78,11.007000000000003,0.08980712666582548,0.012700645652856883,-7.1561400000000015,0.2697729423051572,0.038151655376924776,-20.77934,0.18386762738463952,0.02600280923287199,-1.6033400000000007,0.08941378193543327,0.012645018307616017,0.0017002079999999997,0.0011824776462732824,0.00016722759245626912,-18.530119792000004,0.09465065393497411,0.013385623848232274
ARG  79,12.570659999999997,0.06702883260267688,0.009479308413674153,-7.080200000000001,0.032526297052935825,0.004599913042603787,-180.10976000000002,0.2737776879086886,0.038718011931561595,-24.32474000000001,0.2720896771280283,0.03847929115761741,0.8348564160000003,0.006281051886892017,0.0008882748764411809,-198.10918358400002,0.06767332142352755,0.009570452896798639
LEU  80,11.230600000000004,0.06592328875228542,0.009322960902971975,-7.6560000000000015,0.13582120600256922,0.01920801915867034,-35.10904000000001,0.08044723984780094,0.011376957764824138,-0.02711999999999999,0.058823002303520694,0.008318828763714278,0.0012247200000000008,0.0004082399999999958,5.7733854470318636e-05,-31.560335280000007,0.08735125987239344,0.01235333364019155
LEU  81,13.693800000000003,0.030384864652705686,0.004297068768272724,-7.12776,0.03288498745615601,0.004650639525896494,-35.56769999999999,0.03527109298916794,0.004988085806500389,1.0527000000000002,0.025677421988967542,0.003631335842357503,0.24673161600000004,0.0034925234200656676,0.0004939173987562534,-27.702228384,0.04012468235883963,0.005674486997778348
VAL  82,12.000219999999997,0.012269132003818524,0.0017351172878345945,-6.614839999999999,0.023675607700639797,0.003348236550766969,-32.65725999999999,0.025585003446565866,0.003618265886749583,0.6631400000000001,0.03913311129976896,0.005534257673798907,0.0,0.0,0.0,-26.608739999999997,0.026084332457861462,0.003688881672735641
VAL  83,11.380999999999998,0.03366363022655014,0.004760756242510007,-5.009379999999998,0.020499648777826694,0.002899088132548755,-31.866799999999994,0.07191522787578246,0.010170349060308321,-0.80436,0.06377327339881587,0.009018902815753273,0.22625424000000002,0.0035537073194021602,0.0005025701087803071,-26.073285759999997,0.030302645805382396,0.004285441267375996
ASP  84,14.01172,0.02174216180353742,0.0030748060097872893,-3.9213600000000004,0.03570364687255851,0.005049258163335198,11.887379999999999,0.20642925083440958,0.029193504620053955,-82.18766000000001,0.21543710079437195,0.03046740697817403,0.37822967999999996,0.004844117247134756,0.0006850616308623393,-59.831690320000014,0.0420238840821481,0.0059430746812568665
PRO  85,18.05954,0.01563740388034106,0.0022114628647883993,-3.7727800000000014,0.029313675989042068,0.004145579814671384,-4.64724,0.07786669634696865,0.01101201380310706,-7.397380000000001,0.07579363825540981,0.010718839116240081,0.621649872,0.005167966767964641,0.0007308608693149045,2.8637898719999995,0.030206704096200743,0.004271873060743801
GLU  86,14.6235,0.010718675292231578,0.0015158495968947295,-2.2104199999999996,0.013431440726955193,0.0018994925638270376,-3.0771999999999995,0.41994061484930134,0.059388571291117825,-76.90288000000001,0.41665998799697385,0.058924620592353136,0.7341792480000001,0.0049951397008573045,0.0007064194310900685,-66.83282075200002,0.02596328783919996,0.003671763378599303
THR  87,13.222439999999997,0.007774728292844607,0.0010995126195506664,-1.9531999999999998,0.01642680735870719,0.0023231013753173867,-31.30108,0.07106527703440772,0.010050147859586064,-8.642739999999998,0.06276426053117037,0.00887620684754995,0.5666677919999998,0.004782171925809352,0.0006763012395079448,-28.107912208000002,0.014560744451288925,0.0020592002281261588
ASP  88,12.771300000000002,0.020245740290262788,0.0028631800498773036,0.17094,0.010078511794902757,0.0014253168068888683,-13.974799999999995,0.4303369842346456,0.06085883994953726,-71.21896000000001,0.4196429892172132,0.05934648067057694,0.9447793919999999,0.0036855642440292444,0.0005212174938903501,-71.30674060800001,0.013352444406636292,0.0018883207970697817
GLU  89,14.988520000000001,0.013746621402186536,0.0019440658423780452,-1.4681,0.026228419700779253,0.0037092586860455693,22.91678,0.7333727098823588,0.1037145632589941,-103.14586000000001,0.7256230980326309,0.10261860264089286,1.0016040959999999,0.005460591727984933,0.0007722442880298626,-65.70705590399999,0.016926319386812404,0.002393743043788875
GLN  90,19.663240000000002,0.008519530495655583,0.0012048435572007301,-1.3866000000000003,0.0087498571416721,0.0012374166638579767,-66.60822,0.039512170258386645,0.005587864705820523,-10.66622,0.052317220874305806,0.0073987723306112065,1.2505420800000002,0.0046987749429593705,0.0006645071250872007,-57.74725792000001,0.020949568122098836,0.0029627163364131224
LEU  91,8.34858,0.007652685802551095,0.0010822532050547792,0.04414000000000001,0.008726992609140904,0.0012341831306576828,-6.139520000000001,0.341795215882257,0.04833714298549277,-101.00827999999997,0.3384944336401253,0.04787034188416649,1.4880008160000002,0.007395483536652234,0.0010458793117840532,-97.267079184,0.012291176505071529,0.0017382348510993695
TYR  92,4.783260000000001,0.6249216210053763,0.08837726318459824,-2.1952599999999993,0.4709105142168765,0.06659680358695949,-39.5719,3.237818192857666,0.4578966400837657,-79.87534000000001,2.1241449443013067,0.300399458867715,1.3226425919999998,0.09511468618625155,0.01345124791854578,-115.53659740800002,0.6345523114726629,0.08973924849198363
LEU  93,10.39158,0.2837204321158601,0.04012412830206044,-2.69932,0.556675684398014,0.07872583027189961,-22.218159999999994,0.5600779717148697,0.07920698635855834,-3.1364999999999994,0.4242692659149402,0.06000073499549855,0.740498688,0.06440898085448746,0.009108805426304519,-16.921901312,1.0968656768178784,0.15512023162573876
VAL  94,10.756440000000003,0.21956995787202097,0.031051881231230115,-2.4140199999999994,0.40084069104820436,0.05668743416313742,-29.751520000000006,1.0133720390851122,0.14331244814038438,-1.5519000000000003,0.4467477252320364,0.06317966919824748,0.5975123040000002,0.028041022302336484,0.003965599404277069,-22.363487695999996,0.2654026563016991,0.037533603603170804
THR  95,15.14682,0.6142571998764175,0.08686908628505506,-3.46886,0.4300343711844465,0.06081604400156299,-40.39976,1.6023167796662983,0.22660181210220612,-2.65632,0.4876022329727371,0.06895736909134503,0.33823051199999987,0.017972297401689052,0.002541666673247139,-31.039889488,0.2657539432415529,0.03758328307863338
SER  96,10.92916,0.17242846168766526,0.02438506690578258,-3.982019999999999,0.14995405829789396,0.02120670629777674,0.6202599999999999,0.5133371137956034,0.07259683083992031,-8.340300000000001,0.514914526887716,0.07281991073875337,0.527737824,0.02425326876551256,0.0034299301620067633,-0.245162176,0.1988942608548879,0.028127896117915465
VAL  97,8.90262,0.12679256918275486,0.017931177094638085,-5.95538,0.3891032197245413,0.05502750504974847,-56.779920000000004,1.5756818440276794,0.2228350633808992,-53.95697999999999,1.5716442280621086,0.22226405825508275,0.2515281120000001,0.03817654802222201,0.005398979197761412,-107.538131888,0.3243069969621513,0.04586393534763645


