#Frame       SA_00001
       1    6004.2994
       2    5941.0383
       3    5896.5609
       4    6023.0267
       5    6004.3560
       6    5980.0893
       7    5935.5497
       8    5928.7734
       9    5932.4277
      10    5929.0113
      11    5920.9828
      12    5908.7071
      13    5959.3509
      14    5941.6089
      15    5943.0454
      16    5918.6567
      17    5913.7739
      18    5945.8785
      19    5949.3001
      20    5939.4630
      21    5928.5936
      22    5937.3365
      23    6013.4189
      24    5893.5102
      25    5956.0216
      26    5923.0534
      27    5909.1278
      28    5897.4800
      29    5940.1696
      30    5917.2693
      31    6025.4459
      32    5936.5512
      33    5915.1464
      34    5956.2285
      35    5937.4889
      36    5980.1947
      37    6015.8172
      38    5945.6841
      39    5919.7165
      40    5957.3601
      41    5896.4412
      42    5942.4628
      43    5920.5494
      44    6059.7322
      45    5925.4406
      46    6074.0734
      47    5952.5571
      48    5936.9917
      49    5917.7988
      50    5908.7283
