| Run on Mon Jun 20 15:46:09 2016
| GB non-polar solvation energies calculated with gbsa=2
idecomp = 2: Per-residue decomp adding 1-4 interactions to EEL and VDW.
Energy Decomposition Analysis (All units kcal/mol): Generalized Born Solvent

Total Energy Decomposition:
Residue,Internal,,,van der Waals,,,Electrostatic,,,Polar Solvation,,,Non-Polar Solv.,,,TOTAL,,
,Avg.,Std. Dev.,Std. Err. of Mean,Avg.,Std. Dev.,Std. Err. of Mean,Avg.,Std. Dev.,Std. Err. of Mean,Avg.,Std. Dev.,Std. Err. of Mean,Avg.,Std. Dev.,Std. Err. of Mean,Avg.,Std. Dev.,Std. Err. of Mean
GLY   1,1.1652399999999998,0.00423584702273,0.0005990392307682462,0.060199999999999976,0.023996666435153097,0.003393641112433674,-36.56624,0.32386142468682855,0.04580092191215856,-78.50986,0.3097542903637111,0.04380587184356139,1.00238112,0.004947239614390729,0.000699645335898081,-112.84827888000005,0.0066837394777006474,0.0009452235016732722
SER   2,11.244000000000002,0.021228283019792633,0.0030021325752485222,-0.51166,0.013417317168494543,0.0018974951910346355,-4.194,0.07743048495265174,0.010950324196116594,-12.24012,0.05371690236819195,0.007596717185776848,0.8362529280000001,0.005054705746651347,0.0007148433420719557,-4.865527072,0.018197114328077958,0.002573460587882162
HIE   3,27.20736000000001,0.023226502091727916,0.0032847234264608677,-1.7651999999999999,0.019017886317888796,0.002689535275842806,-5.0921199999999995,0.11227531162285431,0.015878126841670614,-22.897980000000008,0.07657531978287321,0.010829385577999607,1.3236451200000006,0.009700126777172106,0.0013718050845015213,-1.22429488,0.06853837760769457,0.009692790315585011
GLY   4,3.918240000000001,0.0076982075836293275,0.0010886909570732007,-2.1035,0.031978273874639924,0.0045224108614797,-6.115939999999999,0.07322770240836732,0.010355960988733402,-5.382299999999999,0.08465677763769283,0.011972276308202854,0.17637767999999995,0.0025964670507473892,0.0003671958917421829,-9.507122319999999,0.04535154851982022,0.006413677499135122
GLY   5,5.6735000000000015,0.009220086766683651,0.0013039171751700717,-4.01124,0.011967556141435964,0.0016924680203680167,-8.732599999999998,0.20339144524792743,0.028763894034028376,-2.24826,0.20916355418666693,0.029580193508494414,0.022873248000000002,0.0012735189035486573,0.00018010277053370245,-9.295726751999998,0.02250951416701801,0.0031833260217426188
SER   6,11.460039999999998,0.0062191960931824155,0.0008795271462036339,-3.0818799999999995,0.018298240352642815,0.0025877619674270114,-2.351539999999999,0.032748868682793406,0.004631389424358195,-6.39842,0.027328439399505154,0.003864824963727143,0.4451673599999999,0.001934552510122549,0.0002735870396938223,0.07336735999999995,0.006989562319229701,0.0009884733826906588
PRO   7,18.869780000000002,0.010837508937779385,0.001532655212214724,-3.4885199999999985,0.011658885024290794,0.0016488153323500612,0.11028,0.07386881344654184,0.010446627781250752,-3.14844,0.07173148820427816,0.010144364346769586,0.6255783359999999,0.0077995711600563926,0.0011030259315245804,12.968678335999993,0.019836834305272662,0.0028053520109064473
ARG   8,13.773639999999995,0.020533640693411022,0.002903895315351795,-5.685260000000002,0.026676439042284786,0.003772618188941828,-196.85994,0.5307770684581995,0.07506321288102184,-11.373639999999998,0.48970659623900237,0.06925497099847625,0.554852304,0.006341653354422575,0.0008968452181693237,-199.59034769600004,0.08561147267205538,0.01210729057475543
VAL   9,10.73974,0.0085552556926497,0.0012098958630114831,-2.2714000000000003,0.020441134997795873,0.002890813034418225,-30.46016000000001,0.031734120429777,0.004487882350177175,-2.65094,0.023976997309900376,0.0033908594780644326,0.7321677120000001,0.00382900710432217,0.0005415033777355345,-23.910592288000004,0.03835995069791717,0.005424916252895774
VAL  10,11.002939999999997,0.03577899383813649,0.005059913833395603,-4.6678999999999995,0.04668886376861762,0.006602802435336885,-21.733159999999998,0.0402712602244351,0.005695216238325229,-1.5655200000000002,0.04226120679771323,0.005976637181558009,0.07378444799999997,0.003546865973123551,0.0005016025963110972,-16.889855552,0.029573327436303087,0.0041823000744920175
ARG  11,12.00266,0.03974851443755386,0.005621288820177144,-4.68998,0.07505504380112678,0.010614386086806019,-197.32074000000003,0.7606774036217843,0.10757603007926801,-9.292380000000001,0.7465190390070443,0.10557373495334915,1.1344813920000003,0.007286558086608916,0.0010304749269101677,-198.16595860800004,0.07002546257121559,0.009903095887966262
ILE  12,14.2245,0.048763203340098586,0.006896158350832442,-7.235619999999999,0.11702100495210724,0.016549269228579917,-14.150520000000002,0.18334952849656116,0.025929538985454907,-2.355,0.15318420284089085,0.0216635177198899,0.013800095999999994,0.0013265561369139997,0.00018760336800730386,-9.502839904,0.16152089113810628,0.022842503485409813
VAL  13,11.313200000000002,0.06596241353985678,0.009328493983492813,-2.9692999999999996,0.06863417516079995,0.00970633813546939,-20.712480000000006,0.15257971555744926,0.021578030308437385,-2.43632,0.12898115211147168,0.01824068946065504,0.628793424,0.014283151242022526,0.0020199426199894372,-14.176106576000002,0.08804204638975134,0.012451025606346753
LYS  14,11.39436,0.2948092780086775,0.041692327927329194,-6.618340000000002,0.2313528569090348,0.0327182347934519,-15.308200000000001,6.411224126483177,0.9066840111086107,-23.88348000000001,6.3161740420605526,0.8932418992590925,0.6184848960000001,0.051930896559518935,0.007344137822066598,-33.797175104000004,0.24735233872303403,0.03498090321068184
SER  15,11.250399999999997,0.06465508487383306,0.009143609790495827,-2.238959999999999,0.03324332113380472,0.004701315560575076,-18.215739999999997,0.292862138898296,0.041416960873556334,-5.075319999999998,0.3322744311559628,0.046990700697056784,0.39943555199999986,0.013207993317176597,0.0018678923280884348,-13.880184447999998,0.05363648060827435,0.00758534383141831
GLU  16,16.014559999999996,0.02947823604127907,0.004168852120441224,0.47041999999999995,0.017643230996617864,0.002495129655949836,-22.685339999999997,1.3057048611383069,0.18465455230782724,-59.86659999999999,1.3107047722507934,0.18536164651842107,1.3461138720000003,0.004214064431790131,0.0005959587072151675,-64.72084612799999,0.04393241842379042,0.006212982196277404
SER  17,10.34896,0.019487390794011357,0.0027559332356155456,-1.18768,0.05170897020827093,0.007312752696488307,-6.42892,0.5370887390366719,0.07595581789435253,-11.287619999999997,0.54144159020164,0.07657140400960147,0.543900096,0.02247137710130872,0.0031779326261870996,-8.011359904,0.04775224734771991,0.006753187583294015
GLY  18,5.065800000000001,0.05970293125127578,0.00844326950889827,-2.5423199999999992,0.11098061812769622,0.015695029531673736,-10.252879999999998,0.9083994636722721,0.12846708415777727,-0.9483000000000001,0.470716443307433,0.06656935781573979,0.15012619200000002,0.011269003263604326,0.0015936777249815908,-8.527573807999998,0.5188599239557865,0.0733778741430146
TYR  19,10.005100000000002,0.1899904471281465,0.02686870670499532,-9.32,0.3938328071656846,0.0556963697201179,-33.026120000000006,1.086493877386872,0.1536534376835845,1.3893600000000002,0.43836047997053673,0.06199353359827125,0.037266047999999996,0.005145894422323122,0.0007277393682589421,-30.914393952000005,0.917752794151276,0.12978984483945377
GLY  20,6.4901800000000005,0.1694154290494138,0.023958959743693782,-3.04958,0.04933845964356337,0.006977511877452494,-15.505460000000001,1.660452952781243,0.23482350855056863,3.0210000000000004,0.8962712758980951,0.1267518993940524,0.029639088000000004,0.004565215221241548,0.0006456189281031886,-9.014220911999999,0.6650741875651334,0.09405569360388792
PHE  21,9.9929,0.18751333285933508,0.02651838984554522,-9.517819999999999,0.13257581830791318,0.01874905202937621,-2.6556399999999996,0.8243279871507475,0.11657758192723015,-6.074579999999998,0.5930984434307797,0.08387678625221805,0.011751552000000005,0.004170129949929106,0.0005897454332047977,-8.243388448,0.3729256516389851,0.052739651430467695
ASN  22,18.156699999999994,0.18626435515236678,0.026341757724315597,-7.38424,0.19223220957997933,0.027185739791295398,-84.26767999999998,0.7846070975992397,0.11096019985590355,-10.53382,0.7318659355373597,0.10350147318758074,0.27676108799999993,0.012121980210257668,0.0017143068816164657,-83.75227891199998,0.33013136817851163,0.04668762582428367
VAL  23,10.704259999999998,0.05282795093514536,0.0074710004684862994,-7.7037400000000025,0.27115816860264885,0.03834755595861163,-23.14622,0.34351321895961817,0.04858010531071306,-0.49931999999999993,0.1375369681213021,0.019450664564482145,0.0,0.0,0.0,-20.645020000000002,0.30731472402054355,0.043460865062679745
ARG  24,12.305039999999998,0.5321318618538586,0.07525480960045731,-8.226939999999999,0.2801030817396082,0.03961255770586535,-148.32549999999998,4.1248702779608095,0.5833447490121855,-58.14368000000001,3.392851947491842,0.4798217239266931,0.7013350079999998,0.020477586251238297,0.0028959680201166025,-201.6897449920001,0.8121502104464658,0.11485538422975552
GLY  25,6.44236,0.15580497553036837,0.022034150948025515,-3.5825799999999988,0.1753234827398025,0.024794484709311393,-19.127700000000004,0.591294080809037,0.08362161084310729,1.0927199999999997,0.3597564198176328,0.05087724080568852,0.099371808,0.0159222823019797,0.00225175075753928,-15.075828192000001,0.16343224833800615,0.0231128102128736
GLN  26,20.116680000000002,0.21306904420864034,0.03013251320417317,-8.232519999999997,0.2668931801302442,0.03774439550450768,-78.1899,0.3000606772013619,0.04243498792330214,-4.6623399999999995,0.12417578024720975,0.01756110725438651,0.35931470399999993,0.0061616670656249066,0.0008713913131034374,-70.60876529600002,0.26455966431005157,0.03741438653241482
VAL  27,12.652339999999999,0.09348467467987404,0.013220729480631454,-1.8263999999999996,0.09118091905657892,0.01289492923594573,-22.489020000000004,0.22718199664570224,0.03212838607833511,-5.956980000000002,0.21502013766149944,0.03040843948642224,0.7001892000000001,0.032970351454210234,0.004662711818275161,-16.9198708,0.11405620485941365,0.01612998317849869
SER  28,11.10448,0.02633722840355401,0.003724646560362398,-2.3257999999999996,0.03925862962460183,0.0055520086455294075,-10.06364,0.5182383914763659,0.07328997617682939,-7.709580000000001,0.23763148697089434,0.03360616717211242,0.63571248,0.010443275932923041,0.0014769022459944301,-8.35882752,0.2783975495628721,0.039371359032324964
GLU  29,14.560739999999996,0.07265282100621201,0.010274660481164991,-2.23418,0.03338903412803419,0.004721922489840408,-8.909440000000004,0.9798631977985168,0.1385735823596933,-70.80436000000003,0.9723709119441636,0.13751401313285305,0.9109589759999998,0.013194557803749134,0.0018659922595577784,-66.476281024,0.09598626213419424,0.013574507371167655
GLY  30,4.8196,0.017227884373915016,0.002436390773258613,-1.9144000000000005,0.017708754896871532,0.002504396134789668,-9.297639999999998,0.19598854660423054,0.027716966067749423,-2.672939999999999,0.1635118845833709,0.023124072478698732,0.23543452799999998,0.005926310432067178,0.0008381068587862559,-8.829945471999997,0.037213046592139545,0.005262719518782563
GLY  31,5.330520000000002,0.02244213893475506,0.0031737977250191887,-1.6561000000000001,0.048546575574390495,0.006865522558407346,0.46134000000000014,0.11554195947793108,0.01634010061168527,-11.326860000000002,0.0893776280730436,0.012639905379363653,0.40799289599999994,0.0030009905549385437,0.00042440415433476494,-6.783107104000001,0.05074920700380807,0.007177021682446503
GLN  32,18.562600000000003,0.013163586129369772,0.0018616122033621085,-1.9803599999999997,0.02501740194347292,0.0035379949123798427,-67.22398,0.061648841030999324,0.008718462709062218,-14.698159999999998,0.06875474092841902,0.009723388709841869,1.1433772800000002,0.006254298473459783,0.0008844913724296169,-64.19652272000002,0.012158785750931147,0.0017195119710955566
LEU  33,11.898399999999999,0.010757323088251156,0.0015213152206234011,-3.21524,0.017226212584411142,0.0024361543465196323,-23.113439999999997,0.0288500675943774,0.004080015686734905,-0.54816,0.03125019039941796,0.004419444308959837,0.7654481280000002,0.0041066731234904105,0.0005807712827473219,-14.212991872,0.024594640974766085,0.0034782074828211234
ARG  34,11.12968,0.008882432099669234,0.0012561655942210357,-3.9099,0.01980732187863714,0.0028011783235057978,-141.10408000000004,0.532164254329481,0.0752593905882917,-66.24202,0.5337267649275227,0.07548036295620193,1.2316923360000003,0.0050044012962534214,0.0007077292184719086,-198.89462766399996,0.03212869829886688,0.004543684087565092
SER  35,10.417599999999998,0.009305912099469097,0.001316054710132108,-3.3144400000000007,0.011178837148491237,0.0015809263106956483,-12.60802,0.02656726557250987,0.0037571787287811265,-7.57344,0.025310993659039507,0.003579515050975308,0.5741411040000001,0.002787234364369126,0.00039417446396031706,-12.504158896,0.01240522380991895,0.0017543635756261016
ILE  36,12.753900000000002,0.03796379854469688,0.005368891878111029,-4.3278799999999995,0.03811542469926129,0.005390335054530576,-7.192179999999999,0.15801109961022208,0.022346144007426214,-4.07628,0.09481076732105084,0.013408267300442993,0.229310496,0.00627244982191045,0.0008870583607450463,-2.6131295039999998,0.05984587002669395,0.008463484104376808
ASN  37,19.7516,0.007400000004638806,0.0010465180368121165,-3.0300600000000006,0.025713350617805334,0.0036364169177754905,-81.59846,0.21112728009262902,0.02985790628939391,-17.519080000000002,0.22028171417519113,0.031152538772934894,0.6686179200000002,0.005904842164293567,0.0008350707872416462,-81.72738207999998,0.02423430882877542,0.0034272488220392235
GLY  38,6.09402,0.02616676518029553,0.0037005394201406003,-0.9939599999999998,0.02913620428265433,0.00412048152526028,-7.919839999999999,0.13305883811311991,0.018817361345318025,-7.2448000000000015,0.09859553742421648,0.0139435146214791,0.5328937439999999,0.0021009878770277273,0.0002971245550074068,-9.531686255999997,0.09105804722900208,0.012877552535446457
GLU  39,14.747500000000004,0.030374495878776338,0.004295602402201118,-2.8641199999999998,0.20268346158481496,0.02866377002419715,14.805380000000003,1.707972750251001,0.24154382275686406,-92.75479999999999,1.465641115691281,0.2072729543382244,0.8361843840000001,0.034371327966332584,0.004860839816676119,-65.22985561600001,0.10551466063055101,0.01492202640929197
LEU  40,11.135700000000002,0.02120117921234706,0.0029982995180403743,-3.2059799999999985,0.03799920525500633,0.005373899143102893,-18.98428,0.13205211698430142,0.01867498947792776,-11.514540000000004,0.0984234138807913,0.01391917267652754,0.9237713760000004,0.004949871150186676,0.0007000174912593309,-21.645328624000005,0.02529866201189594,0.0035777710927116244
TYR  41,9.28024,0.252929678764693,0.03576965820356991,-7.790800000000001,0.13013316256812102,0.018403608341833952,-33.5751,1.628698624669374,0.23033276840258357,-0.09508000000000001,0.9121874991469681,0.12900279327208383,0.169831728,0.005268919033237906,0.0007451376755850782,-32.010908272,0.3389379776671717,0.04793306848202234
ALA  42,10.53406,0.033210486295140736,0.004696672013159383,-4.10238,0.0419055557176255,0.005926340523464737,7.118819999999999,0.10646627447245281,0.01505660492942792,-1.9063000000000003,0.06788320852757362,0.009600135415709556,0.10690775999999998,0.0035273455474622737,0.0004988419912397498,11.75110776,0.0680037205351386,0.009617178387262277
PRO  43,19.505959999999998,0.06579542841295498,0.009304878720374901,-6.3935999999999975,0.034340646470982006,0.004856500797992252,1.53392,0.06235281549376974,0.008818019732343642,-9.043880000000001,0.07744692117827011,0.010952648629434967,0.13952304000000004,0.008481157475721231,0.0011994167926786929,5.74192304,0.06997057152918128,0.00989533312235649
LEU  44,12.034939999999997,0.07735487315040011,0.010939631072494621,-8.096179999999999,0.024700356273813364,0.0034931578837874224,-36.86392,0.12141776476261552,0.017171064964031695,3.11804,0.09998879137182856,0.014140550484333386,0.05508921599999999,0.002039197132928468,0.00028838602417397707,-29.75203078400001,0.06479854683699172,0.009163898375894191
GLN  45,20.6154,0.1399669961090859,0.019794322418209147,-8.264619999999997,0.14987353201965384,0.021195318162295276,-81.3016,0.6161325506766037,0.08713430093863811,0.8279400000000001,0.34325427368060546,0.048543484918163834,0.0011700000000000007,0.0007810261188974405,0.00011045377299123818,-68.12171000000001,0.3110227180669671,0.04398525460964483
HIE  46,29.7747,0.05871294576341437,0.008303264418549654,-10.040759999999999,0.1751486865495044,0.02476976479501432,-12.811200000000003,0.6206783385941093,0.08777717243109893,-11.478639999999999,0.46193911979834923,0.06532805682095154,0.3325597919999999,0.03332144476745271,0.004712363910799763,-4.223340207999999,0.10983145772958121,0.015532513709638105
VAL  47,11.46756,0.05127734782520022,0.007251712073692068,-7.225640000000001,0.08164306706632998,0.011546073271894004,-35.76632000000001,0.1402087643454089,0.01982851361008505,3.0905199999999997,0.09990079879559817,0.014128106454864068,0.0,0.0,0.0,-28.433880000000002,0.10646419867650088,0.015056311367549126
SER  48,13.315939999999996,0.07094601045968707,0.01003328101883529,-4.519900000000001,0.2154007660153354,0.030462268464444095,-20.2979,0.3837665045312071,0.054272779549254885,-0.5538999999999998,0.2156570657316847,0.030498514717933453,0.12029846399999997,0.0252850365407352,0.0035758441601007004,-11.935461536,0.31339111592082924,0.04432019664624755
ALA  49,6.616220000000001,0.05835761818289295,0.008253013510203794,-3.5403199999999977,0.06556994433440064,0.009272990456175826,0.6208,0.2250867388363874,0.03183207187727499,-4.293759999999999,0.08471848912728527,0.011981003630756442,0.2594376,0.005762928935325959,0.0008150012259330312,-0.33762240000000004,0.21788225225087424,0.030813203613358216
VAL  50,10.81586,0.04246504915773439,0.0060054648445708155,-5.661399999999999,0.03305752561837047,0.004675040106799555,-26.77074,0.1724983257893897,0.02439494718180075,-0.20842,0.15930575507495018,0.022529235939108105,0.15245467199999996,0.003123905947308069,0.0004417870158261042,-21.67224532799999,0.04710849283842123,0.006662146947505112
LEU  51,14.678940000000003,0.01418084623275662,0.0020054745068291825,-2.4182399999999995,0.02996368468668959,0.004237504926258745,-23.525760000000002,0.1202609762156918,0.017007470358845957,-1.0445799999999996,0.12098712162871102,0.017110162827980634,0.656513424,0.006040757278703258,0.0008542920870546138,-11.653126576000004,0.025230036605836857,0.0035680659947144133
PRO  52,18.140479999999997,0.006080263165346058,0.0008598790631229959,-2.170760000000001,0.017030044039735057,0.002408411924880441,-6.316920000000002,0.08715224380343548,0.012325188517806498,-4.211000000000001,0.09855455342088845,0.013937718608144415,0.9347564159999999,0.0033265689431932065,0.00047044789156329664,6.376556416,0.009079518231834173,0.0012840377823273672
GLY  53,5.284820000000001,0.006680389210310629,0.0009447497023152182,-1.2266199999999998,0.0056103119343408865,0.0007934179226688514,-20.063940000000002,0.04766483399747428,0.0067408254687490315,3.038680000000001,0.04093186533729779,0.005788639909323571,0.306792288,0.0018597107784255557,0.00026300282049408465,-12.660267711999998,0.012809329676384052,0.0018115127753250495
GLY  54,4.3511799999999985,0.008430160141484656,0.001192204680506469,-2.1403199999999996,0.02530568315617653,0.0035787640324581233,-11.426519999999996,0.26802165882653717,0.03790398649222234,-1.9477400000000002,0.2277720623781623,0.03221183397448877,0.06654470400000001,0.0066004861777586065,0.0009334497070842372,-11.096855296,0.029633851538719773,0.004190859475140831
ALA  55,9.47914,0.059023049734815015,0.00834711974275971,-4.5639199999999995,0.06492637060555236,0.0091819753866034,-5.573980000000001,0.22946045323759617,0.03245060849968859,-1.0401600000000002,0.1919241891997963,0.027142179131381183,0.110813328,0.011218405170487056,0.0015865220740299247,-1.588106672,0.050744977939585795,0.007176423602448575
ALA  56,9.460819999999998,0.02747703768663143,0.003885839935027082,-6.17316,0.07000295993740549,0.009899913534973928,-8.4088,0.21807915993967764,0.030841050565762345,-0.023780000000000003,0.20160191368139344,0.028510816052859662,0.0,0.0,0.0,-5.144920000000001,0.10356289683078743,0.01464600532567452
ASP  57,17.094459999999998,0.010639943612637778,0.001504715255987733,-5.255660000000001,0.046163453077047584,0.006528498142753468,-27.087799999999994,0.8106535388192784,0.11464372289839678,-50.40949999999999,0.7820679062596128,0.11060110397290747,0.4594855679999999,0.0020616250023273446,0.0002915578038818794,-65.199014432,0.022801037387082054,0.0032245536308987436
ARG  58,13.67478,0.034454776155832784,0.004872641172810785,-3.230179999999999,0.017264634372270014,0.002441588007867696,-175.2231,0.8956769562791486,0.12666784990750254,-36.193920000000006,0.8906463235200858,0.12595641099998406,1.575865728,0.004376349901466782,0.0006189093384344482,-199.39655427200003,0.03258164600736079,0.004607740566804883
ALA  59,7.530519999999998,0.013096930939938443,0.0018521857360724752,-3.426760000000001,0.022147288772878446,0.003132099615239808,-9.343660000000002,0.07681239743669852,0.01086291342133714,-2.9220000000000006,0.05693680707589645,0.008052080476495315,0.2588080319999999,0.0031754638780236055,0.00044907840831268466,-7.903091967999997,0.027889443961402596,0.003944162989725997
GLY  60,6.472619999999998,0.034358632103436614,0.004859044350526768,-2.1842600000000005,0.018163490853755775,0.0025687055105421083,-15.26074,0.1073686751340289,0.015184223654857455,1.8858200000000003,0.09398844397051846,0.013291973216945096,0.219401568,0.00842827179811956,0.0011919376284267352,-8.867158432000002,0.03386770428645663,0.0047896166728348365
VAL  61,11.077699999999998,0.03571512284778878,0.0050508811113164085,-5.498639999999999,0.09872644225335016,0.013962027359953198,-20.523559999999993,0.0423915840729416,0.0059950753126433295,-1.97426,0.08002469868735056,0.011317201420847156,0.022613040000000004,0.001154477061876962,0.00016326771183550423,-16.896146960000003,0.02966322002081948,0.004195012805710003
ARG  62,11.2136,0.019859506538734726,0.002808558348911581,-4.8720799999999995,0.12526353659389758,0.017714939232190845,-147.58421999999996,0.6139954166057914,0.08683206453988287,-51.54137999999998,0.6857915394644061,0.09698556960712867,1.303268976,0.011469505996454351,0.0016220330933905283,-191.48081102399993,0.037433014233698436,0.005293827640980144
LYS  63,8.9642,0.0163829179328943,0.002316894473194451,-3.53668,0.04769504796101569,0.006745098368450362,28.799,1.2961702820231207,0.18330615919820567,-68.07227999999998,1.3093831072696653,0.18517473486429858,1.1781665279999998,0.005084002249288107,0.0007189864932078562,-32.66759347200001,0.03596635818896664,0.005086411154000525
GLY  64,6.291739999999999,0.01401258006258551,0.001981678076834726,-2.8043400000000003,0.028734376624489053,0.004063654512868885,-15.34276,0.0960615552653227,0.013585155427887196,-3.005899999999999,0.06630965238943175,0.009377600972537987,0.15408028799999998,0.0022431428509697916,0.00031722830421817297,-14.707179712000004,0.02852849606074177,0.004034538604320842
ASP  65,14.67796,0.08158871490571856,0.011538386715625909,-6.648839999999999,0.03213742989132436,0.0045449189212125405,-60.6652,0.735232725060978,0.10397760912817641,-12.013480000000005,0.6974926591727509,0.09864035782577792,0.009439919999999996,0.0003688543907833309,5.2163888198665206e-05,-64.64012008,0.061675366056800206,0.008722213914185208
ARG  66,14.062159999999997,0.09660545740319136,0.013662074805884954,-9.12496,0.07484436117693645,0.010584591064357387,-165.75258000000002,0.6403723944653268,0.09056233252221986,-38.07807999999999,0.64110045515574,0.09066529585248116,0.6157342080000001,0.011264447724687512,0.001593033474489583,-198.27772579199998,0.11214479299346108,0.01585966872008759
ILE  67,13.05964,0.0332516225171422,0.004702489553465309,-8.420960000000001,0.028449927943567196,0.004023427394633003,-12.790999999999999,0.03914026060274712,0.005535268737922231,-0.6380800000000001,0.05065879587988571,0.007164235618682464,0.0,0.0,0.0,-8.7904,0.03948974550411629,0.005584693366658321
LEU  68,13.195680000000005,0.030054244290973413,0.004250311988316876,-7.45274,0.035078090027766254,0.004960791065941145,-34.00692,0.038105558648175546,0.005388939784205324,-1.7963399999999996,0.034799775861358066,0.0049214314990676435,0.136032624,0.0034277457316759298,0.00048475645021025875,-29.924287376,0.021884943142516506,0.0030949983403910906
GLU  69,15.45426,0.02002179812194008,0.0028315098447143825,-6.181020000000001,0.030707321602536097,0.004342671067445887,1.5132800000000004,0.43864600944269316,0.06203391356346934,-82.31512000000001,0.43422909345350147,0.06140926731389159,0.40358966399999985,0.0024731314114766374,0.0003497535983641176,-71.125010336,0.03621046357468969,0.0051209328687143105
VAL  70,10.871799999999999,0.020489021450251547,0.0028975852014698996,-6.5328599999999994,0.03471138718092986,0.00490893145200546,-26.659679999999998,0.04594929379479519,0.0064982114466065255,-1.6540799999999998,0.04039447486970528,0.005712641420567636,0.0,0.0,0.0,-23.97482,0.03425007445091659,0.004843691980077447
ASN  71,18.42332,0.055335138925832666,0.007825570394471194,-4.085999999999999,0.02838238890585894,0.004013875932321338,-90.29501999999998,0.18424141663518284,0.026055671015630753,-7.885380000000001,0.15907430842204393,0.022496504439557516,0.33570158399999994,0.008500150614747059,0.001202102828158929,-83.507378416,0.08599056421495024,0.012160902214889717
GLY  72,6.13244,0.011639862542355732,0.0016461251471558051,-1.2388199999999998,0.014085013312020481,0.001991921685206495,-5.417199999999999,0.025134836383086584,0.0035546026500989755,-6.2692,0.024768528418390154,0.003502798880931078,0.5062582080000001,0.003948609650369049,0.0005584177320069193,-6.286521792000001,0.02366450038837192,0.003346665739601894
VAL  73,10.697640000000003,0.01369636447968633,0.0019369584402377526,-2.38022,0.015210903983655093,0.002151146670963997,-30.19854,0.05422627038819216,0.007668752701989191,-0.34454000000000007,0.04609651179861642,0.006519031216369473,0.522317952,0.0043111725073367415,0.0006096918629605641,-21.703342047999996,0.013311877451188907,0.001882583763211994
ASN  74,20.44948,0.011187922055762266,0.0015822111106032074,-4.4335999999999975,0.021327915979483626,0.0030162228035339597,-91.93727999999999,0.09043893853100914,0.012789997343717979,-5.835540000000001,0.0903754856142067,0.012781023746166567,0.584165232,0.003116734685999849,0.0004407728463259636,-81.17277476799998,0.03251167892208733,0.004597845726713539
VAL  75,13.413439999999996,0.027085169377152624,0.0038304213872341676,-6.3421400000000006,0.022294402885008908,0.0031529046924989455,-34.38289999999999,0.07794312028943934,0.011022821780700267,1.8667000000000002,0.08257778151536636,0.011678261856971338,0.023776704,0.0031183217256056375,0.00044099728761941656,-25.421123296000008,0.027077332165711558,0.0038293130381630534
GLU  76,15.295900000000001,0.031598259444793414,0.004468668705421059,-6.01242,0.042799107467270024,0.006052707823767687,13.084759999999996,0.32526097583343444,0.045998848333435045,-92.47003999999995,0.32002905869010556,0.04525894351530425,0.4931170559999999,0.00411619617007243,0.0005821180449104621,-69.60868294400002,0.06698652728396783,0.009473325538126267
GLY  77,6.15626,0.02382335828580718,0.003369131638906196,-3.7014399999999994,0.07560215869935252,0.010691759817730741,-12.458619999999998,0.1076843331225775,0.015228864435705139,-2.4044800000000004,0.05940412106914522,0.008401011367683849,0.02961532800000001,0.004357763478805998,0.0006162808213341602,-12.378664672,0.027166633619751794,0.0038419421709073873
ALA  78,7.272359999999999,0.04710658552708392,0.006661877212949022,-4.663159999999999,0.1430208879849738,0.02022620794909932,-13.40372,0.40955038957375944,0.05791917154103952,3.16868,0.29711993807215464,0.04201910460730952,0.06598310399999999,0.005518682241874855,0.0007804595272886977,-7.559856896000002,0.22894102922019385,0.03237715085068532
THR  79,15.391039999999997,0.10539088385651718,0.014904521730037427,-6.6433800000000005,0.10437564658473054,0.014760945498158694,-30.90742,0.4150400505976987,0.05869552684832811,-5.617119999999999,0.42397351992786697,0.05995891019690491,0.11904883199999997,0.00716849792370641,0.0010137786985548976,-27.657831167999998,0.202011208706335,0.02856869911038808
HIE  80,30.5801,0.06803594637999603,0.009621735809947907,-11.546239999999997,0.19078381063392436,0.02698090524797161,-9.58132,1.5991572085320436,0.22615498126727157,-6.3443000000000005,0.8253192170305915,0.11671776300118064,0.046979999999999994,0.01711287675509878,0.0024201262398279976,3.1552200000000012,0.7595902284303221,0.10742228028922388
LYS  81,11.722280000000005,0.4965160235076557,0.07021796943800852,-3.8666600000000004,0.5539311729808986,0.07833769774508237,-12.890440000000003,12.280435096787079,1.7367157865718839,-28.572900000000015,11.37208173774701,1.6082552225937214,1.0794561120000001,0.05684324324641594,0.008038848552835426,-32.528263888,0.4979463444830159,0.07042024737019863
GLN  82,20.623779999999996,0.08623625455782648,0.012195648076393683,-5.995879999999999,0.08276995590188863,0.01170543941934739,-80.85712,0.7617657550716,0.1077299462173638,-7.3192,0.6122504716208751,0.08658529205355653,0.5340468959999999,0.016494170012089183,0.002332627893118412,-73.01437310399999,0.2886883649604267,0.04082670010263492
VAL  83,13.255759999999999,0.05337548501023816,0.007548433479972064,-7.6431200000000015,0.06039756286451456,0.00854150525372781,-26.009200000000007,0.14800608095504766,0.020931220700031866,-2.18816,0.11328801525316694,0.016021344762535875,0.0,0.0,0.0,-22.58472,0.08289946682501409,0.011723755029743339
VAL  84,13.136199999999999,0.16311198607119343,0.02306751828874931,-6.557220000000001,0.20077861340289754,0.028394383810884216,-32.79042,0.3662377965202613,0.051793845889259144,-1.2409400000000002,0.3137533687468542,0.0443714269322048,0.079096608,0.020891036607807056,0.0029544387302793554,-27.373283392000005,0.20436195853512742,0.028901145339350526
ASP  85,14.504759999999997,0.23940597820458062,0.03385711812901155,-4.483620000000001,0.1552996960717787,0.02196269364171291,-39.1952,8.854240238439434,1.2521786629710634,-41.9142,8.468285699006616,1.1975964485585282,0.539363808,0.058928148797978606,0.008333698723564114,-70.548896192,0.45024531689868186,0.0636743033553088
LEU  86,12.53126,0.08313141644388809,0.011756557659423227,-6.02438,0.09724934755567888,0.013753134624517587,-31.8098,0.12997830588319303,0.018381708299429023,-1.34388,0.0940118375525156,0.01329528156903838,0.3309955200000001,0.008265599121946531,0.001168932237939593,-26.315804479999997,0.1311787756042671,0.018551480355505145
ILE  87,14.313920000000003,0.12367179791661638,0.017489833389674355,-7.617420000000003,0.1484567398266401,0.02099495348885284,-9.407399999999997,0.5275037440626147,0.07460029490559357,-0.6431999999999999,0.33393885667888384,0.047226086011864274,0.0,0.0,0.0,-3.3541,0.34547441294545067,0.04885746002403395
ARG  88,13.269599999999995,0.21334835363837037,0.030172013522535464,-4.48766,0.29198353446726905,0.041292707443324396,-199.97130000000004,11.066459898721005,1.5650337676229233,-11.50112,9.946658835287355,1.406669982516155,1.0262887199999997,0.09104459121516646,0.012875649567720275,-201.66419128,1.2800949289214534,0.18103276096057425
ALA  89,8.6576,0.10843781628185804,0.015335423045992566,-1.4677399999999998,0.09852894194093596,0.01393409659791429,-7.704039999999999,0.2543854524142941,0.035975535687471034,-5.096139999999998,0.11738517964382081,0.016600771307389354,0.389609136,0.012343996729579908,0.0017457047588861035,-5.220710864000003,0.1763680222440041,0.024942204902639032
GLY  90,7.576060000000004,0.14114891568810892,0.019961471088038016,-0.7676600000000003,0.05839061910957393,0.008257680546012107,-15.324399999999994,0.8485371412025088,0.12000127332658819,-0.39394000000000007,0.7755057810229401,0.10967307932213814,0.4846135680000001,0.018325220884684516,0.002591577590860353,-8.425326431999999,0.1948548465199638,0.027556636664266068
GLU  91,15.54826,0.19463379048870402,0.027525374620520873,-1.1834999999999998,0.279050192617745,0.03946365669828395,8.598440000000004,4.396784616785308,0.6217992435891174,-83.1486,3.401801475688893,0.4810873783420041,0.9492433920000002,0.01255738182908449,0.0017758819690588748,-59.236156608,0.702992379173829,0.09941813568725583
LYS  92,10.70236,0.07855183256915654,0.011108906696856179,-3.2299,0.15192356630885143,0.02148523679180659,5.781679999999999,1.3263687939634308,0.1875768737131529,-48.49620000000001,1.3672628569513945,0.1933601675629647,1.2369129120000004,0.026729209334610506,0.003780081035251571,-34.005147088,0.11836372905873278,0.01673915909279143
GLU  93,15.091420000000001,0.04955283644773879,0.007007829335844802,-4.212559999999999,0.09984531235871226,0.014120259487706887,-19.950420000000005,1.442587232578977,0.20401264292194596,-63.02345999999999,1.326064360580518,0.18753382033125748,0.53301456,0.012623826012488425,0.0017852785955899397,-71.56200544000001,0.10129936929698248,0.014325894191963331
LEU  94,12.948639999999996,0.042921677508203186,0.006070041845190517,-8.204660000000002,0.05875086722730924,0.008308627323404172,-32.482060000000004,0.07896667904711924,0.011167574848399933,0.44228,0.05515796950577541,0.007800514854802918,0.0,0.0,0.0,-27.295800000000003,0.1269272232408901,0.017950220054162427
ILE  95,13.138499999999999,0.08652519864195204,0.012236510940647469,-5.054920000000003,0.04542591330915808,0.006424194268499584,-12.263079999999995,0.058934825019407625,0.008334642883853147,-1.20498,0.0495433103455998,0.00700648214156065,0.36369648000000004,0.003822064373696537,0.0005405215273544671,-5.02078352,0.0996379148561635,0.01409092905161621
LEU  96,11.584719999999999,0.022431263897123473,0.003172259762448198,-8.23398,0.03952188760671931,0.005589238946400759,-35.200039999999994,0.05297394077098729,0.007491646549067928,0.8126799999999997,0.04111712052175265,0.00581483894875917,0.0009846720000000009,0.00018950399999999242,2.679991269239403e-05,-31.035635327999998,0.05972400195470838,0.008446249356354582
THR  97,16.25958,0.01888183254055419,0.0026702943661309365,-5.324280000000003,0.012815677897476176,0.001812410549361592,-44.67312,0.044373703923826384,0.006275389390180349,1.9788999999999999,0.04141412802415255,0.005856842152561221,0.131517792,0.001902569590826351,0.00026906397187052557,-31.627402208,0.027071446737287373,0.0038284807128932674
VAL  98,11.901039999999998,0.015768271942478644,0.0022299704036240447,-6.6858,0.019462785000942364,0.0027524534509884343,-27.450699999999994,0.029790099034829362,0.0042129562079493334,-0.9953800000000003,0.03324508384708397,0.004701564845877686,0.0,0.0,0.0,-23.230839999999993,0.013751159966043031,0.0019447076922340003
LEU  99,11.548699999999998,0.013067899603207499,0.0018480800850586032,-8.654,0.02264597094374072,0.0032026239241745164,-33.336240000000004,0.08283563484063505,0.011714727823941137,-0.1739,0.06776791276112917,0.009583830132050561,0.0009192960000000007,0.00018765051021512816,2.6537789653246525e-05,-30.614520704000007,0.04200778671534653,0.005940798169811939
SER 100,11.98462,0.010188012562978804,0.00144080255401921,-4.875640000000001,0.012758934124522123,0.0018043857680324078,-0.26258000000000004,0.11564326007165308,0.016354426679037082,-10.694080000000001,0.08556841473329857,0.01210120126265966,0.26361719999999994,0.0020813581120114905,0.00029434848701619093,-3.5840628,0.04077884691337695,0.005766999836283391
VAL 101,7.887319999999997,0.005205535518299493,0.0007361738929394001,-2.0633,0.012830042868227861,0.0018144420630076044,-55.97442000000001,0.49013835148725976,0.06931603041124738,-54.54181999999999,0.47593527669329994,0.06730741231114563,1.0093067999999998,0.0032411829040490513,0.0004583724821037982,-103.68291319999999,0.030519653845766572,0.004316130838761527
SER 102,5.067259999999999,0.28142677982027753,0.039799756883682334,-1.4373599999999995,0.34065300585786884,0.04817561009473595,-30.887919999999998,2.2991730934403494,0.3251521770986645,-81.26046,2.179726324198071,0.30825985299425657,0.968054544,0.06305056434905326,0.008916696321770867,-107.550425456,0.35569231118603173,0.05030248905111174
ILE 103,12.950220000000003,0.6327942885329262,0.08949062650354976,-3.0459400000000003,0.249420882044782,0.03527343941267907,-12.957500000000003,0.35779979038554893,0.050600531617749384,1.26386,0.2353989813062059,0.033290443193204705,0.5449707360000001,0.03780397051302128,0.005346288781106726,-1.2443892639999998,0.38204568478189876,0.054029418886467756
GLU 104,14.821059999999997,0.1423593214375376,0.020132648310719654,-3.5548999999999995,0.30531729397464946,0.04317838579660025,-71.26062000000002,6.143608955296392,0.8688375106496958,-13.619259999999997,5.615430675593825,0.7941418219990699,0.524521296,0.040678628706686426,0.005752826841573546,-73.089198704,0.70100812340732,0.09913751954563442
SER 105,12.672780000000003,1.1025245809504391,0.15592052152298244,-3.624259999999999,0.3263009537221806,0.046145923416918345,-18.09398,2.7332226582552615,0.38653605522900336,-2.53016,1.8968613376839125,0.26825670296937604,0.30845736000000007,0.02590505974422679,0.0036635286824370826,-11.267162640000002,0.4484455491212462,0.06341977775531163
ASP 106,16.98268,0.6860459588104774,0.09702154993610308,-3.96776,0.26017106372538473,0.036793744685747386,-0.5927200000000001,3.8379069297730504,0.5427620031210734,-74.27816,3.858513544669997,0.5456762185472595,0.7042152960000001,0.037918268624653896,0.005362452975069174,-61.151744703999995,0.3511347843561787,0.049657957425746
VAL 107,9.781819999999998,0.709721345036252,0.10036975516559424,-6.53414,0.5924801434647463,0.08378934543246012,-54.13781999999999,5.2343529750678695,0.740249296758894,-60.06290000000002,4.265488203007702,0.6032311266835934,0.10980547199999999,0.015564468639038735,0.0022011482640459288,-110.84323452800001,3.46496601005176,0.49002019245769884


