#Frame       SA_00001
       1    6733.2473
       2    6746.1712
       3    6674.3904
       4    6670.4381
       5    6733.3625
       6    6686.2272
       7    6718.9300
       8    6807.9372
       9    6796.8268
      10    6684.4463
      11    6712.3637
      12    6591.3804
      13    6619.2759
      14    6604.3097
      15    6614.4696
      16    6892.8262
      17    6810.0826
      18    6839.7386
      19    6943.8694
      20    6898.1441
      21    6934.5823
      22    6794.8076
      23    6838.9601
      24    6893.7202
      25    6875.7173
      26    6557.7172
      27    6548.7322
      28    6492.5902
      29    6471.8762
      30    6458.3691
      31    6253.3537
      32    6397.6988
      33    6345.8881
      34    6262.7456
      35    6669.9005
      36    6600.6430
      37    6630.1726
      38    6756.5922
      39    6611.2162
      40    6611.0748
      41    6628.2615
      42    6659.9003
      43    6587.7193
      44    6503.4819
      45    6633.5535
      46    7008.2641
      47    6496.6918
      48    6785.3383
      49    6739.2752
      50    6601.8571
