| Run on Mon Jun 20 15:46:17 2016
| GB non-polar solvation energies calculated with gbsa=2
idecomp = 2: Per-residue decomp adding 1-4 interactions to EEL and VDW.
Energy Decomposition Analysis (All units kcal/mol): Generalized Born Solvent

Total Energy Decomposition:
Residue,Internal,,,van der Waals,,,Electrostatic,,,Polar Solvation,,,Non-Polar Solv.,,,TOTAL,,
,Avg.,Std. Dev.,Std. Err. of Mean,Avg.,Std. Dev.,Std. Err. of Mean,Avg.,Std. Dev.,Std. Err. of Mean,Avg.,Std. Dev.,Std. Err. of Mean,Avg.,Std. Dev.,Std. Err. of Mean,Avg.,Std. Dev.,Std. Err. of Mean
GLY   1,1.0717399999999992,0.08097155302945218,0.011451106846066353,0.06455999999999999,0.4447502741989036,0.06289718696412423,-61.25916000000002,9.642073466552608,1.363595106579646,-54.87584,10.11218090297044,1.4300783378151007,0.9992018879999999,0.12721981899243406,0.01799159934217505,-113.99949811199997,0.5852375054962956,0.082765081748226
SER   2,10.249039999999997,0.5130333696749958,0.07255387493443488,-0.5401200000000003,0.2509241829716691,0.03548603826859224,-3.4213400000000003,2.4651432543363474,0.34862390234750107,-10.790079999999998,1.889718252438726,0.26724651816628303,0.8671972319999999,0.0741169695209876,0.010481722349857399,-3.635302768000001,0.7992838716469697,0.11303580914692206
HIE   3,28.81324,0.6104289495104368,0.08632768992628209,-2.9876,0.6730984474800117,0.0951904953238507,-11.633960000000002,1.9663909068137968,0.27808966893432,-16.22196,2.246950279467737,0.317766755920129,1.1451255839999999,0.16854468679605716,0.023835818193290954,-0.885154416,1.4048609460520358,0.1986773403155086
MET   4,10.390440000000002,0.7365170509906462,0.10415924024300083,-1.8326,1.5162305497515873,0.21442738071431086,-4.50834,1.8211685107095412,0.2575521207212244,-7.52282,2.0286266161124797,0.2868911273497307,1.2680428320000001,0.2772258924757932,0.03920566169802521,-2.2052771680000003,1.1935894671617544,0.1687990412365829
GLY   5,5.4566399999999975,0.6068333794378912,0.08581919953017642,-0.9581800000000001,0.3414520575424901,0.048288613067678794,-3.7905399999999987,3.2084583102169186,0.45374452566174295,-7.267500000000001,2.2827020677258796,0.3228228223035046,0.39174465600000014,0.09549217126447981,0.01350463237026817,-6.167835344,1.039107215733661,0.14695195172502887
HIE   6,29.143079999999994,0.6043706425699247,0.08547091594225296,-1.9353999999999991,0.786326802290247,0.11120340282563346,-14.5001,3.589349981542611,0.5076107424001178,-17.46998,3.6853837547262316,0.5211919688483316,1.4154236639999995,0.19642364635088305,0.02777849846401953,-3.3469763359999996,1.185347272780841,0.16763341892886258
GLU   7,15.185080000000003,0.6600697490416952,0.09334795912069706,-1.0421400000000005,0.6167073863673106,0.0872155949816315,9.306400000000002,10.73589841606188,1.518285314425454,-88.91544,10.890855880342766,1.5401996091831514,0.9636850080000002,0.13748230058595673,0.019442933407491453,-64.502414992,0.8837340640856916,0.12497886989610789
LEU   8,12.96152,1.627031655991962,0.23009702343141886,-1.1589800000000003,0.5826381549469611,0.08239747806820293,-25.495160000000002,2.0267318161019343,0.2866231621624409,-6.387740000000001,1.3118814246722101,0.18552805029967773,0.9149888160000001,0.11005505583155067,0.015564135256470714,-19.165371184,1.6526853147425264,0.2337249986443728
ALA   9,8.380239999999999,0.6902150841585809,0.09761115329715522,-2.527400000000001,0.9820884074257245,0.13888827452308533,1.2006399999999995,2.4964806729474196,0.35305568258845516,-2.4773399999999994,1.7272139254880972,0.24426493585449394,0.3127593600000001,0.1546101711427808,0.021865180091094595,4.888899359999999,1.1464854958908117,0.16213753373528292
LYS  10,10.489920000000001,0.7282733234164257,0.10299340110900365,-3.6426599999999985,0.6088917017007311,0.0861102902561607,-40.899239999999985,10.085313138539675,1.4262786621302372,0.5639600000000002,9.695479823010308,1.3711479059415872,0.9398607840000001,0.14589220400623806,0.020632273355012425,-32.548159215999995,1.0680595757491214,0.15104643374468615
GLN  11,19.528080000000003,0.6433953322802172,0.09098984048782272,-3.800500000000001,0.40043977075210085,0.0566307354711194,-82.60134000000002,2.326978217430671,0.32908441544372236,-9.101080000000001,2.1501696941404345,0.3040799142857012,0.634143744,0.1292132004999806,0.018273506058470657,-75.34069625600002,0.5271442145278187,0.07454944975117535
GLU  12,15.288019999999996,0.32612105053217405,0.0461204812637962,-4.07328,0.45502246274223535,0.06434989379944756,5.889719999999999,13.315718669362159,1.8831269934956587,-83.3853,12.256650869222007,1.7333521888525745,0.7567093439999998,0.07550223737268086,0.010677628808195802,-65.52413065600001,0.9541142910109138,0.13493213704016244
ILE  13,14.131059999999996,0.46942796721124413,0.0663871397787374,-2.89862,0.49372907105010183,0.06982383484169234,-2.9497399999999994,0.39780381144479476,0.05625795453089382,-3.4024000000000005,0.3902100460008658,0.05518403392286537,0.6141957119999999,0.14721263131585646,0.02081900997595144,5.494495711999999,0.539266300404312,0.07626377157625416
ARG  14,11.680019999999999,0.22851026147646758,0.032316231092144265,-4.54118,0.4655393298100662,0.06583720340354769,-190.13436000000002,8.243747508893852,1.1658419531857103,-15.80268,6.855366792345977,0.9694952692777822,1.2296442239999998,0.021319971188010572,0.003015099240348818,-197.56855577599995,1.0257612963101332,0.14506455369991975
VAL  15,11.574720000000003,0.1499861380259793,0.02121124305643029,-4.95806,0.23868090916536727,0.033754577882120315,-26.77959999999999,0.432778696334053,0.061204150186176504,-1.1813600000000002,0.1939467720793502,0.027428215545310056,0.10823572800000003,0.02286282053926877,0.0032332910880736054,-21.236064272,0.2751282351773487,0.03890900815795809
ARG  16,12.73834,0.46856220974377033,0.06626470318351467,-4.520300000000001,0.2222876739722462,0.03143622432799194,-196.84418000000005,4.035087739763788,0.5706475806939346,-10.197039999999998,3.67785654402127,0.520127460501752,1.206235152,0.050934727161707855,0.007203258194786051,-197.6169448480001,1.3102653647644888,0.18529950491576705
VAL  17,11.43722,0.23496904391850396,0.03322964086473877,-6.170319999999999,0.41531330053347204,0.05873417022483693,-39.04578000000001,0.565425725979686,0.07996327301951252,1.8514,0.38655659352803706,0.05466735771920938,0.002791152,0.004643372298415883,0.0006566720079567271,-31.92468884799999,0.5421504804503013,0.07667165622999056
GLU  18,15.315979999999998,0.2614358422252983,0.03697261137654495,-5.251080000000002,0.3812536604414234,0.05391740973006477,36.32362,4.649587237121185,0.6575509330173628,-108.08168000000002,4.524164189946445,0.6398134355824949,0.679512672,0.038840862156235556,0.005492927403561222,-61.013647328000005,0.4511716882123334,0.06380531204286473
LYS  19,12.017920000000004,0.42807979816839525,0.060539625634768175,-7.362920000000002,0.7544722351418832,0.10669848673715941,-63.309580000000004,9.066803408235947,1.2822396347297877,23.468719999999998,10.308601036105731,1.4578563394354065,0.36214056,0.1082613879834764,0.015310472316756793,-34.82371944,1.4276199165280283,0.20189594478678835
ASP  20,18.897720000000003,0.248841559229719,0.03519151079447364,-1.83966,0.44059880208643204,0.06231008014759713,35.019859999999994,3.1427119817763103,0.4444465907260485,-116.16321999999997,3.0647032436447126,0.4334144891811168,0.74392416,0.07178289490343127,0.010151634351883503,-63.34137584,0.39393845974331326,0.05571131125093611
PRO  21,19.67994,0.35718154543581765,0.05051309857847152,-2.3852400000000014,0.23263547107007368,0.0328996238276352,-7.673300000000001,1.9543293504422425,0.27638390727392204,-4.221540000000001,1.8822094486002339,0.26618461294372353,0.9425370239999998,0.05458803923476083,0.007719914542915339,6.342397023999999,0.29915958389163355,0.042307554085343986
GLU  22,14.4505,0.3627687004139628,0.05130324161298884,-3.8577799999999995,0.42787994998597756,0.0605113628337691,23.279980000000002,11.486559123584401,1.6244447697573472,-97.85378,10.7244838519902,1.5166710512935793,0.557562528,0.09310392665161132,0.01316688357808986,-63.423517472000015,1.1980418449823977,0.1694287025464592
LEU  23,11.139799999999997,0.39031500099286864,0.055198876800178286,-8.553140000000003,0.5053405588313559,0.07146594719165024,-30.74378,1.373313457153907,0.19421585164965374,0.41536000000000006,0.7315633058047676,0.10345867488035983,0.002174112,0.004673820083171367,0.0006609779749712694,-27.739585888000008,1.4415099044197155,0.20386028571255055
GLY  24,5.912539999999999,0.33535146995356,0.047425859697007806,-3.1260599999999994,0.31926298939902864,0.045150604957188395,-15.89794,1.5276234799190485,0.21603858435011017,1.34578,0.7187453593589317,0.10164594350981251,0.02433672,0.02921443673462831,0.004131545264720211,-11.741343279999997,0.8208973197111904,0.1160924122851288
PHE  25,9.397359999999997,0.21548000000011716,0.03047347384203202,-9.663260000000001,0.30854800663746695,0.04363527756298895,-5.19084,1.0938367585704911,0.15469187789926134,-3.97294,0.9406128514962991,0.13302274515284962,0.0005882400000000001,0.0011379219038229293,0.00016092645893077992,-9.42909176,0.4562868795753981,0.06452870934284272
SER  26,11.137800000000002,0.36872618567158266,0.052145757257885214,-5.8789,0.3828849566122989,0.05414810984697471,-17.266920000000002,2.180624175230526,0.30838682830496544,-2.3623800000000004,0.8741991509947823,0.12363042955518662,9.5616e-05,0.000549121753843353,7.765754316793701e-05,-14.370304384,1.3625612657974047,0.19269526216549412
ILE  27,14.455639999999995,0.18749706771074925,0.02651608960617281,-9.057580000000003,0.25861501039176776,0.036573685512929686,-17.04594,0.8905452803759677,0.1259421213415044,2.0224999999999995,0.48984418951336095,0.06927442962594517,0.00019137600000000002,0.0004276729453963624,6.0482087963958384e-05,-9.625188624000002,0.786823113182307,0.11127359178510393
SER  28,9.876560000000003,0.3038054087733602,0.0429645729409588,-6.3346,0.43161765487523956,0.06103995412842336,-16.57882,0.9914230114335699,0.14020838688181306,-2.06462,0.4610127499321465,0.06519704833809578,0.0015082559999999997,0.0037778907687840845,0.0005342744362378571,-15.099971744,0.6575338382048116,0.09298932717084808
GLY  29,5.030940000000001,0.4484504614781808,0.06342047246749165,-4.360539999999999,0.3612879854077728,0.051093836888612514,-11.384580000000001,1.3816229600002772,0.19539099281184522,1.2254,0.8253998303852503,0.11672916345112733,0.0018982080000000002,0.0031047297515783873,0.0004390750922185405,-9.486881791999998,0.46445573208148894,0.06568395954315663
GLY  30,5.527779999999999,0.3362484373198014,0.04755271003844227,-4.317500000000001,0.4281199948612443,0.060545310305587144,-9.3049,1.8578351945207576,0.26273757287453126,-2.3413600000000003,1.7152982686401803,0.24257980750260316,0.036266831999999985,0.01812147117963044,0.0025627630312386536,-10.399713167999996,0.3999312446165938,0.05655881901535388
VAL  31,10.887540000000001,1.4276723182859457,0.20190335551446223,-3.112339999999999,0.3634375109974325,0.05139782571276899,-28.38762,1.0168972197818604,0.1438109839755001,-0.5732199999999998,0.844904900920808,0.11948759697977028,0.4457255039999999,0.054894633711157374,0.007763273549582206,-20.739914496,1.0638727823867737,0.1504543317490976
GLY  32,5.2132200000000015,0.39619703633417797,0.056030722215582036,-0.8547999999999999,0.25399031477597733,0.03591965478675987,-9.89276,0.7830209846485642,0.11073588961127345,-4.03622,0.5819729990300232,0.08230341081632028,0.6112036799999999,0.05965837770324088,0.00843696868570999,-8.95935632,0.45112703371867485,0.06379899694380944
GLY  33,4.83188,0.5430781394974433,0.0768028470305632,-1.5376400000000006,0.3324485379724171,0.04701532311916991,0.8403000000000005,3.706995296732922,0.5242483024292973,-5.863260000000001,2.8063692758437897,0.3968805490925449,0.24115737599999995,0.040631161203561805,0.005746113922904463,-1.4875626239999997,0.40074969707560665,0.056674565672123235
ARG  34,12.72084,1.1280469203007313,0.1595299253682496,-5.3622000000000005,1.4978280008064984,0.2118248672842729,-182.05820000000003,5.594725026307505,0.7912136009952244,-23.83188000000001,6.172596593460448,0.8729369817529732,0.9775285920000002,0.2161461459923253,0.030567681111702143,-197.55391140800003,1.8301096904761625,0.2588165944901816
GLY  35,4.730419999999999,0.34115240523848744,0.0482462358324471,-2.0567999999999995,0.41019790345637064,0.058010743832500884,-14.812380000000001,0.5588999513329566,0.079040389118473,0.28262,0.7106354871521686,0.10049903438342081,0.20580969599999993,0.05346824365899836,0.007561551533882472,-11.650330304,0.43300776034021166,0.06123654472859261
ASN  36,21.18152,0.2658408727038596,0.03759557676108977,-7.007880000000001,0.36532832575641233,0.05166522730037744,-85.70494000000001,1.1275032134753744,0.15945303361161214,-1.2510400000000004,0.8209073019531492,0.11609382398732492,0.05133067199999997,0.034808625018745265,0.004922682958906899,-72.73100932799998,1.0567046390450532,0.14944060319600802
PRO  37,18.92836,0.13999382272074554,0.019798116274013306,-4.851319999999999,0.5043692076247305,0.07132857738662653,-5.920800000000001,0.40924579411399625,0.05787609523801608,-5.322840000000001,0.33616533789192105,0.04754095800464889,0.5442140160000001,0.09130459794007079,0.012912420071387066,3.377614015999999,0.6489241898836902,0.09177173902854882
PHE  38,10.43696,0.13640805841299047,0.019291012622463247,-6.2104800000000004,0.28110640263074016,0.03975444870703046,-4.16448,0.817172961863031,0.11556570854712904,-0.9959799999999999,0.5910450571656954,0.08358639358173077,0.41524646399999987,0.022814655150741815,0.003226479473504426,-0.518733536,0.4482971959482759,0.06339879744838807
ARG  39,15.894440000000001,0.3864266636763714,0.05464898286337111,-3.0098599999999993,0.39284673907263545,0.05555691863305655,-219.27456,6.315066616149655,0.893085285584841,19.024979999999996,5.929821577383261,0.8386034097188027,0.8245575359999998,0.04524612482277031,0.006398768336918772,-186.540442464,0.78054876837284,0.1103862654326486
PRO  40,19.514179999999996,0.19532666894275627,0.027623362431200553,-3.3146000000000013,0.49901807582490576,0.07057181307009072,-8.27922,0.2961541686351608,0.04188252418371731,-6.612359999999999,0.3287401867737214,0.04649088306324611,0.7967633759999998,0.07191713799196282,0.01017061919152912,2.104763376,0.5394899198473995,0.07629539614117663
ASP  41,12.90066,0.5715219544339093,0.08082540991544125,-0.38498,0.1927335456011747,0.027256639411343462,24.54476,6.189933326167584,0.87538876600514,-107.70752000000002,5.702224507119514,0.8064163233664653,1.0646795519999999,0.07179516541970454,0.010153369664936601,-69.582400448,0.4816546449837308,0.06811625313159902
ASP  42,15.727399999999996,0.16849403550314543,0.023828655018752205,-3.222999999999999,0.17562608006787486,0.024837278433841172,-4.350660000000001,4.200333751548798,0.5940168957933772,-80.34800000000001,4.230967662367346,0.598349185008189,0.31560451200000006,0.018633303704845533,0.002635147081120939,-71.878655488,0.4025630569033701,0.056931013478311795
ASP  43,12.493660000000002,0.3729981024079283,0.05274989751647208,-3.64076,0.6735719875410477,0.09525746400151511,34.65816000000001,4.51972219659565,0.6391852428584284,-113.88769999999998,4.2435536911887475,0.6001291182737535,0.5206204800000002,0.03793413928190452,0.005364697424941935,-69.85601951999998,0.5550144099201539,0.07849089058215822
GLY  44,4.761260000000001,0.12832939024235673,0.01814851641318104,-3.354179999999999,0.3299245786539807,0.04665838136926884,-6.706999999999999,0.9379157744701886,0.13264132086194058,-3.1921399999999993,0.5482184969517219,0.07752980335329183,0.008769744000000001,0.007507580344482767,0.0010617321943773201,-8.483290256000002,0.5675161355837357,0.08025890158080873
ILE  45,12.61966,0.12515807764564651,0.01770002508470182,-8.975259999999999,0.25679515649643986,0.036316319306898666,-11.540480000000002,0.2682909793488101,0.037942074165744716,-1.0390399999999997,0.19057344620906785,0.026951155225704324,0.00015321600000000002,0.000351061958839177,4.964765834236294e-05,-8.934966784000002,0.43942991047981683,0.0621447739112952
PHE  46,9.03562,0.3345589867273228,0.04731378564435802,-10.541620000000002,0.26198625078424553,0.03705045090143589,-12.36582,1.2099627546333687,0.17111457375688194,1.8302200000000004,0.28472437830294445,0.04026610773342718,0.036190943999999996,0.016829461014924524,0.0023800452014735535,-12.005409055999998,0.9240594651097453,0.13068174279974296
VAL  47,11.65624,0.3012697502239332,0.04260597666994411,-7.647339999999999,0.41977087130962204,0.05936456592952386,-29.63654,0.4661486119256418,0.06592336890666352,-0.4699199999999998,0.3076307422869181,0.0435055567945062,0.0,0.0,0.0,-26.097559999999994,0.9612957746709968,0.13594775219916744
THR  48,16.9275,0.6092569983185044,0.0861619509992751,-6.402539999999999,0.5118421713770844,0.07238541405559668,-30.911819999999988,2.7759479799881306,0.3925783281741411,-1.9674399999999996,1.0433449124810072,0.14755125254636103,0.09432777600000002,0.03987928475636717,0.005639782536019308,-22.259972224,2.0532832523746896,0.29037810229018246
ARG  49,13.119079999999999,0.6888215397329341,0.09741407635450332,-5.437680000000001,0.6089050973673841,0.08611218468950645,-199.64530000000005,8.459578529098092,1.196365068781076,-7.6203600000000025,6.933316461146136,0.9805190171577497,0.9116078400000001,0.08046608982913414,0.011379623554749327,-198.67265215999993,2.060064440386598,0.2913371070957267
VAL  50,11.17454,0.20775429815035643,0.029380894608553768,-5.088140000000002,0.30883970016819356,0.043676529257709956,-30.61827999999999,0.7285743075356638,0.10303596669135219,-2.7579599999999997,0.7472516299078932,0.10567733895211431,0.21623342399999998,0.03871814984647161,0.0054755732622873915,-27.073606575999996,0.41684855792002723,0.05895128840661691
GLN  51,24.571099999999998,0.7933949394847664,0.11220298837375375,-2.5820999999999996,0.25653438366036135,0.03627944045875059,-60.170199999999994,3.3039475056365215,0.4672487371839926,-16.762739999999997,3.0108204317760427,0.42579430884876973,0.9698801760000001,0.07489500806030197,0.010591753615292132,-53.974059823999994,0.9130571682190222,0.12912578305173136
PRO  52,19.4687,0.6496161405015911,0.09186959562338162,-4.75242,0.480308071554084,0.06792581889090525,-10.406539999999998,3.383278109821898,0.47846777881901376,-1.3214999999999997,1.5604958859285722,0.2206874445907605,0.33165849599999986,0.044889557070878584,0.006348342041855756,3.319898496000001,1.8129970666319186,0.2563965040173497
GLU  53,16.05392,1.0285230544814838,0.14545512528611163,-1.3474000000000002,0.8815087974603539,0.12466416967196302,12.792020000000003,6.217056433683058,0.8792245526553487,-93.22118,6.578718360562359,0.9303712728540181,1.1734194239999998,0.11905534903357122,0.016836968927633898,-64.54922057600001,0.764261267119539,0.10808286491568989
GLY  54,9.480819999999998,0.5954804006850845,0.08421364587762113,-1.5427000000000002,0.326308458364166,0.046146984733565995,0.5379799999999999,1.2528099215762938,0.1771740782168768,-2.35992,1.6138682826054929,0.22823544131444629,0.295706448,0.09526267669237574,0.013472176936632111,6.411886447999999,0.614756348327801,0.08693967653601348
PRO  55,20.144000000000002,1.1691991276082119,0.16534972633783243,-4.9726599999999985,0.859430779295234,0.12154186640001981,-8.84596,1.1000545070131866,0.15557120031676974,-0.6735,0.6492828120318602,0.09182245585911977,0.29094004800000006,0.11112571614756704,0.015715549490431215,5.942820048000001,0.5562372078176909,0.07866382031923203
ALA  56,9.291140000000002,0.5001667725868711,0.07073426332407327,-5.53578,0.2774294353524943,0.03923444700770073,-4.634459999999999,0.7399021884006107,0.10463797096656766,-1.56646,0.3365293574118027,0.0475924381388474,0.000543168,0.003405718778140086,0.00048164136856744354,-2.445016831999999,0.7639091578692865,0.10803306914797546
SER  57,12.270580000000004,0.3789998464378509,0.053598672296972905,-4.17216,0.24316499419118418,0.03438872326795475,-0.44172000000000017,2.2798032199292986,0.3224128633165866,-9.317039999999999,1.9804535537093575,0.2800784275305766,0.28713974400000003,0.02735681871256332,0.0038688384046689115,-1.373200256,0.5028169360830953,0.0711090530399599
LYS  58,10.1988,0.38498742836618133,0.0544454442538594,-1.9903399999999996,0.9469949653509261,0.13392531234983188,-14.815460000000005,3.4413905864344696,0.4866861240758726,-22.0092,3.384678176725262,0.4786657781793105,1.3994454239999996,0.13036982493786922,0.01843707745513408,-27.216754576000007,1.1195497918357724,0.15832824993661246
LEU  59,11.835200000000002,0.21590201481216048,0.03053315574910342,-4.67024,0.3750854601287737,0.053045094476306454,-29.933220000000002,1.0803890649205374,0.15279008682502102,-2.946439999999999,0.9831164358304693,0.13903365969433482,0.45589982400000006,0.04811924885233609,0.006805089433817968,-25.258800175999994,0.4353128545861571,0.06156253428310903
LEU  60,10.76322,0.2282869501307243,0.03228465009876607,-7.481600000000001,0.19037048090500913,0.026922451597135223,-31.201300000000007,0.510924700909702,0.07225566413779178,-1.03236,0.557600601147452,0.07885663325301175,0.004080383999999999,0.0035625483705549878,0.0005038204222249035,-28.947959616000006,0.5390779785721824,0.0762371388473453
GLN  61,20.207220000000003,0.2167069255929515,0.030646987323372916,-3.7569800000000004,0.21836002289796164,0.03088077058623969,-64.84734,1.2047135362398045,0.17037222217247827,-11.94362,1.2299600463429718,0.17394261787152712,0.8160462719999999,0.07273436789235467,0.010286192952400216,-59.52467372800002,0.18516238751627287,0.026185915966689576
PRO  62,17.52828,0.05521595421629789,0.007808715131206035,-4.50344,0.20673869110543888,0.02923726608285736,-3.676680000000001,0.7560258313047227,0.10691819841355324,-6.511620000000001,0.7268328801038084,0.10278969166215035,0.554665968,0.024235590645408697,0.003427430098285949,3.391205968000001,0.28367850837256287,0.0401181993894248
GLY  63,6.363160000000001,0.16082106329702472,0.022743532882991434,-3.2117599999999986,0.1370044612412592,0.01937535671930078,-12.656059999999995,0.35643604812101337,0.05040766933714062,-2.6455399999999996,0.3385124050902794,0.04787288343102083,0.16206465600000006,0.012484120049857132,0.0017655211888801836,-11.988135344,0.2384756676137254,0.03372555234353087
ASP  64,13.134399999999994,1.3986091090794899,0.1977931970518766,-6.997000000000001,0.37200930095898405,0.05261005987451296,8.885400000000002,6.007449791716945,0.8495816970721528,-78.49727999999999,5.9361549105124745,0.8394990782794387,0.08728819199999999,0.026567075252589188,0.003757151813479825,-63.38719180799999,2.815080907974176,0.3981125599234646
LYS  65,10.84936,0.21142911436222508,0.029900592101159085,-7.958240000000002,0.20003395311791192,0.028289072943445487,-63.64554000000002,4.117556912587475,0.5823104829624296,23.90196000000001,3.9542461226382515,0.559214849559624,0.37184227200000003,0.02900613938273646,0.0041020875707150255,-36.480617728,0.49024774493349677,0.06933150098077769
ILE  66,13.315459999999998,0.11672209902170413,0.016506997546514936,-9.1289,0.2670227892895468,0.03776272500759703,-12.310680000000001,0.23211724968202324,0.032826336256105926,-1.3949799999999997,0.27808556165324616,0.03932723727901602,0.00028512,0.0007346413720993395,0.00010389397919032654,-9.518814879999997,0.2919581156296106,0.04128911267682876
ILE  67,14.44458,0.2510578491105921,0.03550494151524174,-6.162139999999998,0.2405588501802089,0.03402015884737289,-13.379200000000003,0.5714628596854759,0.0808170526559713,-0.15676,0.4244673160562542,0.06002874351508617,0.24541847999999994,0.041330003263643826,0.0058449451148369375,-5.008101519999999,0.23082123535969223,0.032643052152938896
GLN  68,19.155339999999992,0.23115913220186202,0.03269083798262685,-6.690880000000002,0.47309312571626344,0.06690547146534194,-74.84713999999998,1.301805761395816,0.18410313633413963,-10.015419999999999,1.1981200956498528,0.16943976886197717,0.4558823999999999,0.01716567176981224,0.0024275925824113437,-71.9422176,0.48845970922344334,0.0690786345456612
ALA  69,7.7173399999999965,0.11624054542214242,0.01643889558336396,-4.6659,0.3696571519665227,0.05227741577392686,-5.5433,0.3689185953567505,0.052172968096514845,-0.5017400000000002,0.17842206253711965,0.02523269006665751,0.0010321920000000001,0.001574232052505602,0.00022263003189758565,-2.992567808,0.28782289805530653,0.04070430459913432
ASN  70,18.72134,0.26618471856937775,0.03764420390972795,-4.378300000000001,0.1503653217999272,0.021264867740005185,-88.13662000000004,0.9372323701161318,0.13254467289133137,-7.798760000000001,0.4995679157031369,0.07064957217138353,0.40191955199999996,0.009590836569523708,0.0013563491151124276,-81.19042044800003,0.3149854937782989,0.04454567572520564
GLY  71,6.40182,0.18526723293664424,0.026200743348233763,-1.6134,0.10858379252908973,0.015356067204854504,-9.64748,1.2590884677416447,0.1780619987307793,-3.8377,0.9411327908430347,0.1330962756804261,0.45836035199999997,0.007976694666893406,0.0011280749780829792,-8.238399648,0.17889540416912433,0.025299630682219194
TYR  72,9.01402,0.08356063427230244,0.011817258226838816,-2.77502,0.08423573825877011,0.011912732348206289,-26.20900000000001,0.5737872776556358,0.08114577499777369,-7.876479999999998,0.2700264609256703,0.03818750832406915,0.9538849439999999,0.008349930797606257,0.0011808585378851565,-26.892595056,0.3137758852849244,0.04437461125155645
SER  73,10.48522,0.07090762723436853,0.01002785281105398,-4.3105400000000005,0.09193284723097685,0.013001267938162128,-5.15108,0.3278752104078495,0.04636855693247129,-8.376240000000001,0.3145153452536119,0.04447918668321144,0.48361766399999995,0.015280223685770323,0.0021609499572510993,-6.8690223360000005,0.1426475402584848,0.02017340860727113
PHE  74,11.48388,0.4537227188492858,0.06416608225534547,-9.401060000000003,0.32851449952771955,0.04645896606683107,-5.488060000000001,0.4621635385877942,0.06535979443051998,-2.1394999999999995,0.43902606984096365,0.06208766222044484,0.0,0.0,0.0,-5.544740000000001,0.5123257483281435,0.07245380216386055
ILE  75,12.50102,0.20484486715568,0.028969438931407764,-3.4159999999999995,0.8892720393670361,0.12576205787120434,-7.727279999999999,0.6102203549538681,0.08629819020118842,-3.17648,0.8038147109875498,0.11367656659136025,0.5148606240000001,0.10002697092211532,0.01414594988811547,-1.3038793759999998,0.7696684996200469,0.10884756306940216
ASN  76,18.577560000000002,0.10418563432611336,0.014734073706843338,-3.1087000000000002,0.47444731003558105,0.06709698204837514,-80.18258,1.0752631880617234,0.1520651783677421,-15.217999999999995,1.1888938388267043,0.16813497910905378,0.7764880320000002,0.04491773262279607,0.006352326666620661,-79.15523196799997,0.3766286421023782,0.053263333363934566
ILE  77,14.807899999999997,0.1529910128080145,0.021636196523428998,-6.901320000000002,0.29433181547356596,0.041624804528061214,-13.66954,0.6208712011359372,0.08780444731333162,-1.97018,0.4450986717571741,0.0629464578193246,0.197693856,0.014468492224916151,0.0020461537931566096,-7.535446143999999,0.3053034617474177,0.04317642962426535
GLU  78,15.099739999999992,0.06359396512417866,0.008993544796369506,-4.94106,0.3218329013634238,0.04551404539260365,8.828259999999998,2.732216073519808,0.3863937026505478,-87.63403999999998,2.9395141500601185,0.4157100777802641,0.63699048,0.024793444466342685,0.0035063225422245986,-68.01010952,0.5040941122383207,0.07128967302398583
HIE  79,29.67308,0.126156385489771,0.01784120713396025,-10.372080000000004,0.45108610441907265,0.06379320866674987,-15.504540000000002,0.9964850266812681,0.1409242639434365,-8.446320000000002,1.0461681019797693,0.1479505118341909,0.11369059200000001,0.042949482866846404,0.006073974116720506,-4.536169408000001,0.8548219186478305,0.12089007507655525
GLY  80,6.274000000000001,0.04559473653808958,0.006448069478499438,-1.7000599999999997,0.3804521210349615,0.05380405494012528,-14.696720000000004,1.6621053882350043,0.23505719821353416,-0.9259199999999999,0.6918278930485532,0.0978392389177267,0.32362502400000004,0.02053296802053176,0.0029038001850409056,-10.725074976,0.8929351669552001,0.1262801023427928
GLN  81,20.65388,0.11976036740097247,0.016936673581323995,-5.678219999999999,0.14096102865690419,0.01993489984926564,-75.97417999999999,0.45429482454113845,0.06424699021819835,-8.67172,0.32655884860159323,0.046182395260531535,0.6948959040000001,0.01751786150867002,0.0024773997329334747,-68.975344096,0.14961256600343797,0.02115841199435018
ALA  82,9.55738,0.06062207188814365,0.008573255624336949,-6.961619999999998,0.1226135212773643,0.017340170472077063,-5.256720000000001,0.5228753212764803,0.07394573707793878,-0.20485999999999993,0.40312489429455983,0.057010469284158684,0.0,0.0,0.0,-2.8658200000000007,0.3253970307178514,0.046018089399712005
VAL  83,12.844080000000003,0.11375549920753408,0.016087456977381655,-5.64512,0.3296311053283734,0.046616877973541984,-27.767560000000003,0.5726184474846211,0.0809804774497777,-1.9372999999999996,0.39668845458369734,0.05610021925090883,0.17873928,0.027732571463086404,0.003921977868257786,-22.32716072,0.4504511451955075,0.06370341187219788
SER  84,13.594840000000001,0.8502289893905103,0.120240536791883,-3.4714799999999997,0.5354650031514688,0.07572618696329593,-13.77362,3.012118894665356,0.42597793923160027,-4.027420000000001,1.2445333919184283,0.17600360016772315,0.41985460800000013,0.01860798450200934,0.0026315664051169974,-7.257825392000001,0.7656891895972603,0.10828480364909096
LEU  85,13.7273,0.13458101649208104,0.01903262987610582,-7.2009599999999985,0.13246447976730433,0.01873330638196182,-28.896819999999998,0.6335555442105101,0.08959828431391703,0.10844000000000001,0.4158777301082615,0.058813992620804105,0.25107926399999997,0.010550512244280715,0.0014920677505845187,-22.010960735999987,0.39813053413485344,0.05630416009683542
LEU  86,12.561480000000001,0.21555511963284477,0.030484097362372408,-8.869499999999995,0.2787066020030541,0.039415065647563946,-26.918179999999996,2.9921247480010145,0.42315033989352135,-1.7239400000000002,1.682204534650885,0.23789964675888026,0.0008347680000000003,0.0008986250861043215,0.00012708477842574218,-24.949305232000007,1.2044692695979335,0.17033767765270133
LYS  87,12.017100000000001,0.815525382805459,0.11533270568229903,-4.384880000000001,0.4069200727415533,0.0575471885672951,-29.682139999999993,20.602886488072514,2.9136881495465534,-14.946799999999998,19.076248531616486,2.697788939261187,0.9947727359999997,0.17178629609693394,0.024294250977012426,-36.001947264,1.1340198826380266,0.16037462980274425
THR  88,16.289820000000002,0.29202306004836004,0.04129829720460835,-2.30518,0.3347592382593817,0.047342105487610385,-39.33037999999999,1.4173470977853695,0.2004431488278215,-7.69476,0.9201147441487978,0.13012387501146802,0.8156224799999999,0.04058660227517198,0.005739812338819093,-32.22487752000001,0.5966386784341002,0.08437745108778644
PHE  89,10.137500000000001,0.14116872883177628,0.019964273089686776,-6.485679999999998,0.1739367057295067,0.02459836482371664,-5.737800000000001,1.8346300989572748,0.25945587678832716,-4.33162,1.0420079633093051,0.14736217938127857,0.14051088,0.019589853043001464,0.0027704235858308514,-6.277089120000002,0.9959385283551451,0.14084697740897473
GLN  90,19.517140000000005,0.6954259704668467,0.09834808390606861,-1.91064,0.26888345133161384,0.03802586235708543,-63.38523999999998,1.104178546432667,0.15615442756464878,-17.999639999999996,1.101431500548359,0.15576593661004384,1.1155479840000002,0.01863052078797901,0.0026347535172433797,-62.66283201600002,0.34333772717249517,0.04855528702416961
ASN  91,18.54348,0.36064521291711027,0.051002935131230984,-2.33262,0.24926619425826582,0.0352515632561166,-81.10199999999996,1.8044578465582657,0.25518887593332484,-16.748559999999998,1.5499444010673633,0.21919523929137089,0.8266080959999997,0.024641129723531396,0.003484781984721289,-80.81309190399999,0.4353318013506089,0.06156521376023411
THR  92,14.169739999999997,0.19453429620537957,0.02751130400403527,-3.768299999999999,0.1605949252000275,0.02271155212661716,-28.665860000000006,1.0118434861181755,0.14309627810671963,-7.946499999999999,0.7664007111165922,0.10838542798734692,0.502987968,0.032685124477716404,0.004622374632423936,-25.707932031999988,0.3205949166782609,0.04533896791942689
VAL  93,11.417680000000002,0.2472455815578523,0.03496580546759379,-6.35978,0.2922822806808622,0.0413349565380215,-32.20848,0.42577544504070536,0.06021374089020058,-0.31564,0.293517001892565,0.041509572486355485,7.632e-05,0.0003738901143384243,5.287604705346268e-05,-27.46614368000001,0.40640287658219765,0.0574740459849983
GLU  94,15.928660000000004,0.33953271477113106,0.048017177009868926,-4.62834,0.18907359519509545,0.026739044261154442,-40.41978,6.501173568795088,0.9194047832331509,-41.78993999999999,5.9589638005614125,0.8427247424444272,0.3090830399999999,0.046658663790622903,0.006598531513490535,-70.60031696000001,0.8303015643542975,0.11742237331694447
LEU  95,11.800180000000003,0.4747441706855602,0.06713896448410868,-8.031040000000004,0.2930053214532583,0.041437209944668624,-31.914900000000003,0.4177421333785386,0.05907765905985997,0.7996199999999998,0.2781580047383154,0.03933748227835653,0.0,0.0,0.0,-27.346140000000002,0.47593335709939133,0.06730714083957165
ILE  96,13.328520000000003,0.38794701906310447,0.054863993584125595,-6.05384,0.4506571805707788,0.06373254967440162,-15.298699999999991,0.5422706427608383,0.0766886497469153,-0.017980000000000038,0.3137233488282311,0.044367181474598984,0.20352758400000007,0.09064738922794703,0.012819476723987549,-7.838472415999999,0.424516831597832,0.06003574607013092
ILE  97,14.408080000000002,0.13998626218318624,0.019797047052537788,-7.512479999999999,0.2639704710758722,0.03733106202615132,-14.4656,0.2579067273258694,0.03647351916115042,0.4028,0.27169946632262637,0.03842410701629902,0.017997552,0.017476675467768345,0.002471575147171115,-7.149202447999998,0.28675715845682925,0.04055358625972186
VAL  98,11.653359999999997,0.21024412096425707,0.02973300872768619,-5.0331399999999995,0.2753328175136303,0.03893794046941724,-21.030679999999993,0.528894713152218,0.07479700764072945,-3.0091200000000002,0.4869708673011152,0.06886808050178259,0.15664204799999998,0.03253243934572529,0.004600781693980481,-17.262937952000005,0.5484268921646422,0.0775592748869364
ARG  99,11.534779999999998,0.3555214362032901,0.05027832367930539,-4.54348,0.7253432632898791,0.10257902803205057,-200.36627999999996,8.201940631437784,1.1599295678758261,-9.76012,8.303222860167008,1.1742530380254503,1.086823872,0.219439227963314,0.031033393230239997,-202.04827612800003,1.1387591083661421,0.16104485753272912
GLU 100,15.31198,0.32717527351551556,0.0462695709078769,-2.3531,0.44573930721891625,0.0630370573551779,-20.380999999999997,11.925030903104622,1.6864540434888833,-65.01478,11.588260767328206,1.6388275541471597,0.6438055680000001,0.1475889475030175,0.020872229121513805,-71.793094432,0.9172984920378149,0.12972559681842663
VAL 101,11.2206,0.38525025632705007,0.05448261374054254,-2.731219999999999,0.3449646526819835,0.04878536903621853,-22.848,1.943103435229326,0.27479632311950636,-5.655119999999999,1.7150927279887849,0.2425507396649209,0.4184766720000001,0.053216455802342605,0.00752594335371013,-19.595263327999998,0.5737366930176133,0.08113862124965977
SER 102,10.489140000000004,1.0729190838082394,0.15173367196505275,-0.74762,0.26957810667782384,0.03812410145826395,-2.7151199999999993,3.7971776447250924,0.5370020123910152,-9.96976,3.582743421234624,0.5066764336812988,0.8410389119999998,0.09047644936223642,0.012795302176343731,-2.1023210880000005,1.2162895173772716,0.17200931312471637
SER 103,7.104019999999999,0.2681709521928298,0.037925099762560685,-1.46632,0.7888985344136467,0.1115671006704037,15.112460000000004,7.026002027355236,0.9936267356346636,-110.10348,6.513623354907884,0.921165448870087,1.035571248,0.24382091504012854,0.034481484483996794,-88.31774875200003,0.8850994879669274,0.12517196999323107
THR 104,7.568040000000002,0.47034927277500477,0.06651743206107341,-0.07252,0.919106179720276,0.12998124246213374,-93.16650000000001,6.754219209501279,0.9551908409317594,-55.275579999999984,7.185822143888744,1.0162287132688372,1.3094264159999998,0.2622747132020482,0.03709124564778504,-139.63713358399997,1.124806016299462,0.15907159232895518
GLY 105,5.576159999999998,0.959796423414894,0.13573571191105327,-1.3127399999999998,0.4101872162805667,0.05800923243760434,-6.060239999999998,3.6210717118554876,0.512096872523159,-2.49358,2.876013992246908,0.4067297993410367,0.37865649600000006,0.10529523362199608,0.014890994744147037,-3.9117435040000004,1.3744938267028735,0.1943827811121298
TRP 106,12.4877,0.7033677345457605,0.09947121895302534,-6.6467600000000004,1.2243883952406533,0.17315466741615615,1.8706199999999997,2.400666748134776,0.3395055473950315,-8.732840000000001,2.6796077426369638,0.3789537611477148,0.9119704319999999,0.1454134343440465,0.020564565100060016,-0.10930956799999994,1.459319787493355,0.20637898353125256
GLU 107,15.814339999999994,0.9571574083713514,0.13536249882446483,-3.6274599999999992,0.5755145596768206,0.08139004956381397,-54.094579999999986,7.424394313585646,1.0499679130678505,-28.806600000000003,6.554107524293449,0.9268907750107345,0.260909856,0.07420171480160857,0.010493707142377528,-70.45339014400001,1.5637301470089602,0.22114483817917452
THR 108,15.324239999999998,0.547801772907005,0.07747086967371128,-4.396379999999999,0.38345977051056207,0.054229400808051144,-38.089319999999994,2.0988883289973286,0.2968276340774625,-2.3711200000000003,1.119049733300534,0.15825753098036102,0.26964921600000014,0.04448080512688222,0.006290535787571153,-29.262930784,0.7836002452037524,0.11081780942460294
TRP 109,11.8747,0.3884657127726915,0.05493734795200715,-8.7354,0.6677889486956043,0.09443961880481946,9.301,4.462697309923674,0.6311207060459987,-5.476259999999999,3.2845663629161175,0.4645078296950442,0.7130433599999999,0.10498723670231294,0.014847437402048533,7.677083360000003,1.2804532489214673,0.18108343506094315
VAL 110,8.948139999999999,0.9460385406525444,0.1337900534718479,-6.55498,1.0611460689273664,0.15006871623359766,-23.300380000000004,9.118626696800346,1.2895685544832425,-86.1919,9.605435259789099,1.3584136816890477,0.13295505600000002,0.07078918049301085,0.010011101912249288,-106.966164944,2.483592316059766,0.35123299367773275


