#Frame       SA_00001
       1    6091.3878
       2    6054.5125
       3    6070.5422
       4    6097.3795
       5    6034.0543
       6    6120.5645
       7    6089.0008
       8    6086.6720
       9    6059.3780
      10    6048.4949
      11    6066.8162
      12    6047.4264
      13    6078.0974
      14    6028.7684
      15    6097.6314
      16    6054.3643
      17    6070.5624
      18    6049.8369
      19    6035.4306
      20    6020.6880
      21    6027.7420
      22    6077.8496
      23    6092.5075
      24    6072.6855
      25    6067.0503
      26    6083.4633
      27    6068.0159
      28    6074.8236
      29    6035.2691
      30    6027.6377
      31    6031.3184
      32    6055.6732
      33    6094.4591
      34    6061.4794
      35    6054.7730
      36    6093.1185
      37    6084.2253
      38    6103.8718
      39    6003.4040
      40    6003.3867
      41    6090.6606
      42    6110.6060
      43    6027.3634
      44    6167.3083
      45    6099.7116
      46    6077.7963
      47    6067.7097
      48    6051.7165
      49    6045.8822
      50    6079.0248
