| Run on Mon Jun 20 15:46:10 2016
| GB non-polar solvation energies calculated with gbsa=2
idecomp = 2: Per-residue decomp adding 1-4 interactions to EEL and VDW.
Energy Decomposition Analysis (All units kcal/mol): Generalized Born Solvent

Total Energy Decomposition:
Residue,Internal,,,van der Waals,,,Electrostatic,,,Polar Solvation,,,Non-Polar Solv.,,,TOTAL,,
,Avg.,Std. Dev.,Std. Err. of Mean,Avg.,Std. Dev.,Std. Err. of Mean,Avg.,Std. Dev.,Std. Err. of Mean,Avg.,Std. Dev.,Std. Err. of Mean,Avg.,Std. Dev.,Std. Err. of Mean,Avg.,Std. Dev.,Std. Err. of Mean
GLY   1,1.1643199999999998,0.002603382415309083,0.0003681738719773731,0.05426,0.020689910584630353,0.0029259952153070897,-20.11248000000001,0.4087826923924189,0.05781060276447478,-94.73858,0.3978828013351839,0.056269125388321684,0.9974720160000002,0.005575034954621265,0.0007884290043529466,-112.63500798400003,0.006737717212043019,0.0009528571060705876
SER   2,11.247519999999998,0.010591015062689205,0.0014977957140952809,-0.53982,0.01923090221492582,0.002719660272901889,-4.33402,0.11780992997201303,0.01666084007486454,-12.092740000000001,0.09193319531029226,0.013001317164010992,0.8381577599999999,0.009328145166638827,0.0013191989406445663,-4.880902240000001,0.008585313473896725,0.0012141466752009218
HIE   3,27.199740000000002,0.021775959216361235,0.0030795856857461453,-1.7828400000000002,0.019309438106759863,0.002730766925238366,-5.37522,0.12042512860697757,0.017030685012651186,-22.570759999999996,0.09548707975418896,0.013503912321977542,1.317953664,0.007218956353732874,0.0010209145981628456,-1.2111263359999997,0.06554173312537538,0.009269000788734381
GLY   4,3.9208200000000017,0.008916703425954464,0.0012610122916643443,-2.09498,0.025334948194144013,0.0035829027338178214,-5.767719999999998,0.0672244122326042,0.009506967550190865,-5.713959999999999,0.07177547213364473,0.010150584613713251,0.17601220800000003,0.002608256624476742,0.0003688631892484477,-9.479827792,0.03688718617727138,0.005216635896967855
GLY   5,5.689819999999998,0.015051498265017718,0.0021286032980423167,-4.045820000000001,0.017623495680319776,0.002492338660753188,-7.98216,0.49490986492489414,0.06999082431290218,-2.94312,0.4887460543063224,0.06911912985563383,0.024328511999999997,0.002729434422926484,0.00038600031785106156,-9.256951487999997,0.0200855996935573,0.002840532749502562
SER   6,11.461199999999998,0.008836288817455185,0.001249639948669084,-3.0816,0.01991682705657408,0.0028166646942846475,-2.871080000000001,0.03712833958037043,0.005250740138295365,-5.869879999999999,0.019464470195857893,0.0027526917735389124,0.443148192,0.002108873859464649,0.0002982398013388999,0.08178819199999995,0.010884272653472962,0.0015392686003108057
PRO   7,18.856399999999997,0.0092843955198441,0.0013130118062599527,-3.5073800000000004,0.016082151597229827,0.0022743596900942553,0.29922000000000004,0.19036557356833184,0.026921757594926807,-3.32528,0.18201110295803732,0.025740257030574212,0.5938159679999999,0.013526899293331618,0.0019129924437484608,12.916775968000003,0.039526548570381244,0.005589898106203203
ARG   8,13.752779999999998,0.01586479120834289,0.002243620289105596,-5.68612,0.013140228308149595,0.0018583089086064025,-175.77044000000006,0.6382069306765853,0.09025608969633325,-32.321020000000004,0.6323595967482489,0.08942915180181549,0.5420452319999999,0.003439496116456284,0.0004864182055622067,-199.482754768,0.03683401141087819,0.005209115849386928
VAL   9,10.7498,0.007974960813436618,0.0011278297741756035,-2.28446,0.025537587983194016,0.0036115603276129153,-30.174300000000002,0.019222122660381712,0.0027184186563911014,-2.9087599999999996,0.01953106243919119,0.0027621093389059923,0.7246265759999999,0.005826136446141937,0.0008239401178370112,-23.893093424000003,0.03708037183489977,0.005243956474675258
VAL  10,11.004319999999998,0.032915917123401965,0.004655013641386385,-4.7324600000000006,0.03632421231070546,0.005137019369231941,-21.822200000000002,0.032943588144179706,0.004658926914673244,-1.4672999999999996,0.021973848092717192,0.003107571399024682,0.066120192,0.001960793997934758,0.0002772981464899097,-16.951519807999997,0.02901151548759426,0.00410284786675529
ARG  11,12.013339999999998,0.027184267510843785,0.0038444359797013576,-4.7483200000000005,0.049436197264567015,0.0069913340643702375,-178.16918000000004,0.8805810511108214,0.12453296652496793,-28.1851,0.8397776670049233,0.11876249660563992,1.14028632,0.01408176333163855,0.001991462068573138,-197.94897367999994,0.07997810923185471,0.011310612676864576
ILE  12,14.19206,0.05007810299891004,0.007082113243897533,-7.245640000000002,0.11742670224432265,0.016606643489866825,-14.037760000000002,0.14511534171092458,0.020522408435599562,-2.4869600000000007,0.12498383255443526,0.01767538310758503,0.009939600000000003,0.0019021998027546592,0.0002690116759399065,-9.5683604,0.1695657128434256,0.023980213081663416
VAL  13,11.370780000000003,0.12790516643158456,0.01808852210651348,-2.8680399999999993,0.04374286684707347,0.006186175555221173,-20.730319999999995,0.11809867738510706,0.01670167512563431,-2.4037400000000004,0.13369828869510217,0.018907793313868694,0.6353782560000001,0.011394930228414347,0.001611486487131872,-13.995941744000003,0.15147661139141064,0.021422027821205177
LYS  14,11.249999999999998,0.29741916548875974,0.0420614217543892,-6.200200000000001,0.2168999769478778,0.030674288907810043,18.984019999999997,5.414784067679907,0.7657661065834679,-58.26846000000001,5.2404879857126625,0.741116918284811,0.6836813279999998,0.028493016764502055,0.004029521074128277,-33.550958672,0.14878068640756933,0.021040766453676293
SER  15,11.116039999999998,0.07509033493081833,0.010619377006230144,-2.27104,0.057479721641623766,0.008128860190701463,-19.538320000000002,0.3098867819059511,0.04382460897715495,-3.7547400000000004,0.355035931139372,0.05020966289470601,0.3797323199999999,0.00736090590599057,0.0010409892963604078,-14.06832768,0.06603764997460755,0.009339134022133728
GLU  16,15.909719999999998,0.016505805042128924,0.002334273334846494,0.46781999999999996,0.010358938169528095,0.0014649750851130955,-46.96055999999999,0.730596911026267,0.10332200602012362,-35.899879999999996,0.7180250870269455,0.1015440816197628,1.3476453120000005,0.007405633556738575,0.0010473147413904995,-65.13525468799999,0.03019228927126302,0.004269834496651185
SER  17,10.3837,0.024364933818892303,0.0034457219853000383,-1.13584,0.021115264620645648,0.002986149359961386,-7.8337,0.07839190009173197,0.011086288828992402,-9.940960000000002,0.09784578887192717,0.013837484164377386,0.579061872,0.007245625379852564,0.0010246861680062204,-7.947738127999998,0.013855964289193449,0.0019595292617534655
GLY  18,5.2901,0.0398969923678589,0.005642286770452192,-2.8035600000000005,0.07268346717100166,0.010278994503353015,-11.645600000000007,0.2601024413570317,0.036784040017346684,-0.6690199999999997,0.19310458202746036,0.027309111885962224,0.12885062399999997,0.006248311140094828,0.0008836446356249002,-9.699229376000002,0.04323892195618508,0.006114906985282874
TYR  19,10.3443,0.04886358562382688,0.006910354549539496,-9.587719999999997,0.0786974052942525,0.011129493789070409,-32.761720000000004,0.35395316300257607,0.050056536356309786,-0.11643999999999996,0.2865615577847105,0.04052592414738989,0.038038607999999995,0.006443402896850073,0.0009112347764559462,-32.083541392,0.1340296049763996,0.018954648511713277
GLY  20,6.55288,0.03894439112376161,0.0055075686105586046,-2.922440000000001,0.0385762413927877,0.005455504376305874,-15.191140000000004,0.1530492744181891,0.021644435959356462,1.2599799999999997,0.13643774990815893,0.019295211633978685,0.022525487999999996,0.0033163713375097313,0.0004690057323371663,-10.278194511999997,0.07586391952433898,0.010728778388610121
PHE  21,9.436040000000002,0.19127581760370285,0.027050485540915898,-9.010599999999998,0.079410326784515,0.011230316113114055,-5.82406,0.40783282898756046,0.057676271793519515,-3.2833199999999994,0.13174041748833984,0.018630908512470387,0.01234785599999999,0.0004902634117126632,6.933371659793528e-05,-8.669592144,0.1350732952123062,0.019102248600366828
ASN  22,20.029679999999995,0.25444735722794715,0.03598429035017546,-6.215880000000001,0.15297955941881153,0.0216345767695944,-99.15943999999999,1.2638668151354764,0.178737759099788,-0.7321199999999999,0.6456493054282642,0.09130860042734198,0.146094048,0.02732245144803981,0.003863978139509831,-85.93166595199996,0.48033480791442346,0.06792959998324531
VAL  23,10.893340000000002,0.04526570887507127,0.006401537940155796,-7.518340000000003,0.05820089689997073,0.008230849773821682,-24.7744,0.4441735246500492,0.06281562226071598,1.405,0.1706345803171198,0.0241313737694312,0.0,0.0,0.0,-19.994400000000002,0.5164616926742597,0.07303871302261034
ARG  24,12.3308,0.33841465689290584,0.0478590597483785,-8.27058,0.17203198423547197,0.024328996526775892,-103.45466000000002,2.1710719252011335,0.30703593615069086,-101.03542000000002,1.8218613568541195,0.2576501039626545,0.780818112,0.036818911787768735,0.005206980440208116,-199.649041888,0.37686939968503413,0.053297381627798186
GLY  25,6.0113,0.058753808387233285,0.00830904326622954,-3.87936,0.08595062768820036,0.01215525433711334,-17.03852,0.3035597628145472,0.04292983335630926,0.24352000000000001,0.2105894812187921,0.029781850043272995,0.044395776000000005,0.011237776499834113,0.0015892615936983052,-14.618664223999996,0.21418487205666945,0.030290315091768806
GLN  26,19.91594,0.10514397938105677,0.014869604164256754,-8.425400000000003,0.2541190272292546,0.03593785747646697,-78.90913999999998,0.11009850318120878,0.01557027963958428,-4.81792,0.06308021559886909,0.008920889641733954,0.305521344,0.03159137039046075,0.004467694446014141,-71.93099865600001,0.15953518036599407,0.022561681574922672
VAL  27,12.200680000000002,0.06339919242394962,0.008965999776945113,-3.28488,0.22315345751298835,0.03155866461053163,-21.547640000000005,0.1804512964757641,0.025519667082383388,-7.38786,0.1875720672168767,0.026526696138046483,0.4398793919999999,0.04663136662505203,0.006594671111314068,-19.579820608000002,0.270075787522639,0.03819448415831104
SER  28,11.172,0.023451225980155407,0.0033165041835412053,-2.4860999999999995,0.0447572340521697,0.00632962874108853,-10.45338,0.3871100045206925,0.05474562185234735,-7.13178,0.3896953830878486,0.055111249595701434,0.5731688159999999,0.012523958351378017,0.001771155175511458,-8.326091184,0.07000767081614477,0.009900579753834305
GLU  29,14.572779999999998,0.04849011858166659,0.006857538333927251,-2.2200799999999994,0.04263934333454847,0.006030113763440127,-38.43762,0.8348380894516257,0.11806393484881322,-41.52628000000001,0.7777932897619013,0.10999658191040673,0.9171515519999995,0.01652713942633591,0.002337290472395534,-66.694048448,0.20279292496010656,0.028679250483189204
GLY  30,4.805740000000001,0.04004088410590872,0.00566263613519854,-1.9467199999999998,0.054003718390498674,0.007637279096642056,-10.180919999999999,0.17525202880427432,0.024784379596840503,-1.8682799999999997,0.17316628309229484,0.024489410609486215,0.22877179200000003,0.0036460103339302835,0.0005156237262796664,-8.961408208,0.017328221272950434,0.0024505805536008483
GLY  31,5.3258600000000005,0.01916247374416824,0.002709983025762107,-1.6648800000000004,0.026188272184297635,0.0037035809698151793,0.9770199999999999,0.06626114698675419,0.009370741272706491,-11.852000000000002,0.07994573159323418,0.0113060337872991,0.399472848,0.0035051843967602047,0.0004957079312516837,-6.814527151999999,0.024425254751594624,0.0034542526534122996
GLN  32,18.535059999999998,0.011307360432756713,0.0015991022478645453,-1.9757399999999998,0.01616144795493271,0.002285573888545276,-67.23953999999999,0.13683321380269411,0.01935113867428674,-14.658000000000001,0.13422548193234987,0.0189823496964794,1.1390762879999996,0.00429542247680127,0.0006074644722814587,-64.199143712,0.010708235991081368,0.0015143732567678972
LEU  33,11.888599999999995,0.009165151395397633,0.0012961481404574029,-3.1886799999999997,0.016024281575179777,0.0022661756330904542,-23.206080000000007,0.026380174365288393,0.00373072003651579,-0.45976000000000006,0.026955934411552206,0.0038121448031256744,0.7825986719999996,0.004052609990448977,0.0005731256011501642,-14.183321328,0.016074224468343636,0.0022732386247761023
ARG  34,11.132099999999998,0.011498260740063443,0.0016260996282299821,-3.9169799999999997,0.02073594945976722,0.002932506095468586,-116.82259999999998,0.7410093926550269,0.10479455329385891,-90.14154000000003,0.7421627640848236,0.10495766464570613,1.227690432,0.007256331769211142,0.0010262002801097153,-198.52132956799997,0.0620238331493924,0.008771494603023669
SER  35,10.438979999999999,0.026649945590842085,0.003768871449107394,-3.336799999999999,0.011805083651165883,0.0016694909404427686,-12.978399999999995,0.026238140179706725,0.003710633369358769,-7.239720000000001,0.05543466063736084,0.007839644889890566,0.579845664,0.004704156603745537,0.0006652682068543896,-12.536094335999996,0.022474488510518517,0.0031783726458973587
ILE  36,12.8575,0.07513061959027559,0.010625074117406147,-4.37572,0.0709991661922577,0.010040798374627216,-6.7561,0.36795473906446874,0.052036658232442495,-4.369220000000001,0.2161392412311779,0.030566704631016184,0.231775632,0.0061046665454372534,0.0008633302222322674,-2.4117643679999996,0.15281125700743275,0.021610775214319203
ASN  37,19.751380000000008,0.007405106319212836,0.0010472401787445503,-3.103379999999999,0.058230881841223436,0.008235090284880337,-81.787,0.4792084723788917,0.06777031208423213,-17.315360000000005,0.48535989780751393,0.06864025501114056,0.6554311199999999,0.013344403101106466,0.0018871835847358352,-81.79892887999999,0.06489484724654362,0.00917751731041923
GLY  38,6.021240000000001,0.06816467120133603,0.009639940248763215,-1.0628999999999997,0.06544776543168511,0.00925571175005021,-8.029000000000002,0.3278223909375321,0.04636108713134327,-7.217680000000001,0.24085974674067115,0.0340627120470406,0.5350101120000004,0.0038835523787165887,0.0005492172444167294,-9.753329887999998,0.21763587264806816,0.03077836027578017
GLU  39,14.676500000000003,0.06615232422132619,0.00935535140963017,-2.34884,0.5087098332055303,0.0719424345431816,-5.947759999999999,4.474732070459642,0.6328226782029865,-72.8356,3.831064029744176,0.5417942709183936,0.7521913439999999,0.0831177555099766,0.011754625711621995,-65.70350865600001,0.28179622616700384,0.039852004487093286
LEU  40,11.200420000000003,0.06002435838830746,0.008488726170548766,-3.10626,0.09439635798059565,0.01334966096947841,-19.229739999999996,0.3533697672413144,0.04997403173652907,-11.374319999999997,0.258581239845655,0.036568909636497546,0.920349648,0.0076203211697816724,0.001077676154794405,-21.589550352,0.06476456751353535,0.009159092973886965
TYR  41,9.961100000000002,0.679721420877661,0.09612712520406988,-7.42328,0.32707870857025084,0.04625591456235258,-37.63408000000001,4.242601385187968,0.5999944418675704,2.16164,2.3923506244695822,0.3383294699076626,0.16308748799999997,0.010388111889436879,0.001469100872149083,-32.77153251199999,0.8562259756827983,0.12108863872667493
ALA  42,10.46584,0.03734774959797232,0.005281769400556676,-4.0525400000000005,0.03321036585150852,0.0046966549798575655,7.550379999999998,0.1060991781307696,0.015004689666917325,-2.2294400000000003,0.06820855078358806,0.009646145758796423,0.10528113600000001,0.002728100385671807,0.000385811656493234,11.839521136,0.0472908505572123,0.006687936223416887
PRO  43,19.361420000000003,0.061312670795110116,0.00867092105837615,-6.379599999999998,0.03440290685435775,0.004865305745849104,1.77706,0.13840930749049618,0.01957403198117277,-9.231679999999997,0.11668049365702116,0.016501113659414722,0.14330534399999995,0.006439305215570747,0.0009106552768119956,5.670505344,0.05601892496343529,0.007922272343285092
LEU  44,11.809460000000001,0.07307125563432083,0.010333836073768796,-8.13446,0.04868807246126177,0.006885533240052039,-37.06428,0.3804692387039043,0.053806475744082795,3.3384199999999997,0.26680090629531183,0.03773134601362633,0.05099616,0.00420333854054125,0.0005944418371278966,-29.999863840000007,0.11262317215240521,0.015927321749541132
GLN  45,20.24243999999999,0.081397336567861,0.01151132173153165,-8.264179999999998,0.0600275570055889,0.008489178523342791,-81.33044000000001,0.3383137100338218,0.04784478370665895,0.9429,0.16542179421104175,0.023394174488534637,0.000689184,0.0005074667876265398,7.176664135153597e-05,-68.408590816,0.19697212613041132,0.027856065218309158
HIE  46,29.663719999999994,0.16191566199855714,0.022898332515897745,-10.108559999999999,0.18302722857543186,0.02588395889349362,-13.705059999999998,0.5674921817963979,0.0802555140037164,-10.722420000000001,0.2874067563575522,0.04064545327585101,0.2711963519999999,0.016862388954668975,0.002384701915370314,-4.601123648000001,0.16266642196388992,0.023004506008403782
VAL  47,11.41356,0.04557637984749064,0.006445473450418907,-7.146579999999997,0.06566645719128919,0.009286639435291342,-33.2425,0.25648003820920146,0.03627175485134223,1.4102599999999996,0.19755149303409747,0.027938000071587463,2.376e-05,0.00016632000000000002,2.3521199969389318e-05,-27.56523624,0.09198086549656502,0.013008058746405772
SER  48,13.820020000000001,0.23496046390813594,0.033228427468036,-3.1322799999999997,0.2490266684513961,0.03521768919165525,-15.92532,0.8656962617454015,0.12242793942560355,-3.7703999999999995,0.5673475125529344,0.08023505468309995,0.22820284799999999,0.01660576047725871,0.0023484091680458386,-8.779777152000001,0.16345096257626027,0.023115456805828445
ALA  49,6.68956,0.01199693294137412,0.0016966225272571826,-3.37442,0.019019032572504296,0.002689697380725123,-0.63832,0.04899201567602542,0.006928517301703043,-3.0982200000000004,0.049752704449046135,0.007036094939658127,0.32019508799999996,0.00860558930111491,0.0012170141101849508,-0.10120491199999998,0.02781368608472203,0.003933449208060172
VAL  50,10.861799999999995,0.022133232934467412,0.003130111819508667,-5.590400000000001,0.01882020191159486,0.00266157847899775,-26.163400000000003,0.032512766723390235,0.004597999565049113,-0.7144399999999999,0.04188372476272978,0.005923253160215429,0.15937819200000003,0.0026272309708745972,0.0003715465670497489,-21.447061808000004,0.020177765566404438,0.002853566972239399
LEU  51,14.680980000000007,0.010900440342633468,0.0015415550568391076,-2.33986,0.025578123465133613,0.003617292910444546,-22.465339999999998,0.027302461428697793,0.0038611511238632727,-2.053720000000001,0.03756063897213653,0.005311876504579491,0.6525849600000001,0.004465269806473634,0.0006314845119970099,-11.52535504,0.020571344905555913,0.0029092274961691846
PRO  52,18.12412,0.007482352571185795,0.001058164448462815,-2.14516,0.005924052666680462,0.0008377875625432009,-6.951060000000001,0.028482563086890254,0.004028042700862749,-3.6285399999999997,0.03006939307662208,0.004252454350128659,0.9214819200000002,0.00162330095685241,0.00022956942289939006,6.32084192,0.006583190381519811,0.0009310037121229426
GLY  53,5.299759999999999,0.00856868718168774,0.0012117953624075294,-1.24202,0.01135515741857414,0.0016058617624229012,-19.77482,0.034646032965085775,0.004899688970164964,2.7565399999999998,0.02024174893638765,0.0028626155871990583,0.308994048,0.0038214570562610855,0.0005404356396990791,-12.651545952000001,0.012039950907543388,0.0017027061863754114
GLY  54,4.33848,0.007864451665888974,0.0011122014206527866,-2.11976,0.01587773283567475,0.002245450511594785,-10.61628,0.04536123455114499,0.006415047310821628,-2.848779999999999,0.04652495674372154,0.006579622481579259,0.06942902399999999,0.0034348983306386805,0.00048576798045619254,-11.176910976000002,0.011700229347902127,0.00165466230266789
ALA  55,9.374880000000005,0.02130787647545552,0.003013388789695982,-4.540900000000001,0.036209529132455794,0.005120800718626267,-5.063280000000001,0.04894815216114816,0.006922314063939765,-1.6060000000000003,0.04892606667206167,0.006919190704119988,0.109665792,0.011469815569499369,0.0016220768736304092,-1.7256342080000004,0.03332600522710598,0.004713008857188993
ALA  56,9.36714,0.012824991229263965,0.001813727653374109,-6.254139999999998,0.030543090872109345,0.004319445334813092,-7.49948,0.04311808901132765,0.006097818626342988,-1.02594,0.03309344950287843,0.004680120511267983,0.0,0.0,0.0,-5.412420000000001,0.034443048645383736,0.0048709826523777935
ASP  57,17.096759999999996,0.010570827785249152,0.0014949408019409697,-5.322499999999999,0.013519245541157547,0.0019119100397356995,-50.0904,0.4252690912817058,0.06014213165486701,-27.657360000000004,0.41671115943746617,0.05893185732686818,0.45516182400000005,0.001713243496352154,0.00024228921881887163,-65.518338176,0.009056084127913394,0.0012807236995686843
ARG  58,13.706660000000001,0.02163849347630539,0.0030601450943512822,-3.2561199999999992,0.015213993558817881,0.0021515836028737157,-153.92201999999997,0.41685985607361714,0.05895288620682058,-57.174519999999994,0.41078886255791836,0.05809431807012254,1.5837350399999996,0.004524666527155894,0.0006398844767919437,-199.06226496000002,0.027318668490490194,0.003863443148522576
ALA  59,7.551140000000001,0.01639757299093575,0.0023189670113784094,-3.3896200000000003,0.009208452638519523,0.001302271860986462,-8.824919999999997,0.027265245278103357,0.0038558879653722757,-3.45496,0.02593141723849619,0.003667256195023678,0.25643548799999993,0.0024260884614246575,0.0003431007205663626,-7.861924512000001,0.027890205315788254,0.003944270661495794
GLY  60,6.568519999999999,0.026174216320733915,0.0037015931705269116,-2.17358,0.019769764793766676,0.0027958669496270967,-15.020739999999998,0.06450265421015192,0.009122052839305885,1.62248,0.04153516100847327,0.005873958801353306,0.20944814399999998,0.0032512478330770705,0.000459795878017373,-8.793871855999999,0.03554677797808308,0.005027073551527036
VAL  61,11.163459999999997,0.024546453920097768,0.0034713928041968487,-5.68168,0.04472960540849343,0.0063257214608288355,-20.027980000000003,0.03994721016322303,0.005649388639179835,-2.3507200000000004,0.06236186013901756,0.008819298838341273,0.022821408000000005,0.0016546557215131085,0.0002340036562422077,-16.874098591999996,0.014100023133457809,0.001994044394511042
ARG  62,11.21964,0.009324719834365267,0.001318714525508876,-5.009879999999999,0.038622086945346475,0.0054619879165261846,-127.63288000000004,0.5199048235861987,0.07352564526587936,-71.21204,0.5206532804079896,0.0736314930447021,1.288280304,0.005119632931611456,0.0007240254326256849,-191.34687969599997,0.03166318132837759,0.004477850046247013
LYS  63,8.92908,0.011469681773487358,0.0016220579520169315,-3.55418,0.026656098739225458,0.0037697416356969,57.42914000000002,0.7306398842098987,0.10332808334603465,-96.25463999999997,0.7602211194174213,0.10751150174825734,1.1900875679999998,0.0029708496216440065,0.00042014158266999316,-32.260512431999985,0.03581594536109675,0.005065139567887677
GLY  64,6.269079999999999,0.007474864548042328,0.0010571054820743295,-2.71952,0.03205572647753264,0.0045333643136248975,-14.555659999999998,0.1642137156271159,0.023223326376754595,-3.868579999999999,0.11396351872422847,0.016116875379556406,0.15859065599999997,0.0034977431752594643,0.0004946555836149867,-14.716089344000002,0.024910956212128063,0.003522941212687381
ASP  65,14.50158,0.04021447003298868,0.0056871848924299005,-6.569920000000001,0.029730684485525374,0.0042045537218065344,-86.29388,0.8497768328200562,0.12017659219645777,13.515639999999998,0.7916311959492539,0.1119535573709068,0.010699200000000006,0.0006720342848396657,9.503999999999589e-05,-64.83588080000001,0.04666264317405559,0.006599094283292574
ARG  66,13.90634,0.08102829382343305,0.01145913120610511,-9.005600000000001,0.08596254998540301,0.012156940404553203,-139.69478,1.462643268741422,0.20684899475678345,-63.9745,1.2931166111371581,0.18287430492001047,0.62079912,0.007154810415593664,0.001011842992594084,-198.14774088000001,0.22108612353578053,0.031266299435679434
ILE  67,13.069399999999998,0.017177892771164445,0.0024293208929971506,-8.43794,0.02643437913021897,0.003738385747886796,-12.815740000000005,0.07449424407208295,0.010535077028547125,-0.66986,0.03852635980728049,0.005448450054832177,0.0,0.0,0.0,-8.85414,0.05477043363000813,0.007745709005661296
LEU  68,13.213259999999996,0.025842453444679444,0.0036546748146460977,-7.4963599999999975,0.0528907402107757,0.007479880213003101,-34.23998000000001,0.05464704566186515,0.00772825931186315,-1.57042,0.052886705323734906,0.007479309593805527,0.12465014399999993,0.005952133569341072,0.0008417588018818323,-29.968849856,0.04175063964010645,0.00590443208167903
GLU  69,15.461840000000002,0.01566443104283017,0.0022152850827628547,-6.153180000000001,0.016876836195917407,0.002386745063821555,-18.597719999999995,0.5820182141481034,0.08230980519964162,-62.47454,0.5784883476781078,0.08181060669611823,0.397669536,0.0034973697850707,0.0004946027782680861,-71.36593046399999,0.026564517694672433,0.003756790120170582
VAL  70,10.877560000000003,0.010669882847036091,0.0015089493031210492,-6.49332,0.03559125735353116,0.005033363885127491,-26.35296,0.08082201680311485,0.011429959230131119,-1.9953000000000003,0.06459543327510715,0.009135173780502284,0.0,0.0,0.0,-23.964019999999994,0.020906927085599707,0.002956685983200051
ASN  71,18.34076,0.031712180624512296,0.004484779593161057,-4.126,0.03902101997643089,0.005518405566830004,-89.37911999999999,0.10326754380134937,0.014604236099682592,-8.621120000000001,0.11098155522409876,0.01569516205711791,0.3429519839999999,0.0050976110420294825,0.0007209110671340939,-83.44252801600001,0.057332063126959855,0.008107978123297705
GLY  72,6.16364,0.01592577784587117,0.0022522451020971983,-1.20476,0.01232973641240318,0.0017436880454905965,-5.160019999999999,0.03197779854843501,0.0045223436402031456,-6.540859999999998,0.0320487191636707,0.0045323733297949614,0.5137151040000002,0.0029860081248653113,0.0004222853187540777,-6.228284896,0.02333448993509757,0.003299995213727346
VAL  73,10.721660000000002,0.01248937148064044,0.0017662638533437452,-2.3717600000000005,0.017286480266317635,0.002444677483832127,-30.43982,0.06063157263182397,0.008574599232393483,-0.13338,0.04833834502752449,0.006836074312059519,0.518766192,0.0022654696788426496,0.0003203857944964295,-21.704533808,0.015177436550792546,0.002146413661218795
ASN  74,20.457299999999996,0.009956404980583752,0.0014080482956020572,-4.4009599999999995,0.03270593829878509,0.004625318151227951,-92.73412,0.07638393548667645,0.010802319751268937,-5.066579999999999,0.08029746944957042,0.011355777031982175,0.5924979360000001,0.0028263546176082975,0.0003997069032297477,-81.15186206400003,0.02192916894255171,0.003101252813012749
VAL  75,13.41056,0.024359934317594742,0.003445014949046027,-6.267,0.026548822948975707,0.0037545705479483512,-34.660579999999996,0.04261740958998218,0.0060270118635362005,2.21694,0.04267336874444305,0.006034925683053949,0.025872336000000003,0.0013168781419340286,0.00018623469283157848,-25.274207664000006,0.025924723904509728,0.0036663096146535633
GLU  76,15.290740000000001,0.02049078817182218,0.0028978350536305124,-5.945360000000001,0.0772074504176794,0.010918782349693049,-7.560479999999999,0.3644041843887259,0.051534533974804224,-72.07073999999999,0.36145632156527174,0.051117643216309794,0.501145488,0.004466539532861465,0.0006316640784248273,-69.784694512,0.11470984848473936,0.016222422346488123
GLY  77,6.131219999999997,0.012053696529887624,0.001704650110929659,-3.7295800000000012,0.03155889098163219,0.00446310116396782,-12.793760000000002,0.12557365328733475,0.017758796355568558,-2.14828,0.10900642916818909,0.015415837051551515,0.044435087999999984,0.002951353407821154,0.0004173844016696728,-12.495964912,0.03128202700207751,0.004423946684485938
ALA  78,7.143179999999998,0.024227826976620938,0.003426332149716607,-4.521580000000002,0.03516366875041565,0.0049728937249632794,-13.18982,0.18840389486413447,0.026644334332077368,3.3271400000000004,0.11967506172966551,0.01692460953759303,0.07096867199999995,0.0013480281099530079,0.00019063996355557134,-7.170111328000002,0.05454544416619943,0.0077138906905503644
THR  79,15.428259999999998,0.09983823115460388,0.014119258054218087,-6.786399999999999,0.04564646755248613,0.00645538534871493,-30.483379999999997,0.12695792846589657,0.017954562428726416,-6.61694,0.17519673627095747,0.024776560051789038,0.10563393600000001,0.00526907036801584,0.0007451590775546195,-28.352826063999995,0.07641737941200266,0.01080704943654647
HIE  80,30.863880000000005,0.10497440449748485,0.01484562265423823,-12.045900000000001,0.1394416365366742,0.019720025354966437,-5.097000000000001,1.6674769923450155,0.23581685775194183,-9.15408,0.746988134845496,0.10564007512302827,0.10255852800000004,0.012923230043158837,0.0018276207196702664,4.669458528,0.8646191157523339,0.12227560797839834
LYS  81,11.590400000000002,0.017118411137977536,0.0024209089197606477,-3.4945600000000003,0.03330354936035507,0.004709833118057595,17.19456,1.6783905643205028,0.23736026990210876,-58.61888,1.6376518023070588,0.2315989389267385,1.09491984,0.009132381910527133,0.0012915138354638188,-32.233560159999996,0.0771104721703239,0.010905067554426516
GLN  82,20.596000000000004,0.07508288752906726,0.010618323784574064,-6.122960000000003,0.05459705486535665,0.007721189545621535,-79.60862000000002,0.6407611377101599,0.09061730911913225,-8.33906,0.3876041491005935,0.05481550444901426,0.539568288,0.01635566548017447,0.00231304039437002,-72.93507171199998,0.3443968636387607,0.048705071539669284
VAL  83,13.3202,0.04230271858862551,0.005982507835328663,-7.528900000000001,0.07170892552534286,0.01014117350211421,-25.61038,0.09445695104150685,0.013358230122331043,-2.7582600000000004,0.07139238334724049,0.01009640767798066,0.0,0.0,0.0,-22.57733999999999,0.14601008321533118,0.020648943992634554
VAL  84,12.887579999999998,0.04729612669139855,0.006688682381469197,-5.829179999999999,0.2590798865215292,0.0366394289256829,-32.73214,0.26320015273494757,0.03722212256164329,-1.5800799999999997,0.19389665701089595,0.02742112820436133,0.09682776,0.02506251239160198,0.003544374493134727,-27.156992240000005,0.215104809945035,0.03042041395559555
ASP  85,14.304020000000001,0.03681873979363073,0.0052069561165638545,-4.138579999999999,0.1079803852558622,0.01527073252991121,-71.97991999999998,2.091705780841359,0.2958118683760054,-10.111239999999999,2.1839364602478817,0.3088552561443644,0.5268258719999999,0.00809456263069165,0.001144744025380257,-71.398894128,0.06617184487675482,0.009358112047195527
LEU  86,12.572400000000002,0.04794121400182811,0.006779911503801623,-6.096039999999997,0.09932773228079293,0.014047062611126124,-30.909059999999997,0.11421022896600692,0.01615176547654635,-1.9719599999999997,0.12413363122055293,0.01755514648187262,0.34057814399999997,0.012042077229386963,0.0017030068936943266,-26.064081855999998,0.08421832317352004,0.011910269483231236
ILE  87,14.43652,0.08176337566397501,0.011563087476939973,-7.72856,0.08394740258050748,0.011871955525534782,-8.619460000000002,0.6831370348619583,0.09661016596611233,-1.5156399999999994,0.3955675295066588,0.05594169650627363,4.752e-05,0.00023279950515411326,3.292282175026922e-05,-3.42709248,0.2868717347896276,0.04056978980009889
ARG  88,13.494380000000003,0.574453197049145,0.08123995022154848,-3.8478199999999987,0.28543872827634326,0.04036713207549333,-137.90717999999998,2.962695122284397,0.4189883623111209,-70.33075999999997,2.4909617625336704,0.35227519079279057,1.235672784,0.045661545762076386,0.006457517729564814,-197.355707216,0.8754409405475237,0.12380604511789664
ALA  89,8.451940000000004,0.14994617834391147,0.021205591903997446,-1.8353600000000005,0.30670192435000654,0.04337420210217063,-5.863600000000002,1.207371955943978,0.17074817949249047,-6.506439999999999,0.8511196428235049,0.12036649420831451,0.39123201599999996,0.01799504740576598,0.002544884009678103,-5.362227984000001,0.24997033744394337,0.03535114414042038
GLY  90,6.48258,1.0619656320239383,0.15018461995823693,-0.5447799999999999,0.10970383584907173,0.015514465250210897,-10.15978,6.089047870693743,0.8611214080674107,-4.90104,4.879055547787912,0.6900026527253356,0.51144336,0.05513347427761022,0.007797050706414455,-8.611576640000003,0.3843042879909934,0.054348833615499866
GLU  91,15.053960000000007,0.5943401033076574,0.08405238347599155,-1.4233200000000006,0.21154162143653446,0.029916503004194208,-11.506099999999998,2.730551345424597,0.3861582745455567,-62.60522,2.0822292024652453,0.2944716778095663,0.9030716640000002,0.06255420183505794,0.00884650006185629,-59.577608335999976,0.9811550427202492,0.13875627682057298
LYS  92,10.813640000000003,0.10191619302117852,0.014413126239598483,-2.91168,0.20174116486230215,0.02853050914372142,25.506340000000005,0.9333540295084417,0.13199619270264162,-68.07902,1.0194616910905503,0.14417365498600668,1.2665715839999998,0.021718899665532653,0.0030715162466816754,-33.404148416000005,0.22199110480216802,0.03139428311374131
GLU  93,15.118999999999998,0.05270218211850375,0.007453214071864481,-4.1369,0.08441782987026654,0.01193848399086355,-40.99993999999999,1.8208896551962463,0.25751268459634,-42.330120000000015,1.7452937820317949,0.24682181368747966,0.530023248,0.02003518262092192,0.0028334026987129513,-71.81793675200001,0.08021856259306306,0.011344617917318481
LEU  94,12.855920000000001,0.047388116653686724,0.006701691726696209,-8.273420000000002,0.04423125139509844,0.006255243560368209,-32.021879999999996,0.053825882252278946,0.007612129268787016,0.0044599999999999996,0.058859225275227675,0.008323951465500024,0.0,0.0,0.0,-27.434919999999998,0.07013981465772953,0.00991926771512963
ILE  95,13.107660000000001,0.05673715184946048,0.008023844963592874,-5.0248800000000005,0.05679106972046111,0.00803147010203521,-12.828079999999993,0.07176429195773182,0.010149003498072677,-0.6911000000000002,0.0350794811820194,0.004960987804862361,0.36633859199999996,0.004479947561296549,0.0006335602599905852,-5.070061407999999,0.06585158297079036,0.009312820174102886
LEU  96,11.520480000000003,0.027190616026924096,0.0038453337954555294,-8.220500000000001,0.024686230979953004,0.0034911602655724396,-34.68788000000001,0.039054136779699,0.005523088990062424,0.29942,0.03871748442241513,0.005475479157114851,2.7215999999999998e-05,0.000190512,2.6942465419482306e-05,-31.088452783999998,0.02751224466388603,0.0038908189534994438
THR  97,16.235100000000003,0.017740631327548908,0.002508904142848067,-5.3051200000000005,0.012940850049244439,0.001830112564827802,-45.22097999999999,0.08016370501643906,0.011336859884432423,2.4985600000000003,0.07831683343955699,0.011075672801233623,0.13081852800000004,0.001633288576461397,0.00023098188561007532,-31.661621471999997,0.022449132559188675,0.003174786772871605
VAL  98,11.895739999999998,0.009659834371373466,0.0013661068778274136,-6.674099999999998,0.011908400396755933,0.0016841021347261387,-26.848900000000008,0.03623989514199282,0.005125095120878509,-1.5777000000000003,0.041377409295398675,0.005851649340141538,0.0,0.0,0.0,-23.20496,0.012278371216935906,0.0017364239098842202
LEU  99,11.56636,0.019661902249504076,0.002780612882330273,-8.678159999999998,0.03675669190817613,0.005198181220451208,-34.0802,0.18200307689775413,0.02573912197424372,0.4796999999999999,0.13230423273652345,0.01871064402953579,0.0,0.0,0.0,-30.712299999999995,0.07013850583247064,0.00991908261928644
SER 100,11.9935,0.011674330819607481,0.001650999697671911,-4.891799999999999,0.00964365076189719,0.0013638181698264636,-0.053,0.19081163486538236,0.026984840188520664,-10.838760000000002,0.17408636477314945,0.024619529808641776,0.265433904,0.0019414723247096085,0.00027456564925763496,-3.5246260960000013,0.026459477078284808,0.003741935133741041
VAL 101,7.884999999999999,0.006832276341833583,0.0009662297864501889,-2.0501400000000007,0.01212107255964577,0.0017141785204359415,-74.93446,0.8434878827810913,0.11928720035263868,-35.74859999999999,0.81837204253393,0.11573528416184552,1.025015904,0.006831271887431783,0.0009660877351464079,-103.823184096,0.02193410201316565,0.003101950454549387
LYS 102,4.061219999999997,0.12053236743723292,0.0170458508734672,-2.2723799999999996,0.3887840475122406,0.05498236728261164,116.47062,1.227405359120379,0.17358133053974592,-235.08157999999992,1.0240265834608324,0.14481922825608934,1.6628765760000002,0.05256649239805056,0.007434024647570529,-115.15924342400007,0.6123753391705445,0.08660295099178081
GLN 103,18.464800000000004,0.6149586002324825,0.08696827927467511,-3.4924999999999993,0.18800704774024984,0.026588211673598726,-72.06104,1.5022996100641108,0.21245724833004778,-11.34356,1.4715593927531492,0.20810992510690196,0.8969487840000001,0.04918590553380829,0.006955937468351355,-67.535351216,0.5020947575248873,0.07100692156881262
SER 104,9.866520000000001,0.20745025813435633,0.029337896857140618,-3.3221000000000003,0.15891120161901123,0.022473437654261103,-12.720060000000007,0.7356799415505383,0.1040408550906617,-5.01506,0.41922907389636654,0.059287944204535405,0.396521568,0.00622415062431069,0.0008802278227153144,-10.794178431999999,0.7184558180251311,0.10160499618169967
SER 105,10.56636,0.22612109676016526,0.03197835217769046,-3.32916,0.11847672514042333,0.01675513915191361,-7.291720000000003,1.226577303556505,0.173464225798863,-9.473780000000003,0.8809779858770496,0.12458910157794564,0.44290886399999985,0.020840542153311534,0.0029472977360421354,-9.085391136,0.5841784959510465,0.08261531518206862
SER 106,10.25758,0.44345426325605103,0.06271390333888763,-4.852719999999999,0.14423675537117453,0.020398157563860538,-11.56398,0.8564436348061585,0.12111942037509794,-5.774680000000001,0.4273670759429047,0.06043883149101883,0.31697611200000003,0.011353489139264584,0.0016056258321003611,-11.616823888,0.09535211967688868,0.013484826084807843
THR 107,15.892240000000005,0.11533265972769903,0.016310501157147324,-3.1560200000000007,0.05720122026666555,0.008089474148540917,-27.73695999999999,0.6714223696011469,0.09495346211706228,-4.11654,0.20744832706002145,0.029337623761989184,0.786560256,0.010081553459260425,0.0014257469631875485,-18.330719744,0.4162864105294868,0.05887178876024142
LEU 108,9.722500000000002,0.14508773207946124,0.020518503844072805,-7.787179999999999,0.14850854386195547,0.021002279685785708,-91.22962,1.5541609040257243,0.21979154285832092,-10.4502,1.6503751573505807,0.2333982930528822,0.12846902400000004,0.021801382707292014,0.003083181110313863,-99.61603097599996,0.17214984865047886,0.024345665072198285


