#Frame       SA_00001
       1    6047.0505
       2    6005.8834
       3    6005.7811
       4    6012.6969
       5    6034.9842
       6    6101.7114
       7    6068.0567
       8    5928.7046
       9    5953.6082
      10    6025.0307
      11    5971.7363
      12    6013.8731
      13    5920.6115
      14    6035.0630
      15    6007.5181
      16    6076.8560
      17    5964.0410
      18    6006.3958
      19    5980.9613
      20    6147.9596
      21    6052.6250
      22    6012.0755
      23    6040.0115
      24    6094.4719
      25    5944.7607
      26    5967.5376
      27    6070.0354
      28    5988.4186
      29    6023.5252
      30    6042.4566
      31    6023.3523
      32    5998.1226
      33    5931.5507
      34    5942.8230
      35    6054.1212
      36    6148.1424
      37    5904.4309
      38    6010.7100
      39    6042.3388
      40    6024.5933
      41    6029.0257
      42    6053.6471
      43    6025.6222
      44    6059.9922
      45    6046.5214
      46    6057.9545
      47    6008.7814
      48    6098.9733
      49    5962.5843
      50    6021.5409
