| Run on Mon Jun 20 15:45:50 2016
| GB non-polar solvation energies calculated with gbsa=2
idecomp = 2: Per-residue decomp adding 1-4 interactions to EEL and VDW.
Energy Decomposition Analysis (All units kcal/mol): Generalized Born Solvent

Total Energy Decomposition:
Residue,Internal,,,van der Waals,,,Electrostatic,,,Polar Solvation,,,Non-Polar Solv.,,,TOTAL,,
,Avg.,Std. Dev.,Std. Err. of Mean,Avg.,Std. Dev.,Std. Err. of Mean,Avg.,Std. Dev.,Std. Err. of Mean,Avg.,Std. Dev.,Std. Err. of Mean,Avg.,Std. Dev.,Std. Err. of Mean,Avg.,Std. Dev.,Std. Err. of Mean
ARG   1,7.770280000000001,0.033215080911913844,0.004697321790094826,-1.9563600000000003,0.05689350050752607,0.008045956002862393,-293.44123999999994,1.29755944081328,0.183502615918339,-11.649279999999997,1.2954749714294138,0.18320782743103747,1.553076288,0.005781677820530616,0.0008176527187066115,-297.723523712,0.02269446633884322,0.0032094822087211762
MET   2,9.77884,0.026175072110715854,0.0037017141975068113,-4.201840000000001,0.04059672893226907,0.005741244464399914,-4.402539999999999,0.04343188229862076,0.006142195698610142,-3.80634,0.04160750413085064,0.005884189663834354,0.5297289119999998,0.008358199159942663,0.0011820278609006325,-2.102151088,0.03566149220541476,0.005043296593135996
LEU   3,12.240200000000005,0.016006248776081203,0.0022636254101851792,0.5079199999999999,0.016893596419946134,0.0023891153174345385,-15.209920000000006,0.04535144540036287,0.006413662915841609,-6.9042,0.04134682575476358,0.005847324174346384,1.2211405919999998,0.0038045865569755746,0.0005380497908097215,-8.144859407999995,0.01734051714780189,0.002452319452898465
PRO   4,18.313380000000013,0.01744120407857527,0.0024665587352038086,-4.559900000000001,0.02951084546378521,0.004173463789198157,-0.7859799999999999,0.0425612452825358,0.006019069031005003,-4.063460000000001,0.039523770063042495,0.005589505165927041,0.4540348800000002,0.005872742662560053,0.0008305312321719507,9.35807488,0.025993616062394427,0.0036760524370557327
ARG   5,12.913379999999997,0.05585190775701476,0.007898652543438134,-5.078340000000001,0.05812524752626552,0.00822015133679379,-255.92865999999998,0.686311375690713,0.09705908555127428,48.16602000000001,0.6687831484110577,0.09458021987694962,0.6652221120000001,0.0053387861553762595,0.0007550183787542819,-199.26237788799995,0.05728894325245254,0.008101880052164098
LEU   6,12.406400000000001,0.01306751697925647,0.0018480259738605199,-3.4879399999999987,0.07158167642638076,0.010123177761959014,-31.434399999999997,0.06015845742883502,0.008507690638730296,-5.951459999999998,0.04970964091634857,0.0070300048364596674,0.8748511199999999,0.013179228686398266,0.0018638243949920977,-27.59254888,0.06521291483064784,0.009222498859538372
CYS   7,10.65722,0.028972600849483016,0.004097344505856113,-5.494819999999999,0.06574486748040673,0.009297728324721304,-5.1446000000000005,0.0778886384525113,0.011015116885431603,-0.72246,0.11380741803590853,0.016094799408504622,0.044215056,0.0038605230391831184,0.0005459604039866565,-0.6604449440000001,0.04910402060988458,0.006944357191354674
CYS   8,10.0439,0.04612472222099476,0.006523020772562245,-4.07766,0.04606239681136046,0.0065142066286037175,4.2918,0.06452658366906878,0.009125436975839934,-7.384319999999999,0.07551912075760141,0.010680016479389143,0.6242230079999999,0.011143856120324402,0.001575979246249719,3.497943007999999,0.06072569681539549,0.008587910402088896
LEU   9,13.47808,0.2491787181923005,0.035239192272229485,-7.484919999999997,0.22887759523385573,0.03236817993030584,-34.27708,0.3783218122184506,0.053502783778090014,0.7989599999999999,0.1882628970349714,0.02662439422785061,0.014942304000000007,0.0034656921414897377,0.0004901228829504642,-27.470017696,0.29704559470514486,0.04200859086751975
GLU  10,15.697599999999998,0.15633425728255596,0.02210900269125154,-3.940700000000001,0.31021839081523916,0.04387150555884684,19.394660000000002,2.0175980036667207,0.2853314460202358,-93.05666000000001,2.2950511158579996,0.32456924143858884,0.962805744,0.06347406701059716,0.008976588642536516,-60.942294256,0.4435793671101099,0.06273159569559915
LYS  11,9.989379999999997,0.3354710652203222,0.047442773021832876,-6.458760000000002,0.6190592721217971,0.0875482018547462,-26.74866,3.242528967395615,0.45856284420785054,-12.127839999999997,3.1519496655879657,0.44575299649918426,0.754399008,0.09002842892929235,0.012731942519094753,-34.591480992,0.7275793229481627,0.10289525462155258
GLY  12,6.82058,0.08555888966085491,0.01209985421399642,-1.4288800000000001,0.07025656979955029,0.009935779385633602,-3.9302600000000005,0.13921678203432616,0.01968822612628831,-3.2771600000000003,0.17580527409607377,0.024862620296338688,0.164546352,0.009804495632886403,0.0013865650696255733,-1.6511736480000005,0.14964948668636496,0.021163633367402925
PRO  13,18.362460000000002,0.030373811086440577,0.004295505557940254,-0.9992200000000002,0.024896015745485556,0.003520828311631979,-4.656479999999999,0.250575436944656,0.03543671813246968,-6.139340000000002,0.22477505288615585,0.031787992827473126,1.1829152159999996,0.007987275570969348,0.0011295713438876159,7.750335215999999,0.02884156662921056,0.004078813468711685
ASN  14,18.551820000000006,0.04982155758056105,0.007045832242898152,-1.7910000000000001,0.26706583458016253,0.03776881253097553,-85.16990000000001,0.8044275293635321,0.11376323219721883,-11.969839999999998,0.641154376418032,0.09067292147052453,0.636315984,0.03167837757885341,0.0044799991205990266,-79.742604016,0.22550332436957105,0.03189098596836666
GLY  15,5.602599999999999,0.08712887007196035,0.012321882973000959,-3.38534,0.068584141023989,0.009699262239983422,-12.548960000000001,0.49114730824877123,0.06945871844484514,0.27918000000000004,0.3204056609986783,0.0453122031245447,0.057814848,0.00811034671777329,0.0011469762323823103,-9.994705152,0.18279199084695438,0.025850691254894153
TYR  16,9.62728,0.2101053107372115,0.029713377997117797,-11.436900000000005,0.3536299336875388,0.05001082482820156,-33.602639999999994,0.8676029912352086,0.12269759169602974,2.3781799999999995,0.7136895877060284,0.10093094942583279,0.021869999999999997,0.01189310142306035,0.0016819385331170705,-33.01221,1.4191421362292538,0.2006970055990537
GLY  17,7.069959999999998,0.10694988733060182,0.015124998115721154,-3.9615399999999994,0.09996383546067525,0.014137021185531945,-18.104379999999995,0.9315690396316096,0.13174375701339017,3.05526,0.6863348689961769,0.09706240800639548,0.0032983199999999996,0.0030498857505159072,0.00043131897920680416,-11.937401680000002,0.34380952193184144,0.04862200887890202
PHE  18,9.756059999999998,0.10081555633959885,0.014257472707364955,-10.213439999999999,0.07861327114455288,0.011117595423514016,-2.21964,0.5361199030067798,0.07581880378903362,-3.7993600000000014,0.4298656422650991,0.060792182128952425,0.0,0.0,0.0,-6.476380000000001,0.22016601826803442,0.031136176900833687
HIE  19,29.55194,0.2027639425537378,0.028675151751973514,-9.417700000000002,0.3264788660847149,0.046171084024519325,-26.566080000000003,2.721605231035529,0.3848931029156006,-1.1887599999999998,2.305241259044268,0.3260103453082433,0.21171369599999992,0.03145901817570913,0.004448977016302955,-7.408886303999999,0.5479699072209945,0.07749464745642569
LEU  20,11.453759999999999,0.09320097853588484,0.013180608787189206,-9.231739999999999,0.462359981399799,0.06538757563941677,-31.672300000000003,1.025913217577207,0.1450860386115506,-0.80916,0.4195821902798069,0.05933788240239116,0.0,0.0,0.0,-30.259439999999998,0.8973678657051024,0.1269069806117954
HIE  21,28.546660000000003,0.2678002696036984,0.03787267732807216,-10.179719999999998,0.6940405475186622,0.09815215551377406,-21.67912,6.350366703238476,0.8980774717762372,-5.659819999999999,3.2131377542209436,0.4544062989792287,0.28016740799999995,0.04860986649736001,0.006874473246571206,-8.691832592,2.6116538582317714,0.36934363065353915
GLY  22,5.37464,0.38045271769301886,0.05380413932031696,-2.8223599999999998,0.28040005420827224,0.03965455595514896,-10.099000000000002,4.203137171209138,0.5944133592038449,-3.9852000000000003,3.0725242065767358,0.43452054036604526,0.08829288,0.029969426935061733,0.004238317002811384,-11.443627120000004,1.085811218277809,0.15355689510653306
GLU  23,15.513860000000001,0.2908162313212162,0.041127625849269524,-4.969660000000001,0.3365449515294855,0.04759464348011943,-0.3324200000000001,2.476123584072491,0.35017675547071936,-71.03332000000002,2.6925742807949735,0.3807875065597234,0.584670816,0.058040685516500386,0.00820819246268665,-60.236869184,0.43449905365378416,0.061447445451545665
LYS  24,9.621160000000001,0.04996413113395507,0.007065995188182707,-1.2470800000000004,0.16209575441694726,0.022923801429954534,20.69606,2.7143492878404505,0.3838669575881717,-57.7826,2.645506477028385,0.37413111391594084,1.5367376160000004,0.045609087999497144,0.006450099081635683,-27.175722383999997,0.10120721987536221,0.01431286229578131
GLY  25,6.405319999999998,0.0187717234166367,0.0026547225844924236,-1.1979600000000004,0.01735276346865314,0.0024540513442021664,-5.45646,0.17607716603805987,0.024901071623524357,-5.687459999999999,0.17314828442700453,0.024486865213830398,0.6303545279999999,0.006261096578440374,0.0008854527696558156,-5.306205472,0.020228716264657987,0.0028607724890876538
LYS  26,9.77998,0.049685205041287504,0.007026549081867686,-4.5385599999999995,0.12227103663582076,0.01729173582957953,-6.332700000000001,1.7527654292574306,0.2478784641714558,-30.183620000000005,1.7107178012751982,0.24193203159564666,0.8928668160000001,0.021726758893706937,0.003072627709389061,-30.382033183999994,0.1620321380006153,0.02291480471007791
LEU  27,11.08722,0.05918928619272543,0.008370629128093486,-2.6633999999999993,0.0415547831182581,0.005876733786731314,-26.58706,0.18825359598123934,0.026623078860217385,-7.481999999999999,0.12152217904573477,0.017185831373560966,0.88457904,0.007510776483101872,0.0010621841966355565,-24.760660960000006,0.14715628592224927,0.020811041533969787
GLY  28,4.990219999999999,0.021858902076640502,0.003091315577537041,-3.5679199999999995,0.04805282093703166,0.0067956951079435985,-6.686419999999999,0.25771030945619744,0.03644574147963217,-3.6560799999999993,0.23337179263999547,0.033003755422680324,0.0066875039999999995,0.0019671320745654063,0.000278194485882952,-8.913512496,0.10969101958780325,0.015512652757160418
GLN  29,18.983680000000003,0.08110473228956001,0.011469941237653485,-8.936179999999997,0.18613185541456126,0.02632301943169405,-78.74198000000001,0.4381550177707554,0.06196447685532267,-3.5861200000000006,0.4199266431175757,0.05938659538986821,0.094744368,0.008191216365972514,0.0011584129277090786,-72.18585563200003,0.2411122133756688,0.03409841622096664
TYR  30,8.912320000000001,0.054384718441687796,0.007691160640607706,-8.7793,0.39641757024638763,0.05606191042054305,-25.505620000000008,0.6377474700849832,0.0901911121563313,-3.6176199999999987,0.21830152450225251,0.0308724976637808,0.20312352000000003,0.01442787525180287,0.002040409685732675,-28.787096479999988,0.3479775361454762,0.04921145510181064
ILE  31,12.70928,0.08287026969932934,0.01171962593263077,-8.63962,0.17360747564545567,0.02455180465871602,-7.844019999999998,0.4161668650914413,0.05885488248226104,0.4638799999999999,0.5167579564941406,0.07308061105382194,0.00021384,0.0006588849781259245,9.318040721095826e-05,-3.3102661599999994,0.23937379684463217,0.03385256699744208
ARG  32,14.598260000000003,0.7209458456776355,0.10195713926938525,-7.40178,1.0202381739574387,0.14428346624613708,-216.82754,4.602942325121514,0.6509543463007994,11.17732,5.361798699839448,0.7582728440027375,0.793208448,0.15312624263555907,0.02165532090904409,-197.66053155200007,0.9296488755835044,0.131472204809509
LEU  33,11.831979999999998,0.3687808286774546,0.05215348494588451,-4.671200000000001,0.31112029827702975,0.04399905453529381,-35.28134000000001,0.49803833627519545,0.07043325697421136,-0.30404000000000003,0.38676830066591544,0.05469729762977326,0.646951536,0.051846506769446576,0.007332203303501983,-27.777648464000002,0.46463777874295026,0.06570970482891896
VAL  34,11.02566,0.1472189675279871,0.020819906051664363,-6.3864600000000005,0.04279635965814942,0.00605231922487517,-29.40454,0.25385469938554117,0.03590047587431773,-2.91784,0.3260205735839421,0.04610627167750665,0.12127680000000002,0.009369904617998654,0.0013251046188915991,-27.561903199999996,0.2622360634711676,0.0370857797504257
GLU  35,16.589480000000002,0.5821344944254787,0.08232624971417168,-4.070800000000001,0.21908126346173584,0.030982769404942,41.5427,5.391404949547019,0.7624597999894827,-111.85550000000005,5.29430255746605,0.748727448007505,0.37620950400000003,0.026136535985512285,0.003696264366416392,-57.417910496,0.9637064341027309,0.13628867092542954
PRO  36,17.825060000000004,0.039938157191820436,0.005648108355686103,-1.7615200000000002,0.1546705194922393,0.0218737146365217,-7.609960000000001,0.5821426959088313,0.08232740957907056,-2.9255199999999997,0.5889643873783926,0.08329214243852842,0.961529616,0.024199487453739427,0.0034223243359555854,6.489589616000002,0.14742475354930248,0.020849008589893466
GLY  37,6.2107399999999995,0.042873679571560505,0.006063253911893917,-1.6097800000000004,0.08657119382334788,0.012243015641580849,-20.118259999999996,0.6774881492692539,0.09581129290436267,4.313100000000002,0.33208675071430815,0.046964158674458766,0.3042518400000001,0.011141797025612481,0.001575688046282938,-10.89994816,0.3319951043871025,0.046951197926571174
SER  38,12.534599999999998,0.03468947967372279,0.004905833262624457,-4.906420000000001,0.09034292224623511,0.012776418590504369,-8.165199999999999,0.5632358298262109,0.0796535749354692,0.5612799999999999,0.43179152562318784,0.0610645431654082,0.002633471999999998,0.005742618094181084,0.0008121288392320024,0.026893471999999995,0.18258927684049683,0.02582202316517263
PRO  39,19.4179,0.03024119706700593,0.0042767511034557245,-7.866200000000001,0.06616615448998259,0.009357307304980684,-8.903440000000003,0.22024651279856416,0.03114756054651089,-0.6118200000000001,0.13991621635821877,0.019787141076972128,0.13147891199999998,0.008612214557491038,0.001217951062927083,2.167918912,0.07410187061755914,0.010479587042456849
ALA  40,9.54368,0.05684239263076542,0.008038728257616493,-6.99914,0.028780555936320798,0.004070185253778236,-9.24664,0.17267805419333443,0.024420364616440985,0.03654000000000001,0.1347739158739554,0.01905990996830783,0.0,0.0,0.0,-6.665559999999996,0.09136129596304987,0.012920438382692741
GLU  41,17.467840000000002,0.05543261133804277,0.007839355075201667,-5.9743200000000005,0.06334427835240797,0.00895823375447118,30.81674,1.333166213343404,0.1885381739807825,-105.63696000000002,1.3115243338938576,0.1854775500375033,0.57449808,0.013101594029675983,0.0018528451965474145,-62.75220192,0.04862990591958456,0.0068773072488404145
LYS  42,11.585739999999998,0.34799769022232835,0.04921430531869277,-3.6798800000000025,0.08927925626921152,0.01262599350545021,-38.74276,1.7965705058251846,0.25407343750974676,-4.624019999999999,1.7311351245931095,0.2448194771500013,1.3097167199999995,0.010258829061690981,0.0014508175193110638,-34.15120328,0.29873685887537177,0.042247771740228805
ALA  43,7.33712,0.02578886581446031,0.0036470963793029643,-3.935900000000001,0.04645869132882886,0.006570251136733508,-9.064780000000003,0.10555610640775118,0.014927887727313927,-2.50546,0.07329016577960988,0.01036479464340968,0.17568216,0.0024215218500770815,0.0003424549041961797,-7.993337839999997,0.06646939457006616,0.009400191928371613
GLY  44,6.202920000000001,0.047991599264792434,0.006787037056024412,-2.1000999999999994,0.028318368597105043,0.00400482209343063,-11.817620000000002,0.14056584080050133,0.01987901184664463,-0.97812,0.09944016090091715,0.01406296241906398,0.2710810079999999,0.004997179906946716,0.0007067079598022366,-8.421838992000003,0.03097143970956242,0.00438002300834838
LEU  45,10.314640000000002,0.029744081763340934,0.004206448383005099,-7.464639999999998,0.05905819502854096,0.008352090037863791,-27.824140000000003,0.1441017709809499,0.020379067888324102,-1.6920600000000001,0.15070838198321657,0.021313383776396987,0.004495247999999999,0.0010190099842965234,0.0001441097739985738,-26.66170475199999,0.05543923347999868,0.007840291587498268
LEU  46,10.772960000000001,0.029763037479074585,0.004209129126032601,-3.4939,0.0456325541691494,0.0064534176991736004,-31.5625,0.1893148964039851,0.02677316940537732,-0.60126,0.1691045605535227,0.023914996299393407,0.860738544,0.014990935009938748,0.0021200383603709027,-24.02396145599999,0.047756090276860876,0.0067537310555450545
ALA  47,6.98858,0.0237209527635168,0.0033546493110577003,-3.409059999999999,0.044949042259050886,0.006356754517843115,2.383479999999999,0.31098856827865007,0.04398042510026582,-8.0622,0.20713126272969234,0.02929278409437957,0.4144741920000001,0.006677786482230833,0.0009443816209802565,-1.6847258080000005,0.1302322414653961,0.01841762021386109
GLY  48,6.130760000000002,0.03230576419123125,0.004568724986206631,-2.6548199999999995,0.07106973758219487,0.010050778676303683,-11.43606,0.34725837124535863,0.049109749826277735,-2.5436,0.2789488842064087,0.03944932952535452,0.211273488,0.008116033055049914,0.0011477804019119932,-10.292446512000001,0.05312426043923014,0.0075129049604199735
ASP  49,12.11076,0.04154301866677088,0.005875070042046604,-8.443800000000001,0.07036362696710678,0.009950919555464366,33.861760000000004,1.35639832733594,0.19182369104986668,-99.55434000000005,1.2999693320969692,0.18384342601206277,0.016672608,0.0031387536871720326,0.0004438868033347247,-62.00894739199999,0.19570072213197032,0.027676261540524095
ARG  50,13.201179999999997,0.12644646139781943,0.017882230062288226,-8.615480000000002,0.21230753542911113,0.03002481959978553,-207.833,1.347189489265559,0.19052136468058364,2.6887,1.336202054331605,0.1889675067306547,0.43901107199999984,0.011462859629385935,0.0016210931551456618,-200.119588928,0.08069308970389097,0.011411726184903137
LEU  51,12.784579999999998,0.07841277702039243,0.011089241272557634,-8.792119999999999,0.15379202059928684,0.021749476131627386,-33.213719999999995,0.31953704261047167,0.045189361934031856,-0.4585000000000001,0.13313095057123253,0.01882755958694592,0.0,0.0,0.0,-29.67976,0.3241616609041494,0.045843381725203636
VAL  52,12.598559999999997,0.0834362415264996,0.011799666436021296,-6.503599999999999,0.029981994597187533,0.004240094338633947,-32.424,0.08561425115135264,0.012107683511065927,-0.37964000000000014,0.04041918356424252,0.005716135757659946,0.05911372800000001,0.0021526239949454184,0.0003044270048341563,-26.649566272,0.047137841912448124,0.006666297533358304
GLU  53,15.46902,0.03096352047181626,0.004378903059005953,-7.953179999999999,0.17097224219155976,0.02417912636966413,8.727800000000002,0.5920297289832318,0.08372564720561543,-85.67496000000001,0.6297975535024735,0.08906682417125929,0.32112460800000003,0.005127492172191429,0.0007251368970874999,-69.11019539199998,0.03232188388274618,0.0045710046548428
VAL  54,11.327100000000003,0.03553209816397364,0.005024997512306366,-6.896380000000001,0.06273081858212054,0.008871477441760103,-25.945019999999996,0.057924602719381886,0.008191775876082332,-2.20556,0.0496419822327673,0.007020436453666373,0.0013128480000000006,0.0008771013994379427,0.00012404086946615599,-23.718547151999992,0.10147734153951718,0.014351063267875185
ASN  55,17.328179999999996,0.04638736466121107,0.006560164022663113,-4.583540000000002,0.12139822239218968,0.01716830125550198,-89.75928000000002,0.3334065410209765,0.04715080520957666,-7.2588,0.20219010856124223,0.02859399937049972,0.4030659359999999,0.009931386743650558,0.0014045101826042987,-83.87037406399999,0.11965586362894925,0.016921894516152558
GLY  56,6.06476,0.016153711647701196,0.0022844798094843266,-2.0813199999999985,0.018092473573478755,0.002558662150449047,-8.227000000000002,0.05569093283430759,0.00787588725154869,-6.31868,0.048857932825836864,0.006909555123181213,0.33547003199999986,0.004781681573909364,0.0006762318932772149,-10.226769968,0.04561020041688075,0.006450256401210774
GLU  57,13.834320000000002,0.019598408096568497,0.0027716334531089843,-3.42118,0.0361351297216437,0.005110279053045964,5.4767600000000005,0.6892883448891286,0.0974800925727909,-86.17433999999999,0.682303557372136,0.09649229444910838,0.7080651359999998,0.0044274248735123,0.0006261324302509079,-69.57637486400002,0.0652195657903414,0.009223439447278515
ASN  58,20.355519999999995,0.012884471279416892,0.0018221394027357993,-4.940479999999997,0.02526914323890291,0.0035735965078004892,-92.36418000000003,0.13603156837025043,0.01923776889000911,-4.431559999999999,0.12018671474005392,0.01699696820024506,0.56672208,0.003982323579814367,0.0005631856016331652,-80.81397792,0.03169955414885018,0.004482993939848423
VAL  59,12.848159999999996,0.06304739804369487,0.008916248538572822,-6.69974,0.08811397392010781,0.012461197695240565,-31.37598000000001,0.10905878964776763,0.015423241941586749,0.056440000000000004,0.08516012212297491,0.012043459967966018,0.0,0.0,0.0,-25.171119999999995,0.1503197445455881,0.02125842214288298
GLU  60,16.750960000000003,0.03514254401528256,0.004969906236270603,-5.20496,0.04921217735487024,0.00695965286491676,-26.071319999999993,0.8134417358362867,0.1150380335019989,-52.11508000000003,0.8039047167401673,0.11368929532696458,0.38666822399999995,0.0037476073563138096,0.0005299917149748169,-66.25373177600001,0.05248291154621632,0.007422204530148663
LYS  61,9.480740000000003,0.028375912318783184,0.004012960004593296,-1.80024,0.06598350096804281,0.009331476196186439,-3.9184600000000005,0.6390238871904478,0.0903716247945106,-38.60212,0.6210634312212067,0.08783163275270003,1.32769296,0.007897165336468743,0.0011168278323136782,-33.51238704000001,0.09876856454288993,0.013967984351267733
GLU  62,15.750299999999998,0.06005838825814934,0.008493538720894384,-4.5551200000000005,0.09741573589516112,0.013776665489149239,-31.72478,0.9013617762031365,0.1274718048511178,-54.90274,0.9369801238019648,0.132508999875476,0.300940848,0.004926683768143369,0.0006967383002431737,-75.13139915199997,0.08476895985118485,0.011988141268980599
THR  63,14.650019999999998,0.03378490195385607,0.004777906654658853,-3.9079800000000002,0.052324177967726385,0.007399756212198214,-27.91002,0.2888675468096616,0.04085204024276683,-7.825120000000002,0.27051851249032854,0.03825709492368181,0.551739024,0.003686490024235552,0.0005213484189827037,-24.441360976000006,0.09362976696127803,0.013241248627847172
HIE  64,31.008159999999997,0.26843452535076956,0.03796237463602427,-10.3982,0.4196209241685018,0.059343360201462726,-16.4311,3.1856085274245447,0.4505130783895175,-6.293920000000002,1.4306881538616263,0.2023298590717637,0.12969403200000004,0.033259948534881414,0.0047036670301860446,-1.9853659680000006,1.284299867409626,0.18162742906446608
GLN  65,21.11472,0.03580169828311485,0.005063124726797057,-4.203379999999999,0.049388618122143395,0.006984605357520081,-74.35072000000001,0.22636174941838128,0.03201238560299748,-11.462239999999998,0.22732395914207945,0.03214846260710761,0.771535728,0.011571669747776289,0.0016364812296607678,-68.13008427199999,0.07869963244633103,0.011129808755937902
GLN  66,20.958319999999993,0.02259861943611938,0.0031959274097468253,-6.25628,0.0392234827619819,0.00554703812855021,-73.4091,0.09367694488344037,0.01324792059358383,-10.752419999999997,0.0834680992960131,0.011804171804992592,0.6848229600000001,0.0045855221828720654,0.0006484907661580354,-68.77465704000001,0.06078560985377689,0.008596383385233091
VAL  67,12.662879999999998,0.025299517782717565,0.0035778921169818474,-7.048500000000001,0.184741792781133,0.026126434888819824,-28.439419999999995,0.2938184534711995,0.04155220417744585,-0.3215999999999999,0.18637971992682056,0.026358072767180864,0.0,0.0,0.0,-23.14664,0.20766586238491244,0.029368387902664793
VAL  68,13.049820000000004,0.05885293195623835,0.00832306145579332,-5.738859999999999,0.1573156076173595,0.022247786586543396,-31.340580000000003,0.32515602962185886,0.04598400669786206,-1.6581799999999998,0.2214267996426842,0.0313144783127554,0.069875712,0.013965658093489665,0.0019750423083278665,-25.617924287999994,0.2536220764078088,0.03586757801731486
SER  69,14.548239999999996,0.0507927396399203,0.00718317812688608,-4.2884,0.05368277191055413,0.007591890410168708,-7.247019999999999,0.3421903265728088,0.04839302007521447,-5.667280000000001,0.2833162219146465,0.040066964347199856,0.40159296000000005,0.007008794798762055,0.0009911932660299305,-2.2528670400000004,0.09885778459852756,0.013980601972539575
ARG  70,14.196980000000003,0.08089165346302309,0.011439807341019178,-7.211859999999998,0.17502457084656126,0.024752212183973755,-220.28658,0.9405366572355163,0.1330119696571522,11.26328,0.8044450519457588,0.1137657102645621,0.6737831999999999,0.01074319361144722,0.001519317010850865,-201.36439679999995,0.1602414365004037,0.022661561275301802
ILE  71,13.85404,0.06555607065711672,0.009271028421918336,-7.713800000000001,0.07087679450962135,0.010023492405303744,-9.755439999999998,0.5371312375947261,0.0759618280980707,-0.49834,0.5481358448414043,0.07751811457975484,0.0030513599999999995,0.0017387801738000138,0.00024590065037734265,-4.110488639999998,0.1010491615467831,0.01429050947258905
ARG  72,12.637940000000004,0.02867989539620455,0.004055949703675416,-3.0299,0.15656746149823433,0.02214198274771304,-177.84432,2.5203076355055467,0.3564253239484411,-31.919399999999996,2.3963822232691054,0.3388996240776959,1.429189488,0.03998808801064045,0.005655169639801668,-198.72649051200003,0.11825943753002612,0.01672441004335767
ALA  73,8.38754,0.029233686048637412,0.0041342675288140165,-1.9714999999999998,0.22003683782494457,0.031117908027372583,-11.022460000000002,0.1790148831799832,0.02531652756597675,-2.62222,0.30880973365488035,0.0436722913527555,0.5653873439999999,0.01124410917934455,0.0015901571698232874,-6.663252656000002,0.11575356084172905,0.016370025563535243
ALA  74,8.60924,0.7410355878093764,0.10479825784811386,-3.566380000000001,0.10953317123132286,0.01549032962850713,-0.9981199999999998,1.8495413122177076,0.2615646407907613,-3.214660000000001,1.181952564361189,0.1671533346601252,0.08417548799999999,0.007606165052761771,0.0010756741775263966,0.9142554879999998,0.37572209283555613,0.05313512793712465
LEU  75,12.600839999999998,0.46437219382734457,0.06567214544995784,-1.3102799999999997,0.6185954102642544,0.08748260188174574,-23.758660000000006,1.279966899728195,0.18101465489842566,-6.5122800000000005,0.8932159658223685,0.12631981329941763,1.070607024,0.11539590445721365,0.016319445312570142,-17.909772975999996,0.6775368287377292,0.09581817722081537
ASN  76,19.25402,0.5688657658886358,0.08044976812894666,-2.72988,0.22374571638357904,0.03164242266325415,-80.15982,2.43734983693366,0.34469331956394333,-18.765399999999996,1.1847902768001481,0.16755464780185428,0.8434192320000001,0.09763145222670853,0.013807172385319212,-81.55766076800002,1.0008753428958241,0.14154514841680965
ALA  77,7.540900000000001,0.569735210426724,0.08057272615469623,-3.148239999999999,0.20176258919830775,0.028533539002375815,-4.037000000000001,0.577944807053402,0.08173373844380227,-1.43936,0.5513350618271976,0.07797055218478317,0.375548832,0.028707065135770735,0.0040597920850934804,-0.708151168,0.7749153980567877,0.10958958656236546
VAL  78,11.084679999999999,0.13157438048507594,0.01860742733428323,-7.391499999999999,0.30894726087153507,0.04369174063825435,-20.629759999999997,0.23878723248926656,0.033769614270785814,-1.7136999999999998,0.10392713793807808,0.014697516797064943,0.0008789760000000004,0.0011272697101510358,0.00015942001125479827,-18.649401023999996,0.11503454140275658,0.016268340859314768
ARG  79,12.613400000000002,0.05773976099621552,0.008165635308902904,-7.0454599999999985,0.04399509518133392,0.006221846028333763,-192.54348,0.6583151294003072,0.09309981843133135,-12.0627,0.6462198155426275,0.09138928274146237,0.8412350399999999,0.008669188336821853,0.001226008372070012,-198.19700496000002,0.07802979173926114,0.011035078974681119
LEU  80,11.220600000000001,0.06013883936389111,0.008504916225379177,-7.800140000000002,0.20005459354875813,0.028291991941169083,-35.3584,0.09480295353785219,0.013407162264625695,0.20792000000000002,0.09912675521775141,0.0140186401622982,0.0011429280000000005,0.0005678875293717918,8.031142459401374e-05,-31.728877072,0.16882021141272943,0.023874783258257513
LEU  81,13.65204,0.04108963859733427,0.005810952417735912,-7.155560000000001,0.052449274542010586,0.007417447539394127,-35.186040000000006,0.06285537685614674,0.008889092641803467,0.6308,0.06864808810156275,0.009708305722421314,0.24112151999999992,0.0036287734999082186,0.0005131860698350286,-27.817638479999985,0.16910986394730995,0.023915746312535464
VAL  82,12.021360000000001,0.06677866725214394,0.009443929690518202,-6.60236,0.024856194398758254,0.003515196722770608,-33.14582,0.06345981090264703,0.008974572524415544,1.1302999999999999,0.07198201164180185,0.010179793711073418,0.0,0.0,0.0,-26.59652,0.07258436195203899,0.010264978908877119
VAL  83,11.3289,0.0416644932762521,0.0058922491460678345,-4.974000000000001,0.03264291653604762,0.004616405528069151,-31.53849999999999,0.07993478592172085,0.011304485835588756,-1.17682,0.08416832896048124,0.011903199233819271,0.223934976,0.003695393765137618,0.0005226075980966596,-26.136485024000002,0.030100621968124346,0.004256870782318697
ASP  84,13.981060000000003,0.02807661660382094,0.00397063319866732,-3.85086,0.041878877730873905,0.005922567686396646,26.593840000000004,0.5866454929511162,0.08296420124365185,-96.74632000000005,0.5614477870544549,0.07940070750167715,0.38164665600000014,0.003935670488435759,0.0005565878581777394,-59.64063334400001,0.053282148716881944,0.007535233734779464
PRO  85,18.043259999999997,0.022278069938245045,0.0031505948650162484,-3.7039400000000007,0.02904094351073231,0.004107009617698856,-4.8594599999999994,0.12621508784613364,0.017849508900811377,-7.196439999999999,0.1223163374207066,0.0172981423280167,0.6324148800000002,0.005238550387565134,0.0007408429005269446,2.91583488,0.034915152111405355,0.004937748164826906
GLU  86,14.630420000000004,0.017605783138035635,0.002489833729000954,-2.237799999999999,0.02007685234306459,0.0028392956873323993,9.13108,0.7579667496664931,0.10719268572062071,-89.01100000000002,0.7570515438169302,0.10706325606813921,0.7346246399999998,0.004653921160686001,0.0006581638423657279,-66.75267536,0.033701799448637826,0.0047661541856641705
THR  87,13.216980000000001,0.010319864336459409,0.0014594492106471317,-1.9556999999999995,0.016407620180957785,0.0023203878986176995,-31.5084,0.09588868546528222,0.013560707946312998,-8.428919999999998,0.08785985203734262,0.012425259433930334,0.569111184,0.005365018590212158,0.0007587282052661816,-28.106928816000003,0.023082543339171084,0.0032643645844320493
ASP  88,12.786379999999994,0.018623522765509135,0.002633763847414711,0.15553999999999996,0.01048467452999972,0.001482756891739336,-2.965779999999999,0.6947827945480556,0.09825712509533399,-82.07502000000001,0.6787783582273456,0.09599375600504552,0.9445086720000002,0.0023968589383125223,0.00033896704176567465,-71.15437132800001,0.020549740710743752,0.002906172201638434
GLU  89,14.987139999999995,0.01221803585663954,0.0017278912014020412,-1.4618799999999998,0.017055954971811053,0.0024120762840360013,35.8641,1.0707584461492998,0.1514281116569881,-115.93862000000001,1.0607446231760616,0.15001194323099243,1.0030557599999999,0.002799535272329557,0.00039591407504703155,-65.54620424000001,0.024191561655876444,0.0034212034588725396
GLN  90,19.664219999999997,0.0073601358740120245,0.0010408803973936558,-1.3878400000000002,0.007313986601035812,0.001034353904619994,-66.67184,0.050655053028824046,0.007163706299609129,-10.611880000000001,0.05881688193038911,0.00831796321224533,1.2515065919999997,0.005080669734983988,0.0007185152045152874,-57.755833408000015,0.015340743322057331,0.0021695087262937965
LEU  91,8.347660000000001,0.008760388118713842,0.0012389059689137238,0.05109999999999999,0.01694609099468082,0.002396539171388619,6.374480000000002,0.6662090434690691,0.09421618646495643,-113.3658,0.6581467921417399,0.09307601194791948,1.4881236480000004,0.011227599786639009,0.0015878223891162154,-97.10443635200004,0.017271466621218652,0.002442554233780163
THR  92,8.614719999999998,0.20341721067805707,0.028767537816101345,-0.78592,0.54635240788341,0.07726589850639155,-96.88663999999999,4.792961016991871,0.6778270474155447,-52.547259999999994,4.381833387110942,0.619684820411153,1.048104864,0.1118288993252483,0.01581499460910216,-140.55699513599995,1.0135392227295819,0.14333609147812598
THR  93,13.836400000000003,0.6637431732228669,0.09386745975043329,-2.2602800000000003,0.7216132770397155,0.10205152831780591,-32.071859999999994,2.1998412670919305,0.31110453549894224,-4.48154,2.2273189642258266,0.31499046869389585,0.6316652159999997,0.09626926851145873,0.013614530516864207,-24.345614783999995,1.0997368365082165,0.1555262749231203
GLU  94,15.347539999999997,0.4602567635571709,0.06509013571964979,-3.3784799999999997,0.5078861777997107,0.0718259520786184,-0.5197999999999999,3.9370048717267294,0.5567765684724888,-78.68455999999996,3.4283727927994496,0.48484513004479063,0.7088086079999999,0.06746979363441495,0.009541669720830353,-66.526491392,1.1989757606063471,0.16956077816060933
SER  95,11.90214,1.2130624387887117,0.17155293529403784,-3.8358199999999996,0.40762368380653186,0.05764669419836795,-16.142740000000003,4.1445670597059765,0.5861302946000972,-3.45242,2.4875642310501243,0.3517947072825285,0.2772439199999999,0.038040380934118184,0.005379722263486884,-11.251596079999999,0.46800040774260504,0.06618525238257304
ASP  96,16.646900000000006,0.15719634219592668,0.022230919908892154,-4.42996,0.22263422558088083,0.03148523412649127,44.43654000000001,4.211405752049857,0.5955827131204972,-117.43741999999999,4.353193200812522,0.6156344864219413,0.676901376,0.030834922144053346,0.004360716509083871,-60.107038624,0.27942003086958633,0.03951595972544779
LEU  97,10.69804,0.44848598461932854,0.06342549619829058,-8.1923,0.268642532001159,0.03799179121862872,-7.287419999999997,3.081786618765168,0.4358304432597624,-96.34214000000003,3.1566029969563805,0.44641107693232707,0.24304622400000003,0.028594329719652492,0.004043848889650061,-100.88077377600001,0.5575363277180854,0.07884754361746069


