#Frame       SA_00001
       1    4967.5519
       2    5016.9241
       3    4833.7639
       4    5119.2045
       5    4930.3514
       6    4889.5679
       7    5071.6165
       8    5068.5619
       9    4929.1180
      10    4901.7098
      11    4961.4283
      12    4954.2465
      13    4781.2634
      14    4819.1058
      15    4838.3734
      16    4880.7369
      17    4870.6661
      18    4818.9362
      19    4870.0564
      20    4686.2665
      21    4854.4146
      22    4888.0204
      23    4898.3292
      24    4819.2851
      25    4748.5928
      26    4771.4512
      27    4823.9920
      28    4987.9272
      29    4831.8052
      30    4869.5478
      31    4852.9731
      32    4883.5509
      33    4980.8421
      34    4893.3958
      35    4918.2528
      36    5078.6740
      37    4712.1704
      38    4739.8227
      39    4880.1217
      40    4867.8373
      41    4831.5997
      42    4832.7721
      43    4926.8278
      44    4749.5101
      45    4999.6883
      46    4912.4854
      47    4655.7857
      48    5041.8156
      49    4888.0106
      50    4849.5126
