| Run on Mon Jun 20 15:45:41 2016
| GB non-polar solvation energies calculated with gbsa=2
idecomp = 2: Per-residue decomp adding 1-4 interactions to EEL and VDW.
Energy Decomposition Analysis (All units kcal/mol): Generalized Born Solvent

Total Energy Decomposition:
Residue,Internal,,,van der Waals,,,Electrostatic,,,Polar Solvation,,,Non-Polar Solv.,,,TOTAL,,
,Avg.,Std. Dev.,Std. Err. of Mean,Avg.,Std. Dev.,Std. Err. of Mean,Avg.,Std. Dev.,Std. Err. of Mean,Avg.,Std. Dev.,Std. Err. of Mean,Avg.,Std. Dev.,Std. Err. of Mean,Avg.,Std. Dev.,Std. Err. of Mean
SER   1,4.382180000000002,0.054049122101908265,0.007643700151087807,-1.5188599999999999,0.24880377891021116,0.035186167850449764,-110.56872000000007,2.0262477641155083,0.2865547068740312,-3.42952,2.1847877355935514,0.30897564465828037,0.8484325920000001,0.06226322430451726,0.008805349624852642,-110.28648740800001,0.34706612812661847,0.049082562543698215
ILE   2,11.806999999999999,0.06493720043262123,0.009183506955435296,-3.3693199999999996,0.3103696789314379,0.04389290092942225,-4.613719999999999,0.28180823550778267,0.039853702864353746,-3.0487199999999994,0.30895566283854464,0.043692928855823904,0.33599073600000007,0.022921356490170807,0.0032415693216388116,1.1112307359999998,0.28841498270039706,0.04078803801265031
HIE   3,29.17641999999999,0.34381704960764603,0.04862307345302362,-5.476839999999999,0.3191440026069797,0.04513377768368251,-18.7233,6.245133158708465,0.8831952011871438,-10.38406,4.998774131364609,0.7069334171815618,0.908256384,0.06217242546209385,0.008792508729412346,-4.499523616,1.4352678528660998,0.20297752631613503
THR   4,14.305519999999996,0.10875463024665416,0.015380227306568952,-4.45222,0.20434258391242072,0.028898405353930758,-23.48732,0.83263342330232,0.11775214797192791,-7.63702,0.5145066953889026,0.07276223465507488,0.07921180800000001,0.006123849308787094,0.0008660430746415812,-21.191828192,0.4083856856393912,0.05775445753102623
LYS   5,9.325099999999999,0.07189054179810728,0.010166857921723317,-4.7007,0.07696187367774172,0.010884052554070725,-14.10962,2.914520096962784,0.4121753848933717,-20.913680000000003,2.6508156136555057,0.37488193921819746,1.0649825279999998,0.017516235619977567,0.0024771697975494974,-29.333917472,0.3546547611700573,0.05015575732068859
LEU   6,10.92522,0.07525457859842379,0.010642604568456298,-7.594459999999997,0.09419813373979673,0.013321627828505517,-29.154839999999993,0.27255196642159946,0.038544668736488236,-1.2634199999999998,0.19937112027573262,0.02819533422394586,0.03341088000000001,0.0044597213817904584,0.0006306998462533346,-27.054089119999993,0.18644851543329563,0.026367801921009598
ARG   7,12.312979999999998,0.06952855240864672,0.00983282217884767,-6.21276,0.06978181998198586,0.009868639622560226,-153.33114,1.475189872658807,0.2086233524989524,-43.252579999999995,1.4219961756629187,0.20110062772651735,1.2328503840000002,0.01999324751510897,0.002827472179174929,-189.250649616,0.15857572745472523,0.022425994442965197
LYS   8,12.867259999999996,0.4065011591620768,0.05748794524073931,-9.50324,0.44220079421006014,0.0625366360464021,-43.03408,12.440331136814628,1.759328501409555,1.50702,10.322277133442988,1.4597904316688748,0.18101088,0.0429192249058811,0.006069694994843817,-37.98202911999999,1.7345607445163835,0.24530393296550426
SER   9,11.598639999999998,0.16585147090115138,0.0234549399487935,-3.94226,0.2095947337124652,0.029641171501814563,-15.3434,1.7228599246601788,0.24364918715235134,-5.216879999999999,1.3050627975695328,0.18456375080714063,0.273245904,0.040714707230999306,0.005757929115412914,-12.630654096,0.6385410370869775,0.09030333947801851
SER  10,11.9505,0.08295546998252716,0.011731675072232408,-1.3701199999999998,0.16730363295517806,0.02366030667595031,-0.9021799999999999,0.11519369600807285,0.016290848719450007,-10.85702,0.11928830453985925,0.0168699138112761,0.8079861600000001,0.02835266315262403,0.004009672075983682,-0.3708338400000001,0.3663782573601311,0.05181371005173176
ARG  11,11.673599999999997,0.6238198457889105,0.08822144863921698,-3.9424599999999996,0.9021732031045935,0.1275865579440093,-180.95468000000005,4.970763251009867,0.7029720804923931,-26.073199999999993,4.791672664112212,0.677644846803991,0.9759016799999999,0.12059558341118917,0.017054790962239955,-198.32083832000004,0.9690368281025731,0.13704250247416644
GLY  12,5.551799999999999,0.2954532111858248,0.04178339383056756,-3.6151400000000007,0.32606318467437556,0.046112297795706504,-18.926879999999993,1.8205555376313929,0.25746543323717574,2.3423399999999988,0.547660464521592,0.07745088565019846,0.060631488000000004,0.013279989166993123,0.0018780740788129455,-14.587248512,1.7068532753236547,0.2413855050943651
PHE  13,8.679599999999999,0.3400242932498083,0.04808669670502053,-10.609359999999999,0.33157145594882087,0.04689128498986157,-10.290499999999998,0.8958943743545009,0.1266985974665894,-0.49398000000000003,0.47440482670394496,0.06709097399799768,0.00013377600000000003,0.00042748380954604585,6.045534011549352e-05,-12.714106223999995,0.7111284209726196,0.10056874575284423
GLY  14,5.938,0.2691493265828585,0.03806346279570639,-4.4486799999999995,0.13099457087986924,0.018525429873555477,-10.23852,0.7710000581063602,0.1090358738764459,-1.5092200000000005,0.43580171133211293,0.061631669067127866,1.9152000000000002e-05,0.000134064,1.895951270259866e-05,-10.258400848,0.37821857240069523,0.053488183463045354
PHE  15,9.116959999999999,0.10473260428359721,0.014811426940051768,-10.49676,0.19703660167582446,0.027865183437385626,-9.238119999999999,0.3035587350086365,0.04292968800260342,-0.20441999999999994,0.32953482911522414,0.04660326246090502,0.0,0.0,0.0,-10.822339999999997,0.3656580703335468,0.051711860225687696
THR  16,14.931859999999995,0.19503856131582736,0.027582617859857952,-4.998220000000001,0.5886430595870408,0.0832466998264787,-41.838820000000005,3.5726106123672956,0.5052434381087878,-0.8668400000000002,0.7488988812917269,0.10591029547687987,0.08760672,0.021499107841731455,0.0030404329888698385,-32.68441328,2.4833940347102383,0.351204952460366
VAL  17,11.7254,0.17728485552923604,0.025071864709280037,-7.2962,0.43963662267831566,0.0621740074307577,-29.757420000000007,0.3142273756369364,0.044438461629466054,1.0423999999999995,0.374623704535633,0.05297979237407433,0.0,0.0,0.0,-24.285820000000008,0.3754847368399694,0.05310156073031772
VAL  18,10.009979999999997,0.24989017507708208,0.03533980746977967,-5.158339999999999,0.2787973895143322,0.03942790494053831,-27.209139999999998,1.0419847985456465,0.14735890338898505,-2.9463400000000006,0.7182699105489492,0.10157870489428338,0.16427015999999994,0.04733138230490215,0.006693668278145854,-25.139569839999993,0.5649330836302726,0.07989360287031855
GLY  19,5.301779999999999,0.14696561366529867,0.020784076404795005,-3.9768800000000004,0.3939072296873964,0.05570689465407298,-7.453919999999999,1.0854639347302202,0.15350778179623414,-1.577919999999999,0.7549510935153373,0.10676620753777888,0.03834043200000001,0.02788348444002965,0.0039433201861309095,-7.6685995679999985,0.7017914983559508,0.09924830549331212
GLY  20,7.405779999999998,0.35005635489165676,0.04950544446826703,-4.099299999999999,0.25530806881100876,0.0361060133495812,-17.844219999999996,0.6712947874072556,0.09493541927017043,2.597539999999999,0.5826163818500159,0.08239439888730343,0.003920112000000001,0.0016175047727459717,0.0002287497186820564,-11.936279887999996,0.27289317678280967,0.03859292316853281
ASP  21,14.67708,0.7845076122001573,0.1109461304958395,-3.438259999999999,0.38796761772086447,0.05486690667424268,-15.477999999999998,5.57432366121667,0.788328412274986,-67.41838000000001,6.1636359752665,0.8716697589752602,0.5800050720000001,0.045454714573478036,0.006428267382361061,-71.07755492799998,1.169467970013244,0.16538774639536616
GLU  22,16.194380000000006,0.20875554028512647,0.029522491629174884,-1.9816799999999999,0.17644958940162012,0.02495374024069351,60.43813999999998,2.585017408143022,0.3655766677566408,-129.85562000000002,2.6836443347799714,0.3795246214831558,0.7703265599999999,0.018494569799380214,0.002615527144053935,-54.43445343999997,0.28392925294249777,0.04015366002657413
PRO  23,18.745720000000006,0.030412523732662188,0.0043009803528724485,-3.7496199999999993,0.1753711367357922,0.02480122400205438,-6.336420000000001,0.3164658016279048,0.04475502286894564,-6.3454999999999995,0.25629516187396145,0.03624560938927641,0.605431872,0.026368488647102926,0.003729067426401394,2.919611871999999,0.1457098985505685,0.020606491470222178
ASP  24,12.425620000000002,0.046141907198604074,0.006525451095402662,-1.2196,0.14072597485894442,0.019901658222369438,49.492020000000004,2.892775383537379,0.4091002180297593,-131.78672000000003,2.8974297647390426,0.409758446931744,1.0043860319999995,0.02479180860190257,0.0035060911960568576,-70.084293968,0.1496324281195712,0.021161220921751486
GLU  25,14.053100000000006,0.589667236668108,0.0833915403383104,-4.729539999999999,0.42960331516412253,0.06075508347455452,46.314739999999986,12.14856386707505,1.718066378417327,-124.9894,12.902046956975575,1.8246249788929378,0.5165436959999999,0.08026988472124531,0.011351875962291001,-68.834556304,1.2315045078980047,0.17416103771929625
PHE  26,9.70232,0.1901732305030184,0.02689455617776734,-2.6630200000000004,0.30976988168638514,0.04380807678955949,-3.143299999999999,0.7981265375866187,0.11287213739448759,-3.5192,0.5333472414853199,0.07542669023628176,0.7618692960000001,0.03688753254264992,0.005216684880429441,1.1386692960000002,0.22453439814755502,0.03175395910795527
LEU  27,12.455079999999999,0.16320181861744656,0.02308022252927468,-7.855760000000001,0.14702660439530268,0.020792701796550076,-28.714200000000005,0.3531740081031898,0.049946347213719634,-2.7741200000000004,0.2107121866432823,0.029799203210822075,0.009864864000000001,0.00475082115705316,0.0006718675712713618,-26.879135136000006,0.2036531377356102,0.028800902940553586
GLN  28,20.78676,0.14064687127630043,0.019890471286428697,-6.884619999999999,0.16375480328833716,0.02315842637141047,-87.58599999999998,3.2597097294085886,0.4609925708729158,-0.06575999999999994,2.4517385713815414,0.34672819390410126,0.349930512,0.0507021386483238,0.0071703652117780575,-73.39968948799999,0.9948133511671282,0.1406878533250381
ILE  29,13.582039999999997,0.10351887943814385,0.014639780326308834,-8.590240000000003,0.22449396962936266,0.031748241652081836,-8.361400000000001,0.3588153285465873,0.050744150401794176,-0.28308000000000005,0.4053335337718803,0.05732281807448061,0.007063343999999999,0.0022350495507849535,0.0003160837387295975,-3.645616655999999,0.2725315672767731,0.038541783861760805
LYS  30,12.325720000000004,0.2663177080104009,0.03766301145684268,-5.42582,0.7614645281298402,0.10768734629472491,-32.29234,7.284361382056748,1.0301642659731476,-9.128879999999999,6.192251340635325,0.8757165827549457,0.8042450400000003,0.01881259176631365,0.0026605022419309184,-33.717074960000005,0.860052671858267,0.12162981528971782
SER  31,10.60316,0.13245668877030678,0.01873220456859999,-3.08768,0.20684771596515453,0.02925268452638193,-15.876999999999995,1.0870036798466576,0.1537255346388605,-5.248179999999999,1.0285330658758731,0.14545654111108397,0.31367476800000005,0.044075253490280936,0.006233182125098739,-13.296025232000003,0.427198203878935,0.06041494937470163
LEU  32,10.718000000000002,0.07326172261089868,0.010360772171914855,-5.52072,0.06282580361614169,0.008884910354093622,-26.52928,0.42120318327383754,0.05956712543005814,-3.701319999999999,0.4065443857686459,0.05749405840606585,0.43864156800000004,0.009055738129018352,0.001280674767935691,-24.594678432000006,0.08167837474123474,0.01155106653116462
VAL  33,11.133479999999999,0.04482777710322513,0.006339605035041907,-3.5928800000000005,0.20479215219338007,0.028961983909945307,-25.19398,0.38984958586615426,0.05513305716174498,-3.5666800000000007,0.3769494629257198,0.05330870427988071,0.2803091039999999,0.029006329652909255,0.0041021144789809135,-20.939750896000007,0.17883555113083735,0.025291166184369728
LEU  34,12.704659999999997,0.12262489306837718,0.017341778686184955,-0.7403800000000003,0.13574268157068145,0.01919691412701501,-35.327760000000005,2.253503694782841,0.3186935488019773,1.4397399999999998,1.613631975513624,0.2282020224450257,1.145627568,0.05858454236541285,0.008285105435858801,-20.778112431999997,0.7393595666824229,0.10456123266725771
ASP  35,12.306220000000001,0.14860542251212347,0.021015980395882906,-3.16716,0.3311323215876164,0.046829182012929634,-8.839359999999997,3.48323388109384,0.4926036595560381,-72.34622000000002,3.1905344272702716,0.4512097058263893,0.654408576,0.0344290295287573,0.0048690000498912344,-71.39211142399999,0.8540538740026266,0.12078145716117969
GLY  36,6.468639999999998,0.09547245885613322,0.01350184461474509,-2.3539800000000004,0.21395237694402433,0.03025743531761999,1.63294,0.4693054191035933,0.0663698088591491,-4.45454,0.4813861738770739,0.06807828558358509,0.0006661440000000001,0.003209934500774743,0.0004539532905324952,1.2937261439999999,0.24260505666250912,0.03430953614324136
PRO  37,20.23644,0.15390453664479517,0.021765388303381632,-7.485539999999999,0.320831370660667,0.045372407562306476,-5.782600000000001,0.24421105626073977,0.03453665878453971,-5.084219999999999,0.23087817480221984,0.03265110460612455,0.13196563200000003,0.015626360237872516,0.0022099010578926974,2.016045631999999,0.39738545377651624,0.05619878982205359
ALA  38,9.54178,0.035624311923095425,0.005038038507185111,-6.0409999999999995,0.06237884256705793,0.008821700516346946,-4.028099999999999,0.16133211087692462,0.022815805924842673,-3.7171199999999978,0.10353601112665692,0.014642203112932989,0.0,0.0,0.0,-4.244440000000001,0.08496591316517117,0.012015994673759977
ALA  39,8.74882,0.020922418598313043,0.0029588768139381387,-4.07608,0.04760245371832575,0.006732003565069384,1.84514,0.1426652038865793,0.020175906621512325,-6.648019999999999,0.12309971405334051,0.017408928513848402,0.29419804799999993,0.00518541247957296,0.0007333280655110779,0.16405804799999996,0.06996672148974317,0.009894788644557588
LEU  40,12.101079999999998,0.03512995303185355,0.0049681256023177125,-3.220919999999999,0.1391480995199292,0.019678512951952505,-28.02039999999999,0.25947454595911973,0.03669524219859881,-6.731600000000001,0.2533048755945842,0.035822719048109054,0.9231887520000001,0.029745955797734498,0.004206713411490672,-24.948651247999997,0.14361239215942184,0.02030985927166979
ASP  41,16.857059999999993,0.04996615254557869,0.007066281058956033,-4.715459999999999,0.056491843659092565,0.007989153146614924,-2.3098599999999996,0.8453477866535174,0.1195502304807482,-80.12786,0.8242426586877485,0.11656551466026718,0.394322832,0.007645597708419395,0.0010812507971695365,-69.90179716800002,0.07274205189804804,0.010287279634906707
GLY  42,7.15988,0.05945641765166566,0.008408407221310466,-2.18736,0.04439403563544582,0.0062782647284121956,-1.0076199999999997,0.08493147590852694,0.012011124510220258,-6.844659999999999,0.06023408005431566,0.008518385292987993,0.35521185600000005,0.0051461325935532425,0.0007277730507573225,-2.524548144,0.0480989729390059,0.006802221986655863
LYS  43,10.448300000000001,0.03368872214903273,0.004764304776218096,-2.5431199999999996,0.08507917253946709,0.012032011968079495,-34.635419999999996,0.6349328181783289,0.08979306026635632,-7.214040000000004,0.6518933949657231,0.09219164803819663,1.0871628480000002,0.017592606611554876,0.0024879702867555485,-32.857117151999994,0.03621493871898294,0.005121565749689619
MET  44,10.757639999999999,0.04140519774164794,0.0058555792198978366,-9.68662,0.07844281738938823,0.011093489622282888,-11.475759999999998,0.20665135470170778,0.02922491485019282,-2.48804,0.1397042533353988,0.019757164978812768,0.010152719999999997,0.002046810574918961,0.0002894627274659067,-12.882627279999998,0.11759598515568434,0.016630583708779394
GLU  45,15.114660000000004,0.017376547406779082,0.002457414900988601,-5.001760000000002,0.037805586888458136,0.005346517371113195,30.663739999999997,0.9879280907031172,0.13971413045217054,-109.40516000000004,1.0002565142970488,0.1414576328370924,0.6926093280000001,0.007310831188161293,0.001033907661851791,-67.935910672,0.06771978547359038,0.009577023905774803
THR  46,13.459600000000002,0.04468870103148708,0.006319936708356555,-3.2044400000000013,0.16413106470132988,0.023211637770735667,-19.887379999999997,0.21528844743734032,0.030446384218813387,-16.646659999999997,0.21553047209159157,0.030480611673660465,0.647361792,0.013829663346933915,0.001955809746828803,-25.631518208,0.1607687513609695,0.022736134858047104
GLY  47,6.205839999999999,0.029159122071945747,0.004123722590103834,-1.8178600000000003,0.09349117819345024,0.013221649216341707,-12.907160000000003,0.13322707832865613,0.018841154104772814,-3.0993800000000005,0.16436275612192627,0.02324440388566496,0.313759584,0.006349067295259789,0.0008978937077375856,-11.304800415999999,0.049803912914218255,0.007043336910253599
ASP  48,12.8266,0.0769269783627101,0.010879117611292625,-6.369720000000001,0.11440630052582636,0.016179494182455578,1.6125199999999997,1.530682818091325,0.2164712401036221,-76.34106000000001,1.3590490412051472,0.19219855860024704,0.006492816,0.0016167200652382606,0.00022863874428206632,-68.265167184,0.20745578936718378,0.029338679091588743
VAL  49,11.511860000000002,0.07038153450949897,0.009953452064396346,-5.62304,0.05982840796823363,0.008461014596386655,-28.67459999999999,0.14889741435026807,0.02105727427764354,-0.11426000000000004,0.1431522001228063,0.020244778289722012,0.23025628800000003,0.008269565942479807,0.001169493231079359,-22.669783711999994,0.12715347922990944,0.017982217482986357
ILE  50,13.247919999999999,0.1241079916849042,0.017551520503967882,-7.57754,0.09305809153432909,0.013160401513640509,-8.607260000000002,0.16645321384688902,0.02354003925228595,-1.7198799999999996,0.1605050329428992,0.022698839441698843,0.0,0.0,0.0,-4.65676,0.11642809970104119,0.016465419763853933
VAL  51,12.694600000000001,0.06264598949629409,0.008859480797394155,-6.037039999999998,0.07516514085674662,0.010629956161729511,-31.642400000000002,0.16531218950681797,0.02337867404261332,0.7787999999999999,0.17379815879346988,0.024578771328119788,0.17948246399999992,0.01426706927636957,0.0020176682865958345,-24.026557535999995,0.13410719422519182,0.018965621288506908
SER  52,11.295560000000002,0.3400454181428645,0.0480896842160469,-6.17702,0.3547311370601659,0.05016655850265159,-13.393539999999998,2.9827117474539953,0.4218191405898994,-2.4639999999999995,1.273716483366687,0.18013071253953333,0.08049182400000002,0.0314717641379224,0.0044507795675657056,-10.658508175999998,1.202124975906413,0.17000614445942794
VAL  53,11.4408,0.13352258235980827,0.018882944685631942,-6.009720000000001,0.16935005639205053,0.02394971465382863,-26.65770000000001,0.2324341842315862,0.032871157569943577,-1.2406000000000001,0.10335085872889149,0.014616018609730412,0.009582624,0.007281144500875119,0.0010297093302735873,-22.457637375999997,0.28457449602498974,0.04024491117840289
ASN  54,19.45892,0.5065228855638942,0.07163315344168145,-3.0994799999999985,0.07480407475537101,0.010578893703981655,-91.32207999999999,1.3544738585898277,0.1915515300697552,-8.71636,0.9408754170452176,0.13305987752887885,0.554593392,0.027681125955739655,0.0039147023748364925,-83.12440660800003,0.11641099285251089,0.01646300049013383
ASP  55,14.1821,0.15941797263787338,0.02254510589905035,-1.7080599999999995,0.3015520790841982,0.042645904000267715,34.382839999999995,2.3066844028605837,0.32621443666399214,-116.4219,2.3446905488789813,0.33158931737926717,0.9591547679999998,0.08171865561775825,0.011556763107353003,-68.605865232,0.4706039348952051,0.0665534467234944
THR  56,15.162080000000003,0.07115668345199523,0.010063074679130084,-2.6296799999999996,0.19118006590647837,0.027036944206032386,-32.50221999999999,0.4620129560966947,0.06533849885040309,-8.720839999999999,0.3615710917648591,0.05113387417359106,0.520254,0.06100830589679349,0.008627877361665183,-28.170406,0.3524920056235079,0.04984989749808581
CYS  57,10.515640000000003,0.04496165477305095,0.006358538196678566,-4.5275799999999995,0.03425848216137697,0.004844881009893605,3.963079999999999,0.18550221993284025,0.026233975527933936,-6.281060000000001,0.182870709519001,0.025861823756256185,0.5712292800000001,0.006040309109959046,0.0008542287064229841,4.24130928,0.12497096792990722,0.01767356377493679
VAL  58,13.18024,0.06476034589163641,0.009158495946392496,-6.146560000000002,0.2205246616593923,0.031186896735645068,-26.905899999999995,0.8226814754206895,0.11634473000530471,-2.2202,0.2200216352998038,0.031115758065648945,0.011448144000000002,0.005319413695668342,0.0007522786992287357,-22.080971855999998,0.44451941550708657,0.0628645386148283
LEU  59,11.51786,0.3025617960020338,0.04278869953620379,-3.3906999999999994,0.2802264976764411,0.03963001135503356,-27.93135999999999,0.845155222666437,0.11952299782053281,-4.595319999999999,0.8374481820387458,0.11843305768238868,0.6533307359999999,0.055046187831493516,0.007784706538823496,-23.746189263999995,0.5589750716521262,0.07905101273589095
GLY  60,6.704799999999999,0.1636917835446059,0.023149514033782268,-1.6724,0.10015527944147347,0.0141640954529399,-9.65546,0.2815497973716133,0.03981715419263323,-2.6216399999999997,0.22585559634421412,0.031940804748785086,0.2846521439999999,0.02436761517736503,0.00344610118665181,-6.960047856000001,0.37709838290691217,0.05332976474559177
HIE  61,28.021900000000002,0.11339545846292434,0.016036539526978255,-7.7082,0.24726601060401984,0.034968694571009436,-3.73698,0.47755236320219074,0.06753610287838603,-21.805860000000003,0.3916583209891161,0.055388850935908306,0.45810187200000013,0.01157083242293032,0.00163636281404544,-4.771038128,0.1322937792608329,0.018709165684826237
THR  62,14.363320000000003,0.05103741372676016,0.007217780268083099,-5.397419999999999,0.10753475531200396,0.015207710938870822,-38.207480000000004,0.3440796558934565,0.048660211590119386,-0.39681999999999995,0.31745126807117957,0.04489438886987992,0.21192811199999997,0.011999512587446153,0.0016969873443033019,-29.42647188799999,0.16363154798655646,0.023140995439469205
HIE  63,31.358919999999994,0.20784540793625503,0.02939377947804204,-9.395760000000003,0.2940122827365382,0.04157961577502853,-19.23324,0.43486579814926557,0.06149931095548921,-5.48076,0.46740990832459617,0.06610174315402088,0.20247148800000006,0.025298819736458672,0.003577793398333198,-2.5483685120000006,0.34869675693917096,0.04931316828188902
ALA  64,9.157459999999997,0.021739558414546303,0.003074437834985352,-3.17846,0.05402858872856617,0.007640796293581641,-6.4953199999999995,0.1861334403056105,0.026323243569135724,-0.75484,0.18115731947674651,0.025619513812717057,0.5004334079999999,0.007498205519829651,0.0010604063939603896,-0.7707265919999996,0.07686736889329462,0.010870687559283302
GLN  65,20.526679999999995,0.0700061254473375,0.009900361205681696,-6.050440000000001,0.05050669658560904,0.007142725530203119,-71.60708,0.17455690648857117,0.024686074456202946,-10.784780000000003,0.13189151451077502,0.018652276858306588,0.6390845279999999,0.010110219162943924,0.0014298009058799658,-67.27653547200002,0.10398028220949765,0.014705032532005342
VAL  66,12.564819999999997,0.06233512332593199,0.008815517681973249,-6.11376,0.15483107698389043,0.02189642089474506,-29.44734000000001,0.33762438359696567,0.04774729822706852,1.4852,0.1543002268306822,0.02182134734611957,0.0013285440000000003,0.0012710610415176762,0.00017975517635183692,-21.509751456,0.30046006574439693,0.04249146999272379
VAL  67,13.13944,0.04644013781217215,0.006567627273244944,-4.989499999999999,0.2746713126629909,0.038844389556282256,-25.735559999999996,0.4067563477074558,0.057524034350923035,-0.34129999999999994,0.3909981202000849,0.05529548444493457,0.121881744,0.036674925676206414,0.005186617729031636,-17.805038256,0.34600211214136434,0.048932087960005394
LYS  68,11.41796,0.06434095429829376,0.00909918501846745,-4.46424,0.12992775838903156,0.01837455980425031,-0.42786,1.3702100424387498,0.1937769625316694,-39.29704000000002,1.3898881675872021,0.19655986967837105,1.1917588319999999,0.013313779336105764,0.0018828527303563433,-31.579421168000003,0.12637235936395694,0.017871750452159448
ILE  69,14.498059999999995,0.07713064501316828,0.010907920425220732,-4.779399999999998,0.2755187833887455,0.03896424001568989,-16.006399999999996,0.18291418753102073,0.025867972475682517,-1.2061200000000003,0.32089086244391407,0.04538082097097825,0.332417808,0.04401499189970553,0.0062246598492305474,-7.161442191999998,0.2069493177319429,0.029267053186037246
PHE  70,10.94224,0.28006203312843825,0.03960675255560204,-8.73134,0.29839226598559637,0.04219903894640704,-11.877999999999997,1.2796893216715148,0.18097539943318824,0.51792,0.5708733954214366,0.08073368982029742,0.000477792,0.0010071950889157472,0.0001424388954700225,-9.148702207999996,1.1846118791904576,0.16752941856994236
GLN  71,20.76252,0.5457933030004457,0.07718682913556384,-3.62624,0.19898518135781723,0.02814075421874951,-75.80237999999999,2.1970495569293798,0.3107097280615328,-11.225459999999998,1.6988254202242485,0.24025019493853048,0.8228210399999996,0.07457731670191776,0.010546825272524563,-69.06873896000003,0.8399592710030293,0.11878817928935019
SER  72,11.311000000000002,0.06661231117420954,0.0094204033883584,-2.1685799999999995,0.09724033936593585,0.013751860674106884,-8.613520000000001,0.16885771998929675,0.02388008777202619,-9.00968,0.2049221744956195,0.028980371840269106,0.667869264,0.009893110830749653,0.0013990971510906317,-7.812910736,0.13138124230552709,0.018580113470990225
ILE  73,13.678220000000003,0.08250097938792929,0.011667400395947276,-3.97524,0.34063849224654474,0.048173557560138594,-2.56688,3.4378088698471876,0.4861795928584415,-0.6428400000000001,1.5368561332798851,0.21734427871006864,0.186081408,0.015565567665740066,0.002201303689892572,6.679341407999999,1.6143468717635008,0.22830312404225225
PRO  74,18.298479999999998,0.04157703212261253,0.005879880271102047,-3.4100599999999996,0.07506461483283158,0.010615739635090302,-5.983339999999997,0.3886222129524146,0.05495948041967498,-2.1745000000000005,0.28540162928756657,0.040361885486185495,0.6853265279999999,0.007202657830092769,0.0010186096388449962,7.415906528000001,0.0947315383350679,0.013397062629791978
ILE  75,11.748179999999998,0.12077014366164113,0.017079477509603997,-2.1965399999999997,0.06576874941796781,0.009301105740720768,-5.54006,0.11210216947056065,0.0158536408436714,-5.865220000000001,0.23502632107912153,0.03323774107847473,0.9096325919999998,0.013650055623684956,0.00193040937901624,-0.9440074079999998,0.2596628204581661,0.03672186823359884
GLY  76,6.560640000000002,0.0668196857217768,0.00944973057812446,-1.9409800000000004,0.0704316661736738,0.009960541752334384,-16.476419999999997,0.2007172229781872,0.028385701893761696,0.046340000000000006,0.1935111996758844,0.027366616305272377,0.24480187199999995,0.005135535417269846,0.0007262743837150389,-11.565618128000004,0.07870150341897379,0.011130073351426524
ALA  77,7.5475200000000005,0.1324232970439641,0.0187274822653735,-2.27826,0.09927755234694348,0.014039966096825236,-8.48316,0.2635677036361043,0.03727410210857112,-0.27132000000000006,0.24171929505109835,0.0341842705348527,0.2677410720000001,0.005245612624314058,0.0007418416516260463,-3.217478927999999,0.16646478261629688,0.023541675323345605
SER  78,10.8094,0.22567959588755898,0.031915914525506524,-4.37386,0.20121838981564755,0.0284565775876165,-7.1834599999999975,0.713273838297773,0.10087215358066245,-7.43718,0.6219339415082511,0.08795474149811239,0.2787399359999999,0.024256323997752564,0.003430362237093765,-7.906360064,0.12825863261817558,0.01813850977400521
VAL  79,13.586580000000001,0.4240615563805861,0.059971360431446775,-6.138059999999999,0.2898233537864206,0.04098721176172117,-34.387840000000004,0.4965120083138349,0.07021740160385283,2.35618,0.2747303179483437,0.03885273416376202,0.000697824,0.0018248378850254069,0.0002580710486135165,-24.582442176000008,0.4310815439516544,0.060964136594516306
ASP  80,16.29742,1.626253892724031,0.22998703109523652,-5.052099999999999,0.30678730417018646,0.04338627663213577,19.67022,5.859360099157585,0.8286386519056419,-100.81202000000003,8.139644688780628,1.1511195911771694,0.4139688959999999,0.06176373542768609,0.008734711230465727,-69.482511104,0.4529105064487616,0.06405121807611057
LEU  81,11.411459999999995,0.5334795295042282,0.07544539858732971,-7.653279999999999,0.3167183632188418,0.04479074047166941,-32.23894,1.0024831651454873,0.14177252881994554,-3.00952,1.0556351877424295,0.14928935994236123,0.010950336000000003,0.005592871137502081,0.0007909514215260482,-31.479329664000012,0.2352252891399845,0.033265879411489875
GLU  82,15.057400000000003,0.5596184771788659,0.07914200401809306,-5.76874,0.4121718966644857,0.05828990862919575,13.187359999999998,1.29075011927175,0.1825396324308799,-94.82362,1.3190676084260562,0.18654433015231717,0.29370801599999996,0.012816601088016914,0.0018125411082199284,-72.05389198399999,0.4463765074501531,0.06312717107607414
LEU  83,10.817859999999998,0.0749461166442814,0.01059898146055387,-8.08816,0.04718659131558308,0.006673191740065409,-34.20555999999999,0.21217626257552247,0.03000625481479388,1.14246,0.1411566803236748,0.01996256917333043,0.0,0.0,0.0,-30.333399999999994,0.16477026430821465,0.023302034246047668
CYS  84,10.077879999999999,0.10111214368240538,0.014299416491627475,-3.811919999999999,0.028638323973450522,0.004050070616688827,5.367599999999999,0.12496479504252991,0.01767269079683199,-6.2993,0.07823177103973206,0.01106364316128558,0.4848386400000001,0.01986473451094414,0.002809297695831807,5.819098639999998,0.19862391868153784,0.028089663961112156
ARG  85,8.875920000000002,0.023559999999947224,0.003331887152943548,-4.09876,0.08626136099083544,0.012199198662200091,-240.93764000000007,0.7863578004769313,0.11120778663123525,-56.50478000000001,0.7973422173691596,0.11276121776561018,1.2534829919999997,0.011466217536074694,0.0016215680348637045,-291.411777008,0.05031904264000132,0.007116187254711993
ARG  86,6.901799999999998,0.7526800914067144,0.10644503933955964,-3.7482199999999994,0.9508306745157121,0.1344677635420478,-297.74264000000005,15.910997240599535,2.2501548088536754,-4.74266,15.389192557908943,2.176360482936593,1.4896756799999997,0.1826643463091732,0.025832639591244853,-297.84204432,1.705459389322531,0.24118837984564595
ALA  87,6.689139999999997,0.24293011423049454,0.03435550622536106,-2.3240199999999995,0.35286102023318244,0.04990208404465737,-3.80056,2.8295469754715157,0.40015837080835887,-2.23846,1.6566257900926205,0.2342822660126028,0.4491313919999998,0.07321654057240477,0.01035438246675348,-1.2247686079999998,1.3486310061032227,0.190725225946805
GLU  88,14.991759999999998,0.210039573414283,0.029704081335753838,-2.0009400000000004,0.32011438018308386,0.04527100979655743,-26.613940000000003,6.76784475415917,0.9571177839367503,-56.09637999999999,6.162005546540914,0.8714391815336395,0.6603704640000001,0.057897741902182644,0.008187977182884373,-69.05912953599997,0.7501225565103156,0.10608334928588667
THR  89,15.2498,0.27434576723532234,0.03879835048038451,-3.1672799999999994,0.21571351742531314,0.03050649819300828,-40.09984,0.3943629475483301,0.05577134289202779,-3.1374199999999997,0.2677024534814733,0.03785884403940521,0.313330176,0.02397084929928468,0.0033899900180649994,-30.841409824000003,0.2859853732002473,0.04044443934201208
GLN  90,20.301759999999998,0.4715478580167858,0.0666869376115321,-5.61722,0.7710326138367976,0.10904047795199763,-65.47343999999997,2.9302772849003516,0.41440378778198866,-8.27994,2.958660767374318,0.4184178183681949,0.642996432,0.07987004833436234,0.011295330558184985,-58.42584356799999,0.7213300606427198,0.10201147547083414
VAL  91,8.847620000000001,0.3280424905404569,0.04639221391569619,-6.892220000000001,0.46877134255411135,0.06629427902918682,-69.37608000000002,8.198841951983137,1.1594913484248053,-37.76862,9.089712650881768,1.2854794908951295,0.02601273599999999,0.02217197911994111,0.0031355913576073795,-105.16328726399999,1.7090142464092013,0.2416911125560727


