#Frame       SA_00001
       1    6106.4072
       2    5969.5788
       3    6091.9022
       4    6082.8287
       5    6084.0179
       6    5966.5358
       7    5966.7731
       8    6081.5889
       9    5987.5879
      10    5967.9940
      11    5986.4244
      12    6073.3436
      13    5978.3485
      14    5967.4859
      15    6092.8533
      16    5996.9062
      17    6000.6817
      18    5966.7665
      19    5982.6519
      20    5962.3216
      21    6078.9052
      22    5988.6969
      23    5927.6873
      24    6017.5107
      25    5969.1159
      26    5966.1490
      27    6084.9142
      28    5924.3562
      29    5969.7304
      30    6050.8849
      31    6106.0266
      32    5987.3091
      33    5986.6971
      34    6019.1000
      35    6074.2849
      36    5967.4002
      37    5987.7600
      38    5970.4050
      39    6100.9294
      40    5928.5219
      41    5971.7099
      42    5983.7981
      43    6085.0339
      44    5968.7995
      45    5966.0371
      46    5981.3967
      47    5982.2689
      48    5969.5163
      49    6079.8684
      50    5974.9319
