| Run on Mon Jun 20 15:46:07 2016
| GB non-polar solvation energies calculated with gbsa=2
idecomp = 2: Per-residue decomp adding 1-4 interactions to EEL and VDW.
Energy Decomposition Analysis (All units kcal/mol): Generalized Born Solvent

Total Energy Decomposition:
Residue,Internal,,,van der Waals,,,Electrostatic,,,Polar Solvation,,,Non-Polar Solv.,,,TOTAL,,
,Avg.,Std. Dev.,Std. Err. of Mean,Avg.,Std. Dev.,Std. Err. of Mean,Avg.,Std. Dev.,Std. Err. of Mean,Avg.,Std. Dev.,Std. Err. of Mean,Avg.,Std. Dev.,Std. Err. of Mean,Avg.,Std. Dev.,Std. Err. of Mean
GLY   1,1.1637999999999995,0.0028213471960563783,0.00039899874688262337,0.055480000000000015,0.024799387089200382,0.0035071629560087412,-37.43018,0.23910572473299713,0.03381465587584525,-77.65767999999997,0.22837262884095721,0.03229676689816787,1.0025262719999999,0.005460320040705288,0.0007722058656463029,-112.86605372800001,0.007959870204307795,0.0011256956397661584
SER   2,11.241900000000003,0.011552056092503241,0.0016337074399312825,-0.51272,0.012421014451318437,0.001756596709548674,-4.159260000000001,0.07993217374745598,0.01130411641836149,-12.270699999999994,0.05833943777689772,0.008250442412531004,0.8416304639999999,0.00742190369687393,0.0010496156866746124,-4.8591495359999985,0.008291852527632837,0.0011726450301775986
HIE   3,27.198479999999996,0.025859806649807828,0.003657128928450418,-1.7699599999999998,0.019829230948281734,0.0028042767338488338,-5.11248,0.09510483478776881,0.013449854720411518,-22.880880000000005,0.07030437824043353,0.009942540520182902,1.328816304,0.009965323410602139,0.0014093095520707653,-1.236023696,0.06430389043750508,0.009093943397007325
GLY   4,3.91714,0.007258126480240536,0.0010264540905775461,-2.11214,0.030386187651615753,0.004297255868572886,-6.139100000000002,0.06439231320563364,0.009106448264798324,-5.352479999999999,0.0754040423320269,0.010663741932370742,0.17153712,0.0029381664159824307,0.0004155194793991502,-9.51504288,0.04626164537793503,0.006542384631117032
GLY   5,5.670859999999999,0.008701746951345603,0.0012306128554931683,-4.0131,0.011002272492886525,0.0015559562976364565,-8.739419999999997,0.24628147230362066,0.03482945982929941,-2.2292200000000006,0.25503233442055356,0.036067018618121754,0.022438944000000006,0.0015770789276582141,0.00022303264084270636,-9.288441055999996,0.025722097726016517,0.0036376539456818703
SER   6,11.45218,0.0069618675641992716,0.0009845567528735954,-3.0975200000000003,0.02052534043558486,0.0029027214816329,-2.345819999999999,0.037112095063545666,0.005248442816694587,-6.37156,0.013984505712011555,0.001977707764101076,0.43816305599999983,0.0029111826839609933,0.00041170340342033444,0.07544305600000004,0.009262141073167474,0.0013098645522286335
PRO   7,18.8561,0.011689739090404746,0.0016531787562253319,-3.48806,0.012763087400886417,0.0018049731300086747,0.11945999999999998,0.08719133213800558,0.012330716443094459,-3.150540000000001,0.08229099829262226,0.011637704584664762,0.6115288320000003,0.006395599172835173,0.000904474308972565,12.948488831999994,0.020942028446801545,0.002961650065306991
ARG   8,13.741420000000005,0.01218210162058292,0.0017228093330035627,-5.661859999999999,0.027985717786437252,0.003957778164632551,-197.74552,0.3286356182724753,0.04647609484398019,-10.646939999999997,0.3200012131228388,0.045255005557416184,0.5504476319999998,0.005584960018835184,0.0007898326203948213,-199.76245236799997,0.034347082229989515,0.00485741095175951
VAL   9,10.745280000000001,0.007776991702786222,0.0010998327140543304,-2.2832600000000003,0.022968508876235052,0.0032482376760258427,-30.40272,0.017508900601369896,0.0024761324692699747,-2.69888,0.013318618547007425,0.0018835370981251745,0.7214412959999998,0.00607801000673639,0.000859560418376599,-23.918138703999993,0.020544496423120708,0.002905430547370284
VAL  10,10.99064,0.029066654433299553,0.004110645691238427,-4.7311,0.03144471338719529,0.00444695401371064,-21.820899999999998,0.015910059717151526,0.0022500222230161537,-1.4552200000000002,0.020764671921304018,0.0029365680649335933,0.06482073599999996,0.0019340532945890463,0.0002735164399560196,-16.951759264,0.02883045486587575,0.004077242028070687
ARG  11,12.024,0.031030952290626693,0.004388439358275673,-4.732299999999999,0.044480669959089766,0.0062905166719586245,-196.75469999999999,0.3331850687243964,0.04711948429702531,-9.863280000000001,0.3132073460185401,0.044294207657430223,1.1325409920000002,0.008769510710026114,0.001240196098149504,-198.19373900800008,0.08534366184555786,0.012069416404457117
ILE  12,14.2335,0.026612215239823177,0.0037635355716949905,-7.186600000000001,0.0787169613233565,0.011132259429228913,-14.461259999999998,0.07340321791344583,0.01038078262950228,-2.08156,0.04773391247321426,0.006750594640474986,0.012061583999999997,0.0010786621697936748,0.0001525458669741005,-9.483858416000002,0.10621995320384732,0.015021769841551636
VAL  13,11.267860000000002,0.08180098043396866,0.011568405594513467,-2.9161000000000006,0.024588005205757567,0.0034772690433682615,-20.362759999999994,0.07135560524794367,0.010091206469298272,-2.7221800000000007,0.07484829724178874,0.010585147707987035,0.6277489920000001,0.009938186238764123,0.001405471776424988,-14.105431008,0.09573475765287794,0.013538939266320143
LYS  14,11.483179999999997,0.20397447781538708,0.02884634729044904,-6.307579999999999,0.22660389140527668,0.03204662965118623,-9.19556,4.369139082977333,0.6178895747040892,-30.518780000000003,4.385857491027246,0.6202539146446366,0.6588322560000001,0.023879462568388722,0.0033770659826395993,-33.879907744,0.08992982121411577,0.01271799728227902
SER  15,11.191479999999999,0.05383687955329259,0.007613684522011315,-2.2415800000000004,0.03691671166284013,0.005220811431180552,-18.65138,0.2880035340062972,0.04072985038030864,-4.67154,0.31261197737770824,0.044210009816782615,0.38340086400000006,0.002536972955755352,0.0003587821561402977,-13.989619136000002,0.04267143862463403,0.006034652722892857
GLU  16,15.955080000000002,0.013668708784180793,0.0019330473342716735,0.49418000000000006,0.009223209853401219,0.001304358846329317,-22.277260000000002,0.6937555422480494,0.09811184968186921,-60.34451999999998,0.6844207255798536,0.09679170724842631,1.3465084320000003,0.00399911111147264,0.0005655597171281549,-64.826011568,0.01734561513175719,0.0024530404167035
SER  17,10.374680000000003,0.02385157437041849,0.0033731219958596345,-1.0938200000000002,0.017189171009659592,0.0024309158767811022,-5.312860000000001,0.029005523611879344,0.00410200048756528,-12.511799999999996,0.027924899286224283,0.003949177129848114,0.594009792,0.0056458229244441185,0.0007984399350505802,-7.949790208,0.02076030153226038,0.0029359499985877574
GLY  18,5.253100000000001,0.024589631961451787,0.003477499101364805,-2.7787400000000004,0.05415452335676161,0.007658606139498281,-12.451199999999996,0.3204915599514566,0.045324351070945984,0.18696000000000002,0.28073460492073293,0.03970186857063531,0.13365734400000007,0.005705488479985235,0.0008068779188358573,-9.656222656,0.04893520111561839,0.006920482509516253
TYR  19,10.292580000000001,0.04628135261585983,0.00654517165543205,-9.632580000000003,0.08898833406665882,0.012584850893005662,-35.504900000000006,0.3369293249325283,0.04764900208807929,2.3110199999999996,0.24960981471088362,0.03530015852655669,0.04064011200000001,0.00746151270541404,0.0010552172463815699,-32.493239888,0.16627365453675344,0.023514645731121542
GLY  20,6.557040000000001,0.05652927029419825,0.007994446072110969,-2.952079999999999,0.02372832906048016,0.003355692476978268,-19.05464,0.0839406361664807,0.011870998610086253,4.904880000000001,0.048025260020049754,0.006791797405684874,0.02550427200000001,0.002690260633250148,0.000380460307386079,-10.519295728000001,0.0545431855455544,0.0077135712733555194
PHE  21,9.65012,0.059327443902361075,0.0083901675787648,-9.604840000000001,0.06440849633380258,0.009108736904732137,-4.49164,0.2334190017972022,0.03301043180571932,-4.4975999999999985,0.1649425354479965,0.023326397064276163,0.008430912,0.0012343848995576797,0.00017456838661430212,-8.935529088,0.09109599552745144,0.012882919235280064
ASN  22,18.093720000000005,0.1312960075549688,0.018568059456967725,-6.996059999999997,0.06179657272083679,0.008739355124998262,-83.72144,0.7342819393118971,0.10384314771805028,-11.399880000000003,0.23840433217534157,0.03371546398908685,0.2498257439999999,0.006340131533153955,0.0008966300001415646,-83.77383425600001,0.46870154754699356,0.06628440852462163
VAL  23,10.673319999999995,0.03337330669963696,0.004719698295586346,-7.458680000000002,0.13777379141175408,0.019484156435406446,-23.0394,0.20226062394841107,0.028603971752188734,-0.6567999999999999,0.09603645141299262,0.013581605207043894,0.0,0.0,0.0,-20.481559999999998,0.18008788521202998,0.025468272968594195
ARG  24,12.278640000000001,0.09846943891356985,0.013925681599083948,-8.357619999999997,0.16105910592086958,0.022777197193697862,-151.97967999999995,2.4931174897325654,0.3525800566569359,-54.34584000000002,2.0671937921728505,0.29234534969443143,0.697934448,0.01348526737434981,0.001907104801303292,-201.706565552,0.5988907258918402,0.08469593869357081
GLY  25,6.541619999999999,0.2333854228524411,0.03300568302581019,-3.670640000000002,0.23906984418781246,0.033809581600482704,-19.332859999999997,1.0914503197123446,0.15435438447936484,1.1694000000000007,0.5503376418163656,0.07782949569411307,0.06855897599999997,0.017215110494522737,0.0024345842739105453,-15.223921024,0.1359836123297986,0.01923098688172864
GLN  26,20.2871,0.6498685174711695,0.09190528711670246,-7.132059999999999,0.7766446397162702,0.10983413826311153,-78.76230000000001,0.7922243179793044,0.11203743749281075,-5.086600000000002,0.15395375929147265,0.02177234943683235,0.3593250720000002,0.021126841560732173,0.0029877865865295004,-70.334534928,0.557519144595565,0.07884511355696945
VAL  27,12.460820000000002,0.3316924292171277,0.04690839319353399,-2.5115600000000002,0.20713823017491662,0.029293769439932695,-21.993499999999997,0.5737668254614562,0.08114288262073478,-6.368460000000002,0.4010635465857841,0.05671895069550695,0.6711096959999999,0.02777492009865798,0.003927966869735118,-17.741590304,0.36600563720379486,0.05176101360386133
SER  28,10.943599999999998,0.11782767077404509,0.016663349003148652,-2.2014400000000007,0.10014772288972633,0.014163026795143342,-11.206280000000001,1.7711468379555606,0.25047798791909764,-6.914020000000001,0.7641731083988709,0.10807039738984885,0.6044454720000002,0.029363027237655666,0.004152559135182324,-8.773694528000002,1.056129865766836,0.14935931797947358
GLU  29,14.54838,0.13395370692882524,0.01894391490688955,-2.1639399999999993,0.0643675104381391,0.009102940623780807,-9.68362,1.8136059758392977,0.25648261678328266,-69.86682000000002,1.5354612556487417,0.21714701322368726,0.943148592,0.037950720352392844,0.00536704234241826,-66.222851408,0.23490287345806643,0.033220282948480846
GLY  30,4.7496599999999995,0.13909113702894924,0.01967045723922346,-1.8848000000000003,0.10344467120155672,0.014629285696846704,-9.45174,0.23137232418770687,0.032720987882403955,-2.5202000000000004,0.25283907925792987,0.03575684549844903,0.2275084799999999,0.014897432222448406,0.0021068150693520494,-8.87957152,0.04283494381463941,0.0060577758486152575
GLY  31,5.31736,0.05009940518609327,0.007085125828099808,-1.5059200000000001,0.2634670256407819,0.03725986408992937,-0.24134000000000003,1.099043904673512,0.15542827956327637,-10.883919999999998,0.6600358123617535,0.0933431597493935,0.4048403040000001,0.008513000336537515,0.0012039200532418075,-6.908979695999998,0.2329465057418161,0.03294361077274984
GLN  32,18.4992,0.04166149301174272,0.005891824844591847,-1.8830399999999998,0.11954864449252962,0.0169067314404655,-67.15267999999998,0.10121490800875746,0.014313949562033,-14.83376,0.07937620802231315,0.011225490991490334,1.1462552639999999,0.007526624702150887,0.0010644254732674141,-64.224024736,0.045333186104911265,0.006411080661514905
LEU  33,11.8899,0.022695594285342194,0.003209641724444824,-3.14266,0.06455590135690012,0.009129583123014784,-23.04674000000001,0.052377403518487985,0.007407283441773397,-0.6534400000000001,0.07691557969618203,0.010877505596412929,0.7779024000000001,0.006075530142192326,0.0008592097125694926,-14.175037600000003,0.04622106379639827,0.0065366455288178495
ARG  34,11.13298,0.02226970139001382,0.003149411373575651,-3.904819999999999,0.02859278930084121,0.004043631041532597,-142.19799999999998,0.5304430600978173,0.07501597696570199,-65.16789999999997,0.5248117853121453,0.0742195944481673,1.208154816,0.013153339625432447,0.0018601631288786011,-198.929585184,0.05736583996716247,0.008112754889848571
SER  35,10.411520000000001,0.011110787548775676,0.0015713026440124678,-3.3149399999999996,0.010163483654767675,0.0014373336425529716,-12.563480000000002,0.0279429704919979,0.003951732784277462,-7.60928,0.03595777523698738,0.005085197341291098,0.5804308799999999,0.003165792758376236,0.00044771070545582037,-12.495749120000003,0.0163641012139066,0.002314233387275274
ILE  36,12.783300000000004,0.0380111825638079,0.005375592990357685,-4.350520000000001,0.03144979491179196,0.004447672649810854,-7.212719999999998,0.1851463248353,0.026183644360561583,-4.057100000000001,0.11443255655621455,0.016183207345882484,0.22574519999999995,0.0038519564633074754,0.0005447489072080133,-2.6112948000000005,0.07784077492287192,0.011008347960155698
ASN  37,19.758160000000004,0.012356957543446333,0.0017475376947610327,-3.04016,0.025334056130000136,0.0035827765768967437,-81.62560000000002,0.23935446517323253,0.03384983308625441,-17.46962,0.2463175097312131,0.034834556291184836,0.669586032,0.0071389639910964435,0.0010096019697501749,-81.707633968,0.03534076070524052,0.004997938309393328
GLY  38,6.085899999999998,0.031066541488001812,0.004393472430835859,-1.00108,0.032042996114594685,0.004531563968432819,-7.98184,0.15565633427523518,0.022013129900131764,-7.190439999999998,0.1128374335051562,0.015957622880636416,0.5334307200000001,0.0024652307938511416,0.0003486362823044076,-9.55402928,0.10663368642828872,0.015080280555272574
GLU  39,14.74056,0.03424100465823624,0.004842409317695802,-2.8250799999999994,0.24121142924829023,0.03411244746423303,14.720280000000002,2.041143591617186,0.28866129500159543,-92.7016,1.7374278229614768,0.2457093990876481,0.83065608,0.040501249369527634,0.005727741615144074,-65.23518392,0.13425801860464914,0.018986951076803413
LEU  40,11.148460000000002,0.025283362116349913,0.0035756073607332165,-3.1694599999999986,0.049602503969171916,0.00701485338408682,-19.093639999999994,0.1670839022776202,0.023629232065523136,-11.453600000000002,0.1213250180299302,0.017157948595308756,0.9227701439999997,0.005832933656876512,0.0008249013885977256,-21.645469856,0.034986707648277104,0.0049478676458975974
TYR  41,9.36384,0.3166732928429405,0.04478436655798332,-7.74426,0.15999135101622075,0.022626193846953385,-33.762519999999995,1.9937933016238751,0.2819649527725115,-0.047339999999999965,1.1191742243279195,0.15827513667029325,0.17667720000000003,0.006936656111528489,0.0009809913150441805,-32.0136028,0.41091304903849907,0.058111880690632604
ALA  42,10.502620000000002,0.07814573308880637,0.011051475557577791,-3.952279999999999,0.18378357271532655,0.02599092210753967,7.497099999999998,0.42812415255393327,0.06054589829212603,-2.1375,0.3186290162555812,0.04506094761542403,0.11260022400000004,0.00665965171949805,0.0009418169782395444,12.022540224000004,0.22725513027396144,0.03213872873523008
PRO  43,19.32748,0.13411446454420717,0.018966649466882337,-6.3007599999999995,0.2260343832252273,0.031966089031975405,1.6201399999999992,0.0859560376006413,0.012156019414267864,-9.171740000000002,0.16392093337948413,0.023181920714212302,0.12313972799999996,0.014353125205042547,0.002029838432741028,5.5982597279999995,0.052109239837422064,0.007369359370303466
LEU  44,11.811740000000002,0.02964982967790493,0.004193119125254545,-8.078299999999999,0.028605069481179607,0.004045367721290891,-36.47746000000001,0.2707810340467572,0.03829422107823348,2.7872799999999995,0.24750814451247294,0.035002937476733914,0.05385571200000002,0.004424300103412204,0.0006256905210254226,-29.902884288,0.04895017749892033,0.0069226004899543446
GLN  45,20.29572,0.1143587408116633,0.01617276822317638,-7.8119000000000005,0.5323192369245986,0.07528130843708641,-82.87638000000001,1.5569619377494677,0.22018766884639918,1.3838199999999998,0.3401515950278642,0.048104699895124614,0.004364064,0.00672248783822656,0.000950703347370819,-69.00437593599997,0.6267519810764981,0.0886361151882589
HIE  46,29.816459999999996,0.040636540213195335,0.00574687462974205,-9.67988,0.0677547459590879,0.009581968065048576,-12.526960000000004,0.19780929806231543,0.027974459208322845,-12.04866,0.13937684312685925,0.019710862183075162,0.373628304,0.013604910101765105,0.0019240248380782935,-4.065411696000001,0.12676481494166905,0.017927252052222394
VAL  47,11.4322,0.038995384342558184,0.005514780140719722,-7.435279999999997,0.053597029768844597,0.007579764640201454,-35.66463999999999,0.2859646663502287,0.04044151095119905,3.0743199999999997,0.21328810937321868,0.03016349369685219,0.0,0.0,0.0,-28.593400000000003,0.10581342069819491,0.014964277463247721
SER  48,13.39212,0.10209537501787964,0.014438466400585265,-4.442380000000001,0.020609599704843537,0.0029146375417670265,-20.262520000000006,0.2322671083035818,0.03284752946561059,-0.8195999999999999,0.27585409186742244,0.03901165979550225,0.12837542399999996,0.010013860207264691,0.0014161736916821978,-12.004004576000005,0.24034669182321558,0.03399015512478981
ALA  49,6.657140000000001,0.020619418031982428,0.00291602606290699,-3.4594399999999994,0.012472626026700085,0.001763895688536691,0.5054399999999999,0.05913684469093722,0.008363212779787478,-4.14164,0.026762481200469018,0.0037847863876458274,0.25749057600000014,0.002890082543487287,0.0004087193929377451,-0.1810094240000001,0.061544193171315764,0.008703663266818438
VAL  50,10.928500000000001,0.021097156206116286,0.002983588443419336,-5.71476,0.01788022371241184,0.0025286454872357833,-27.113740000000007,0.04172711827478488,0.0059011056582947,0.10974,0.04616570588651283,0.006528816738123387,0.15798081599999997,0.0020983020121401108,0.00029674471635232993,-21.632279183999994,0.03323611360831985,0.004700296262545892
LEU  51,14.685059999999998,0.010670351447822156,0.0015090155732797484,-2.38706,0.024633643660642003,0.0034837232955545936,-23.71294,0.013732312263116265,0.001942042224524139,-0.8269199999999999,0.020560972739639877,0.0029077606503982206,0.6680937599999999,0.0037872908886797964,0.000535603813942302,-11.573766239999998,0.020695388266895577,0.0029267698765620747
PRO  52,18.133879999999998,0.005335316313657764,0.0007545276690325236,-2.146460000000001,0.005496216880173389,0.0007772824453685147,-6.180319999999999,0.023103627421074618,0.003267346323889866,-4.393640000000001,0.022890836594460447,0.0032372531565952314,0.9260963999999998,0.002377683440025333,0.0003362552167913741,6.3395564,0.006639050725385124,0.0009389035577122577
GLY  53,5.3076,0.0060365553090156645,0.0008536978388025262,-1.23116,0.007874922221801407,0.0011136821808704815,-20.123520000000006,0.025293667182889945,0.0035770647172194236,3.0763000000000007,0.01746339027795525,0.002469696337609877,0.30884054400000005,0.0041479017506251955,0.0005866018911125255,-12.661939456000004,0.011178008474011835,0.001580809118426892
GLY  54,4.340719999999999,0.004854029254403853,0.0006864634003733691,-2.1151600000000004,0.015570947305754807,0.002202064485879525,-11.99912,0.030502878553444624,0.00431375845417008,-1.4669999999999999,0.0315188832289719,0.004457443213326595,0.076800384,0.0025606492188785727,0.00036213048538181493,-11.163759616,0.011880691330031041,0.0016801834809298344
ALA  55,9.35676,0.017263325287273867,0.002441402875292111,-4.510819999999999,0.025987450817886858,0.0036751805398159373,-5.99174,0.0264203027992214,0.003736395054066275,-0.68494,0.02968192042304617,0.004197657441955085,0.12686270400000002,0.007420510957527273,0.001049418723587323,-1.703877296,0.02647464479063407,0.003744080172192491
ALA  56,9.396260000000002,0.009568301830655964,0.0013531622217792976,-6.2802999999999995,0.026824056367199534,0.003793494431235395,-8.908980000000001,0.03940329427805076,0.005572467317019756,0.36829999999999996,0.02275895428177741,0.0032186021810718833,0.0,0.0,0.0,-5.424719999999999,0.052109515445971415,0.007369398347238305
ASP  57,17.109479999999998,0.010307744665739846,0.0014577352303768215,-5.346040000000003,0.011294175488278777,0.0015972376151345618,-25.62794000000001,0.23461393053207047,0.03317942024801132,-51.79363999999999,0.23173569082135687,0.03277237568454612,0.455184432,0.0020729686088576324,0.00029316203210201513,-65.20295556800002,0.012005932781723338,0.0016978952968852883
ARG  58,13.72884,0.016049124589234905,0.002269688965831153,-3.2558,0.00880454428119985,0.0012451505932987302,-176.82354000000004,0.31634925064930913,0.04473854007148186,-34.58094,0.31007988712651047,0.043851918179342954,1.5635528640000005,0.00444017120758913,0.000627935034103107,-199.36788713600006,0.018531691541864844,0.0026207769512220035
ALA  59,7.549940000000003,0.01937979359953723,0.0027407166944456852,-3.39782,0.011177996242769394,0.0015808073886679976,-9.47348,0.025253308693568424,0.003571357164923885,-2.8221199999999995,0.02164314210097348,0.003060802509156482,0.2580105600000001,0.0019343177550616801,0.00027355384031473067,-7.8854694400000005,0.04157079179867019,0.005878997756026761
GLY  60,6.5426199999999985,0.03717735332177944,0.005257671728079692,-2.177900000000001,0.010129659421449612,0.001432550173603444,-15.432759999999998,0.07508356944171568,0.010618420221585639,2.0225600000000004,0.047484380589823634,0.0067153055031014324,0.20410732800000006,0.003413513108277944,0.00048274365330650074,-8.841372672,0.018829310837741572,0.0026628666756872833
VAL  61,11.136379999999997,0.021719935543908563,0.0030716627420064938,-5.69546,0.02682178964949865,0.0037931738689439293,-20.472859999999997,0.0277286927199954,0.00392142933114936,-1.8296199999999996,0.05544326469466591,0.007840861687343792,0.02129947200000001,0.001017780356469834,0.00014393587836365623,-16.840260527999998,0.04029985634677976,0.005699260340730338
ARG  62,11.226040000000001,0.011317172790389612,0.0016004899247888753,-5.148439999999999,0.048872552624299945,0.006911622674907777,-148.77358000000004,0.3205717448317664,0.04533569092546912,-50.12784,0.3156684564541408,0.044642261233082674,1.280546064,0.0036256051334583516,0.0005127379951546316,-191.543273936,0.024443085377127544,0.003456774284657725
LYS  63,8.937559999999996,0.010750181396373971,0.0015203052328723007,-3.622099999999999,0.020440401170320182,0.0028907092555413684,27.321559999999998,0.4824180411220976,0.06822421364883319,-66.39694000000003,0.4517135556925613,0.06388194367681946,1.1783401919999996,0.0031902395690903904,0.00045116800658269283,-32.581579808000015,0.022074877589333873,0.0031218591274561856
GLY  64,6.27354,0.016212600038194396,0.0022928078855345073,-2.8206399999999996,0.02184835005215541,0.00308982329592331,-15.360180000000003,0.16114995376962027,0.022790045019679427,-3.030579999999999,0.10769551336989294,0.015230445561443557,0.15605121600000005,0.0020165313362618302,0.00028518059646918205,-14.781808784000003,0.033519724254001765,0.004740404864701567
ASP  65,14.530439999999999,0.026269495618599797,0.003715067698052443,-6.65008,0.028892102727146103,0.004085960352220671,-59.50768000000002,0.43981311667284734,0.06219896745083211,-12.903840000000002,0.42623117483348594,0.06027819081557336,0.009534959999999999,0.00037492647599242986,5.302261072412449e-05,-64.52162504,0.055352777086238245,0.007828064807037282
ARG  66,13.92772,0.028317514015388272,0.004004701237325229,-8.989200000000002,0.03870245470254158,0.005473353633746467,-167.23408,0.8587546760289986,0.12144625095915232,-36.711839999999995,0.8315912303531386,0.11760475963159372,0.615946032,0.0066241592448571095,0.0009367975843396043,-198.39145396800004,0.06480268659238239,0.00916448382571603
ILE  67,13.064840000000002,0.014426863830977318,0.002040266649227799,-8.417219999999999,0.07382040097435637,0.010439781223775481,-12.833239999999998,0.07183830733007858,0.010159470852412365,-0.6758,0.11041503520807365,0.015615044028116054,0.0,0.0,0.0,-8.861419999999999,0.038947703398373286,0.005508037036926418
LEU  68,13.23238,0.014085297298768064,0.0019919618469974917,-7.50162,0.026197625846347623,0.003704903777388074,-34.0356,0.03656336964850884,0.005170841324298199,-1.7767200000000003,0.03533216098684773,0.004996722125554962,0.13064846399999996,0.003521943536503408,0.0004980780315235381,-29.950911536000003,0.023474593538137804,0.0033198088552830298
GLU  69,15.47168,0.012418437907221557,0.0017562323311880882,-6.16206,0.016740860192633416,0.002367515153021404,1.0633399999999997,0.21066130256884014,0.029792007116003584,-81.87782,0.21278700054232952,0.030092626206365353,0.4006990079999999,0.0025294839976424607,0.0003577230575271682,-71.104160992,0.02945879276693269,0.004166102426213464
VAL  70,10.848740000000003,0.02129395219256379,0.0030114195987248015,-6.514319999999998,0.021821493991982976,0.0030860252754705336,-26.70778,0.07006548080304055,0.009908755320585168,-1.6444199999999998,0.04814938836579496,0.006809351804687654,0.0,0.0,0.0,-24.017780000000005,0.03137342186799077,0.0044368718703765185
ASN  71,18.43096,0.04131680529815014,0.0058430786406572476,-4.07696,0.020915028090094136,0.0029578316382425376,-89.96339999999998,0.10100118812202775,0.0142837250057968,-8.095220000000001,0.11064525114073243,0.015647601477540095,0.34615195199999993,0.004740075498909919,0.0006703479057230822,-83.35846804799999,0.08028107393180561,0.011353458355623663
GLY  72,6.128799999999999,0.020695893312553327,0.0029268413008039554,-1.21602,0.0090277128886576,0.0012767114004349966,-5.4407,0.028433958570645138,0.004021168984256106,-6.2572199999999984,0.021378765165664736,0.003023413964407256,0.509926896,0.003987248108503609,0.0005638820351592275,-6.275213103999999,0.029089425129987925,0.004113865954046565
VAL  73,10.712800000000001,0.015215781280815247,0.0021518364249431586,-2.3757400000000004,0.012816879495387198,0.0018125804809678205,-30.149259999999995,0.047484233175763425,0.0067152846556051094,-0.38697999999999994,0.05350532309966935,0.007566795358670684,0.5228687520000002,0.0032153725175126393,0.0004547223422348096,-21.676311248,0.015108484340764646,0.002136662346161089
ASN  74,20.468739999999997,0.011485312368699508,0.0016242684519906301,-4.42868,0.034381064555910376,0.004862216778379337,-92.20069999999998,0.1806129840413167,0.025542533157190545,-5.569079999999999,0.19012531025621013,0.026887779231472488,0.5881188959999999,0.004331552239513635,0.0006125739923247736,-81.141601104,0.04499962545592762,0.00636390806214824
VAL  75,13.432399999999994,0.07541034411953904,0.010664633139707428,-6.2861199999999995,0.03442536274330722,0.004868481488119853,-34.10494,0.17710781010369447,0.02504682670508434,1.6064200000000002,0.2194263511978434,0.031031572180603196,0.019986911999999992,0.007706766182119213,0.001089901325679131,-25.332253087999995,0.022722772960700924,0.003213485369574789
GLU  76,15.348639999999996,0.0811967388514814,0.01148295293042314,-5.937959999999997,0.1417547120911342,0.020047143636957532,12.806899999999999,0.2625332931268393,0.03712781437144474,-92.20984000000003,0.27714345454234296,0.03919400321367127,0.500910912,0.004269030508790692,0.000603732084371631,-69.49134908799999,0.2391682115492875,0.033823492846151985
GLY  77,6.1825600000000005,0.07000433129456829,0.009900107474163776,-3.5502800000000003,0.2657806644584993,0.03758706202937425,-12.744819999999999,0.18534418685238857,0.0262116262753661,-2.3708400000000003,0.07518360459565933,0.010632567328727758,0.05106441600000001,0.00780205900739948,0.0011033777662699514,-12.432315584000001,0.10728874077398441,0.015172919229250003
ALA  78,7.127359999999999,0.08992769540042107,0.012717696646823208,-4.235879999999999,0.4721339911508302,0.06676982935428429,-12.097039999999994,1.2068434523168765,0.17067343779276944,2.2713600000000005,0.9602688531864378,0.1358025235700719,0.08248708800000004,0.017203640839597086,0.0024329622197553856,-6.851712912,0.646732183010361,0.0914617424436411
THR  79,15.378899999999996,0.2358604884251941,0.03335571015588519,-6.664839999999998,0.21832254670560877,0.03087547065229054,-30.989480000000004,0.14306770984257136,0.020232829559702317,-5.625919999999997,0.14339760667474755,0.020279484017127064,0.117350208,0.012434721328470818,0.001758535154705342,-27.783989791999996,0.18213946226980993,0.02575840977853078
HIE  80,30.783819999999995,0.07100667292770212,0.010041859987334681,-11.260139999999996,0.20917514288288794,0.02958183239763101,-10.71694,0.39196190682259024,0.05543178445621265,-6.212280000000001,0.16949820530021753,0.023970666073346684,0.06493003199999997,0.005593836649937079,0.0007910879656040696,2.6593900319999992,0.36648664692049454,0.05182903865036032
LYS  81,11.585719999999998,0.02573483242722231,0.0036394549043976703,-3.471960000000001,0.060156449363245205,0.008507406655371171,-13.171939999999998,1.4461466510696992,0.20451602071232006,-28.617820000000002,1.3962771456985268,0.19746340762784506,1.0909212479999997,0.014886169811808353,0.0021052223239648314,-32.585078752,0.08556774964599091,0.012101107205110595
GLN  82,20.630780000000005,0.1369771207159151,0.019371490185126378,-6.106980000000001,0.046967857093816213,0.0066422580497676265,-78.86107999999999,1.7823222698502412,0.25205843265418104,-8.87924,1.3178324864716349,0.18636965753040444,0.563634576,0.04017785301765394,0.005682006464459898,-72.65288542400002,0.6516618061466053,0.09215889643330759
VAL  83,13.162039999999996,0.12762365924898084,0.018048710978959118,-7.628759999999995,0.054003910969864816,0.007637306331477198,-26.369939999999996,0.049253795794704,0.0069655386011225305,-2.0548800000000003,0.0566962573720714,0.008018061611137895,0.0,0.0,0.0,-22.89154,0.15970475384304345,0.02258566288602887
VAL  84,12.875480000000005,0.03622664212842988,0.005123220861726206,-5.824099999999999,0.3023205748869967,0.042754585718962165,-33.67738,0.3123275133573389,0.04416978052922126,-0.7882399999999997,0.19248538230213802,0.02722154382102537,0.11094364799999998,0.031912686254706,0.004513135371316267,-27.30329635199999,0.22407575243998007,0.031689096809957594
ASP  85,14.313660000000002,0.07238690765549671,0.010237054654465227,-4.205100000000001,0.1835883710913799,0.02596331642914141,-42.86846,1.890635546158943,0.2673762430882641,-38.716060000000006,2.08061467273486,0.29424334882540976,0.5268391200000001,0.010473504816247248,0.001481177255671679,-70.94912088,0.08690435850313498,0.012290132242446709
LEU  86,12.570200000000005,0.07041846348666886,0.009958674610432169,-6.2161,0.0646316485941517,0.00914029540003813,-31.44136,0.13529371899676645,0.019133421230912155,-1.2911000000000001,0.09477684316329528,0.013403469700043993,0.31730328,0.00652492256726534,0.0009227633988060916,-26.06105672,0.10622952546228157,0.015023123563321661
ILE  87,14.390220000000001,0.06479854627994881,0.009163898297116427,-7.867260000000003,0.09279069134328082,0.013122585415964347,-8.9088,0.27013670613231605,0.03820309935071166,-0.7978000000000002,0.269096190980102,0.03805594828670008,9.504e-05,0.00032229632079811276,4.5579582797564086e-05,-3.18354496,0.18801723263073386,0.026589652034624104
ARG  88,13.260039999999998,0.5531118498097712,0.07822182795102489,-3.6686799999999993,0.3040704813032729,0.043002059857640315,-174.29962000000003,1.6939364319803618,0.23955878759045174,-34.883140000000004,1.6357675752990533,0.2313324689878074,1.2243172320000002,0.056214528839651286,0.007949934908744833,-198.36708276799996,0.7834967062524913,0.11080316680569222
ALA  89,8.632739999999998,0.2366970899695233,0.03347402348091445,-1.7005399999999997,0.24841660250474756,0.03513141283808602,-6.76098,1.349584728573948,0.19086010267208894,-5.649400000000001,0.810768326959065,0.11465995639280535,0.40131547200000006,0.008594859738027451,0.0012154967208212889,-5.076864528000001,0.5350305181723972,0.07566474150829088
GLY  90,7.339060000000001,0.6984529306975371,0.09877616072716924,-0.54986,0.1688399253731179,0.023877571233272457,-14.440800000000001,4.80063333321761,0.6789120767816702,-1.6290799999999996,4.047812089709699,0.5724470755205235,0.48536150399999983,0.05604676892936252,0.007926210074709547,-8.795318495999998,0.358295719852884,0.05067066663561795
GLU  91,15.422359999999996,0.5414449467860092,0.07657187870231529,-1.4539000000000002,0.1276620930425319,0.018054146338168455,9.104060000000002,2.048253816400682,0.2896668326336296,-83.03045999999999,1.4110576772063073,0.19955369043958365,0.9415329119999999,0.06197677524338083,0.008764839610133824,-59.016407087999994,1.1586212787136065,0.16385379260108401
LYS  92,10.843119999999997,0.08635661873912735,0.012212670142155647,-3.1031199999999997,0.09984841310708553,0.014120697999747186,7.954820000000001,1.117595520570825,0.158051874243868,-50.746579999999994,1.2484703294831558,0.17656036721754856,1.25145792,0.01933710336212501,0.002734679383172756,-33.80030208,0.16954703981221983,0.023977572316265235
GLU  93,15.100120000000002,0.07784770773695998,0.011009328408126573,-4.123220000000001,0.03621286511719822,0.005121272498112928,-21.140359999999998,0.7453977397337744,0.10541515928937542,-61.90065999999999,0.7659604587721733,0.10832316690371255,0.5453066879999998,0.018816179531638947,0.002661009628569083,-71.51881331199996,0.04950422057406693,0.007000954013055465
LEU  94,12.855279999999999,0.08715228970057115,0.012325195008641673,-8.2935,0.07061225106171534,0.00998608031211718,-32.44119999999999,0.05974445581784,0.008449141969418948,0.36483999999999994,0.05975562232961893,0.008450721152659164,0.0,0.0,0.0,-27.514579999999995,0.060789502387449276,0.008596933872624241
ILE  95,13.153000000000002,0.06505966492344535,0.009200826049818554,-5.0622799999999994,0.036769574378933516,0.005200003076937405,-12.363719999999999,0.039708457537126415,0.005615623918992032,-1.1216800000000002,0.0299409017900098,0.004234282938111273,0.36149054399999997,0.0023014774896324233,0.0003254780679334557,-5.033189456,0.07769316120794652,0.01098747222839172
LEU  96,11.570699999999999,0.0169708573751649,0.0024000416665057667,-8.226779999999998,0.02762700852514474,0.003907049014405681,-35.17284,0.029312359163411017,0.004145393587404713,0.7904800000000001,0.024964967454413615,0.0035305795558234656,2.7215999999999998e-05,0.000190512,2.6942465419482306e-05,-31.038412784000005,0.02681031959393142,0.0037915517581294943
THR  97,16.26234,0.014574786453347137,0.002061186067101518,-5.308679999999999,0.010536488979714074,0.0014900845614906298,-44.70726,0.038587982583073166,0.005457164831359885,2.0109400000000006,0.03636339368096762,0.005142560451753652,0.133503984,0.0018241869131586702,0.00025797898728925026,-31.609156016,0.017473643830224653,0.002471146408878066
VAL  98,11.887420000000006,0.01544032382737987,0.002183591536411307,-6.671919999999999,0.01910794599087647,0.002702271636939011,-27.460399999999996,0.022262075383105758,0.0031483328933360377,-0.96872,0.028699853658161807,0.004058772228149551,0.0,0.0,0.0,-23.213620000000002,0.016339999996102927,0.0023108249603665076
LEU  99,11.551519999999998,0.013201878654607438,0.0018670275842149707,-8.657639999999997,0.01974817460050277,0.0027928136352142895,-33.324040000000004,0.08946216183289118,0.012651860258329138,-0.21423999999999996,0.07177758981743554,0.01015088409942703,0.0,0.0,0.0,-30.64439999999999,0.0320817705314807,0.00453704749905615
SER 100,11.996300000000002,0.009485251707146486,0.0013414171606769111,-4.896740000000001,0.010432276836414884,0.0014753467388488614,-0.19907999999999998,0.11763925195273899,0.016636702557898907,-10.73716,0.09054686300464944,0.012805260169151388,0.26469000000000004,0.0021043555425769157,0.0002976008148367267,-3.5719899999999996,0.038971231135946395,0.005511364361483203
VAL 101,7.888960000000001,0.005392439150998157,0.0007626060581613252,-2.06374,0.008411444584617785,0.0011895579010716196,-55.068720000000006,0.43627101851816846,0.061698039125871754,-55.42150000000001,0.43011036955476706,0.06082679179416555,1.0246479839999998,0.0025504466369158994,0.0003606876224035314,-103.64035201599997,0.013506441048964856,0.001910099211083879
THR 102,8.55926,0.09361341997822546,0.01323893681533349,-1.7188400000000001,0.3160618521745365,0.04469789578939898,-72.08268,1.2203156057350488,0.17257868800060447,-75.51206,1.1739416750418052,0.16602042382791096,1.0505468159999998,0.03338800849560428,0.004721777443511169,-139.70377318400006,0.5686946874716537,0.08042557398719413
THR 103,13.54564,0.30831865074954806,0.043602841742258446,-3.47856,0.6690787744354171,0.09462202771025356,-34.019519999999986,1.0125477616393423,0.14319587770608777,-1.9387,0.8559928095492391,0.12105566405583837,0.430981632,0.030033129357117463,0.004247325885734106,-25.460158368,1.4946456157002792,0.21137481006648198
GLU 104,14.817439999999998,0.07424989158287258,0.010500520368123031,-3.897140000000001,0.19419742634749737,0.0274636634118581,-66.55210000000001,2.1409532759962304,0.3027765159320977,-16.3193,1.9121864265808666,0.2704239978256406,0.5444608320000001,0.02119153836565199,0.0029969360964254817,-71.40663916800003,0.3485608455411468,0.049293947507652335
SER 105,11.64252,0.07979780448132764,0.011285113734509009,-4.033219999999999,0.040436760503334813,0.005718621512224879,-16.804380000000005,0.08482614926871361,0.011996229073969938,-2.7565399999999998,0.0905499221424302,0.01280569279656526,0.311093568,0.014803133123896113,0.0020934791629428286,-11.640526432000003,0.08340794143555746,0.01179566419877862
ASP 106,17.112720000000007,0.04269006441566203,0.00603728680752103,-4.005019999999999,0.061061441188430904,0.00863539182667261,5.6398399999999995,0.5572337161371358,0.07880474787726968,-80.71446,0.6195014837754945,0.08761074002655603,0.828623088,0.01107011079373956,0.0015655500821479273,-61.138296912000015,0.046410815036311046,0.006563480406514025
LEU 107,9.895879999999998,0.07196350186065345,0.010177176032719757,-8.308759999999998,0.11757628332284835,0.01662779744885937,-38.38864,1.2760170964372122,0.1804560683601443,-63.123420000000024,1.5053792358065272,0.21289277317924363,0.112095792,0.024368678542783757,0.0034462515692315018,-99.81284420799999,0.20601723622934026,0.029135236955815474


