#Frame       SA_00001
       1    6755.6888
       2    6743.8741
       3    6820.8297
       4    6704.8880
       5    7004.7892
       6    7101.1249
       7    7052.4244
       8    7145.1860
       9    6678.9527
      10    6690.9127
      11    6541.4938
      12    6566.8276
      13    6759.4244
      14    6824.1194
      15    6819.6639
      16    6827.4250
      17    6661.3406
      18    6732.5877
      19    6460.6190
      20    6680.3525
      21    6671.2571
      22    6688.9036
      23    6627.2202
      24    6792.0902
      25    6782.3960
      26    6864.0637
      27    6634.3512
      28    6798.6570
      29    6738.5296
      30    6804.2789
      31    6877.3595
      32    6929.2158
      33    6600.4349
      34    6798.4850
      35    6793.0458
      36    6705.7970
      37    6855.0402
      38    6981.5142
      39    6807.7390
      40    7016.3076
      41    7109.7551
      42    6987.9158
      43    7179.4136
      44    7173.4562
      45    6927.6818
      46    6993.4696
      47    7043.2665
      48    6903.4824
      49    7069.1819
      50    7071.8969
