| Run on Mon Jun 20 15:46:32 2016
| GB non-polar solvation energies calculated with gbsa=2
idecomp = 2: Per-residue decomp adding 1-4 interactions to EEL and VDW.
Energy Decomposition Analysis (All units kcal/mol): Generalized Born Solvent

Total Energy Decomposition:
Residue,Internal,,,van der Waals,,,Electrostatic,,,Polar Solvation,,,Non-Polar Solv.,,,TOTAL,,
,Avg.,Std. Dev.,Std. Err. of Mean,Avg.,Std. Dev.,Std. Err. of Mean,Avg.,Std. Dev.,Std. Err. of Mean,Avg.,Std. Dev.,Std. Err. of Mean,Avg.,Std. Dev.,Std. Err. of Mean,Avg.,Std. Dev.,Std. Err. of Mean
GLY   1,1.17636,0.060689953040018126,0.008582855468897988,-0.35556,0.11929679962178379,0.016871115197283213,-16.502399999999998,5.652457203730083,0.7993781638248584,-97.83972000000003,5.691833233817968,0.8049467754031281,0.931306176,0.03682022759526973,0.005207166523489455,-112.59001382399998,0.1476351893992095,0.020878768713188264
THR   2,14.90854,0.5816936723052527,0.08226390805206991,-1.1767600000000003,0.34421275746258906,0.04867903499454342,-29.54768000000001,1.5724232946631562,0.2223742349104021,-3.6060600000000007,1.246803631852265,0.17632466057815047,0.742934592,0.09217801791223641,0.013035940308415482,-18.679025407999998,1.4764480819680197,0.20880129016589166
ARG   3,11.77594,0.29874627428644224,0.042249103280431924,-5.571520000000001,0.45761028135300985,0.06471586661707944,-131.85206,6.590639612086591,0.9320571924126211,-74.78830000000002,7.061248471056454,0.9986113355054319,0.9027972000000001,0.1320259969159998,0.018671295542443535,-199.53314280000004,0.5204373454925522,0.07360095523610194
GLU   4,14.921620000000004,0.19336058440104179,0.02734531608883408,-4.227180000000001,0.3444880079189766,0.048717961287390685,-57.536579999999994,11.131806214788378,1.5742751322662831,-29.407699999999995,9.946644242657941,1.4066679188067122,0.48677860800000006,0.11538049134231916,0.016317265568957923,-75.76306139200001,1.4277167468381837,0.2019096386605754
PHE   5,8.969140000000003,0.3079977928491115,0.043557465582819255,-2.89858,0.43298425329335316,0.06123322033014475,0.07414000000000001,0.6680748164689341,0.09448004661302829,-7.1813400000000005,0.6500181415929951,0.09192644716293684,0.875748672,0.08987230262756458,0.012709862925760098,-0.16089132800000006,0.517056334408293,0.07312280806311264
LEU   6,10.949419999999998,1.186267020362635,0.1677634908792759,-4.48832,0.5905207342676446,0.08351224312638215,-32.16858,0.2740141667868247,0.03875145509522908,-0.41922,0.2481652908849264,0.03509587200797271,0.378072144,0.05009059778465501,0.007083880273443482,-25.748627856,0.6624650251266511,0.09368670231319431
THR   7,14.480519999999999,0.11707283886570047,0.01655659965093936,-3.6631799999999997,0.13804559971255134,0.019522595933941754,-32.24844,0.7503253203775198,0.1061120244269826,-6.5534,0.6241965075198675,0.08827471665205162,0.6196232160000001,0.020251882538539857,0.002864048694958993,-27.364876784000003,0.17105146938350574,0.024190330786600003
PHE   8,8.714039999999997,0.24278129746756885,0.034334460356917264,-5.97488,1.1221294513557698,0.15869306888456097,-8.890960000000002,1.000647289708002,0.1415128968256936,-1.8206799999999999,0.6249786057138285,0.08838532203935233,0.19129838400000002,0.11801151939265478,0.01668934912413479,-7.781181616000001,0.6121349995205095,0.08656896183251526
GLU   9,16.029400000000003,0.7485898743637956,0.10586659529804511,-4.98748,0.6873625896133744,0.09720774964991259,-18.79642,7.7765766995253065,1.0997740237303288,-58.26662000000001,7.343690959973709,1.0385547353471514,0.626026752,0.06863519327657439,0.009706482118783015,-65.39509324800002,1.0012943224834976,0.14160440107833416
VAL  10,13.69564,0.3823642640206857,0.05407447279448605,-5.807940000000001,0.4185601705847984,0.05919334699102181,-21.62716,0.4519156717794148,0.06391052720793965,-0.09976000000000002,0.3844084577633536,0.05436356544598597,0.00048239999999999996,0.0007529657968327645,0.00010648544418839599,-13.838737600000002,0.6080270480015302,0.08598800975734408
PRO  11,19.519019999999994,0.4705936034417633,0.06655198563533676,-4.728559999999999,0.2621150251321092,0.03706866234435935,-4.9252400000000005,0.7123260085101445,0.1007381102066139,-1.8330400000000002,0.5143414414569363,0.07273886421989266,0.49966315199999994,0.031733696491309506,0.00448782239622414,8.531843152,0.4667930816007166,0.06601451068216642
LEU  12,15.716980000000003,0.344298387448949,0.04869114490334902,-6.856700000000002,0.5512144863843579,0.07795350024212787,-33.6946,1.003110183379668,0.1418612025890089,-0.5535399999999998,0.4629499415703606,0.06547100860686358,0.005170463999999999,0.007548398362931307,0.0010675047339052323,-25.382689535999997,0.7144549191965047,0.10103918364318706
ASN  13,18.615000000000002,0.638479130434189,0.09029458455522105,-2.72044,0.3400270083390431,0.04808708067662242,-84.06869999999999,1.3522896620175027,0.1912426380282081,-15.057699999999997,1.3756427334159422,0.19454526105768216,0.8969670719999999,0.06014427666408736,0.008505685175747199,-82.33487292800001,0.5515333673829645,0.07799859682542913
ASP  14,12.59602,0.2489127951713309,0.03520158507794924,-0.5972,0.419473956283343,0.05932257580382024,-46.38082,9.726828925585156,1.3755813385445448,-36.13920000000001,8.789671764064868,1.2430473017548385,0.8016382080000003,0.1031625392395408,0.01458938621214052,-69.71956179200001,0.8756946940572026,0.1238419312833854
SER  15,12.461180000000004,1.0622293102715048,0.15022190969361804,-3.2541600000000006,0.5600358331392701,0.07920102706404714,-16.7962,4.243470296820749,0.6001173245291286,-2.918200000000001,2.8819002827995286,0.40756224653419515,0.14093553599999997,0.035161433260649515,0.004972577578968698,-10.366444464,1.2411811081016009,0.17552951564385505
GLY  16,6.575219999999999,0.312912402438793,0.04425249633636889,-2.6813599999999997,0.5066990333521468,0.07165806450079433,-11.209979999999996,1.252676709929615,0.1771552392451369,-2.2140599999999995,0.6666292045807796,0.0942756062192127,0.05383425599999998,0.04790866046847132,0.00677530773896399,-9.476345744000003,0.5412252000637011,0.07654080182281778
SER  17,11.52916,0.5106389863690501,0.07221525799995607,-0.29272,0.2799844309957251,0.03959577795674684,-9.66888,0.90136737549127,0.1274725967100396,-9.979879999999998,0.7056688356446259,0.09979664379126604,0.9256849920000002,0.04678880398469192,0.006616936116236763,-7.486635008,0.6452782163975413,0.09125612051333239
ALA  18,7.6915,0.3547970264813505,0.0501758766739572,-1.1735399999999996,0.5190382725772749,0.07340309644694853,-2.1300400000000006,0.7257909054266225,0.1026423341901378,-3.9580000000000006,1.0389092549400016,0.14692395584110776,0.5742437759999999,0.08446034656240309,0.011944496759128226,1.0041637760000002,0.4570389362774253,0.06463506622161076
GLY  19,6.143479999999999,0.373139825802621,0.05276994023116008,-3.6990199999999986,0.4376977262906596,0.061899806074011764,-6.543659999999999,1.4840403985067325,0.20987500586777938,-1.54674,1.0314753086720005,0.14587263707769177,0.01871784,0.021400190585917696,0.0030264439763973837,-5.627222160000001,0.7806201686456105,0.1103963629560595
LEU  20,12.783999999999999,0.3643917123097351,0.051532770156478246,-7.525879999999996,0.3550253872613162,0.05020817176517136,-34.24653999999999,0.5922689662650864,0.08375948046647783,0.56462,0.4075700131265792,0.05763910401801887,0.004171679999999999,0.0033515306287127964,0.00047397800698344627,-28.419628320000005,0.49365569999059183,0.06981345860694788
GLY  21,6.338820000000001,0.2673779863787823,0.03781295746168826,-2.968020000000001,0.24182708615867568,0.03419951449947661,-15.425920000000005,0.7241176379565559,0.1024056984351732,1.5145399999999998,0.400975022164723,0.05670643145182037,0.04583131199999999,0.012840966655710056,0.0018159869198485846,-10.494748688000001,0.2968614111847081,0.04198254338426302
VAL  22,11.932220000000004,0.2679834539666413,0.03789858350912101,-6.085520000000002,0.31120162210370894,0.044010555461157196,-28.630000000000006,0.9319659006635753,0.1317998816387685,-2.3582200000000006,0.4525687700228505,0.06400288924728254,0.013909968000000009,0.007403508931890055,0.0010470142740629262,-25.127610032000003,0.6640974286165313,0.0939175590286597
SER  23,10.562919999999998,0.7908347195211323,0.11184091859423079,-5.26924,0.41172600403666537,0.058226849889033185,-12.91212,2.4248242298360436,0.3429219312205028,-4.38064,1.9536181485643505,0.27628332813979206,0.07840267199999999,0.039348417131666404,0.005564706516551647,-11.920677328000002,0.9518640988997473,0.13461391182000676
VAL  24,11.910720000000003,0.26695400652529633,0.037752997655790974,-7.093579999999998,0.3565933869269332,0.050429920404462564,-23.947539999999993,0.5632143538656861,0.07965053777600528,0.34194,0.45328703533191855,0.06410446730142916,0.002531232,0.003988986925295194,0.0005641279409881415,-18.785928768000012,0.4286029669306064,0.06061361287066107
LYS  25,9.34882,0.7205038983933567,0.10189463848505714,-7.156419999999998,0.5998796909381254,0.08483579947168776,21.48648,13.892596611490594,1.9647098544548502,-61.02883999999998,12.868583569857353,1.8198925413023848,0.33712732800000006,0.08162022210092555,0.011542842505903315,-37.012832672000016,1.7013917526368199,0.24061312914887206
GLY  26,5.708400000000001,0.232782903152258,0.032920473872650596,-3.53392,0.47922795577887584,0.06777306745308201,-16.6302,2.572832097125676,0.3638534045463943,-0.14406,1.2946556671177092,0.18309196030410513,0.009355103999999998,0.014771287211735613,0.0020889754708544764,-14.590424896,1.479589815193474,0.20924559833957124
ASN  27,18.09282,0.7314128161304649,0.10343739242652024,-6.604240000000001,0.5777717390111744,0.0817092629265491,-81.39175999999999,4.531356876522099,0.6408306350730139,-6.889820000000001,3.315810619984197,0.4689264349042392,0.18647539200000002,0.055337911231082164,0.00782596245763948,-76.60652460800002,1.4005507448259917,0.19806778581246573
ARG  28,12.533160000000004,0.6695111757095009,0.09468317848487325,-8.852300000000001,0.8944397184830113,0.12649287806038476,-189.2793800000001,14.593216107341382,2.0637924137643684,-18.089360000000003,12.714425350380557,1.7980912768288473,0.48854116800000014,0.17099701473213305,0.024182629735949448,-203.199338832,1.9442916493599456,0.27496436197335894
SER  29,10.6875,0.31202552780180676,0.04412707332239383,-4.888600000000002,0.7210612734019032,0.10197346321469856,-7.38956,2.872288405853423,0.40620292186049073,-8.464899999999998,2.3641751479110082,0.3343448558001166,0.165564,0.0643651714814775,0.009102609845357544,-9.889996,1.0868614148582978,0.15370541533126156
LYS  30,11.220200000000002,0.7082905336088758,0.10016740787301487,-2.6119,0.8241241229329473,0.1165487511730606,7.207080000000003,14.13300002241562,1.9987080308719427,-50.19701999999997,12.765077362068842,1.8052545530179527,1.1766087360000004,0.14016182642981814,0.019821875586403255,-33.20503126399999,1.5054999166532979,0.2129098400282658
GLU  31,15.528860000000002,0.7045679246176241,0.09964095146073083,-1.20282,0.5989913418405978,0.0847101679375032,-33.8373,12.877466743501998,1.821148811766902,-53.103860000000026,11.931232534838827,1.687331086659619,1.091705328,0.1197187221201276,0.01693078404922603,-71.52341467200003,1.2593152721587917,0.17809407371905284
ASN  32,18.08388,0.8686121491206631,0.1228403081728483,-2.58038,0.49912919730266136,0.07058752802018202,-79.85451999999998,3.3994658771055386,0.4807570748227202,-13.91132,2.8819344783669214,0.4075670825177131,0.7401620160000002,0.0781353141138692,0.011050002092011573,-77.522177984,0.871039683704504,0.12318361340600806
HIE  33,29.762719999999998,0.6166973014373646,0.08721416875716097,-3.825539999999998,0.8550210572845639,0.12091823753264132,-15.800300000000007,3.558464046467201,0.5032428115730959,-13.940300000000004,3.0200743649784307,0.42710301263278094,1.0625968800000003,0.14387582148307376,0.020347113803893323,-2.74082312,1.5929516225255034,0.22527737887797938
ALA  34,7.952619999999999,0.3991380157289324,0.05644663951025419,-2.5833200000000005,0.38883392033102826,0.05498942036428397,-10.0563,0.8156370332445737,0.11534849543882311,-0.017899999999999975,0.6649253266345027,0.09403464148918737,0.4087396799999999,0.05194298398735383,0.007345847242504429,-4.29616032,0.7069694965764102,0.09998058502424387
ASP  35,12.937119999999998,1.1528216798794404,0.1630336054683239,-5.03504,0.4346596811299632,0.061470161607075885,-46.94984,10.801513342786754,1.5275646663522973,-26.93752,10.778371222480683,1.5242918763124058,0.32411721599999993,0.04529901706468882,0.00640624842950532,-65.66116278400001,0.9502626414852514,0.13438743154049246
LEU  36,10.35674,0.27607497604819403,0.03904289753591834,-3.602259999999999,0.32671821559259256,0.04620493315653812,-33.335860000000004,1.2452345804705813,0.17610276320374674,0.024359999999999965,1.0055018002967473,0.14219942829702234,0.537770736,0.060597170161906556,0.008569733988439849,-26.019249264,0.606812084313662,0.08581618794482668
GLY  37,4.88404,0.2146600996925115,0.030357522428551043,-3.3130599999999997,0.26621918863974176,0.037649078713828416,-10.098659999999999,1.6786365730556563,0.2373950607910804,-0.3843,1.235449136953845,0.1747188925102263,0.028193328000000007,0.015920158591057304,0.002251450419460378,-8.883786672000001,0.5916556096551538,0.08367273874284405
ILE  38,14.459299999999999,0.6929563983397686,0.09799883366653137,-7.992599999999999,0.4950455332593492,0.07001001071275927,-10.936779999999999,0.6412213748776895,0.09068239648355511,-1.2664399999999998,0.41134215247163897,0.058172565080113335,0.0021568320000000005,0.005063115390564983,0.0007160326453196949,-5.734363168000001,0.8931040314961839,0.1263039833951991
PHE  39,8.870599999999998,0.2746605905477556,0.038842873220203945,-6.990919999999997,0.4510784339779883,0.06379212390256878,-12.492899999999997,0.649587630732025,0.09186556373310356,0.7613399999999999,0.3153285657849605,0.04459419343367478,0.29432088000000006,0.07368420452720095,0.01042052013750406,-9.55755912,0.6006732375672953,0.0849480239122225
VAL  40,11.714459999999999,0.17100821149890344,0.02418421319789159,-7.120220000000001,0.32801898054834316,0.04638888910072633,-24.52744,0.89549434749758,0.12664202512595227,0.11808000000000003,0.8604830001807126,0.12169067290470541,0.018254303999999992,0.020430973045853305,0.002889375917392489,-19.79686569600001,0.49082626521023875,0.06941331610292532
LYS  41,11.893740000000005,0.5042880054095193,0.0713170936592219,-5.62158,0.5089814570296143,0.07198084795276992,55.051940000000016,7.5830781122442685,1.072409191087041,-91.76883999999998,7.039219287279255,0.9954959384588593,0.7825302719999999,0.048442699690348964,0.006850832290005843,-29.662209728000004,0.7697691331637015,0.10886179480162878
SER  42,9.922620000000002,0.476632851993998,0.067406064356248,-3.868660000000001,0.16772186619517487,0.023719453787974184,-13.471839999999995,0.732548711281453,0.10359803225931635,-7.009039999999999,0.2776976024383619,0.03927237156068233,0.366805296,0.029677808123006823,0.004197075874906265,-14.060114704000005,1.1358114747330978,0.1606279991866533
ILE  43,12.154779999999999,0.14837820459909506,0.020983846930461018,-5.178759999999999,0.22530393338778795,0.03186278782530141,-8.9835,0.2670337244619346,0.0377642714745068,-2.1967800000000004,0.26101703316067143,0.03691338283062094,0.30818793600000005,0.02762689480613897,0.003907032932109655,-3.896072064000001,0.28880590169063036,0.04084332230642802
ILE  44,12.905060000000002,0.1435216234577144,0.020297022638770423,-2.0415400000000004,0.40518697955388433,0.057302092178209314,-12.207099999999995,0.6939940705799311,0.09814558268206496,-2.531700000000001,0.2935229633265419,0.04151041556043361,0.575695296,0.08133439879256213,0.011502420985990325,-3.299584703999999,0.5057813089475662,0.07152827867084646
ASN  45,20.616799999999998,0.5487250313227982,0.07760143813103025,-1.02622,0.297066611385393,0.04201156307494404,-83.86383999999998,0.40150085230702004,0.05678079506369447,-16.22668,0.509063274652512,0.07199241871196423,1.1258506079999997,0.012606579987901337,0.0017828396394031318,-79.374089392,0.202312332700196,0.028611284473995496
GLY  46,5.716060000000002,0.11656713258880402,0.016485081983402945,-1.2520000000000002,0.38694475057816674,0.05472225141567179,-7.048639999999998,1.4602539335334892,0.20651109173117205,-4.57482,1.3038744063750927,0.18439568691268243,0.35009740800000005,0.061303850507777195,0.008669673681379126,-6.809302592,1.1682097737707373,0.16520981057633818
GLY  47,4.51044,0.05570750757308302,0.007878231273585591,-2.5742000000000003,0.3004380135735116,0.04248835134480921,-11.706959999999999,1.2290565643614648,0.17381484622436644,-1.49872,0.9084499334580859,0.12847422166333608,0.06732129600000002,0.015007010049986017,0.0021223117143359563,-11.202118704,0.3980223132679366,0.05628885535506286
ALA  48,9.403300000000003,0.2387547905277084,0.033765026284583256,-5.617840000000001,0.2408890499794401,0.034066856150809455,-5.9121000000000015,0.9041059948921878,0.12785989597993522,-1.5936399999999997,0.6348304895009389,0.08977858880601784,0.004869072,0.004202866851235711,0.0005943751301865848,-3.715410928,0.5334928141091414,0.07544727731417362
ALA  49,9.4536,0.12445657877358071,0.01760081816281533,-5.281819999999999,0.17360434211162795,0.024551361510112286,-4.74944,0.6072378828762266,0.08587640495502846,-2.4577,0.5160357448859534,0.07297847490870178,0.0009220320000000006,0.0009817171986758707,0.00013883577767823384,-3.034437968,0.27950886059604285,0.03952852214583746
SER  50,11.88804,0.5731110524147857,0.08105014230709076,-4.295979999999999,0.24022043959665315,0.033972300363681374,0.05715999999999997,1.7105142075995745,0.2419032391019186,-9.550460000000001,1.5489227251221942,0.21905075249357003,0.275099328,0.02225775973394512,0.0031477225683786956,-1.626140672,0.723899182103291,0.10237480411212649
LYS  51,12.067440000000001,0.53758092079234,0.07602542290575437,-3.43334,0.5739605425462625,0.08117027835359443,-1.0725800000000005,8.87127316474924,1.2545874825104864,-42.79880000000001,7.541355917870466,1.0665087817735013,1.066126032,0.041365015216622024,0.005849896552711631,-34.17115396799999,0.8290961827473317,0.11725190661530385
ASP  52,18.09592,0.5725488918860615,0.0809706408026955,-5.5187800000000005,0.3214382858341546,0.045458238329262095,-58.976240000000004,10.877899467378766,1.5383672956898118,-26.304520000000007,10.400437602793437,1.4708439912485598,0.27495647999999995,0.04012557224904869,0.005674612847258615,-72.42866352,0.8540963681543857,0.12078746674175363
GLY  53,6.73374,0.1255619066437653,0.01775713512930373,-1.9392399999999999,0.11428518014161679,0.016162365173452677,-9.360620000000003,0.6170921451452642,0.08727000808983391,0.87104,0.6299058012115777,0.08908213270909039,0.21331310399999995,0.014799564862698227,0.0020929745346048145,-3.481766896,0.12586484866222905,0.017799977600416142
ARG  54,13.603039999999996,0.506300778589232,0.07160174277209494,-5.36362,0.4329377733577882,0.06122664707461933,-174.37464000000003,13.533039599084148,1.9138608141156954,-33.43900000000001,11.169962343714484,1.5796712237677786,0.9870704639999999,0.16580437557639363,0.023448279664093824,-198.58714953600003,2.9141273307780566,0.4121198393668434
LEU  55,10.873880000000002,0.5719686229155932,0.08088857837790946,-5.630100000000001,0.5932033462481453,0.083891621750923,-31.858480000000014,1.0381878103690632,0.1468219281714356,2.28294,0.6838616061748175,0.09671263582386752,0.034523568,0.020185251218426174,0.002854625603300634,-24.297236432000005,0.571309296208276,0.08079533550075717
ARG  56,11.8932,0.09484576954193309,0.013413217361991478,-4.999699999999999,0.6253073244413614,0.08843180988762064,-149.69343999999998,3.0813705272828638,0.4357715990380161,-56.08234,2.9642011241477815,0.4192013431371367,1.06809912,0.04944819982233957,0.0069930314823687485,-197.81418088000007,1.2578768600608448,0.17789065152933303
VAL  57,11.26522,0.31900240061795204,0.04511375213834832,-3.5992799999999994,0.3864313672568641,0.054649648050103555,-24.998820000000002,1.0580839794647043,0.14963567138886802,-6.30054,0.9720647758251512,0.1374707189477091,0.5386880159999999,0.03730837303211823,0.005276200713209623,-23.094731984,0.2662057866386497,0.03764718338465768
ASN  58,19.07062,0.4195081829951873,0.059327416191828804,-2.79486,0.37825298465445223,0.053493050090642855,-90.68589999999999,2.7974073014128926,0.3956131345139633,-9.41256,2.0909553238651473,0.29570573773263187,0.8207405279999999,0.07576056898516893,0.010714162415192838,-83.00195947200001,0.8655048664299541,0.1224008720405155
ASP  59,13.815639999999998,1.2868999923848123,0.18199514226484342,-6.984399999999999,0.36427259023979314,0.051515923751789254,-72.85877999999998,14.856961032849302,2.101091578830407,-2.9857799999999997,15.24723962202995,2.156285306222718,0.046281888000000014,0.02876882530596364,0.0040685262921236085,-68.96703811199998,1.3576320226013954,0.19199816190749094
GLN  60,20.208000000000002,0.31240012804076783,0.04418004979623453,-7.608839999999998,0.6438834788997274,0.09105887484479651,-81.63889999999998,3.8125855229755827,0.5391810154299388,-2.0792399999999995,2.41120523025312,0.34099591382889033,0.17861644799999998,0.06659388249567143,0.009417797179645878,-70.940363552,1.5015158626192027,0.21234640970344132
LEU  61,13.056780000000003,0.8440683453369993,0.11936929015454015,-8.434580000000002,0.2548125656241006,0.03603593861686873,-26.81056000000001,0.7441598258435538,0.10524009182811542,-1.5031000000000005,0.5069078121315533,0.07168759027893157,0.030340800000000005,0.023766251613916736,0.0033610555359172506,-23.661119199999998,0.8815717865062688,0.1246730776682644
ILE  62,14.54932,0.1878557361382447,0.026566812981628718,-7.14672,0.5688166326682158,0.08044281964227856,-13.692800000000004,0.7887904664738066,0.11155181755578573,-1.1617600000000001,0.32921224521575654,0.04655764220834199,0.13482590400000005,0.027395647838829574,0.003874329672366995,-7.317134096000001,0.648002986159914,0.09164146114856155
ALA  63,6.951259999999999,0.05354168843093201,0.007571938193137869,-5.4022000000000014,0.3575351171563308,0.050563101170713644,-6.924440000000003,0.44789320870042854,0.06334166502389492,1.25154,0.3922874053547982,0.05547781690009075,0.06105081600000001,0.014588582010426612,0.002063137053493747,-4.062789183999999,0.39940739943066744,0.056484736118701785
VAL  64,10.82448,0.1986677870214901,0.028095867881244085,-6.414500000000001,0.47362999271580564,0.06698139592453625,-25.016400000000004,0.7951072883578783,0.11244515107374067,-2.7469799999999998,0.575361851012037,0.08136845329733107,0.0007611839999999999,0.0011227596429084898,0.00015878219142863594,-23.352638815999995,0.4225469584138803,0.059757163932840966
ASN  65,19.550980000000003,1.5540663884145924,0.21977817633240906,-4.5744,0.8341989211213361,0.11797354279667972,-93.16034000000002,1.9121216656877775,0.2704148392523088,-6.2429999999999986,1.4067357676550416,0.19894248012930868,0.172006416,0.06980344920770429,0.009871698456995688,-84.25475358400001,0.8783056779820088,0.1242111801711453
GLY  66,6.149640000000002,0.09645076671529296,0.013640198239005079,-0.90134,0.12410731001838672,0.01755142410176448,-8.541379999999998,0.44106964937525817,0.06237666800976358,-6.27856,0.4896934616676006,0.06925311348957501,0.5218758720000001,0.04048477690371408,0.005725412056688149,-9.049764128000001,0.20683059210152177,0.02925026284636296
GLU  67,14.544680000000003,0.39256634802260937,0.05551726535048506,-2.6458200000000005,0.32444627844991303,0.04588363272453446,-42.60008,6.168174147476757,0.8723115534440732,-39.87776,6.082380391129767,0.8601784840647887,0.6264177120000002,0.06574621226416652,0.00929791850586446,-69.952562288,0.8232356930974778,0.1164231082208068
SER  68,11.127499999999998,0.43001870889542326,0.060813829019407545,-4.283019999999999,0.36809006995572613,0.05205579691062492,-5.85692,3.3151838732715886,0.46883779953412485,-7.364399999999998,2.357254335026242,0.3333661050556883,0.4335841439999999,0.06705045871462564,0.009482366807756087,-5.943255855999999,1.6452611336465046,0.232675060884822
LEU  69,11.992499999999998,1.171914967051825,0.16573380403527097,-8.67282,0.6873237865809728,0.09720226207244424,-25.342399999999998,1.1097045372531604,0.1569359206810379,-3.3774399999999996,0.8122504825483373,0.11486956484639495,0.0022839839999999993,0.004485064946836779,0.0006342839675940737,-25.39787601600001,1.386056235209075,0.19601795260444665
LEU  70,10.57386,0.7709518275482518,0.10902905304550611,-2.65032,0.4976936985737325,0.07038451784305996,-25.654300000000003,1.8908989528792994,0.2674134944238989,-6.953840000000001,1.3197683336101,0.18664342765819428,0.6601086719999998,0.07646577251586359,0.010813893254927015,-24.024491328000007,0.7096310123357407,0.10035698019257536
GLY  71,6.07392,0.348029012583706,0.049218734969519354,-1.0579799999999997,0.2093847644887289,0.02961147736942568,-1.40248,0.3964471334238658,0.05606609128519669,-6.8845600000000005,0.45545705220138794,0.06441135403016736,0.592354224,0.0594908247433257,0.008413273118877209,-2.678745776,0.34365310560715806,0.04859988827012764
LYS  72,10.38224,0.6267065839769077,0.08862969506886559,-4.7971200000000005,0.6335270362028695,0.08959425267281289,-20.7141,10.333408352039509,1.4613646236993687,-19.65236,10.278389182668647,1.453583738147891,0.555585984,0.1438579963107607,0.020344592943849646,-34.22575401599999,1.0906583899665476,0.15424238870066956
ALA  73,7.82736,0.16113494468926465,0.022787922415179657,-2.5963200000000004,0.1866673447606674,0.026398749061271015,-14.525300000000005,1.3940388409222524,0.1971468635307119,2.08446,0.8211361205062162,0.11612618381743191,0.306297216,0.017480046239748314,0.0024720518463160887,-6.903502784,0.8560048169830277,0.12105736216340968
PHE  74,12.621180000000004,0.4982550627940138,0.07046390673243524,-7.4889800000000015,0.985135188489378,0.13931915443326537,-11.54894,1.8157709922784857,0.25678879634438867,0.5098800000000001,0.8809000315586327,0.12457807717251058,0.11613484800000004,0.06728028874043335,0.009514869681709868,-5.790725152000001,1.2599052428335764,0.17817750817202113
GLN  75,20.719860000000004,0.6949597976860149,0.09828215711916245,-4.775059999999999,0.6224767436619707,0.08803150531485994,-76.06932000000002,3.8009745931270946,0.5375389819835894,-10.068919999999999,3.635240205763584,0.514100600147482,0.7086399839999998,0.12459888151685383,0.017620942809765304,-69.48480001600002,0.8350433879098625,0.1180929684352105
GLU  76,16.63196,0.13884609609216186,0.01963580321760933,-3.671640000000001,0.259794361755589,0.03674047098228161,-41.33204,3.7545609008777965,0.5309750946777125,-41.32388,3.691743911161729,0.5220914307973211,0.708609888,0.014955652266411172,0.0021150486269294597,-68.986990112,0.5635717702868525,0.07970108409102812
ALA  77,9.466079999999998,0.09274779566126164,0.013116519050436471,-6.747680000000002,0.22140202709091927,0.03131097494488734,-6.506339999999999,0.6966774464556739,0.09852506933770697,-0.47238000000000013,0.38360645927825554,0.05425014573252314,0.00032399999999999996,0.0009602532865864087,0.00013580032212038375,-4.259996000000002,0.5188483998147859,0.07337624438336483
MET  78,13.021240000000004,0.49940719097738473,0.07062684226268678,-11.559140000000003,0.9172786492663793,0.1297227906267787,-11.619760000000001,0.8019461717596329,0.11341231523956563,-0.3822999999999998,0.7007035107661443,0.09909444081279233,0.034294752000000005,0.054106686572992946,0.007651840996659686,-10.505665248,1.3777606108115297,0.19484477415131046
GLU  79,15.844800000000003,0.44416420387048616,0.06281430410342899,-5.62766,0.41846025426556505,0.05917921668964558,-83.03486000000002,14.857230716401936,2.1011297178441755,-0.5322600000000013,14.438473244508922,2.041908468234558,0.35663011200000005,0.09661530933750112,0.013663468079796601,-72.99334988800001,1.2361706291319765,0.17482092691257226
THR  80,15.258880000000003,0.18593037836731252,0.02629452627442145,-4.23498,0.5645295560021647,0.0798365354458723,-40.39501999999999,2.4409653212614786,0.3452046262610382,-2.2529400000000006,0.9569917535694857,0.13533907169771775,0.135180288,0.048163385406794795,0.0068113312852091604,-31.488879712000006,1.9582849811975445,0.27694331794011084
LEU  81,16.383299999999995,0.8419164388466502,0.11906496462017913,-8.51464,0.4170700065936199,0.05898260597837335,-24.788660000000004,0.46367150483893266,0.06557305306291607,-1.4528600000000003,0.46990058565615656,0.06645397812019968,0.003964751999999999,0.005532603236316156,0.0007824282532027586,-18.368895248,1.1984146564391063,0.16948142604828773
ARG  82,14.03574,0.3762113666543772,0.05320432170415374,-6.6337399999999995,0.8707576657141697,0.12314373003933166,-159.76609999999994,5.700023235918085,0.8061050166077132,-45.150299999999994,4.735594413587365,0.6697141845593515,0.8184195360000003,0.10196242241190798,0.014419664062733468,-196.69598046399994,1.2890888806357725,0.18230469780994613
ARG  83,14.4017,0.3333379216350566,0.0471411009629557,-5.098239999999997,0.5083090225443874,0.07188575135588839,-175.61526000000006,8.76677324403782,1.239808961996786,-39.329440000000005,9.32945676051934,1.3193844280299811,1.094913792,0.1202717859177614,0.01700899908157316,-204.54632620800004,1.17602584584193,0.1663151700890948
SER  84,13.201280000000002,0.7968929925654404,0.11269768778461278,-4.939780000000001,0.8993342935749655,0.1271850755080943,-23.610840000000003,5.500080495265477,0.7778288430548167,-2.33224,3.3727516218067413,0.47697910860749454,0.05692665599999999,0.028395891815740967,0.004015785532150005,-17.624653344000002,2.4560705078496694,0.34734082223455776
MET  85,13.321139999999998,0.7373123899678232,0.10427171815982159,-10.407440000000001,0.7223740349708145,0.10215911573619023,-7.674360000000002,1.0443809412278444,0.14769776913683957,-2.894920000000001,0.7025406988922398,0.09935425844924783,0.008956080000000002,0.006330810970610316,0.0008953118735457486,-7.646623920000001,1.1989617467844116,0.16955879630690515
SER  86,12.252239999999997,0.641430356625037,0.09071195096569383,-3.1814999999999998,0.44420726018380385,0.06282039318565295,-15.969120000000002,1.7620123000705388,0.24918616918279674,-5.54438,1.3610917807407412,0.19248744559581032,0.325872288,0.06743696629015464,0.009537027233283391,-12.116887712,0.6094164125096504,0.08618449557039043
THR  87,15.50906,0.5008460206490966,0.07083032350625475,-2.568139999999999,0.31342412223695304,0.04432486444423817,-35.837500000000006,0.9165755015270634,0.12962335051984944,-5.49878,0.8152207870264373,0.1152896293341256,0.6617037600000001,0.043170124723764906,0.006105177587368639,-27.733656239999988,0.5991053884788036,0.08472629656775257
GLU  88,16.302419999999998,0.5503627200311877,0.07783304228926523,-4.35418,0.587616599152879,0.08310153639975561,-41.215819999999994,8.863890368658716,1.253543397474541,-39.47485999999999,8.051055111002583,1.1385911329393077,0.529700256,0.07802320255832595,0.011034147123776773,-68.212739744,1.147307092369634,0.16225372502359778
GLY  89,6.93066,0.3149672751255225,0.044543099218621186,-4.20762,0.5350959872770514,0.07567400023786272,-11.295979999999997,0.8452860696829739,0.11954150238307108,-0.9584199999999997,0.4846175849058728,0.06853527611383803,0.00017208000000000002,0.0008484377473922291,0.00011998721691913684,-9.531187920000002,0.5244498508419839,0.07416840918452804
ASN  90,20.934100000000004,0.6145922957538453,0.08691647599851043,-5.566559999999998,0.32525492525097865,0.045997992651858124,-83.07624,3.2420755670402044,0.45849872371466993,-9.3821,3.7006190252442948,0.5233465614676385,0.4227312959999999,0.06724305023318625,0.00950960336151073,-76.668068704,0.7004160509103196,0.09905378785011781
LYS  91,10.822019999999998,0.12128948676644138,0.017152923715837345,-2.73756,0.4272422806792362,0.060421182775578834,30.490739999999995,4.219057045407152,0.5966647694040553,-61.731719999999996,4.131203510068207,0.5842404032861794,1.4617974240000007,0.03202790592704831,0.004529429893644135,-21.694722576,0.3935424774418404,0.05565531089681585
ARG  92,11.907720000000001,0.37421021044317637,0.052921315478723,-4.6956,0.45027231760347286,0.0636781218315997,-168.07225999999994,8.490985751514776,1.2008067207708903,-41.74462,8.135450757985074,1.1505264797960968,1.2404759039999997,0.11343277835243698,0.016041817356367758,-201.36428409599998,0.602955296633116,0.08527075580032452
GLY  93,5.715220000000003,0.11618559118913147,0.01643112388120057,-2.6563199999999996,0.17647758384566142,0.02495769925293694,-16.75088,1.2372293342788483,0.17497065043029827,-0.45474,0.7510062798672194,0.10620832664155859,0.09226987200000006,0.045137101822669196,0.006383350156383413,-14.054450128000006,0.6261674992144495,0.08855345697063187
MET  94,9.66262,0.27600796292856605,0.039033420449654854,-6.912179999999999,0.7398576536064285,0.10463167279557466,-3.890520000000001,1.1130188720771952,0.15740463840687743,-3.9486599999999985,0.6822064675741621,0.09647856387820211,0.584162496,0.05446655243223242,0.007702733714536837,-4.504577504,0.8766883827974068,0.12398246009270282
ILE  95,13.98196,0.41456642218094497,0.05862854567527827,-7.774519999999999,0.6390516486169161,0.09037555085309283,-12.342580000000003,0.6202099995968288,0.0877109392949247,-1.3040599999999998,0.6617018485692787,0.09357877284940219,0.001827072,0.0045325023223398335,0.0006409926255740542,-7.437372928000001,0.6879846873456351,0.09729572755492107
GLN  96,18.85966,0.37227734876019797,0.052647967558097065,-5.816539999999999,0.5414159292078751,0.07656777499706084,-75.03710000000001,4.5642950616713565,0.6454887978888174,-8.59926,2.7859274707716324,0.3939896412953017,0.47335334399999995,0.0562606446707046,0.007956456672116403,-70.119886656,1.2193364753073557,0.17244021804758689
LEU  97,11.350820000000004,0.6018443217310225,0.08511364022292485,-7.384079999999996,0.25201641533847347,0.035640503251232004,-29.939959999999996,0.4179258766816539,0.05910364428698605,-1.29532,0.24683301561987228,0.034907459833107335,0.013064256000000002,0.007300240628038493,0.0010324099304759118,-27.255475744,0.4617569931789917,0.06530230022743508
ILE  98,12.662340000000002,0.26672694726990315,0.03772088662794704,-5.018999999999999,0.28400373236983867,0.04016419300820046,-16.13518,0.24112533587337664,0.0341002720223897,0.44496,0.1217650130374074,0.017220173286003827,0.39744244800000006,0.03813489149650697,0.005393088075398657,-7.649437552000003,0.5707626618638234,0.0807180297303988
VAL  99,11.726320000000003,0.2400440326271607,0.03394735265080604,-6.173399999999999,0.43668217275269355,0.061756185115341006,-31.20402,1.047837725795318,0.14818663229859189,-0.69946,0.7623671086819,0.10781499046051063,0.004349664,0.005317713069572671,0.0007520381943798333,-26.346210335999995,0.37845893448090645,0.05352217579441685
ALA 100,7.461839999999999,0.6563465962431912,0.0928214258024539,-5.1891,0.23615776506393632,0.03339775142131378,0.8154399999999999,2.2216292414352132,0.31418582038023296,-2.00746,1.4493727775834626,0.2049722638992896,0.011459664000000001,0.005430409904740521,0.0007679759336529232,1.0921796639999999,0.5914863898312227,0.08364880744584147
ARG 101,12.263999999999996,0.5762497722343641,0.08149402432082448,-5.793000000000002,0.8103097185644382,0.11459509937165542,-161.39818,4.265299303402313,0.6032044122452065,-39.99155999999999,3.1698517893428826,0.4482847391201327,0.6772239360000001,0.18981604520202375,0.02684404254807264,-194.24151606399994,1.7818046985037832,0.2519852370124154
ARG 102,11.755759999999995,0.18174636832708346,0.025702817900021734,-3.984499999999999,0.6343369845752451,0.08970879667011644,-118.33572000000002,2.885506056413274,0.4080721799289357,-88.16484000000003,2.6009105894657387,0.36782430301422486,1.394864208,0.08488894239489128,0.012005109363036365,-197.334435792,0.9948184228964105,0.1406885705758717
ILE 103,13.162260000000005,0.5048308552375212,0.07139386421813111,-1.8465600000000004,0.5421172994841589,0.07666696373275743,-6.067379999999999,4.231455158169589,0.5984181273257022,-6.542820000000002,4.301557302605649,0.6083320676669935,0.706725648,0.06150754338687815,0.008698480204597465,-0.5877743519999999,0.6940496406032415,0.09815344147012764
SER 104,9.26094,1.5723533242881538,0.22236433960507282,-1.0931600000000001,0.3744443542103418,0.052954428407830045,-31.050040000000003,3.799497534990597,0.5373300944186845,-63.9322,3.4867284436845454,0.49309786533707184,1.1818159200000002,0.13030881535230382,0.018428449396799943,-85.63264408000003,2.578658906318131,0.36467743980492734
ASP 105,6.104819999999998,1.2837591626158036,0.1815509618591997,-2.1043799999999995,1.3397324940449866,0.18946678630303518,-102.00321999999998,8.487059024868788,1.2002513977630416,-60.01347999999998,7.428636548492747,1.05056785568189,0.8556112800000001,0.14590217633085495,0.020633683654684584,-157.16064871999998,1.7793187694984247,0.2516336735609679
GLU 106,14.596499999999999,0.6980550766235896,0.09871989566444704,-3.6058199999999987,1.3876731270728022,0.19624661564470403,-63.65462,13.279918193859437,1.8780640416961232,-15.326419999999999,11.763947789904547,1.6636734511532008,0.527337792,0.13919852860257373,0.019685644701213895,-67.46302220800001,1.4747813770036484,0.2085655824893828
ASP 107,16.602200000000003,1.7868746458550988,0.2527022358428902,-2.9765599999999997,0.9495223253826129,0.134282735033213,-30.680159999999997,14.647595942488314,2.071482883802809,-51.45568,14.899769457867402,2.1071456043548498,0.4509332639999999,0.12216076896136174,0.0172761416255084,-68.05926673599998,1.4865424992932956,0.21022885635445757
GLN 108,21.171059999999997,1.4209186241302165,0.20094823892734703,-1.9382,0.9984878967719131,0.14120751254802263,-69.95484000000002,5.967107762928132,0.8438764726474742,-14.5866,4.817112961100251,0.6812426481071194,1.0940693759999995,0.23958204724862503,0.033882018052011714,-64.21451062400003,1.6360264546899113,0.23136908006236442
HIE 109,29.22036,0.7861169826429398,0.11117372984654604,-3.21138,0.9475038974062316,0.13399728621132584,-14.1231,4.096004713132051,0.5792625416855465,-15.505300000000004,3.5773689507793036,0.50591636878045,1.1195180640000002,0.20538231463306136,0.029045445482565355,-2.499901936,1.2239879866019063,0.1730980410834154
SER 110,10.905919999999997,0.9427016249058229,0.1333181423212969,-2.51438,0.8421772946357551,0.11910185519965669,-13.724580000000003,3.9723841510609055,0.5617799541386266,-5.4254399999999965,3.002790390020598,0.42465868945307256,0.2392525440000001,0.11815044414250168,0.016708996050673067,-10.519227456,1.5143202753781408,0.21415722712163268
GLN 111,19.04220000000001,0.6294179215748814,0.08901313610918823,-4.2004800000000015,0.6966068974679959,0.09851509220418837,-70.73654,2.8119160457591392,0.3976649808167099,-10.5559,2.0627280892061344,0.29171380392432544,0.6527328479999999,0.09725244232873256,0.013753572291520084,-65.79798715199999,1.4494938253753424,0.2049893826421868
ILE 112,12.248960000000002,0.34949815221249325,0.04942650268832443,-2.88826,0.3782421346174946,0.053491515663701084,-7.589779999999999,1.436414066904114,0.20313962545992925,-4.95304,1.0978402244407008,0.15525805347227617,0.6248475359999999,0.06762862124195021,0.009564131336495916,-2.557272464,0.6763522707906934,0.09565065542940387
MET 113,11.004199999999999,0.508331151907914,0.07188888092049099,-7.480779999999999,0.5578331395677419,0.07888951915178642,-4.69638,2.182794281557472,0.3086937276849013,-1.4598599999999997,0.8939471127533223,0.12642321309000187,0.2709385919999999,0.05911795727904,0.00836054169638116,-2.3618814080000003,1.3574585152628893,0.1919736242643623
LYS 114,10.193700000000002,0.4444788521402928,0.06285880208848277,-3.99132,0.3822359710963881,0.05405632943513624,58.36046,5.145613495823362,0.7276996392523432,-86.05102,5.138947999308763,0.7267569956952534,1.1892440159999997,0.06563649817164685,0.009282402590101983,-20.298935983999993,0.5174374280646046,0.07317670284484165
VAL 115,9.596079999999999,0.8800665620281319,0.12446020678112468,-6.151159999999996,0.784665568506769,0.11096846889094676,-102.88741999999998,5.091293360591633,0.720017612056878,-7.226800000000001,4.642905030258532,0.6566059262601881,0.15569841599999998,0.0720540917029404,0.010189987371077302,-106.51360158399996,2.5342984001432014,0.3584039168582952


