#Frame       SA_00001
       1   11048.2849
       2   11119.5686
       3   11066.1139
       4   11198.1015
       5   11099.4766
       6   10938.7893
       7   11551.2468
       8   11156.7633
       9   11111.5509
      10   11116.8852
      11   11044.7449
      12   10973.6921
      13   11061.9500
      14   11175.4095
      15   10979.2965
      16   10964.3635
      17   11084.9145
      18   11018.9576
      19   11495.0246
      20   10998.7335
      21   11328.1133
      22   11064.3411
      23   10922.9246
      24   10700.0618
      25   11010.9391
      26   11379.3021
      27   11113.7114
      28   11137.7168
      29   11097.3063
      30   11212.8490
      31   11004.8231
      32   11038.2888
      33   11168.4641
      34   11225.4353
      35   10984.4171
      36   11164.9373
      37   10969.6130
      38   11129.3837
      39   11133.3699
      40   11114.3170
      41   11012.1142
      42   11066.1218
      43   11092.2060
      44   10861.3108
      45   11069.7892
      46   11276.8988
      47   11146.0426
      48   11023.0636
      49   11144.1343
      50   11130.1285
