| Run on Mon Jun 20 15:50:13 2016
| GB non-polar solvation energies calculated with gbsa=2
idecomp = 2: Per-residue decomp adding 1-4 interactions to EEL and VDW.
Energy Decomposition Analysis (All units kcal/mol): Generalized Born Solvent

Total Energy Decomposition:
Residue,Internal,,,van der Waals,,,Electrostatic,,,Polar Solvation,,,Non-Polar Solv.,,,TOTAL,,
,Avg.,Std. Dev.,Std. Err. of Mean,Avg.,Std. Dev.,Std. Err. of Mean,Avg.,Std. Dev.,Std. Err. of Mean,Avg.,Std. Dev.,Std. Err. of Mean,Avg.,Std. Dev.,Std. Err. of Mean,Avg.,Std. Dev.,Std. Err. of Mean
GLY   1,0.9797999999999999,0.0026532998323601275,0.00037523326079659514,0.10636000000000001,0.0262356703745111,0.003710284086158361,-19.501679999999997,0.5971248593052132,0.08444620744595586,-95.82943999999999,0.5943073669424119,0.08404775385482026,1.0177444800000002,0.011633209938686722,0.0016451843269224243,-113.22721552000003,0.02547892507620563,0.003603264139745795
SER   2,9.885599999999997,0.03633895981007599,0.005139104980594029,-1.7293800000000008,0.04422890005412049,0.006254911030538131,-3.17944,0.06622028692177759,0.009364962786901555,-8.026499999999999,0.10786700144172631,0.015254697637140754,0.507721248,0.00614991250338754,0.0008697289669698532,-2.541998752,0.06261679919094862,0.008855352664823218
LEU   3,11.207059999999997,0.04762243588956997,0.006734829470827308,-1.00738,0.04292220404406648,0.006070116308606412,-29.86928,0.06673680843257294,0.009438009959483979,-1.3796599999999999,0.04955627508196813,0.007008315632161119,0.9842664960000002,0.006757839828343718,0.0009557028737588755,-20.064993504000004,0.017916508164491033,0.0025337768836591504
GLN   4,18.460800000000006,0.03293751659834959,0.0046580682684274925,-2.6464999999999996,0.05416687179448666,0.007660352472308771,-65.89668000000002,0.07769773225098524,0.010988118671497675,-12.395779999999997,0.0814199705232074,0.011514522656193753,0.9636566400000003,0.0059652846004764485,0.0008436186385409163,-61.514503360000006,0.03834729414616215,0.0054231263461812906
ARG   5,12.404240000000005,0.021261759096724668,0.003006866807449755,-4.26268,0.0212804511231844,0.003009510259182514,-123.61531999999995,0.8585938839810805,0.12142351152966356,-75.51782000000001,0.8495089096629055,0.12013870214020612,1.1923132320000005,0.007073893909615221,0.0010003996705766282,-189.79926676799994,0.02461174179372725,0.00348062590383138
ARG   6,13.618079999999999,0.03097924466518228,0.004381126795757513,-5.141660000000002,0.06142299569361238,0.008686523355149084,-158.33068000000003,0.8357798140630944,0.11819711482056917,-46.52434,0.8201867984792179,0.11599192940886786,0.35679873599999995,0.009158677228634855,0.0012952325550133043,-196.02180126399998,0.03881413424413129,0.005489147505982045
ARG   7,11.55024,0.03717125771359443,0.005256809678903077,-3.687099999999999,0.053363002164486535,0.007546668138996168,-131.3138,1.020027470221104,0.14425366823798036,-74.98353999999999,1.0134370865528846,0.14332164724149654,1.3906524959999995,0.011401431383459046,0.0016124058892954022,-197.043547504,0.03781098132058406,0.0053472802590205735
VAL   8,11.123899999999999,0.034067726663630976,0.004817904108692644,-4.6500200000000005,0.07622925685061208,0.010780444888775775,-34.83068,0.1248457352111819,0.01765585319400937,-0.3585399999999999,0.08077554332841136,0.01142338688830949,0.124522992,0.003380213442008475,0.0004780343693404226,-28.590817008,0.08319505459716046,0.011765557453367444
THR   9,15.68474,0.21480156517098828,0.030377528668377986,-4.46762,0.1673936545989639,0.023673037658905216,-29.76692,0.23583085803159243,0.03335151978543619,-7.612940000000001,0.14974276743798925,0.02117682525780847,0.4937597279999999,0.017029122786088327,0.0024082816399402817,-25.668980272000002,0.10116711360991293,0.014307190413327859
VAL  10,11.423239999999998,0.07998688892586649,0.01131185431309907,-5.502300000000002,0.1929705936146421,0.027290163062901385,-22.863139999999994,0.12706518169907335,0.017969730326423114,0.61842,0.1459872720479427,0.02064571800640512,0.0026244000000000003,0.002429621517191514,0.00034360037010457346,-16.321155599999994,0.09978637753178797,0.014111924844553644
ARG  11,12.381819999999998,0.32567785862726306,0.04605780446353029,-3.7840799999999994,0.23132745967567309,0.03271464308226521,-143.63006,1.4334269484027145,0.20271718311021975,-55.08873999999999,1.5076953513231734,0.21322032137681002,1.1830118399999998,0.03299940819833589,0.004666821062437251,-188.93804816,0.35534611826494894,0.05025352997869246
LYS  12,11.39618,0.20877784269421595,0.02952564566611568,-7.408199999999997,0.27774095844880375,0.039278503026480054,5.310060000000001,3.830760292213545,0.5417513159448716,-43.59896000000001,3.9175523887241908,0.5540255719440865,0.2761067519999999,0.04609010650729432,0.0065181253713836075,-34.024813248,0.483142691441719,0.06832669467983185
ALA  13,7.507479999999999,0.35695233519334546,0.050480683355117614,-1.6907400000000004,0.1712247423709508,0.024214835287483777,-10.330499999999997,0.9314585820100034,0.13172813594673585,-1.9759000000000007,0.38717697503854465,0.05475509291380991,0.4618012320000001,0.02680032131399304,0.003790137787820568,-6.027858768000001,0.965229086930542,0.13650400655341716
ASP  14,12.997,0.2013586849380437,0.028476418314099246,-1.9054200000000003,0.4996435565480656,0.07066026940226028,-49.16566000000001,6.709940290673138,0.9489288561783619,-30.99544000000001,6.522618407234898,0.9224375413695988,0.8142357600000003,0.06764195063590185,0.00956601639746638,-68.25528424,0.38046233826555786,0.05380549987473321
ALA  15,7.3640399999999975,0.12758572960963854,0.01804334691792174,-0.7773999999999998,0.6018177132654042,0.08510987721762972,0.30821999999999994,0.4609554985028381,0.06518895176331646,-6.533179999999999,0.6422740751424045,0.09083127078270248,0.6790536,0.12021789285537106,0.017001377451598135,1.0407335999999998,0.3893242105220095,0.05505875786804238
GLY  16,6.1628,0.27070603982918523,0.0382836152942745,-2.678559999999999,0.26185210787772156,0.03703148022966566,-8.833820000000001,1.2048268371844877,0.17038824534573832,-2.73256,1.1417277286638863,0.1614646838413897,0.11006625600000002,0.03538789008783741,0.005004603410598808,-7.9720737439999985,0.8836044167321623,0.1249605349915392
GLY  17,4.857959999999999,0.1695162481888004,0.023973217723120513,-3.52346,0.2899413188905538,0.041003894546736364,-4.565819999999999,1.2078788298500862,0.17081986228773358,-2.48258,1.131244396052418,0.15998211672558907,0.06017716800000002,0.027113035761488862,0.0038343622891004285,-5.653722832000001,0.5265786374195248,0.07446946506946366
LEU  18,11.44038,0.39387951914259206,0.055702975791244676,-7.829120000000001,0.5521300803252516,0.07808298477901171,-29.07032000000001,0.8912836011054192,0.12604653566040155,-1.1074799999999998,0.7802847234183179,0.11034892383707245,0.010378368000000002,0.031815288018167874,0.004499361180609923,-26.55616163200001,0.5021694136967988,0.07101747954589584
GLY  19,6.020820000000001,0.24779666583711885,0.03504374055376872,-3.91362,0.19507638401405036,0.027587966797137205,-11.82136,1.1309469264293412,0.15994004816805413,-0.35405999999999993,0.7639674707734616,0.10804131583797005,0.000296208,0.0017117415192534184,0.00024207680718053105,-10.067923791999997,0.41943852975928164,0.05931756573674071
ILE  20,14.360499999999995,0.13950157705258684,0.019728502224020363,-7.6832,0.5450106420979305,0.07707614416925622,-12.023479999999998,1.5000924270190938,0.21214510551035748,-1.65954,0.968663929544194,0.13698976665430154,0.0048925439999999995,0.013855468775442569,0.001959459185526782,-7.000827456000001,1.0519640143875415,0.14877017762753067
SER  21,11.11898,0.7759373812363864,0.10973411680967604,-5.484159999999999,0.48936037273159094,0.06920600760049687,-18.931259999999998,3.537213998671853,0.5002376009937701,0.3256199999999999,1.8850702150317897,0.26658918641235235,0.041564303999999996,0.02599612994650519,0.0036764079539561,-12.929255696,1.132164989357414,0.16011230827932454
ILE  22,15.489819999999998,0.24094278906012506,0.03407445600448286,-8.777219999999998,0.3701752714594152,0.05235068893530471,-6.357659999999998,1.0894578396615553,0.15407260524830643,-1.77708,0.5544725363802979,0.07841425809124267,0.002207808,0.008833354002819994,0.0012492249032030702,-1.419932192,0.731845502805871,0.10349858356298197
LYS  23,9.173819999999997,0.24188689009541228,0.03420797205331823,-6.801899999999998,0.3640135849113681,0.0514792948669707,39.21606,4.567404928008866,0.6459285994039848,-76.62571999999999,4.421096755512428,0.6252374992209363,0.60085656,0.04351669529371928,0.006154190067403524,-34.436883439999995,0.6219127783977101,0.08795174858231748
GLY  24,5.362460000000002,0.2899269708046907,0.0410018654209742,-4.12778,0.21427937744916434,0.030303680172547174,-7.143720000000001,1.1800101192786332,0.16687863144213366,-7.367539999999999,0.9387162555319999,0.1327545259793442,0.03857039999999999,0.02353221507622265,0.0033279577713474684,-13.2380096,0.3654068151448925,0.05167632737614654
GLY  25,6.24956,0.3105754761728689,0.04392200505441532,-5.516220000000001,0.20579963945542365,0.029104464124935323,-10.402999999999999,1.1552336560194076,0.16337471040525012,2.76396,0.7221172746860459,0.10212280434849037,0.00018936,0.0010406630532501862,0.00014717198037670078,-6.905510640000001,0.756394804743909,0.1069703791377385
ARG  26,14.83702,0.3300875332392329,0.0466814266277203,-5.865719999999999,0.19234188727370166,0.02720125055949059,-183.52336,6.32885030557697,0.8950345936376057,-29.680840000000003,5.54421628856593,0.7840705868019763,0.8451303840000002,0.06251876532758623,0.008841488582909325,-203.387769616,0.8093804668779521,0.11446368333786675
GLU  27,16.8981,0.28106520595755446,0.03974862261763607,-7.190920000000001,0.6312602265310254,0.08927367737468885,-79.87376000000002,5.7807400825842175,0.8175201025344365,2.8802600000000003,6.610988579055329,0.9349349709193682,0.19614657600000007,0.036887104284172204,0.005216624315534703,-67.090173424,1.3177815901640484,0.18636245970555806
ASN  28,18.743840000000002,0.9974483717967636,0.14106050151619443,-6.358780000000001,1.2203228308935206,0.17257970979231457,-90.49546000000002,3.8966879588172794,0.5510748959695329,0.18906000000000003,3.7469406048668557,0.5298974220809155,0.075727152,0.07192778931298872,0.010172125515794321,-77.84561284800002,1.6246133160138416,0.22975501851187016
LYS  29,10.388240000000001,0.38117930478975026,0.053906894252961246,-1.4675199999999997,0.3462841168751463,0.048971969451922184,53.39394,2.9687789032528267,0.419848738866727,-92.19788,3.009760180745296,0.4256443667100495,1.5244934399999999,0.06269430091090897,0.008866313063170735,-28.35872656,0.519025083617842,0.07340123124641819
MET  30,13.065120000000006,0.44718862418433053,0.06324202172604453,-6.751980000000002,0.3459195565445139,0.048920412835533826,0.4402199999999999,0.8797309199977004,0.12441273982997081,-5.994899999999999,0.7008894420663018,0.09912073546942757,0.28983931199999996,0.054588291964342284,0.00771995028427551,1.0482993120000004,0.6674257081507596,0.09438824883432714
PRO  31,18.724759999999996,0.27130017029118825,0.038367638029992865,-5.534299999999998,0.2252341226368921,0.03185291509422977,-8.746139999999999,1.0655187283196867,0.15068710365522342,1.0005599999999994,0.43046598750656384,0.06087708376721099,0.22982961599999993,0.018668439205626598,0.002640115991293474,5.674709615999998,0.5764289113101848,0.08151935841188213
ILE  32,13.156739999999997,0.2830254977914173,0.04002584974740188,-8.50886,0.18526996626540718,0.026201129899294462,-12.283960000000002,0.2282145446720894,0.03227441042060694,1.2147400000000002,0.2622503239273486,0.037087796483479374,1.9152000000000002e-05,0.000134064,1.895951270259866e-05,-6.421320847999999,0.2670989756410942,0.037773499384759636
LEU  33,11.63694,0.21129774348064245,0.029882013452915576,-7.881759999999998,0.2289027356761507,0.0323717353257516,-31.008020000000002,0.3452044316055041,0.04881927889677994,-1.33196,0.2235637680841843,0.03161669128798867,0.011810592000000003,0.014043695643580998,0.00198607848449922,-28.572989408,0.26263092637028923,0.03714162179714727
ILE  34,12.943460000000002,0.07906534259692564,0.011181527981424744,-8.057179999999999,0.13703031635378496,0.019379013184379842,-16.302200000000003,0.2861391968952359,0.040466193297578806,0.30619999999999997,0.23886230343024,0.03378023090507229,0.005135904000000002,0.0018049769249450151,0.00025526228470277245,-11.104584095999998,0.18674796837306068,0.026410150961880423
SER  35,12.70192,0.4968675815547569,0.0702676872538257,-3.9517599999999997,0.7336125015292467,0.10374847491891136,-11.78596,3.6983688726788806,0.5230283418400967,-2.27138,1.1485307813027912,0.16242678077213743,0.21094516800000002,0.017664432423120068,0.0024981279904399433,-5.0962348319999995,1.719037570624133,0.2431086246605546
LYS  36,9.41638,0.17969339331205542,0.025412483389075157,-6.0052400000000015,0.30351069569289074,0.04292289421741794,35.170440000000006,3.401170946365288,0.48099820802991244,-69.28286000000003,3.417480416973441,0.48330471548283,0.8585395199999999,0.03048415321751391,0.004311110291766759,-29.842740480000007,0.25247764118115557,0.035705730435435803
ILE  37,12.5177,0.07006404213270909,0.009908551861875713,-6.2249,0.09402558162551601,0.013297225274482322,-15.725519999999996,0.36572641359376834,0.0517215254222379,-1.2766200000000003,0.2873116001834917,0.04063199616066102,0.22564296000000003,0.006981752087720782,0.00098736884915814,-10.483697040000004,0.1439191013134776,0.020353234496206754
PHE  38,10.13604,0.20655216871292775,0.02921088783313981,-5.2769,1.0140470255367835,0.14340790563982153,0.8422599999999999,1.0255579127479832,0.1450357909207241,-5.357660000000001,0.890087964416993,0.12587744709835724,0.42291158399999995,0.11714575523834134,0.016566911583250136,0.766651584,0.9688376365903842,0.13701433254036174
LYS  39,9.43148,0.08346861446061883,0.011804244660269818,-1.80408,0.11557730573084478,0.016345099326710234,32.02160000000001,1.1377782912321708,0.1609061490434221,-69.61104,1.1929239868485362,0.16870492810813834,1.6052863679999998,0.020896308144125998,0.0029551842380950346,-28.356753632000004,0.07561446154923784,0.010693499703447107
GLY  40,6.377299999999999,0.057577512971711306,0.008142689973230694,-1.34932,0.017108407289983106,0.0024194941620096838,-18.918760000000002,0.13285142980011047,0.018788029380397336,0.19379999999999992,0.13294013690379608,0.01880057445930844,0.32495889600000005,0.0054209175710689455,0.0007666335149512319,-13.372021104000003,0.03513563489317192,0.004968929138851308
LEU  41,11.281919999999998,0.3063061109414318,0.04331822563311307,-4.2726,0.2746610274502162,0.03884293500754247,-28.90272000000001,0.6038280894421691,0.08539418734309498,-3.344360000000001,0.45466857203901423,0.06429984609623825,0.36805363199999985,0.0453697780354704,0.006416255541961919,-24.869706368000003,0.45402087547542846,0.0642082479697857
ALA  42,10.766000000000002,0.37064737959408856,0.052417455108000874,-5.626899999999999,0.09966328310868791,0.014094516664293583,-4.08122,0.2408074159987707,0.034055311362548135,-2.633320000000001,0.3048391995790446,0.04311077303876435,0.04358102399999998,0.010582662169162609,0.0014966144365642438,-1.531858976,0.2584232823096761,0.03654657106753151
ALA  43,9.339,0.09421019053148431,0.013323332916337846,-4.99786,0.07532463342097238,0.010652511816472084,-8.76864,0.2269864982768944,0.03210073843387612,-1.7409999999999999,0.2739113725276861,0.03873691779168829,0.0,0.0,0.0,-6.1685,0.13677254841523614,0.01934255929291577
ASP  44,17.271500000000003,0.08198249813093862,0.011594076073400031,-5.03646,0.05026697126343712,0.007108823250017141,-44.26082000000001,1.1527136971509515,0.1630183344044108,-39.46016,1.1389969685648895,0.16107849604463084,0.3592886399999999,0.008463467544691237,0.0011969150586406867,-71.12665136,0.07084892038267515,0.01001955040846708
GLN  45,19.964560000000002,0.10556252365229862,0.014928795262741134,-3.4405599999999987,0.04379596328438288,0.0061936845253968385,-74.19604,0.38354942106737616,0.05424207931138322,-14.29708,0.36389986754604137,0.05146321280293846,0.945166032,0.008281827021925134,0.0011712272095634503,-71.02395396800001,0.0742214385815419,0.010496496506085824
THR  46,15.340640000000006,0.06421176216132919,0.009080914491242726,-3.7253600000000002,0.08411058435180452,0.011895032912944817,-39.3429,0.12427988574292596,0.017575829994782455,-3.897380000000002,0.11795827906504057,0.01668181980479707,0.24630681600000004,0.006640947630190138,0.0009391718205624359,-31.37869318399999,0.06253696259089914,0.008844062064566845
GLU  47,16.046919999999993,0.017499531430010748,0.002474807468349544,-0.9393600000000002,0.03601764012258045,0.005093663514602662,-17.862119999999997,0.6437989636525513,0.09104692258391812,-63.53612000000001,0.6424114768587242,0.09085070231977375,1.1440752479999996,0.00932716208302011,0.0013190599116259126,-65.14660475199999,0.056090275693793865,0.007932362860340924
ALA  48,7.6182799999999995,0.018533256594705394,0.0026209982831172972,-2.34006,0.04449288032933777,0.0062922434790792575,-9.576239999999995,0.06531785667121533,0.009237339876957466,2.3774399999999996,0.0627474812243526,0.008873833895223058,0.23222995199999996,0.00595812531087654,0.0008426061620960015,-1.6883500480000004,0.06815409318256781,0.00963844429100271
LEU  49,10.373300000000004,0.058741552583318646,0.008307310033818155,-7.792259999999998,0.0492628906989008,0.006966824814808891,-26.040739999999996,0.10503576724249786,0.014854300656860412,-4.014619999999999,0.07518773570209357,0.010633151555402448,0.052299648000000004,0.005326420506202705,0.0007532696118774031,-27.422020352,0.13550846834846653,0.019163791375480663
PHE  50,8.84496,0.0374459396997992,0.005295655577926113,-4.38098,0.13012078850055392,0.01840185838441644,-5.49076,0.15583678128092984,0.022038648960406065,-3.361119999999999,0.21045309596204148,0.02976256225529255,0.7666400159999999,0.015769968356491658,0.002230210312794505,-3.621259983999999,0.03996192401241157,0.005651469491687549
VAL  51,10.14628,0.06262812147884786,0.008856953878133638,-3.2364600000000014,0.09290085252564748,0.013138164559779345,-20.08142,0.2738753796895493,0.038731827635704145,-7.014419999999998,0.2638338939560685,0.0373117471046377,0.6075092160000001,0.005756859411002645,0.0008141428655715128,-19.578510784,0.07383603861927603,0.010441992720728377
GLY  52,6.601940000000002,0.09484965155432648,0.013413766361449081,-3.2957,0.0844114328749124,0.011937579319104726,-17.461420000000004,0.24754305403260207,0.03500787442841617,-0.04507999999999999,0.16989912771995033,0.024027365065691243,0.040097808000000006,0.0034100352375797155,0.0004822518081155393,-14.160162192,0.10584947977416105,0.014969376986675517
ASP  53,15.051499999999999,0.09905397518535382,0.014008347511409537,-7.234140000000002,0.04765165684410273,0.00673896193784788,-92.18062000000002,1.2193185127743207,0.17243767776180363,15.622100000000003,1.2233118694756306,0.17300242368244223,0.0,0.0,0.0,-68.74116,0.21496710074659825,0.030400938933986273
ALA  54,8.42986,0.05282651228334094,0.007470797012396965,-5.231059999999998,0.12481176386871867,0.017651048920685017,-6.152580000000001,0.19550264346035837,0.027648248986143046,-0.03546000000000001,0.14568434507523448,0.02060287766308386,0.0,0.0,0.0,-2.9892400000000015,0.1254138046627659,0.01773619034628936
ILE  55,12.941039999999996,0.13048278967016771,0.018453053080782718,-7.969639999999998,0.16821875757487137,0.02378972484079349,-6.969739999999997,0.18610403649581214,0.026319085242475497,-1.2157000000000002,0.11188963312121143,0.015823583664896706,0.0008030880000000003,0.0006711870894586687,9.49201884802173e-05,-3.2132369119999997,0.20450676018937639,0.028921623385679822
LEU  56,11.988620000000003,0.05142602065026255,0.007272737586248014,-7.03274,0.09901369804216939,0.014002651463195032,-27.255899999999997,0.22853702107130486,0.03232001547033851,-5.542779999999998,0.16304371070367316,0.023057862693676993,0.199807056,0.007454495372113195,0.0010542248455889952,-27.642992944,0.1284057714237878,0.018159318343450033
SER  57,9.647319999999999,0.052714111962679236,0.007454901206607478,-6.11006,0.08571730513736546,0.01212225754553352,-14.49908,0.14450395703936755,0.020435945586165266,-1.7129399999999992,0.11252278169332289,0.015913124394664423,0.16696008000000004,0.005451465391248738,0.0007709536291111516,-12.507799920000002,0.0413611717972138,0.0058493530111263315
VAL  58,11.703319999999998,0.13477484038225637,0.019060040713525604,-5.44894,0.1851514417983032,0.026184368008409314,-24.722800000000003,0.17689974561838465,0.025017401943387006,-3.5490200000000005,0.12837655393409855,0.01815518636643233,0.024274224,0.0031287760808699364,0.0004424757567194803,-21.993165776,0.16504829895830953,0.02334135428334505
ASN  59,19.235600000000005,0.13053474633186338,0.01846040086234528,-2.41974,0.08531724561891242,0.012065680585858246,-88.74505999999998,0.23045150553854307,0.0325907644601906,-11.492539999999998,0.10077920618877266,0.014252332019735685,0.5809272480000001,0.009321949037619478,0.0013183226756752287,-82.84081275200002,0.16909916324385735,0.023914233004540503
GLY  60,6.213920000000002,0.029678840947481754,0.004197221938344265,-1.0186000000000002,0.017179057017183714,0.0024294855422481894,-9.30258,0.04870978957015866,0.00688860450304579,-5.879880000000001,0.050740768618444815,0.007175828314543979,0.5137211520000001,0.008878414019312197,0.001255597351847473,-9.473418847999998,0.054530194920556475,0.0077117341215499425
GLU  61,15.436860000000003,0.07069653739697847,0.009998000199962364,-4.144080000000001,0.20841380376547466,0.02947416278708991,-39.81529999999999,4.73916370787094,0.6702189589977448,-39.49654,4.475364920137764,0.6329121766627609,0.6558377759999998,0.03762825477529845,0.005321438823165724,-67.363222224,0.2787267272922426,0.03941791179325566
ASP  62,16.92076,0.05690784128692785,0.008047984095334894,-2.4869399999999997,0.041840846071789214,0.005917189197588935,-44.118140000000004,2.3032946230127536,0.32573504940056613,-38.205839999999995,2.2680563604991577,0.32075160652444706,0.672493104,0.010127063060469153,0.0014321829927123057,-67.217666896,0.0916669833672999,0.012963669109986444
LEU  63,12.362879999999995,0.18125690497213304,0.025633597328536182,-7.83052,0.3405207917294064,0.04815691219337506,-31.864920000000005,0.21211825381110708,0.029998051136656607,0.35766,0.18783424714359215,0.02656377397886078,0.008945568000000001,0.004400730979164248,0.000622357343508951,-26.965954432000004,0.20614174484446762,0.029152845133030014
SER  64,11.59494,0.06146036446380312,0.008691808097310377,-2.0454400000000006,0.2005381918737601,0.02836038307216495,-25.11604000000001,0.19395968240754502,0.027430041341432836,0.06412000000000002,0.24397931387722194,0.03450388546236495,0.335058912,0.016438211434199893,0.0023247141551401974,-15.167361088000005,0.0924584172538761,0.013075594763598215
SER  65,10.922320000000003,0.05732868043080087,0.008107499737819164,-1.03184,0.13615232058249926,0.019254845831633994,-13.525979999999997,1.0072367644203843,0.14244478927641016,-5.666459999999998,0.47664486612154694,0.06740776341045998,0.5530799519999999,0.015072401555085628,0.002131559469673542,-8.748880048000002,0.4531999251682102,0.06409214806393547
ALA  66,8.357199999999997,0.14478466769675966,0.020475644068043926,-5.3743,0.1268988967642998,0.017946214085425603,-9.60634,0.5276113573455367,0.07461551372201354,2.34518,0.44364209403526883,0.06274046662242772,0.022520592000000006,0.007032962949876503,0.000994611158738284,-4.255739408,0.274966287816695,0.0388861053425754
THR  67,15.150399999999996,0.21925108893704875,0.0310067863539844,-6.894600000000001,0.34778217320613514,0.04918382660997051,-33.48022,1.805586389957488,0.25534847607141553,-2.2090799999999997,0.886847424081505,0.12541916548917081,0.10049587200000001,0.06631057536283343,0.009377731500688226,-27.333004128000006,1.1269688780958913,0.15937746717756007
HIE  68,30.227800000000002,0.2876316394274201,0.04067725654458653,-12.023260000000002,0.5325976646587384,0.07532068406486254,-21.894519999999996,1.530966521384503,0.2165113618081123,-0.40972000000000003,1.4175612726087008,0.20047343772180887,0.02138097600000001,0.02532397404631872,0.0035813507549488197,-4.078319024000001,0.885142932866713,0.12517811402988036
ASP  69,16.00056,1.9131304415538208,0.27055750170342413,-5.281360000000001,0.8889656857269471,0.1257187329239347,-73.70798,12.390929170146935,1.7523420082826193,-8.501799999999998,11.31808928574077,1.6006195368044214,0.20073383999999994,0.12669848721870053,0.017917871895684053,-71.28984615999998,1.3175652295659168,0.186331861696334
GLU  70,17.642919999999993,0.2689211661439905,0.038031196037001974,-5.588920000000001,0.2103812577203565,0.029752402793723758,-67.62109999999998,7.8208793425036935,1.1060393635852297,-14.505359999999998,7.310729634612409,1.033893300011177,0.538366464,0.04849287052702822,0.006857927517772584,-69.534093536,0.5839381576900406,0.08258132621924145
ALA  71,9.50918,0.09138089296993067,0.012923209817984017,-6.28408,0.17158797626874508,0.024266204317941208,-6.221439999999998,0.3894181382524682,0.055072041255072146,0.13493999999999998,0.29116211360683586,0.041176540991200314,0.0,0.0,0.0,-2.8614000000000006,0.2562694675531905,0.036241975663585384
VAL  72,13.08612,0.26345402938655543,0.037258026142030665,-5.158600000000002,0.5279626123126389,0.07466518867584622,-32.08858,0.33236047237922617,0.04700286876354301,0.9520200000000001,0.349362075217102,0.0494072584950835,0.11983881600000001,0.07121269322670876,0.010070995657432616,-23.089201183999993,0.6921709871513728,0.09788775975106447
GLN  73,21.49884,0.702932723950147,0.09940969916461609,-5.7271,0.6076986506484937,0.08594156735829292,-83.78996,7.189771156191596,1.0167871879445043,-4.00482,5.978569958409785,0.8454974718779468,0.48069863999999995,0.1511754215857486,0.0213794331504036,-71.54234136,1.270290329857138,0.1796461812635357
ALA  74,9.25612,0.06959012573647808,0.009841529962377625,-5.49088,0.2383840296664283,0.03371259278074131,-5.967479999999999,0.39395457809244544,0.05571359072973069,1.2944000000000002,0.38065932275461145,0.05383335768833288,0.03696739199999998,0.008252619617354103,0.0011670966587968433,-0.8708726080000001,0.23397213804448672,0.03308865708399431
LEU  75,13.0379,0.12963043624083972,0.01833251210281363,-6.68324,0.28924305073760104,0.04090514451752846,-28.684800000000013,0.3201129175761571,0.04527080295270221,-0.7325600000000001,0.32388690371794887,0.04580452519129521,0.018950687999999997,0.014594697655691812,0.0020640019363414174,-23.043749311999996,0.20667496712205052,0.029228254150701734
LYS  76,11.932900000000007,0.8715979864593087,0.12326256933878356,-4.926860000000002,0.5580761958729064,0.07892389250410481,55.19874000000001,5.354269297709931,0.7572080257419251,-87.37750000000001,5.113796007859245,0.7231999669523934,0.8968151519999998,0.10822733257653279,0.015305656154919614,-24.275904848,0.9123755006923251,0.12902938070560294
LYS  77,10.76494,0.16849372807324337,0.023828611541598505,-3.0724999999999993,0.23124724863228813,0.0327032995277245,22.283539999999995,6.785951541854706,0.9596784704097541,-66.78818000000001,6.669061702188527,0.9431477507538013,1.2244605119999996,0.056922135198021036,0.008050005559627626,-35.58773948799999,0.43123939369317754,0.06098645991904422
THR  78,14.4356,0.346383429164736,0.048986014330606995,-3.812079999999999,0.15735969496668112,0.02225402147927737,-43.27322,0.834236927737253,0.11797891774384868,-1.83454,0.5718551638308427,0.08087253284026659,0.09755971199999998,0.008162408660601297,0.0011543389029453964,-34.38668028800001,0.3254813317537227,0.04603001136653713
GLY  79,5.452780000000001,0.06941449128240752,0.009816691499680969,-2.2832000000000003,0.12790856108954837,0.018089002183646685,1.0742599999999998,0.5932882877657376,0.08390363429554178,-4.77616,0.3092473029793393,0.04373417300006832,0.3094873919999999,0.012906612177081478,0.0018252705985118364,-0.22283260799999977,0.3647372946886149,0.05158164288519114
LYS  80,10.435340000000002,0.10925669041278652,0.01545122933617612,-2.60772,0.2021171976849002,0.028583688215482978,32.72354,3.203780792813404,0.45308302480671425,-75.89030000000001,3.257880208049195,0.46073383748100516,1.2927538079999998,0.06481330605802421,0.009165985644949613,-34.04638619199999,0.2714134924516338,0.03838366420361482
GLU  81,15.43576,0.1820322564822517,0.025743248590657807,-3.7372599999999996,0.08213033787830469,0.011614983770978322,-74.80134,1.4085492765253067,0.19919894901328997,-11.24854,1.4464230945335372,0.20455511572189897,0.6116760000000001,0.014239485634747766,0.002013767370587715,-73.73970399999999,0.15209907347639648,0.021510057253470178
VAL  82,12.468799999999998,0.22779367857787347,0.03221489096676862,-5.785600000000001,0.20646384671407417,0.029198397216276345,-28.956019999999995,0.24984543141763715,0.03533347976077794,0.34124000000000004,0.08436576556874216,0.011931120986730425,0.0,0.0,0.0,-21.931580000000004,0.2102364468875151,0.02973192344934547
VAL  83,11.925840000000003,0.07252512943789882,0.010256602166394072,-4.12,0.06953330137426386,0.009833493784005972,-28.691959999999995,0.12802733458165816,0.018105799291985893,-1.2896399999999997,0.09868997112169273,0.013956869563050695,0.35263310400000003,0.013528447980176791,0.0019132114611424922,-21.823126895999998,0.13809497673278168,0.019529578899109685
LEU  84,11.465220000000002,0.1005563105923024,0.014220809822183536,-6.747140000000003,0.0926120964019658,0.013097328277146455,-38.256040000000006,0.09081386678175318,0.012843020205429885,1.6513200000000001,0.08210272589871576,0.011611078847376458,0.0012348000000000003,0.0016199163178386715,0.00022909076265969345,-31.885405199999987,0.07589688437278065,0.0107334403221849
GLU  85,15.611739999999998,0.05552181913508406,0.00785197096284619,-5.83826,0.05643892628321988,0.007981669499550488,-83.18769999999999,1.30487018894711,0.1845365118345346,0.8427,1.2991479399975971,0.18372726362736697,0.2337531840000001,0.006334011021627041,0.0008957644291005624,-72.33776681599998,0.12615722877214777,0.01784132639209766
VAL  86,11.52346,0.02123224905698586,0.0030026934576072757,-6.585040000000001,0.03970086145132874,0.0056145496702364305,-26.09227999999999,0.06457864662866902,0.009132799790196327,0.9899199999999998,0.058328668765888124,0.008248919444388693,0.0,0.0,0.0,-20.163940000000004,0.04780268193121246,0.006760320110492796
LYS  87,9.413680000000003,0.01604423883953094,0.0022689980164817825,-7.3838,0.05381040791531987,0.007609940867067391,46.102719999999984,0.7624208297265203,0.1078225877634993,-85.19804000000002,0.7388292078653348,0.1044862286040527,0.597468096,0.0050480886626604856,0.0007139075450796319,-36.46797190399999,0.05774166707207683,0.008165904868736302
TYR  88,10.574420000000002,0.04796752651489979,0.006783632655086233,-4.16788,0.09040589361319439,0.012785324086623867,-28.557859999999994,0.08194535008420165,0.011588822546248921,-5.909719999999998,0.08652445665832659,0.01223640600831685,0.7599254399999998,0.015403747577679174,0.00217841887357256,-27.301114560000002,0.09255117660156928,0.013088712916352673
MET  89,12.99608,0.03689923576471762,0.005218339965966602,-6.8282599999999976,0.061556091494170025,0.008705345943773436,-1.6866800000000006,0.23466217760857278,0.033186243415004764,-2.1091599999999993,0.23748569304276962,0.03358554879706586,0.5202882719999998,0.008645336529147288,0.0012226352170799635,2.892268272000001,0.05469358440053501,0.007734840883403415
LYS  90,7.280319999999998,0.028998234429500298,0.004100969641507375,-4.18346,0.16688022171603614,0.02360042728426474,-2.3311,1.1047217251416759,0.15623124463435606,-110.57764000000002,1.0977226746274786,0.15524142941826485,1.2804916319999997,0.04282052613033569,0.006055736880147224,-108.53138836799997,0.1010595988166743,0.014291985525452477
GLN  91,15.890360000000001,0.9852393772073722,0.13933388894306872,-2.9499,1.094666693564757,0.15480924843173924,-74.42357999999997,7.317713684177921,1.0348809937727603,-92.49544,6.601515144752719,0.933595224992068,1.0800679679999998,0.13643309727209593,0.019294553651876576,-152.898492032,1.091712833964584,0.15439150960094816
PRO  92,18.097360000000002,0.34938464534084623,0.049410450392593855,-5.819680000000001,0.6289091648242906,0.08894118703952479,-6.058180000000002,1.1926774197577403,0.1686700582557545,-1.3411199999999999,0.801205108321209,0.11330751304304583,0.25274044799999995,0.06411632482566122,0.009067417613796886,5.131120447999999,1.3325356674493498,0.18844900132527548
ASN  93,19.793799999999997,0.6242530256234795,0.0882827095189164,-6.266419999999999,0.5500496010361419,0.07778876057632218,-92.61298000000001,3.300080214115627,0.4667018195721427,-4.6474,3.227645922340304,0.45645806379118753,0.19771675199999997,0.07110595880729625,0.010055901131082099,-83.53528324800001,1.4596063005181328,0.20641950259179628
VAL  94,10.44254,0.17889597088811907,0.025299710828388035,-5.7076400000000005,0.5012200219464437,0.0708832152769601,-28.08406,1.6415989694196516,0.2321571526530967,-1.0349200000000003,0.9992313013511936,0.14131264583185751,0.10148774399999998,0.037937037035995116,0.00536510722925547,-24.282592255999997,0.8973049764991322,0.1268980867349944
ILE  95,14.101499999999998,0.39532686475881745,0.0559076613712354,-7.19534,0.4501983833822488,0.06366766595376185,-16.079839999999997,1.0452782473581634,0.14782466738674935,1.8597999999999997,0.6650170524129441,0.09404761347317649,0.015300719999999995,0.00817632941528166,0.00115630759495214,-7.298579280000002,0.6229183877185643,0.08809396321631757
SER  96,10.40724,0.7675130633415692,0.10854273834761675,-5.1933799999999986,0.9951585379224848,0.1407366701041358,-11.088099999999997,5.081756291873912,0.7186688668642894,-3.5794199999999994,2.8379364340308983,0.4013448194159235,0.03462681600000001,0.034795226557120494,0.004920788130292429,-9.419033184000002,1.5791725407048607,0.22332872243919924
VAL  97,11.369720000000003,0.30430307523901345,0.04303495360748532,-6.164540000000001,0.4882426941593679,0.06904794398097572,-22.00143999999999,1.7035374156150498,0.24091657171728154,-0.4003,1.2400980001596649,0.17537634104975505,0.016050240000000004,0.01253178919248165,0.0017722626236808126,-17.180509760000003,0.7547771888611632,0.10674161370572958
ARG  98,12.735959999999995,0.5952783201160046,0.08418506736947265,-6.2676,0.7502750162440465,0.10610491034820246,-130.94106,12.128091500990564,1.7151711486402723,-72.24937999999999,10.61330423928402,1.5009478796787323,0.9215164800000002,0.2273269803352121,0.03214888986833788,-195.80056352,2.041608681402379,0.2887270686297896
LEU  99,11.1544,0.1777034608553077,0.025131064442221254,-6.718559999999999,0.2997282208935463,0.0423879715013612,-34.55032,0.47552680008560955,0.06724964499529484,-1.71096,0.5256372498215854,0.07433633275861809,0.06973632,0.013485100334576668,0.0019070811783120285,-31.755703680000007,0.26623354455144377,0.037651108946331335
PHE 100,9.406240000000002,0.106025951539896,0.014994333863123346,-6.375699999999999,0.24645480315872786,0.03485397251390644,-3.112639999999999,0.397075094157275,0.0561548983437792,0.05237999999999996,0.3563082311707099,0.050389593290678596,0.5175741600000001,0.03000876515633096,0.004243880267415241,0.4878541599999998,0.30669295359464677,0.04337293344578117
LYS 101,11.862079999999999,0.18825651011329367,0.02662349098072476,-8.71308,0.37962807272380533,0.05368751691035651,39.736979999999996,5.1515544663334945,0.7285398193592519,-69.29910000000001,4.461797625397196,0.6309934714400784,0.3720574080000001,0.06516881480945237,0.009216262174730814,-26.041062592000003,0.48549792038417144,0.06865977435112283
ARG 102,12.047700000000004,0.22454249041089266,0.031755103526811504,-6.735479999999999,0.3028090645935597,0.042823668595772274,-129.41622000000004,2.940252270060016,0.4158144637117155,-70.7992,2.7446498938846737,0.38815211038975816,0.6458317920000001,0.020203072165464082,0.002857145865800168,-194.25736820800003,0.29968780235827597,0.04238225545728615
LYS 103,10.818620000000003,0.057224082342553655,0.008092707334319413,-1.7832,0.1438280918318854,0.02034036381188953,43.003720000000015,1.6088984683935295,0.22753260344834297,-83.78361999999998,1.5476264522168974,0.2188674318212493,1.403338896,0.02812336448579712,0.003977244347537613,-30.341141103999995,0.3396524727581512,0.04803411334681356
VAL 104,9.947400000000004,0.028254557153319284,0.003995797792506988,-0.06705999999999998,0.057534480096721144,0.008136604205686794,-28.466359999999998,0.153519609170964,0.021710951337979425,-2.9193799999999985,0.19154486576259427,0.027088534696439473,0.982177056,0.015527101418145247,0.0021958637409883524,-20.523222944,0.04672645994737161,0.0066081193379256145
GLY 105,5.24336,0.04412380763262556,0.006240048717760055,-1.7830600000000008,0.2826162352024345,0.03996797127701074,-10.088079999999998,0.12867895554451023,0.018197952412305093,-3.54454,0.257272012469288,0.03638375692530871,0.25540891199999993,0.030279954115690143,0.004282232177844402,-9.916911088,0.06954995198373691,0.009835848535779828
GLY 106,5.644720000000001,0.18985299997624952,0.026849268742363094,-3.1919,0.1396001790829813,0.0197424466568865,-5.93112,0.3282535385948086,0.04642206061777385,-2.1611599999999993,0.18341367015575508,0.02593860998588942,0.14894352000000002,0.009715792049153375,0.0013740204885109386,-5.49051648,0.2305068938785664,0.032598597554356436
LEU 107,10.697419999999997,0.15565218790636726,0.022012543515023002,-6.979079999999999,0.21111559298172594,0.029856253482319503,-28.625119999999995,0.10020871020044943,0.014171651703339068,-2.5913199999999996,0.19272254045648843,0.027255083048856342,0.137526912,0.01800325220309519,0.002546044343244052,-27.360573087999995,0.29075695360977993,0.04111924271492356
GLY 108,5.860939999999999,0.07523999202557198,0.010640541715540741,-4.30222,0.11058359552843691,0.015638882057229624,-9.790499999999998,0.16797657574806896,0.023755475158391062,-3.6562799999999993,0.09943581648484094,0.014062348025850423,1.9152000000000002e-05,0.000134064,1.895951270259866e-05,-11.888040848000001,0.13824769411236312,0.0195511763980511
PHE 109,8.831,0.1394230970822891,0.01971740348018339,-8.430019999999999,0.29235796483081355,0.04134565989315329,-6.6884000000000015,0.21136754717783127,0.029891885186442396,-0.9770000000000002,0.27464930365831913,0.03884127701299214,0.12368822400000003,0.008347973837298048,0.0011805817819042668,-7.140731775999998,0.2865792967947517,0.04052843282224823
LEU 110,10.37958,0.05853002306478032,0.008277395242422238,-3.9067000000000003,0.060145573403112815,0.008505868562338864,-30.300760000000004,0.1193804942204357,0.016882951400934307,-0.5846200000000001,0.09167112740661486,0.012964255165646666,0.6826001759999998,0.010127695170516949,0.0014322723865725564,-23.72989982399999,0.13178082447065387,0.018636622922710695
VAL 111,12.12356,0.14319485465634482,0.020250810551704697,-5.14588,0.147792643930614,0.020901036146565202,-20.05384,1.0538270894221566,0.14903365622569784,-4.558880000000001,0.4952809562258513,0.0700433045479714,0.265751856,0.046265123370539646,0.00654287649354816,-17.369288144000002,0.4911632699916103,0.06946097577616535
LYS 112,9.71584,0.047316534108122844,0.006691568426019646,-5.8615999999999975,0.1583502447109797,0.022394106367536592,11.460440000000004,1.0000138431041359,0.14142331394787094,-54.15840000000002,0.9747896183268808,0.13785606986983678,0.8917911359999998,0.006540034009649513,0.0009249004794827634,-37.951928864,0.19413160752516162,0.027454355224737437
GLU 113,15.22664,0.04747368112936774,0.006713792370892753,-4.113339999999999,0.1183580347927524,0.01673835380197371,-42.424,1.1135020431050464,0.15747296910893072,-37.215740000000004,1.1393022392673922,0.16112166784139828,0.7553099520000002,0.02585449383937567,0.00365637758359367,-67.771130048,0.08796828550946405,0.012440594242619266
ARG 114,12.64946,0.10586637048639877,0.01497176569410799,-9.052960000000006,0.0887190982815268,0.012546775203124675,-134.10809999999998,1.9069938987850192,0.26968966350245194,-68.28354000000002,1.8666856212006266,0.2639892122188772,0.4740069600000002,0.013522460157937106,0.0019123646552004479,-198.32113303999998,0.1665268769903892,0.02355045679394445
VAL 115,12.59082,0.024357906312489977,0.0034447281458136548,0.34343999999999986,0.025919228383579268,0.0036655324306303473,-28.678840000000005,0.12166731031510895,0.017206356034508305,-6.71088,0.09756754378380232,0.013798134366648401,1.224485568,0.007259509485939999,0.0010266496771192482,-21.230974431999996,0.059653448121318495,0.008436271537548844
SER 116,10.222980000000002,0.04065390018160517,0.005749329700018806,-2.3807400000000003,0.05483276757557767,0.007754524356783364,-4.43346,0.4787841772657078,0.06771030769388081,-5.633740000000001,0.1990767500236662,0.02815370398366271,0.46390723200000006,0.008475550962652886,0.0011986239119968053,-1.7610527679999997,0.2889351472451228,0.040861600388031986
LYS 117,11.369740000000002,0.047027145351674716,0.0066506426756029234,-4.216139999999999,0.15431629985199752,0.021823620414592813,34.04561999999999,1.0197923296438514,0.14422041433863886,-59.68396000000001,0.9037885584568323,0.12781500368872808,0.9377402399999996,0.007872080052079572,0.001113280237373763,-17.54699976,0.15593659254847078,0.022052764405229467
PRO 118,20.54186,0.16064856177352532,0.022719137483585145,-5.7020800000000005,0.31185662346661097,0.044103186642236086,-2.7003199999999996,0.3674137961481579,0.05196015735157085,1.00814,0.25233374804017006,0.035685380872284386,0.140824512,0.027849356522782576,0.003938493769788273,13.288424511999999,0.4139073811715991,0.05853534320192057
PRO 119,19.429660000000005,0.05644027285592117,0.007981859933688176,-8.5006,0.14326199775235113,0.02026030601940388,-8.043079999999998,0.11270915490792922,0.01593948154744036,-1.9184999999999994,0.05722106255569446,0.008092280271966238,0.03447792000000001,0.0030507517279515354,0.00043144144691022163,1.0019579199999997,0.20190938338498654,0.028554298835343682
VAL 120,11.3823,0.37826420660694154,0.05349463711438352,-7.554040000000001,0.17426014575906945,0.024644106151358838,-28.4081,0.20765810843859,0.029367291329059683,0.7119000000000003,0.1203422203551172,0.017018960015229827,0.00015811200000000002,0.00045926510367760355,6.494989383455526e-05,-23.867781888000003,0.4601799375360842,0.0650792708795534
ILE 121,13.778579999999994,0.06144919527679531,0.008690228535735665,-7.819160000000002,0.07574387367947273,0.010711801342418484,-14.887719999999996,0.15909519665958893,0.02249945848244054,0.55778,0.10586468532990558,0.014971527376991249,0.21997497599999993,0.009659048772765529,0.001365995777406821,-8.150545023999998,0.17789478085173577,0.02515812117559143
ILE 122,12.93506,0.08347584321225583,0.011805266960130225,-8.523579999999999,0.14497283745591047,0.02050225529058588,-15.798579999999998,0.17771269960273112,0.02513237099841181,-0.4237400000000001,0.17979196978730685,0.02542642420789831,0.002638224,0.0013517528511617794,0.00019116672150894882,-11.808201775999999,0.18320793056011475,0.02590951401324225
SER 123,12.496839999999999,0.08056881778975533,0.011394151482263868,-4.547560000000001,0.07694053807967909,0.010881035244856573,-9.40804,0.14598917220120464,0.02064598672865648,-9.255760000000002,0.24605629924864758,0.03479761555047702,0.3399544799999999,0.012332567431383928,0.0017440884120343875,-10.374565519999999,0.18405849256869208,0.026029801646059187
ASP 124,15.112499999999997,0.1626296713396078,0.022999308685275235,-3.2021999999999995,0.09770568048995386,0.013817669846978506,-44.326259999999984,1.0309856994164817,0.14580339587274996,-36.92344,1.084845761571498,0.15342035890973812,0.567861264,0.007415300503086334,0.001048681854053673,-68.771538736,0.09598649579379873,0.01357454041562582
LEU 125,10.77826,0.0785340206532275,0.011106387711548307,-5.99276,0.25196408950484117,0.03563310326087348,-25.057620000000014,0.15555062069711262,0.021998179742540973,-6.14788,0.11943176126977184,0.016890201656581706,0.29447712,0.0301510789318586,0.004264006474561612,-26.12552288,0.27746518186043495,0.03923950232733444
ILE 126,12.940159999999999,0.08174579132906246,0.011560600676448108,-3.81832,0.278876419942602,0.03943908153088824,-5.468820000000002,0.09593845735668481,0.013567746754697648,-1.9504199999999998,0.13320151500639962,0.018837538905069368,0.41406782400000014,0.027574389675422507,0.0038996075853143155,2.1166678240000003,0.34196980794387477,0.04836183403163503
ARG 127,11.432039999999997,0.30367581135146654,0.04294624509778974,-1.9441599999999994,0.15297769249143095,0.021634312746192243,-137.28050000000002,3.5637937945377516,0.5039965517736363,-68.65328,3.439908225752606,0.48647648661781057,1.807801632,0.027733178184679082,0.003922063671648281,-194.638098368,0.0850953278077727,0.01203429666803365
GLY 128,5.37042,0.026337873870113285,0.0037247378431186163,-2.1332000000000004,0.16768565830147208,0.02371433321854024,-21.241,0.7854164245799494,0.11107465597515495,2.23816,0.3262132652115776,0.04613352238882244,0.24941663999999997,0.01477283963690112,0.002089195016926839,-15.516203360000002,0.4345794801235308,0.06145881947197462
GLY 129,4.620799999999999,0.044439171909545515,0.0062846479615108735,-3.1535200000000008,0.24569356849538088,0.03474631767540106,-6.872220000000001,0.3938537947005025,0.05569933780575593,-5.2697400000000005,0.30162379282808344,0.042656045855188826,0.016883712,0.00799997076596259,0.0011313667155812572,-10.657796288000002,0.32123417871162196,0.045429373223175834
ALA 130,10.29404,0.07255810361356003,0.010261265419036887,-5.548699999999999,0.4662471554873126,0.06593730507080346,-3.9598600000000017,2.3971976473374044,0.3390149424553433,-4.42022,0.2658389956345731,0.03759531130340552,0.0605664,0.009233121670507738,0.001305760588947297,-3.574173600000001,1.866026222844625,0.2638959592090708
ALA 131,9.316539999999998,0.11437328534239595,0.016174825130438428,-5.956320000000001,0.4918259627144477,0.06955469467979761,-6.34784,1.7169318956790338,0.24281083725402375,-2.6516599999999992,0.3342081154011715,0.04726416494554892,0.0005464800000000001,0.00083024117556286,0.00011741383305215785,-5.638733520000001,0.9578066694950481,0.13545431821313017
GLU 132,17.219640000000005,0.17241273270778887,0.02438284249211623,-7.496819999999999,0.1175717125844153,0.01662715104883116,-46.62610000000001,3.3489020544052917,0.4736062704399084,-31.630739999999996,3.377366179791563,0.4776317056561437,0.48620894400000003,0.028685159545577738,0.004056694166819208,-68.04781105599999,0.2119046983553442,0.029967849834470744
GLN 133,20.44224,0.3476465193266718,0.04916464225435795,-3.522559999999999,0.16922235786091844,0.023931655354366418,-79.56949999999999,1.054172836873789,0.14908255229922326,-8.682459999999999,0.7919333105760885,0.11199628283117288,0.909280512,0.02726973267043061,0.0038565225784811647,-70.42299948800002,0.6179933783304233,0.08739746170916518
SER 134,11.459760000000006,0.1765587222422712,0.024969173955028415,-2.9479,0.28544241100438844,0.04036765289188813,-12.103100000000001,2.293348061241463,0.324328393144972,-6.000600000000003,1.2471963117328244,0.17638019389942627,0.349675344,0.08253346209868635,0.011671994144956805,-9.242164655999998,1.2300871519823164,0.17396059332342864
GLY 135,5.905820000000003,0.17050357063696722,0.024112846202783804,-2.0747600000000004,0.4600798000347327,0.06506510929830206,-7.719339999999999,1.4336017663214644,0.20274190609738393,-2.45312,0.8092998366489377,0.1144522805015258,0.32083919999999994,0.09605455529534067,0.013584165482638716,-6.020560800000001,1.1786343712453693,0.16668407128942866
LEU 136,10.8356,0.54276820098454,0.07675901510571824,-6.0954999999999995,0.46427329236130216,0.06565815867049625,-31.5454,0.5514614764422322,0.07798842991108958,-0.007820000000000014,0.2771265191207799,0.03919160818338538,0.10689782400000004,0.03311300110592535,0.004682885525487492,-26.706222175999994,0.7296453639300069,0.10318743693924684
ILE 137,11.515679999999998,0.20782217783497373,0.029390494245613307,-6.45638,0.334405495768238,0.047292078744754086,-9.996699999999999,0.22321489645633122,0.03156735338922497,-2.4616399999999996,0.5626070301729295,0.07956464923570059,0.013005792,0.015265939649138404,0.00215892988941807,-7.386034208000001,0.7616644533656111,0.10771561999271369
GLN 138,18.514259999999997,0.13438315519508395,0.019004648063137616,-5.545660000000001,0.4814241211239735,0.06808365213470709,-74.11661999999998,1.2525907534393752,0.1771430831617098,-10.84806,1.1598844668328103,0.16403243437808465,0.6777243360000001,0.06653639546335824,0.009409667285570088,-71.31835566400001,0.48892953269439876,0.06914507761811584
ALA 139,7.162499999999999,0.06145803446260645,0.00869147858538111,-2.9926400000000006,0.13232562261330347,0.01871366901491977,0.46112000000000014,0.17337838850329604,0.024519406844375275,-5.296940000000001,0.18035569411578165,0.02550614686697518,0.431253648,0.01685601277828466,0.002383800187858436,-0.23470635200000006,0.10233097851062355,0.014471785766063356
GLY 140,6.260079999999999,0.08840833444874442,0.012502826560423086,-2.5823400000000003,0.1687981765304294,0.02387166705531811,-11.089660000000002,0.1701630523937037,0.02406468965099793,-2.68918,0.4266380522175668,0.060335731967052365,0.174244896,0.022421551915253066,0.003170886280800333,-9.926855103999998,0.1967074823424726,0.027818638934899085
ASP 141,13.379100000000001,0.16082080089339457,0.022743495773514175,-7.045159999999998,0.19468532148063786,0.02753266220328841,-79.98316000000001,2.5705340251392093,0.36352840808933723,4.209560000000001,2.421570830349589,0.3424618310527466,0.0076394880000000024,0.0042770521040847685,0.0006048665092573062,-69.43202051200001,0.3915169963535536,0.055368864614277306
ILE 142,12.604640000000003,0.05634066382205687,0.0079677730890256,-6.7467,0.18791660384330494,0.026575420975029393,-11.608880000000001,0.25164972799515456,0.03558864582982479,-1.08558,0.18270107717252362,0.025837834119755636,0.159376608,0.023033687964577623,0.0032574553910975604,-6.677143391999998,0.2194459700737147,0.031034346708636765
ILE 143,13.857779999999998,0.08623393531543741,0.012195320085989579,-8.841079999999998,0.18673990896436268,0.026409011189371882,-9.501939999999998,0.17636330797546929,0.024941538204389168,0.22688,0.16087742414645997,0.022751503510757252,0.0,0.0,0.0,-4.25836,0.20492113214601038,0.02898022442977371
LEU 144,13.078260000000002,0.5151997597049096,0.07286024875060428,-6.59404,0.23505037417543576,0.033241142699977196,-33.09412,0.2700668539456343,0.03819322075973498,-1.07156,0.1887226706042495,0.026689416029579985,0.20965852799999993,0.042345673406529234,0.0059885825639335345,-27.471801471999996,0.4408879557962848,0.06235097265740556
ALA 145,7.024919999999998,0.05772688801618273,0.00816381479460785,-5.842980000000001,0.13622459249339489,0.019265066623290715,-5.82734,0.1898264059607746,0.026845507780626835,0.58524,0.13584131330342808,0.019210862760428073,0.08194075199999996,0.01951023332217484,0.0027591636569283145,-3.9782192480000007,0.15789121035991358,0.02232918910704931
VAL 146,11.22688,0.25844377647765804,0.036549469380562465,-5.63458,0.23951050832898757,0.033871900920972836,-27.506359999999994,0.38592231135327,0.054577656673816664,-1.4071599999999995,0.18343711292974868,0.02594192529478156,0.008679456000000004,0.00815863681545293,0.001153805483488997,-23.312540543999994,0.6410615865293666,0.09065979899862436
ASN 147,21.700280000000003,1.0624663578673865,0.15025543328612043,-4.173379999999999,0.2999062446832465,0.04241314786714311,-93.91604,1.928143261896996,0.272680635117303,-5.345040000000001,0.7569230333395873,0.10704508194214267,0.530417376,0.04626666908020217,0.006543095089904983,-81.20376262399999,0.5442182928154158,0.07696408905910933
ASP 148,14.1107,0.4506023635091474,0.06372479737120076,-0.9274200000000001,0.14346401500027686,0.020288875572588867,-54.98048000000001,4.080283069788123,0.577039165561569,-22.30798,3.552274237668036,0.5023674404178684,0.8021856960000001,0.026525141330956067,0.0037512214614101196,-63.302994304,0.1797771221180806,0.025424324430379373
ARG 149,14.978160000000003,0.20566860334036485,0.02908593281982764,-4.1319,0.1987868456412601,0.0281127053127237,-153.04104,1.8836071666887888,0.26638228013144444,-43.813039999999994,1.7685685506647562,0.25011336303366266,1.0595592000000003,0.03314146397711792,0.004686910783333953,-184.94826079999999,0.13913114272988783,0.01967611489970742
PRO 150,19.21,0.09624385694649538,0.013610936778882978,-4.60404,0.12242107008188853,0.01731295376300339,-1.11316,0.40438918679905367,0.057189267244824864,-6.36076,0.4107539195187471,0.05808937637813189,0.591539184,0.010702573127604895,0.0015135724069348677,7.723579183999998,0.1322604376858338,0.018704450474070773
LEU 151,11.86108,0.07323519372556495,0.010357020420971494,-8.85486,0.1885371061621051,0.026663173254502504,-29.823560000000008,0.318505582996361,0.04504349151650032,-0.4842799999999999,0.16926157744745293,0.023937201841485192,0.0,0.0,0.0,-27.301620000000003,0.2852011143034096,0.04033352838518012
VAL 152,13.396340000000002,0.23350165823797575,0.03302212119167526,-3.0787000000000004,0.3349744020070746,0.04737253423662222,-30.3068,0.36822270435168203,0.05207455424678472,-1.72248,0.1863252253453633,0.026350366069563595,0.5806872000000002,0.03949744012119933,0.005585781549841931,-21.13095280000001,0.3820218126125015,0.05402604285189527
ASP 153,13.145160000000002,0.06378286917333016,0.009020259863199232,-1.90052,0.08542862283801425,0.012081431703237567,-58.492159999999984,1.4247998085354028,0.20149712128973557,-24.013900000000003,1.303062872619709,0.18428091870836374,0.7419432960000001,0.012426595155237726,0.0017573859402656988,-70.519476704,0.23270568580098594,0.032909553690108645
LEU 154,11.44664,0.10904196623321868,0.015420862751484693,-6.930300000000002,0.13330465108155065,0.01885212454869422,-31.95972,0.1375309477901546,0.019449813161086266,1.49038,0.1866350331529413,0.02639417950988418,0.287497584,0.010491642980417167,0.0014837423794482436,-25.665502416000002,0.2574600930243352,0.03641035553248535
SER 155,11.42066,0.08247099126367372,0.01166315943474404,-3.692639999999999,0.0858523756223985,0.012141359396714525,-10.8653,0.1864179444153176,0.02636347852618559,-5.258919999999998,0.23621929133755726,0.033406452550373486,0.43515345600000005,0.00853028014949711,0.0012063637878260806,-7.961046544000002,0.1261733820018447,0.017843610803749015
TYR 156,11.129720000000002,0.23352096608230352,0.033024851733206115,-7.86016,0.2733132532461551,0.038652330951702486,-25.54254,1.5717090724431115,0.22227322863538856,-3.5572400000000006,0.7113151357872181,0.10059515121515435,0.44499038399999996,0.02593698108915062,0.0036680430423291295,-25.385229615999993,0.9197117610671702,0.13006688459752355
ASP 157,13.78354,0.02703864641612507,0.0038238420469894757,-3.8837200000000025,0.1096875635611221,0.015512164001179976,-35.641400000000004,0.8422347178781541,0.1191099760724763,-42.69024,0.9205983393423569,0.13019226569961098,0.723508272,0.010242736480124798,0.0014485416846006147,-67.70831172800001,0.053623144238355284,0.007583457783897073
SER 158,13.410040000000002,0.04091794716192591,0.005786671582086132,-5.275359999999999,0.029852142301702488,0.004221730450895924,-6.73696,0.37068762914345554,0.0524231472538603,-9.45644,0.23175773212557413,0.03277549279568177,0.3422417759999999,0.007907619557130359,0.001118306282378048,-7.7164782239999985,0.15992804946141764,0.022617241655221196
ALA 159,9.222459999999998,0.04784232853912059,0.006765926987553372,-6.5921199999999995,0.13848099364174501,0.019584169933905812,-5.276120000000001,0.3667252726496943,0.05186278542461687,-0.030099999999999995,0.1849317982392428,0.0261533057183982,0.0,0.0,0.0,-2.67588,0.22770811491908136,0.032202790438097616
LEU 160,13.39818,0.08442527820504464,0.01193953734446958,-5.579699999999999,0.09960426697694007,0.014086170522901923,-39.18042,0.2776208990696135,0.03926152406624596,2.7762599999999993,0.19005976007561667,0.02687850903603136,0.16053652799999996,0.01766289611739895,0.0024979107240012677,-28.425143472000006,0.21828606066564377,0.03087031074703496
GLU 161,17.605120000000003,0.0980853995244712,0.01387137022782907,-3.93762,0.13273731803829708,0.01877189154027906,-29.218380000000003,1.2553689798620529,0.17753598371033918,-53.50752000000001,1.1423054799831416,0.16154639021652667,0.9320993280000002,0.016307215232599672,0.0023061884946479583,-68.126300672,0.10910769884606193,0.015430158746742008
VAL 162,13.072800000000003,0.09477278090249977,0.013402895209612903,-5.533420000000001,0.3034187924304992,0.04290989713340789,-25.61586000000001,0.5915865113401464,0.08366296676542198,-1.65588,0.6844768700255689,0.09679964727208457,0.22753108799999996,0.04692414339529996,0.006636075999237309,-19.504828911999997,0.19009923779147256,0.02688409202814885
LEU 163,13.280919999999997,0.1773085265859002,0.025075212302217056,-6.9567000000000005,0.4927737919167247,0.06968873797106495,-27.448000000000008,1.9383159907505634,0.2741192762284089,0.35115999999999986,0.8892246366357605,0.12575535411265798,0.15116644799999995,0.010969040484459253,0.001551256581934182,-20.621453552,0.7445684492407764,0.10529787990314093
ARG 164,11.619560000000002,0.19270684056350806,0.02725286274869828,-3.60012,0.2301855460275461,0.0325531521054412,-145.66010000000003,1.4151588780039588,0.20013368781858906,-62.61046000000001,1.1623730934595973,0.16438437933081315,1.3798628640000001,0.017661399578190306,0.002497699081396719,-198.87125713599994,0.23089046511666955,0.03265284271906261
GLY 165,5.652740000000001,0.2662890767568035,0.03765896238612816,-1.44412,0.1516215868535883,0.021442530447687475,-13.345880000000001,0.3505933621732197,0.04958138876633497,-3.858880000000001,0.18924202915841287,0.026762864420683218,0.46755374400000016,0.02018027916853428,0.0028539224492616423,-12.528586256,0.21629534196458605,0.030588780608444402
ILE 166,12.47414,0.28041198333884926,0.0396562429889739,-3.831500000000001,0.22310197220103214,0.03155138348788849,-17.567520000000005,0.24472182084932417,0.03460889180537531,2.1155,0.4051774549502969,0.057300745195852355,0.13221115200000003,0.06389759371242151,0.009036484363111231,-6.677168848000001,0.3488840310214199,0.04933965283658876
ALA 167,8.1944,0.1390612814553643,0.019666235023515836,-2.24748,0.08794185351697731,0.012436856194393737,-6.932239999999999,0.2549489015469482,0.03605521942798171,-1.5634799999999993,0.10748511338786836,0.015200690510633335,0.472382208,0.011346609069280467,0.0016046528432721997,-2.0764177919999995,0.2872714116478942,0.04062631264345163
SER 168,11.062539999999998,0.02976656513616039,0.004209628012082016,-3.090719999999999,0.11229212617101457,0.015880504777875958,0.14795999999999998,0.45756870347522677,0.06470998661721389,-16.386280000000003,0.5007039061161124,0.07081022547625909,0.509832,0.025007132456352728,0.003536542587583444,-7.756667999999998,0.0871580076052477,0.012326003642475864
GLU 169,16.6746,0.1349047071080892,0.01907840664202298,-2.35856,0.23731238147218428,0.03356103883970206,-52.26074,3.172469566820192,0.44865494876130135,-28.93626,3.572917327954854,0.5052868142431594,0.8446544639999999,0.02553034551423242,0.00361053608782986,-66.03630553599999,0.1616379556754865,0.02285905891105342
THR 170,14.534320000000001,0.08162877923849936,0.011544052667904512,-4.34494,0.14607414692545725,0.020658003969406178,-36.087419999999995,0.2592179075611307,0.03665894804829263,-2.535799999999999,0.2513706426773107,0.035549177205669386,0.3638476800000002,0.011497460129399098,0.0016259864047840126,-28.06999232,0.15105709239883297,0.021362698876307533
HIE 171,28.903139999999993,0.2811687756492875,0.03976326958390604,-6.38352,0.512782146335072,0.07251834658898439,-13.110120000000002,2.905157824559613,0.4108513596326521,-11.2255,2.3822124527421913,0.33689571591220824,0.8813776319999996,0.09584675449506916,0.013554778011637122,-0.9346223680000003,0.8862943289874062,0.12534094603083515
VAL 172,11.125180000000002,0.4724410519842222,0.06681325431378994,-5.31048,0.4204177084757449,0.05945604251882165,-31.075599999999998,0.7431000471002569,0.1050902164809269,0.64774,0.43045983831247275,0.06087621413984286,0.0017858880000000002,0.002493644702890932,0.0003526546158568183,-24.611374112000004,0.5707266217621605,0.08071293289034269
VAL 173,11.227700000000004,0.5614900978645252,0.07940669115382079,-4.378260000000001,0.48124774534536013,0.06805870883288818,-30.107,0.40589451831708345,0.057402153269691406,0.49451999999999996,0.2572335312512737,0.036378314859267465,0.284829696,0.07485017605603593,0.01058541341244599,-22.478210304,0.6540539200030546,0.09249719241916071
LEU 174,11.103019999999997,0.3023133797899941,0.0427535681785858,-7.683720000000001,0.3259123219517415,0.04609096258486594,-29.97609999999999,0.4193411618246399,0.059303795831369646,-1.3999399999999997,0.3226643091511684,0.04563162420953275,0.0,0.0,0.0,-27.956740000000003,0.24364160646272565,0.03445612642179549
ILE 175,13.60136,0.4659481413205273,0.06589501808180252,-6.4154,0.5909838576475702,0.08357773866287643,-14.142400000000002,0.3013731905793483,0.04262060534529658,0.16436,0.2036338635885495,0.02879817716453595,0.31793256,0.07173962144555854,0.010145514560782063,-6.474147440000001,0.5484679116217532,0.07756507591419315
LEU 176,11.116619999999998,0.17224074895327773,0.024358520316302482,-8.8165,0.23028549672092394,0.03256728726805555,-27.31460000000001,0.3323826108559535,0.04700599961694681,0.36906,0.2615288442982916,0.03698576385584054,0.0007449119999999999,0.000831602443632773,0.00011760634542880748,-24.644675088000007,0.2175327710674657,0.03076377951042116
ARG 177,11.00448,0.4533550590872368,0.06411408731316261,-7.51062,0.4746117103485787,0.0671202317636051,-122.78701999999997,3.045386014875823,0.4306826204898741,-83.02232000000002,2.8329593745050765,0.4006409569077079,0.8493943680000002,0.08109110598802048,0.011468014187609265,-201.46608563199996,0.5010938286478417,0.07086536884952374
GLY 178,6.40306,0.09534619237286616,0.013483987837434147,-2.67162,0.21709020152922673,0.030701190726094084,-8.827799999999998,1.2003628951279726,0.1697569486059412,0.13143999999999995,0.8588369614775555,0.12145788787888584,0.022404095999999995,0.007877131751112468,0.001113994655502298,-4.942515904,0.507886469177177,0.07182599328561486
PRO 179,17.75488,0.0724156447185745,0.010241118688899965,-4.516520000000001,0.3833209746413482,0.05420977210798678,-9.478299999999999,1.4457009683886883,0.20445299166312,-1.4305599999999998,1.1163384461712313,0.15787409707738626,0.331221312,0.04338281298667773,0.006135256249965529,2.6607213119999993,0.40865478089781343,0.05779251334742933
GLU 180,14.36998,0.04332966189537282,0.006127739550547695,-1.0902200000000002,0.10284459927482671,0.01454442271112861,-33.423320000000004,2.3204588204921146,0.32816243348682234,-45.577459999999995,2.3767507333334437,0.3361233121460355,1.3068144000000002,0.02918239893502603,0.004127014435649598,-64.41420559999999,0.08071705946221779,0.011415116020634395
GLY 181,6.030639999999998,0.07645855347855765,0.010812872328880481,-2.17376,0.07226107112408062,0.010219258681528164,-5.25606,0.7792521391693473,0.11020289437215375,-6.49286,0.6396349899747493,0.09045804777906691,0.3092581439999999,0.022022089452876818,0.0031143937576051887,-7.582781856000001,0.21408344022685336,0.030275970464830583
PHE 182,8.710340000000002,0.27459662124645634,0.03883382659485665,-5.320680000000001,0.30317997559202253,0.04287612333221822,-8.275639999999997,1.1164886342457814,0.1578953368785798,-2.894780000000001,1.0946494834420732,0.15480681455284825,0.63251208,0.018574365765320875,0.0026268119977795293,-7.14824792,0.43808960692669396,0.06195522636504288
THR 183,14.96288,0.24682735990972993,0.03490665999490852,-4.74352,0.44826537854266185,0.06339429778773417,-30.289659999999994,1.0764185730468483,0.15222857447931468,-9.451760000000002,0.6583295089846539,0.09310185201165179,0.22557139200000006,0.02863918642355438,0.0040501925855522015,-29.296488608,0.5603205320654377,0.07924128957230507
THR 184,14.402400000000002,0.4160151439550106,0.05883342587337715,-7.483859999999998,0.5079681490015098,0.07183754455714922,-34.54696,2.9352334759606338,0.415104699043505,-1.71552,1.0272612567404649,0.14527668013827955,0.007532351999999999,0.004044415377788985,0.0005719667079139487,-29.336407647999998,2.1065015273950976,0.29790430292017867
SER 185,10.417639999999999,0.32481082247982646,0.04593518703565303,-4.728339999999999,0.45077868671888943,0.0637497332386586,-8.56332,1.942184012291324,0.27466629708065843,-5.954060000000001,1.042280852937435,0.14740077180259178,0.11748052800000003,0.06764731905818297,0.00956677560702623,-8.710599472000002,1.0006117735006879,0.14150787407548682
ILE 186,12.917640000000004,0.5632969291588996,0.07966221568596324,-6.856919999999999,0.4350737794903425,0.06152872395881637,-13.064539999999997,0.8244103155589709,0.11658922492237797,-0.47432,0.6196409747587712,0.08763046703059389,0.03875198400000001,0.014873436926377945,0.0021034216220384492,-7.439388016000001,0.566185328698577,0.08007069706621962
GLU 187,15.585540000000004,0.45554254290890683,0.06442344424197036,-4.973959999999998,0.7173928619661752,0.10145467149422147,-67.38132,8.21765962166847,1.1621525687929308,-14.922899999999997,6.542415872596306,0.9252373257710703,0.27263260800000005,0.06156062951694925,0.00870598771710951,-71.42000739200003,1.9378174390484486,0.27404877037054143
ALA 188,7.923120000000001,0.2239724661648401,0.0316744899248466,-5.614519999999998,0.5814318959259257,0.0822268872814746,-7.643840000000001,0.8224281211145298,0.11630890029571904,0.17578000000000008,0.5948546138343385,0.08412514625247315,0.0070557120000000004,0.024268135052472738,0.0034320325724708847,-5.1524042880000005,0.6209951039436319,0.0878219698164374
ASP 189,15.183560000000005,2.1712076101561135,0.30705512490104514,-5.3325999999999985,1.1128897878945685,0.1573863831467016,-60.16418000000001,3.4900990627199593,0.49357454285241936,-19.11744,3.0546905451125843,0.4319984797751079,0.24980687999999998,0.0658629476107836,0.00931442737690388,-69.18085311999998,2.188597916265084,0.3095144855763577
VAL 190,13.111760000000004,0.47816012213474596,0.06762205297089333,-5.4676800000000005,0.32083437721039854,0.045372832752647106,-32.40089999999999,1.6583562856034708,0.23452699503470983,0.34318000000000004,0.8344954329413673,0.11801547590040892,0.07971940799999996,0.015409424592759449,0.002179221724744592,-24.333920592000005,1.071139482730526,0.15148199836708115
THR 191,13.216859999999997,0.5518089165645178,0.07803756536439446,-4.16574,0.8807320321187349,0.12455431846387312,-32.78072,3.854996524200718,0.5451788367425796,-6.989860000000004,2.373980741370904,0.33573157612592675,0.334722672,0.14194900810459374,0.020074621242692485,-30.384737327999993,2.0373680455294596,0.2881273521533327
GLY 192,5.260380000000001,0.17905405775907915,0.025322067688082525,-2.8663800000000004,0.49124185041585955,0.06947208872633638,-9.10674,1.2801509100102237,0.1810406778820718,-2.74854,1.0594136908686802,0.1498237209790225,0.22055716799999994,0.07193965801610558,0.010173804003885885,-9.240722831999998,0.7342095889169558,0.10383291582707337
ASP 193,13.078099999999997,0.3832331013887178,0.05419734495342281,-1.4224199999999998,0.3852685344016561,0.05448519865064274,-33.9048,4.902825348714686,0.6933642102098907,-49.199000000000005,4.353895120464069,0.6157337528510326,0.8991213119999998,0.04857587883457444,0.006869666665204734,-70.54899868800003,0.8728108101964889,0.12343408851657238
GLY 194,5.026320000000001,0.18985241004526449,0.026849185313523104,-1.04256,0.19932547855204064,0.028188879509480333,-3.7664199999999988,0.8739164740408615,0.12359045299698611,-9.2808,0.7533660730348786,0.10654205179176848,0.39506140800000006,0.043002784344029175,0.006081512083913145,-8.668398591999999,0.3225937834564179,0.04562165037013156
THR 195,15.833919999999999,0.14896682046732357,0.021067089784848694,-0.3447999999999999,0.425218014670122,0.060134908331184816,-13.614499999999998,2.466890230634531,0.3488709621049046,-16.42736,2.6310605676038725,0.372088153813045,0.7318344960000001,0.06789611655041321,0.009601960885805871,-13.820905504000004,0.3973837922218078,0.05619855484273326
PRO 196,18.393120000000003,0.19171235119298535,0.027112220713155367,-5.442199999999999,0.7397026159207557,0.10460974715579892,-0.9697800000000002,1.2329107070668173,0.1743599043128895,-2.8994400000000007,1.0960182691907987,0.15500039008983132,0.15561028799999999,0.08751490247985118,0.012376476199676434,9.237310287999998,0.5919731262759259,0.08371764237398152
LYS 197,10.837020000000004,0.7644041467705157,0.10810307114970971,-3.521820000000001,0.3653981220531812,0.051675097987326835,23.84004,5.882780600906356,0.8319508110267114,-63.881319999999995,6.046955910009602,0.855168705900772,1.1212580159999999,0.08563381059838263,0.012110449634592159,-31.604821984,0.7205707787913461,0.1019040968016465
THR 198,15.393720000000004,0.2688273825337827,0.03801793303165356,-4.88752,0.5787291677460118,0.08184466379673039,-34.75184,0.9776731633831408,0.13826386472246446,-6.185,1.222671354044084,0.17291184112142197,0.36403056,0.06567453918053774,0.009287782401171969,-30.06660944000001,0.46873878537671587,0.0662896747490043
ILE 199,14.165180000000003,0.7497255148385569,0.10602719911418382,-3.419119999999999,0.39642137379309444,0.05606244832327684,-5.352779999999999,0.40819702546688047,0.0577277769535618,-0.80938,0.38636577954058,0.054640372546314146,0.58713768,0.06582835757287674,0.009309535606830791,5.1710376799999995,0.614218491018267,0.08686361202583702
ARG 200,12.508819999999998,0.23532383559687586,0.03327981598507584,-8.59986,0.41085170122563164,0.0581032047997347,-178.33004,4.3495788437969525,0.6151233391508736,-28.90045999999999,3.8725831854720325,0.5476659662312551,0.283630896,0.037717944126163375,0.0053341228128050856,-203.03790910399997,0.7941941612458392,0.11231601539913905
VAL 201,10.977499999999997,0.1963420739425655,0.027766962383403718,-2.4259400000000007,0.4353381862414523,0.06156611672015662,-35.145900000000005,1.3115442996709803,0.1854803736247823,-0.9943199999999996,0.3389544181744803,0.04793539352086315,0.40469399999999994,0.04872783699470416,0.006891156794301606,-27.183966,1.0402136766271035,0.14710842892520307
THR 202,14.656759999999998,0.5768637468241911,0.08158085344001303,-3.8265799999999994,0.5462947588985317,0.07725774570876436,-36.50676000000001,2.1092358479790128,0.29829099424554356,-3.995139999999998,0.6797028471324904,0.09612449847983745,0.40734432,0.03365993556186286,0.004760233738019089,-29.264375679999993,1.2098626597672848,0.17110041820516797
GLN 203,20.155060000000002,0.14250240840051623,0.020152883863083972,-3.0905600000000004,0.17787896559176455,0.025155884560077054,-64.07752,0.5502735407041189,0.07782043042788284,-12.377599999999997,0.474829021859463,0.06715096425220034,0.824110704,0.02097925081562104,0.002966914103187809,-58.56650929599999,0.19544496984682916,0.02764009270549864
PRO 204,18.196739999999995,0.27250694009571935,0.03853830105241589,-3.4407200000000002,0.17622032118912467,0.0249213168191403,0.4885,0.6312046656988525,0.08926581988644927,-2.55254,0.766769331937576,0.10843755884378775,0.7607057759999999,0.02981005993195188,0.004215779105092113,13.452685776000001,0.23091648689547956,0.032656522754313626
LEU 205,9.206619999999997,0.23709254648776557,0.03352994947805716,-2.6942399999999997,0.40211140545873697,0.056867140318465244,-50.20319999999997,2.501395018785162,0.35375067604184784,-58.039280000000005,2.761927211495454,0.3905954920784175,1.212843024,0.04775302471630415,0.006753297519813495,-100.51725697600001,0.650771373055613,0.09203297017794088


