#Frame       SA_00001
       1    6122.1432
       2    6011.2714
       3    6032.8328
       4    5991.3004
       5    5894.9605
       6    5988.7784
       7    5998.4066
       8    6040.4085
       9    6107.3510
      10    6077.0673
      11    6177.2041
      12    5992.5156
      13    6147.9768
      14    6123.3652
      15    5976.0507
      16    6135.8095
      17    6123.8510
      18    6091.5336
      19    6050.5090
      20    6034.3200
      21    6081.4033
      22    6162.1430
      23    6164.3972
      24    6142.3417
      25    5983.0778
      26    6086.0895
      27    6009.8157
      28    6113.0666
      29    6130.9519
      30    6117.9750
      31    6082.9404
      32    6109.5848
      33    6135.2960
      34    6102.6755
      35    5980.2431
      36    5990.5374
      37    6112.3226
      38    6001.9563
      39    6081.8615
      40    5942.6828
      41    6020.8637
      42    6000.4729
      43    5943.4186
      44    6006.0041
      45    5938.5253
      46    5969.9667
      47    6022.1391
      48    6008.7065
      49    5990.3959
      50    6036.0997
