| Run on Mon Jun 20 15:45:51 2016
| GB non-polar solvation energies calculated with gbsa=2
idecomp = 2: Per-residue decomp adding 1-4 interactions to EEL and VDW.
Energy Decomposition Analysis (All units kcal/mol): Generalized Born Solvent

Total Energy Decomposition:
Residue,Internal,,,van der Waals,,,Electrostatic,,,Polar Solvation,,,Non-Polar Solv.,,,TOTAL,,
,Avg.,Std. Dev.,Std. Err. of Mean,Avg.,Std. Dev.,Std. Err. of Mean,Avg.,Std. Dev.,Std. Err. of Mean,Avg.,Std. Dev.,Std. Err. of Mean,Avg.,Std. Dev.,Std. Err. of Mean,Avg.,Std. Dev.,Std. Err. of Mean
ARG   1,7.755280000000003,0.016278869738294156,0.0023021798364000552,-1.9455600000000002,0.04761981100341409,0.006734458255867175,-285.46214000000003,0.9827466409938859,0.13898136280701565,-19.526519999999998,0.9704570931267987,0.13724335828010883,1.5545848320000002,0.006115750551775091,0.0008648977374411073,-297.624355168,0.01939113583439894,0.0027423207286825903
MET   2,9.76556,0.013909938892004248,0.001967162423285339,-4.221820000000001,0.026837801698189275,0.0037954383145858955,-4.456299999999999,0.0398377961238421,0.0056339151573391805,-3.7527399999999993,0.03956049039136909,0.005594698204560467,0.5195387520000001,0.004436126169259585,0.0006273629792965109,-2.145761248,0.027620914731278378,0.003906187221812469
LEU   3,12.257999999999996,0.0135203550292985,0.0019120669450533223,0.50004,0.010367178979834208,0.0014661405116830803,-15.308220000000004,0.03521550226554679,0.004980224090971672,-6.79856,0.03744871693382547,0.005296048338128696,1.2216687839999998,0.003601735441313269,0.0005093623109185069,-8.127071215999997,0.014423800696876998,0.002039833456648995
PRO   4,18.324340000000003,0.014913899557853298,0.0021091439022586237,-4.588699999999999,0.026525647965736598,0.0037512931103878995,-0.6269600000000001,0.034191788487880646,0.004835449100135307,-4.194039999999999,0.03772424154309474,0.005335013402048312,0.45215467200000004,0.0036798483120322094,0.0005204091390351691,9.366794672,0.02685812337945983,0.0037983122343121993
ARG   5,12.913360000000003,0.054816333331170385,0.0077522002036505494,-5.04542,0.05153992239038572,0.0072888457248140226,-247.29905999999994,0.4030979737330066,0.057006662141833156,39.624,0.40671660895506556,0.05751841444266483,0.6651105119999998,0.003234373742233602,0.00045740952120501804,-199.14200948800004,0.05513080644645124,0.00779667341811374
LEU   6,12.406279999999999,0.007881725697283123,0.001114644337600233,-3.4584599999999996,0.058432254791383996,0.008263568720601551,-31.39824000000001,0.05346459014567269,0.007561034849072924,-5.989819999999998,0.04460210308977095,0.0063076899099917,0.8753019839999999,0.011939913767182299,0.001688558798311444,-27.56493801600001,0.05907642342714326,0.008354667922716164
CYS   7,10.631280000000002,0.02252646443519706,0.0031857231516570863,-5.444400000000001,0.06387988728849531,0.009033980296625473,-4.678580000000002,0.08358231631134419,0.011820324530206091,-1.2345000000000002,0.11943504510820772,0.016890666061466972,0.04610188800000001,0.0037820069533854167,0.0005348565526467006,-0.6800981120000001,0.03029606990676153,0.004284511294874554
CYS   8,10.028859999999998,0.02395830545000745,0.0033882160498877774,-4.0526599999999995,0.04447858361059592,0.006290221617725042,4.168980000000001,0.06760014497013181,0.009560104183514776,-7.272340000000001,0.07713951257298474,0.010909174487556489,0.620080848,0.009674750848395109,0.001368216386238097,3.492920848,0.04451474348279627,0.0062953353958929825
LEU   9,13.33532,0.263753478839725,0.03730037468982242,-7.384499999999996,0.19112961570635026,0.027029809470307826,-33.8144,0.24272585358712714,0.034326619408150134,0.45082000000000005,0.0719657390707543,0.010177492422006407,0.017775936000000003,0.0034061828426412747,0.00048170699719858324,-27.394984064,0.16348361679533052,0.023120074809776233
GLU  10,15.605060000000002,0.15469459072607084,0.021877118823056457,-4.03268,0.32098831380597337,0.04539460267476785,8.144240000000002,2.006455895951855,0.28375571403585725,-81.91265999999999,2.336626924522268,0.33044894868655256,0.932851008,0.07009051544205439,0.009912295753187415,-61.263188991999996,0.22169227281960338,0.031352021889479935
LYS  11,9.916899999999996,0.11582594700706814,0.016380262513210314,-6.2686199999999985,0.5437007592417219,0.0768908987592192,-9.38242,1.4887619566606238,0.210542735025456,-29.08396,1.381515992813648,0.19537586536723922,0.80425512,0.06966956161726824,0.009852763892372876,-34.01384488,0.6057554918545435,0.08566676320626802
GLY  12,6.699939999999999,0.08646396012215374,0.012227850506123626,-1.5267600000000001,0.08984487965376214,0.012705984731612897,-4.25376,0.09119135046702581,0.012896404460158597,-2.848439999999999,0.12301352120806455,0.017396739004771525,0.15251572799999996,0.00467196938787351,0.0006607162471322644,-1.7765042719999997,0.1444577018475725,0.020429404114208596
PRO  13,18.37984,0.025329318977790616,0.003582106642406571,-1.0287200000000003,0.029182213761117057,0.0041269882481042505,-5.307319999999999,0.09394348088081715,0.013285614475818917,-5.503419999999998,0.11381706198990175,0.016096163269557835,1.1835645119999998,0.007763229374692064,0.0010978864269502718,7.723944511999999,0.02073442734254934,0.0029322908355872805
ASN  14,18.551319999999997,0.012760000007784104,0.0018045365066889077,-1.5775199999999996,0.13494372753114728,0.019083924963172808,-86.15484000000002,0.4806282288812791,0.0679710959743265,-11.15096,0.50025473351086,0.07074670287723966,0.6618980160000001,0.023266745982220772,0.0032904147720346335,-79.670101984,0.03814947606455448,0.005395150644792072
GLY  15,5.321619999999999,0.13139496032957576,0.018582053492556084,-3.3485600000000004,0.048370304940035753,0.0068405941262320875,-11.73326,0.5978285309350749,0.08454572164219663,-0.48566,0.3888885501014398,0.0549971461805065,0.06876532800000003,0.0026560486000845175,0.00037562199525615974,-10.177094671999997,0.12691058558829488,0.017947867134767807
TYR  16,9.731659999999998,0.12289322357266794,0.017379726350021593,-11.685819999999996,0.2693483759002847,0.03809161262013491,-32.257639999999995,0.6621802099129498,0.09364642335939566,0.9277599999999999,0.6000083852747393,0.08485399959931175,0.023371632,0.009253943673687218,0.0013087052648765166,-33.260668368000005,1.3420465509616668,0.1897940433706024
GLY  17,7.1355,0.05196816333100014,0.007349408139432055,-3.952639999999999,0.10625756631888267,0.015027089139292245,-16.527500000000003,0.24264000082384762,0.03431447799393043,1.0189199999999998,0.26739579951824305,0.03781547662002964,0.013350816000000003,0.004976478964061238,0.0007037804043839814,-12.312369183999998,0.11286807827719007,0.01596195670585903
PHE  18,9.804920000000003,0.11304934143975505,0.015987591188144835,-9.5233,0.07641969641374058,0.010807377110074649,-5.332160000000001,0.1659976337180837,0.023475610492595535,-1.7876399999999995,0.15690325171902025,0.02218947065614781,0.0022175999999999997,0.0014751568323402098,0.00020861867989228585,-6.8359624,0.16665325096042502,0.023568328772180007
HIE  19,29.42913999999999,0.17356601165061888,0.024545940764331184,-9.153859999999998,0.33037058040937095,0.04672145554240035,-29.524119999999996,1.8720496429314937,0.2647477994469428,0.9342799999999998,1.653961366417003,0.23390545960280618,0.257967792,0.03758497262217384,0.005315317802369972,-8.056592208,0.4481855625854857,0.06338301010682094
LEU  20,11.14902,0.10765565289383545,0.015224808438859243,-8.830680000000003,0.37064222317480333,0.052416725880192236,-33.747640000000004,1.338336635678844,0.1892693821197801,1.8067999999999997,0.5721796920548657,0.08091842806184521,0.0,0.0,0.0,-29.6225,0.8864403928070624,0.12536160257430815
HIE  21,28.44754,0.13796712796834254,0.01951149835344944,-9.548660000000002,0.32629989947897137,0.04614577432441389,-22.757220000000007,3.3116212361318524,0.46833396655804194,-5.848879999999999,2.8523357841600623,0.4033811950401257,0.34331687999999994,0.04106727464839166,0.005807789677745626,-9.363903119999998,0.6189323736453818,0.08753025570010708
GLY  22,4.950340000000001,0.09426507518694073,0.01333109477874911,-2.80734,0.4003005675739176,0.05661104916886818,-5.559560000000001,2.389575285777786,0.33793697774585096,-7.344359999999997,2.512449400565122,0.35531400170553484,0.14003510400000005,0.07252369510129762,0.010256399320566628,-10.620884896,0.5026062107679576,0.0710792519800996
GLU  23,15.249239999999995,0.05989743233332445,0.008470776115711218,-4.755980000000001,0.2809067097810299,0.03972620787339354,0.12078000000000003,1.8123160793857123,0.2563001978774109,-72.13128,1.8614611254602385,0.26325035694561544,0.615850704,0.059062493461894884,0.0083526979281384,-60.90138929600003,0.46339174062915217,0.06553348842894226
LYS  24,9.67928,0.0721404297187921,0.010202197410373887,-1.2094599999999998,0.1589717220136972,0.02248199653055761,16.5302,2.7837752136262788,0.3936852661708343,-54.193940000000005,2.448561458570889,0.34627888230149984,1.5394428000000004,0.05591073979479955,0.007906972650011864,-27.65447719999999,0.9464226094048749,0.13384436899569083
GLY  25,6.423380000000001,0.04327072451430249,0.006119404546183654,-1.1997600000000002,0.013682923664168593,0.0019350576218782989,-6.024079999999999,0.41868087321971575,0.05921041692135324,-5.128560000000001,0.4122116039123519,0.05829552408204144,0.6301650239999999,0.0060351157344090715,0.0008534942522092571,-5.2988549759999986,0.04182502589249578,0.0059149518863773395
LYS  26,9.7979,0.029778012022615655,0.004211246846289214,-4.5639400000000006,0.09085580003498736,0.012848950462973704,-6.583239999999998,2.3936533797523865,0.33851370732660213,-29.949419999999996,2.267184104478543,0.32062825089502556,0.8820175679999999,0.015973531804105295,0.002258998531636368,-30.416682431999988,0.17651057720819383,0.024962365219013103
LEU  27,11.10642,0.08492163210861349,0.012009732386685968,-2.6917600000000004,0.03729426765598875,0.005274205911787154,-26.571059999999992,0.35345938437129576,0.04998670551259312,-7.46874,0.31272146136777274,0.04422549319114381,0.8775702719999999,0.009426262279724904,0.0013330747958472887,-24.747569727999988,0.23447941146566792,0.033160396379200895
GLY  28,4.976299999999999,0.010101980004234807,0.001428635712881068,-3.54798,0.024636955980849848,0.003484191728370679,-5.52736,0.3681974883129936,0.05207098816039447,-4.74754,0.3192221301852343,0.045144826591758815,0.005734223999999998,0.0020179842126795784,0.0002853860642226252,-8.840845776,0.10739888882160388,0.01518849651553124
GLN  29,18.89988,0.06374531826067197,0.009014949362203161,-8.826459999999999,0.18968766011530422,0.026825886154988123,-78.39488000000001,0.8264627188189685,0.11687947857495269,-3.9636200000000006,0.7569810536598648,0.10705328725452563,0.098556912,0.015503820384520053,0.002192571305638471,-72.186523088,0.3272966729832855,0.04628673938525541
TYR  30,8.9027,0.07896765160494039,0.01116771238884602,-8.629240000000001,0.18771921159001623,0.026547505494858563,-26.831100000000003,0.1617157073381776,0.022870054656640902,-2.56424,0.11183944921180648,0.015816486588367366,0.20971209599999988,0.02098881569302189,0.002968266781122081,-28.912167904000007,0.20729271676683572,0.029315617143282374
ILE  31,12.734399999999996,0.04254785541116502,0.006017175417235905,-8.61306,0.10467099120578512,0.014802713535025627,-6.17746,0.3953624266416877,0.05591269058094126,-1.23822,0.40677562808014905,0.05752676100737808,0.0006652800000000003,0.0007937404875650475,0.00011225185625191232,-3.2936747200000007,0.12125408799029294,0.01714791757290529
ARG  32,13.746879999999994,0.3346176707828759,0.047322084823083845,-7.782820000000003,0.5577262299730793,0.07887439985191445,-184.71692,6.009101795908497,0.8498153257454318,-18.79854,6.029852718632525,0.8527499493802395,0.7865120160000001,0.105814126711413,0.014964377308594545,-196.76488798400004,0.9514200573221843,0.13455111485788204
LEU  33,11.783739999999998,0.052018769689884316,0.007356564959339688,-5.13048,0.3294782080805923,0.04659525503739583,-35.23814,0.14593738520362365,0.02063866294122312,-0.29545999999999994,0.14587394695421135,0.020629691417953913,0.5717282400000001,0.06417478125200103,0.009075684600890649,-28.308611759999998,0.3407582807448985,0.048190498212037414
VAL  34,11.174159999999997,0.03649129211294891,0.0051606480214650705,-6.434780000000002,0.043136198255941685,0.006100379660276738,-29.332319999999992,0.07788053415516413,0.011013970764709417,-2.95328,0.046713612577086935,0.006606302445395873,0.128794752,0.0035913673212433716,0.0005078960373165908,-27.417425247999994,0.085226449476005,0.012052840072187161
GLU  35,16.959379999999996,0.03306955699857731,0.004676741600905814,-3.9758599999999995,0.08311582520799937,0.011754352725698428,4.700199999999999,1.9072447981315914,0.26972514602832326,-75.24265999999997,1.9010121999616456,0.26884372354224734,0.4001320800000001,0.010635698577447207,0.0015041149173538073,-57.15880791999998,0.02811264050221747,0.003975727747235512
PRO  36,17.866439999999997,0.01404444374041768,0.0019861842813684604,-1.63104,0.0104975425695221,0.0014845767073407062,-7.997019999999997,0.09767773338915799,0.013813717530081052,-2.58592,0.10584589552740038,0.014968870097637534,0.9829635839999997,0.006923744178786638,0.0009791652920041831,6.635423583999998,0.017878831510996344,0.0025284486002234486
GLY  37,6.2211,0.007497332858402107,0.0010602829809977703,-1.57752,0.019149140972884778,0.0027080974871647977,-19.39384,0.13597255017048265,0.019229422456155266,3.77878,0.11957111524109247,0.016909909284202926,0.32318438400000005,0.006558301485942224,0.0009274838907551115,-10.648295616000002,0.04257430970631274,0.006020916619533998
SER  38,12.542099999999998,0.019833557421284922,0.0028048885895286687,-4.84,0.06579848022557815,0.009305310311855051,-6.331259999999997,0.15146020071306768,0.02141970700081714,-1.3322999999999998,0.11930000000000343,0.01687156779911151,0.0018146879999999992,0.001256539214292974,0.00017770147985067566,0.04035468800000006,0.05512529179747768,0.007795893528976726
PRO  39,19.417299999999997,0.014149558305122892,0.0020010497256693657,-7.804739999999997,0.04678153909438149,0.006615908705596146,-8.284120000000001,0.09475455450775547,0.013400317608148847,-1.2757800000000001,0.061522447935687126,0.008700588026104135,0.12585888,0.004397156186446273,0.0006218517914745077,2.1785188800000004,0.043643502665641355,0.006172123337921633
ALA  40,9.487540000000001,0.029011866537944915,0.004102897512771987,-7.031179999999999,0.02536823998623662,0.0035876109042071286,-8.215860000000003,0.09929531912411498,0.014042478698548794,-0.9628999999999998,0.07130953652913731,0.010084691368604562,0.0,0.0,0.0,-6.722400000000001,0.04490656967516419,0.006350747987426955
GLU  41,17.477559999999997,0.01898015806400611,0.0026841996950102507,-5.917179999999999,0.03724335645463135,0.00526700598064352,16.97324,0.6188655931621226,0.0875208115135944,-92.0398,0.5979606676056723,0.0845644085893612,0.5821097759999997,0.009208826243110627,0.0013023246966544324,-62.924070224,0.019368289157504274,0.002739089720650631
LYS  42,11.26292,0.059054496865185,0.008351567038586404,-3.6610800000000006,0.029655920150860014,0.00419398044819998,-24.418000000000003,1.324432935259406,0.18730310194974592,-18.668899999999997,1.2955447541479002,0.18321769619772774,1.3198134240000001,0.005137335590328148,0.0007265289666304058,-34.165246575999994,0.050664039358168975,0.007164977158492684
ALA  43,7.333140000000001,0.00955198408503009,0.0013508545440621513,-3.899779999999999,0.04106935110282235,0.0058080833327473795,-8.619099999999998,0.07909494294861046,0.01118571410330511,-2.977639999999999,0.0643237934205261,0.009096758103859327,0.17956051199999995,0.005081219299998119,0.0007185929247449264,-7.983819488000002,0.025113569134621497,0.003551595006977607
GLY  44,6.1862,0.020258331619180923,0.0028649607326897363,-2.0735799999999998,0.016262951761612382,0.002299928694549165,-11.466420000000001,0.05303851053705115,0.007500778092956605,-1.3503200000000002,0.04300206506668703,0.006081410362735909,0.266349024,0.0034304353992224354,0.00048513682664251307,-8.437770975999998,0.02061529929052481,0.002915443584904063
LEU  45,10.307980000000002,0.017812905433154662,0.002519125244883671,-7.499979999999999,0.02530256113563136,0.0035783225120784253,-27.705920000000006,0.07890496562013298,0.011158847251857484,-1.7646600000000003,0.056185624495938884,0.007945847217255875,0.004759199999999996,1.5400299517580952e-10,2.1779312442370816e-11,-26.6578208,0.04699663392416276,0.006646327708143447
LEU  46,10.7766,0.010262553287985943,0.001451344204444632,-3.5363199999999995,0.018389605759866628,0.002600682987229777,-31.57208,0.0675688804106285,0.009555682707107657,-0.56198,0.07236283300147833,0.010233649984243004,0.8552246400000001,0.0046468139567361275,0.0006571587319440815,-24.03855536,0.025523581062303066,0.0036095794498638084
ALA  47,6.9850400000000015,0.013520295853339359,0.0019120585763089239,-3.4149800000000003,0.03442178961063165,0.004867976170850857,3.0544799999999994,0.11630188992445763,0.01644757100607908,-8.67578,0.1048162754537206,0.01482325983040858,0.4221054719999999,0.0037149004232777194,0.0005253662561464902,-1.6291345279999994,0.04222858301811801,0.005972023482402065
GLY  48,6.1299399999999995,0.011273703916950996,0.0015943424977530782,-2.6331,0.03989699236781438,0.005642286770445896,-10.858680000000003,0.1535371538094648,0.021713432524550904,-3.0920000000000005,0.17551056948228144,0.024820942770166787,0.21741652799999997,0.004199034520984621,0.0005938331568449264,-10.236423472000002,0.025948839702924244,0.00366972010357209
ASP  49,12.1106,0.0291293666250541,0.00411951453444897,-8.465120000000002,0.05760022222145587,0.0081459015461287,23.087679999999995,0.7087164296107525,0.10022763866321632,-88.89494000000002,0.8274345269549183,0.11701691299954116,0.013962384000000001,0.002526148413008233,0.00035725133462435134,-62.14781761599998,0.14818647175462651,0.02095673181156104
ARG  50,13.22092,0.07648394341293067,0.01081646300783429,-8.66058,0.1343531302203852,0.019000401890494727,-203.3675,0.8824326886520004,0.12479482761730137,-1.685,0.8766970058121552,0.1239836795711434,0.43876382400000014,0.008347181200341475,0.0011804696861108645,-200.05339617600004,0.04778765930750953,0.006758195590674484
LEU  51,12.79798,0.044181213201604425,0.006248167091180621,-8.905399999999998,0.09421592222138095,0.013324143499696559,-32.6148,0.17841883308664683,0.025232233353391743,-0.8293199999999998,0.1025242293314136,0.014499115559233458,0.0,0.0,0.0,-29.551539999999992,0.19526240908212567,0.027614274714558552
VAL  52,12.5576,0.05026927491037465,0.0071091490348913385,-6.498080000000001,0.03074139879701642,0.004347490310506057,-32.196859999999994,0.080626052862131,0.011402245743823574,-0.5535000000000001,0.06340070977520534,0.008966214362817585,0.06203606400000004,0.0023801016117594477,0.0003365971979176274,-26.628803936000004,0.048514695823828814,0.006861014080846406
GLU  53,15.473860000000004,0.01432621373144011,0.002026032575645827,-7.879380000000001,0.11203211860879686,0.01584373415579517,2.36836,0.45811290136821187,0.06478694782130132,-79.48595999999999,0.479142148428705,0.06776093246124572,0.31982745600000007,0.0062607645006615064,0.000885405806765952,-69.203292544,0.029401885399640452,0.004158054509151101
VAL  54,11.320200000000002,0.02784025861917609,0.003937207131921328,-6.895380000000001,0.045947313305313674,0.006497931363098035,-25.66978,0.06592671385802565,0.009323445286071014,-2.4818800000000003,0.05444506956556575,0.007699695578396972,0.000333216,0.0005468683963660727,7.733887029741254e-05,-23.726506784,0.0664859777397983,0.009402537142725844
ASN  55,17.339880000000004,0.04357138510267474,0.006161924374358365,-4.55156,0.08299642401936155,0.011737466847664921,-89.70025999999999,0.2586060950595052,0.03657242469454981,-7.371379999999997,0.14703889145409418,0.020794439449068537,0.4002642720000001,0.008404419929127533,0.0011885644647650884,-83.88305572799999,0.09799519622284102,0.013858613554575445
GLY  56,6.057299999999997,0.012644761762946929,0.0017882393578136273,-2.0921599999999994,0.011411152439781717,0.0016137806542646136,-8.02998,0.05385368696750156,0.007616061449323591,-6.49962,0.05139100699531823,0.007267785907678964,0.33309950399999994,0.003652696373090876,0.0005165692750056132,-10.231360495999999,0.03775873714075987,0.005339891816254331
GLU  57,13.822620000000002,0.01240466041592133,0.0017542838996828622,-3.476980000000001,0.03998124060095113,0.005654201269836692,-0.5317000000000001,0.6968167980179583,0.09854477662463902,-80.24824,0.6823036145308382,0.09649230253256957,0.70163784,0.004557095687733246,0.0006444706526624304,-69.73266216,0.06275154245619398,0.00887440824013806
ASN  58,20.37598,0.012819500768836686,0.001812951185014116,-4.971800000000001,0.020709418147078107,0.002928754001245335,-92.21095999999996,0.15985943327851784,0.022607537861575683,-4.54276,0.14380425028488966,0.020336992107978596,0.563633712,0.00362965024608688,0.0005133100604686907,-80.78590628799999,0.023764099367577573,0.0033607511623210094
VAL  59,12.935699999999999,0.05648513078742101,0.007988203803198885,-6.73882,0.07366564735354147,0.010417895756837204,-31.306799999999996,0.1735725784797668,0.02454686945421546,-0.026079999999999996,0.1542191739051925,0.021809884731469813,0.0,0.0,0.0,-25.136,0.10022135501046504,0.01417343994952084
GLU  60,16.72914,0.03007857044382896,0.0042537522258457435,-5.235199999999999,0.04678760519637119,0.006616766581966604,-30.4166,0.731987540877509,0.10351867077971035,-47.795820000000006,0.7237725247611801,0.10235689205902777,0.388993824,0.0035237090823489925,0.0004983277174115199,-66.32948617600003,0.03324003224953651,0.004700850442101359
LYS  61,9.472520000000001,0.027686270965434787,0.003915429989085431,-1.83806,0.09070069679996705,0.012827015553120338,-0.7524599999999999,0.880452002326078,0.12451471627080873,-41.7545,0.8716174906462798,0.12326532764735731,1.3220282879999998,0.010582865567965524,0.0014966432014988091,-33.55047171200001,0.12517294648141059,0.017702127855621242
GLU  62,15.76666,0.04464374984231066,0.006313579650218746,-4.6566,0.12340064829647981,0.017451487042651412,-37.33204,1.555229783150962,0.2199427051938658,-49.27284,1.5224323743269275,0.21530445115690133,0.29374545600000007,0.004806472693693543,0.000679737887059735,-75.20107454400002,0.060699251299760684,0.008584170441401428
THR  63,14.59448,0.032145444466056265,0.004546052353240793,-3.7246200000000003,0.1258483039218089,0.017797637820787332,-29.23269999999999,0.8626549773809857,0.12199783686608455,-6.603419999999999,0.7536933352498422,0.10658833365805387,0.5515061760000001,0.010326364484643292,0.00146036847041904,-24.41475382400001,0.29811206076684865,0.04215941194434696
HIE  64,30.747160000000004,0.11039444913429754,0.015612132717643036,-10.77048,0.3816240684233288,0.05396979332922696,-11.243699999999995,0.8514864238495582,0.12041836487846108,-8.308459999999998,0.8713222414239361,0.12322357310190546,0.10998071999999999,0.03047503089668007,0.004309820200782406,0.53450072,0.40425940551996303,0.057170913400321655
GLN  65,20.85666,0.42544280978764665,0.06016669916158068,-3.7552600000000003,0.8547152229836543,0.1208749860310228,-75.0785,0.7854311745781989,0.11107674193991189,-11.667199999999996,2.1681302543897316,0.3066199210749387,0.7882007039999999,0.09573208086353029,0.013538560711140237,-68.85609929599997,0.8975967454335033,0.12693934909340107
GLN  66,20.966199999999994,0.025509214024030287,0.0036075476438261586,-6.242460000000002,0.05739763409741177,0.008117251258868812,-73.91869999999999,0.33651806786745275,0.04759084155617413,-10.285339999999998,0.3139350639862172,0.04439712251937737,0.6750708480000001,0.00591587058825231,0.0008366304419150516,-68.80522915200001,0.058121623776947566,0.008219638861250579
VAL  67,12.74456,0.08704623139443282,0.012310196099147358,-7.057660000000002,0.1417023090848689,0.02003973273274058,-28.500899999999987,0.3363799191401209,0.0475713043757924,-0.23019999999999993,0.2578126451514743,0.036460213932449706,0.0,0.0,0.0,-23.044199999999996,0.16187340732775052,0.02289235680304491
VAL  68,13.146379999999999,0.1444397299913875,0.02042686250993281,-5.7473,0.32219678769347704,0.045565506690916,-31.25537999999999,0.2960802519591334,0.04187207078714496,-1.6740399999999998,0.2973535915370779,0.04205214819720851,0.037295424,0.030760123766529663,0.004350138421090122,-25.493044576000006,0.3866415551877631,0.05467937311235601
SER  69,14.349979999999999,0.20590886236406886,0.029119910576808114,-3.9638200000000006,0.5790876855882803,0.08189536587621926,-8.902279999999996,1.4566941757280811,0.20600766595445488,-4.632539999999999,0.46766257964478264,0.06613747627480393,0.4086254879999999,0.018906977813715524,0.00267385044476437,-2.7400345120000003,0.6659368949669381,0.09417769885468712
ARG  70,14.03406,0.10750542497923893,0.0152035630034323,-7.263599999999999,0.15540373225890308,0.0219774065803938,-213.40121999999997,1.3416244376084763,0.18973434752770835,4.5339599999999995,1.2094501719376471,0.17104208361686923,0.669717072,0.008799440793292526,0.0012444288511173356,-201.42708292799992,0.17033232638490067,0.02408862860840871
ILE  71,13.89864,0.04955149240882035,0.00700763926003812,-7.77476,0.07522806922952235,0.010638855577553261,-8.87986,0.6000853275993301,0.08486488088720744,-1.3362599999999998,0.5981734467526948,0.08459450010491214,0.001070496,0.001247821645101575,0.00017646862939253542,-4.091169504000001,0.10577023407809642,0.014958169952862088
ARG  72,12.66762,0.09844651136537617,0.013922439154123202,-3.0689599999999997,0.14921393500609695,0.02110203705806798,-160.31576000000004,2.1012075153083387,0.29715561655093253,-49.213179999999994,2.063507922834515,0.2918240890536905,1.4380541280000005,0.04696144301771043,0.006641350962425737,-198.4922258720001,0.24534930039871433,0.03469763081426124
ALA  73,8.408100000000001,0.0315101570926938,0.004456209151299435,-1.8779600000000003,0.2571610359288476,0.0363680624724491,-10.82954,0.19381942214347644,0.027410205544662055,-2.865859999999999,0.3522177173283674,0.04981110727538702,0.5669206560000001,0.013768682383265722,0.0019471857362421893,-6.598339343999998,0.14461915993297694,0.020452237735621968
ALA  74,8.401580000000001,0.7920041941807953,0.1120063072866855,-3.52178,0.08161673602883417,0.01154234950086021,-0.53514,1.770362561849973,0.2503670745285809,-3.4761599999999993,1.053958658771776,0.14905226294156027,0.08809502399999997,0.008242817365793903,0.0011657104110870207,0.9565950239999995,0.0770053101943392,0.010890195405158166
LEU  75,12.493719999999998,0.4753477901495306,0.0672243291673546,-1.12126,0.6275796940628339,0.08875317148136173,-23.979579999999995,1.2885543696718214,0.18222910654450045,-6.188260000000002,0.8395641204815519,0.11873229656668499,1.097205264,0.11623385184170863,0.01643794896814093,-17.698174736000002,0.7519955616109403,0.10634823220745641
ASN  76,19.530439999999995,0.604865874719625,0.08554095234451592,-2.8700399999999995,0.26340493237599333,0.03725108277620977,-82.065,2.5337337587047357,0.3583240645002796,-17.45402,1.1999259558823006,0.16969515606522495,0.7974512640000002,0.10898566834055283,0.015412901027150585,-82.06116873600001,1.0836732826287758,0.1532545453474987
ALA  77,7.78456,0.6104872532657675,0.08633593532243469,-3.07604,0.19377718751185238,0.027404232665777597,-3.641739999999999,0.5744892622147145,0.08124505060617625,-1.8365000000000002,0.5699390581456925,0.08060155457557863,0.39373732799999994,0.027484873459727846,0.003886948080685545,-0.3759826719999999,0.8220336582241736,0.11625311481877958
VAL  78,11.052500000000002,0.08926259014805613,0.012623636559993198,-7.276319999999999,0.28340278333146157,0.040079205980163665,-20.763399999999997,0.24494456515708626,0.03464039260747317,-1.6349600000000004,0.11888918537865166,0.016813469838197825,0.0014328000000000008,0.0008587218781421604,0.00012144161263751395,-18.6207472,0.08231095195179357,0.011640526458206664
ARG  79,12.597479999999997,0.06374770270422163,0.009015286573443825,-7.007200000000001,0.04285417132548904,0.00606049502927668,-185.11921999999998,0.43476293724427834,0.06148476422680212,-19.414060000000003,0.42864439387447817,0.060619471525248186,0.8397355680000002,0.0061001606278106,0.0008626929892504124,-198.103264432,0.053586241939126256,0.007578239010691829
LEU  80,11.2085,0.05277812046615714,0.007463953375980044,-7.685179999999998,0.19117036276582547,0.027035571974721492,-35.24886,0.08804181052265414,0.012450992249701975,0.12158,0.07998602127872094,0.011311731609263012,0.0011416320000000003,0.0010643316170141706,0.0001505192207643927,-31.602818368000012,0.15923047989210082,0.022518590420658537
LEU  81,13.6373,0.031141772589939075,0.004404111715303054,-7.1221200000000024,0.03997581268636942,0.005653433646795006,-35.40828000000001,0.05308485282552477,0.007507331882243684,0.83878,0.05678108487868249,0.008030058032169064,0.24506913599999994,0.004118710869668691,0.0005824736771378947,-27.809250864,0.10547818440874794,0.014916867892534167
VAL  82,12.0069,0.041633760339888325,0.005887902852526114,-6.62536,0.022038838444880925,0.0031167624227700173,-32.89463999999999,0.05720166431752094,0.008089536946815124,0.8853799999999998,0.05888833161162151,0.00832806772306794,0.0,0.0,0.0,-26.627719999999997,0.04704977789635788,0.006653843400767118
VAL  83,11.366879999999998,0.03658559279341927,0.005173984151591289,-4.996019999999999,0.020926050750404546,0.002959390477812979,-31.791540000000012,0.03582357323739602,0.005066218312499129,-0.93612,0.039036208832311854,0.005520553595428382,0.21511166399999998,0.002720466388675641,0.0003847320462845247,-26.141688335999998,0.028091499926856865,0.003972738018396378
ASP  84,13.97976,0.022108423732620588,0.0031266032685363238,-3.847859999999999,0.03495254497177613,0.004943036313854132,19.384319999999992,0.41501534622272607,0.05869203312211448,-89.64366,0.4110432877423915,0.05813029922477166,0.38780352,0.0034168805984354403,0.0004832198883316897,-59.73963647999998,0.03733657076832176,0.005280188475306348
PRO  85,18.039460000000005,0.010879724251859927,0.0015386253591859783,-3.714280000000001,0.03714514234717616,0.005253116408365571,-4.921,0.10582967447741536,0.014966576094749058,-7.1358999999999995,0.10072263896469674,0.014244332206188289,0.6256815840000002,0.0056229977860533,0.0007952119730230463,2.893961584,0.03388351671627368,0.004791852888104972
GLU  86,14.638340000000003,0.011590703167826247,0.0016391729617380674,-2.23604,0.016105849868938198,0.0022777111318197335,4.51424,0.6539102862014006,0.09247687953212928,-84.45477999999999,0.6539438902558883,0.09248163186309001,0.7355717279999999,0.0040354010310346055,0.000570691886770351,-66.80266827199998,0.025260152635016842,0.003572325044405529
THR  87,13.219779999999998,0.00801321409061188,0.0011332396045142508,-1.94428,0.014045696849916906,0.0019863614978133546,-31.596940000000004,0.08747694781895222,0.012371108600056576,-8.328120000000002,0.08169936107451256,0.011554034446879217,0.575751312,0.004478485706961161,0.0006333535225678533,-28.073808688,0.013282623823711285,0.0018784466755392478
ASP  88,12.803819999999998,0.016876836197601473,0.0023867450640597176,0.15500000000000003,0.010512849280760449,0.0014867414032035664,-6.802320000000001,0.6817015898470413,0.09640716338529869,-78.31344000000001,0.6705301234086869,0.09482727945042702,0.950452704,0.0026137501205821707,0.0003696400869181618,-71.20648729600005,0.013441222498580265,0.0019008759152366588
GLU  89,14.97978,0.009619334694297786,0.0013603793585681978,-1.4713599999999998,0.017139148170224296,0.0024238415789853214,32.629999999999995,1.4044716159468633,0.19862228072401109,-112.75125999999996,1.3879352263019669,0.19628368207316124,1.0042878240000002,0.0038041652499121808,0.000537990208993424,-65.60855217599999,0.02496347769455961,0.003530368871964444
GLN  90,19.660220000000002,0.008635484918769915,0.0012212419889792738,-1.3958000000000002,0.006881860213645932,0.0009732420048493882,-66.45528,0.04307948006028233,0.006092358496123259,-10.818039999999998,0.050911672532571,0.007199997777865968,1.2457494720000002,0.004442489050292124,0.0006282628265617091,-57.763150528000004,0.015602285178977139,0.0022064963304122202
LEU  91,8.343160000000001,0.007917979537594384,0.0011197714048658625,0.06721999999999999,0.01104769659250293,0.001562380235410067,1.3942399999999997,0.9353433713882836,0.13227752812930854,-108.44732,0.9223433946205419,0.130439053783761,1.4954225759999997,0.012156557534104837,0.001719196853649989,-97.14727742399998,0.02403174796209017,0.0033986023895519906
GLU  92,9.49092,0.41267526409999267,0.05836109553461084,-1.27704,1.0381338634299528,0.14681429892214176,-67.6028,11.642223121036654,1.646458983394366,-93.93269999999998,11.195177572955364,1.5832371956848585,1.377570816,0.23100822454829018,0.03266949641759213,-151.944049184,1.0094359598043368,0.14275580247023953
ILE  93,11.84396,0.7468358577358427,0.10561853988765721,-0.9538399999999999,0.5645430491999702,0.07983844367220594,-5.7104800000000004,1.8794188063334873,0.2657899565295871,-4.22232,1.3686215172939538,0.19355231115127527,0.8544395519999999,0.069798895802231,0.009871054508218157,1.8117595520000003,0.9341209318530072,0.13210464907231165
SER  94,9.849059999999998,0.23320646732032255,0.03298037489175181,-3.0963,0.30077122535242695,0.04253547460649767,-8.858840000000002,1.9267142015358594,0.2724785354628861,-5.62876,1.6251866915526973,0.22983610605820845,0.412737696,0.03260361671486838,0.0046108476940581,-7.322102304,0.7135365166045469,0.10090930190306052
VAL  95,10.763499999999999,0.29869705388582224,0.0422421424646217,-3.8839199999999994,0.14611281121108366,0.020663471925117412,-27.373979999999992,0.4956976292059545,0.07010223100592504,-1.9768200000000005,0.14509082534743173,0.0205189412982244,0.395169984,0.03199647130113805,0.004524984366215094,-22.076050016,0.41341245112449604,0.05846534952341666
GLY  96,5.97318,0.07477424422885712,0.010574675030464786,-3.00972,0.08001175913574757,0.011315371491910359,-3.34698,0.3377119180603508,0.047759677469597944,-0.6754000000000001,0.33281947058427913,0.04706778091221209,0.329570352,0.01137367759068506,0.001608480910280576,-0.729349648,0.1436711040871363,0.020318162392114474
LEU  97,9.24258,0.40583125015207,0.05739320579998856,-7.77158,0.15797304706812737,0.022340762565314903,-43.85174,1.5720811786928002,0.2223258524058839,-59.181999999999995,1.6892923370453434,0.23890201338624661,0.22966156800000004,0.019832867878684823,0.002804791073478979,-101.33307843199998,0.2917166506804374,0.04125496437623291


