#Frame       SA_00001
       1   11004.3421
       2   11188.4994
       3   11033.7161
       4   11258.4882
       5   11192.7367
       6   11185.9029
       7   10983.6072
       8   11154.3697
       9   11015.3379
      10   11005.9379
      11   11143.7619
      12   11027.3707
      13   11166.4648
      14   11150.1048
      15   11095.3012
      16   11035.3599
      17   11019.1293
      18   11092.1141
      19   11187.6396
      20   10911.6078
      21   11074.7603
      22   11033.5150
      23   11191.5629
      24   11202.4304
      25   11164.9839
      26   11089.3041
      27   11233.6166
      28   11104.9880
      29   11006.1905
      30   10825.2885
      31   11147.4361
      32   11193.2464
      33   11373.5646
      34   11279.7004
      35   11124.2146
      36   11178.1163
      37   11122.4356
      38   11153.4199
      39   11110.0250
      40   11131.7759
      41   11172.9910
      42   11025.1772
      43   11299.8921
      44   11236.2855
      45   11101.2495
      46   11177.9017
      47   11297.9031
      48   11098.2123
      49   11169.2216
      50   11009.5623
