| Run on Mon Jun 20 15:50:12 2016
| GB non-polar solvation energies calculated with gbsa=2
idecomp = 2: Per-residue decomp adding 1-4 interactions to EEL and VDW.
Energy Decomposition Analysis (All units kcal/mol): Generalized Born Solvent

Total Energy Decomposition:
Residue,Internal,,,van der Waals,,,Electrostatic,,,Polar Solvation,,,Non-Polar Solv.,,,TOTAL,,
,Avg.,Std. Dev.,Std. Err. of Mean,Avg.,Std. Dev.,Std. Err. of Mean,Avg.,Std. Dev.,Std. Err. of Mean,Avg.,Std. Dev.,Std. Err. of Mean,Avg.,Std. Dev.,Std. Err. of Mean,Avg.,Std. Dev.,Std. Err. of Mean
GLY   1,0.9793,0.0024758836807499073,0.0003501428280174737,0.11796000000000002,0.02300344322052676,0.003253178138374837,-19.41868,0.9532722263866358,0.13481305111895756,-95.91375999999997,0.9459398196552408,0.1337760922145201,1.01578104,0.01347814755532957,0.0019060979068412853,-113.21939895999999,0.018817854246539645,0.0026612464690216504
SER   2,9.909599999999998,0.020106715297854582,0.0028435189469000533,-1.67096,0.07007138074849463,0.00990958969887301,-3.3120200000000004,0.1686093105376946,0.02384495737047845,-8.056180000000001,0.19453572319752369,0.02751150581119963,0.513690048,0.008812667335470738,0.0012462993666505083,-2.6158699519999993,0.049886357166377245,0.007054996288207894
LEU   3,11.166319999999999,0.026503162076758905,0.0037481131254724727,-0.9464600000000004,0.04420280986542841,0.0062512213206688105,-29.91619999999999,0.06703879474500718,0.009480717273353532,-1.3419600000000003,0.05838560096461697,0.008256970873146498,0.9781971840000001,0.008823030419587397,0.0012477649280610876,-20.060102815999997,0.027855380816822442,0.0039393457336217635
GLN   4,18.403979999999997,0.04195115731643126,0.005932789563414438,-2.5685599999999997,0.06659133877615458,0.009417437443381919,-65.89913999999996,0.10063419103556007,0.014231823780093399,-12.428640000000003,0.09631256615777241,0.01362065372872777,0.9693037439999999,0.009167287827759597,0.001296450277619541,-61.52305625599999,0.04974051235515038,0.0070343707172040165
ARG   5,12.411000000000001,0.035112960569423646,0.0049657225052350635,-4.286759999999998,0.05306733835427864,0.0075048549619662775,-124.55128000000002,0.8028441701837855,0.11353931139460827,-74.64949999999999,0.7920457625684028,0.11201218594443754,1.20098592,0.009846869937432905,0.0013925577012441524,-189.87555408000003,0.036793202545309094,0.00520334460427164
ARG   6,14.063580000000002,0.6501657047245271,0.09194731574112872,-4.939740000000001,0.23463374096660963,0.033182221866531504,-158.42305999999996,1.262219686272957,0.1785048199021529,-46.38521999999999,1.1942467800254055,0.16889199931323268,0.3554101440000001,0.010225244635900745,0.0014460679642673573,-195.329029856,1.0286444462598519,0.14547229267604447
ARG   7,11.52564,0.04781328685604792,0.006761819873345821,-3.6857600000000015,0.039993779516158186,0.005655974540231018,-132.00674000000004,0.7733448082165199,0.10936747161706224,-74.29345999999998,0.7724009117051246,0.10923398449227306,1.4005376640000002,0.010936525708284692,0.0015466582981898231,-197.05978233599996,0.039711919401926664,0.0056161135006071936
VAL   8,11.1432,0.03398764481432304,0.004806578824953523,-4.642580000000001,0.09627857290172664,0.013615846356354856,-34.86919999999999,0.09906684612016348,0.014010167736466362,-0.38342,0.053900682741501546,0.00762270765542009,0.12180988800000002,0.0040592917948147535,0.0005740705509856847,-28.63019011199999,0.06624380950769232,0.009368289382903825
THR   9,15.721979999999999,0.1637355782964653,0.0231557075469863,-4.5666,0.12352262950567701,0.017468737790691545,-29.665720000000007,0.25625674937420634,0.03624017704146457,-7.55738,0.17275229549845758,0.024430863922500327,0.47516616000000006,0.016780443711888835,0.002373113107999151,-25.59255383999999,0.10312250424529833,0.014583724408957796
VAL  10,11.453539999999998,0.1316181157744271,0.018613612438218703,-5.695639999999998,0.16833546982151176,0.023806230445002876,-22.796859999999995,0.12290842282025871,0.01738187584822967,0.6100799999999998,0.10096709166852466,0.01427890303909951,0.0014338080000000004,0.0019520197298019298,0.0002760572775905753,-16.427446192000005,0.158595223720597,0.022428751631326346
ARG  11,12.735320000000002,0.23724665982884008,0.03355174439576618,-3.90556,0.18223996927128186,0.02577262361499029,-143.04695999999998,1.097768736305417,0.15524794352322943,-55.67258000000001,1.1830895670233674,0.1673141311186559,1.165340016,0.021785713232094193,0.00308096511187986,-188.72443998399999,0.19514518528253644,0.027597696765837353
LYS  12,11.485879999999995,0.14237775669008204,0.02013525544913707,-7.233680000000001,0.2542531368538033,0.03595682344145512,8.012739999999999,2.505134014858295,0.35427944993747634,-46.79606,2.7368802195931043,0.3870533125139223,0.26969256,0.030460349893617338,0.00430774399341835,-34.26142744,0.28752416957548765,0.040662058012371625
ALA  13,7.218720000000001,0.1069321354877811,0.015122487626033737,-1.70818,0.12269778971114274,0.017352087828270007,-10.503520000000002,0.4688270145799637,0.06630215224258734,-2.23218,0.18168772000330632,0.025694523774532126,0.439757856,0.0214529786498791,0.003033909335995947,-6.785402144000001,0.3251599068625735,0.045984555022502385
ASP  14,12.859099999999996,0.08322673849258976,0.011770038232829934,-1.3574400000000002,0.09839901625524108,0.013915722331233258,-50.45201999999999,2.4726813663713627,0.3496899523749617,-30.179440000000014,2.4404589581468525,0.34513301570261923,0.9811313280000001,0.0415599859795443,0.005877469582430722,-68.148668672,0.09160052471760348,0.012954270437612676
ALA  15,7.359820000000001,0.19424033463724447,0.027469731560387955,-1.4057399999999998,0.1815012738247308,0.02566815630309271,0.59036,0.7737322472276829,0.10942226376748017,-6.300860000000001,0.556663704942219,0.07872413612101409,0.590350608,0.02873033692786523,0.004063083213493557,0.833930608,0.12989437728673556,0.01836983900349091
GLY  16,6.017919999999998,0.13736052416915875,0.019425711621470162,-3.201,0.21739383615916794,0.030744131147260982,-9.3571,0.8026742863702307,0.11351528619529258,-2.08108,0.760803150361511,0.1075938133537426,0.09004204799999997,0.015943055148449504,0.0022546884816599484,-8.531217952000002,0.2610034456944782,0.036911461272724065
GLY  17,4.70142,0.07016953469987701,0.009923470763797557,-3.450939999999999,0.20977906568579247,0.029667239979480405,-4.32854,0.5413397901503255,0.07655700730827955,-2.9127000000000005,0.41054745158141775,0.05806017740241525,0.084498192,0.014428245403233694,0.0020404620330500356,-5.906261807999999,0.4253207659135298,0.06014943955138262
LEU  18,11.275100000000002,0.2988464655972252,0.04226327247148604,-7.65624,0.25204940468093917,0.035645168648784885,-28.901920000000004,0.43218879393113935,0.0611207253883088,-0.9376800000000002,0.27822770818162573,0.039347339833843885,0.004697712000000001,0.009837704417772267,0.0013912615010231253,-26.216042287999997,0.54635044126851,0.07726562038504518
GLY  19,5.846379999999997,0.1618762354393888,0.02289275675842839,-3.826240000000002,0.1580930814424961,0.022357737989333222,-12.120560000000001,0.5871222073810518,0.08303161884487123,-0.23093999999999998,0.5055335165941027,0.07149323554015441,0.0,0.0,0.0,-10.331360000000002,0.27627310835469276,0.039070917675417816
ILE  20,14.629459999999996,0.17232680696868866,0.024370690757556986,-8.080379999999998,0.3043380285144362,0.043039896747100535,-12.196920000000002,1.2619035436989463,0.17846011059057193,-1.5151999999999999,0.8323834693216822,0.1177167991409892,0.002364624,0.0034370857694599358,0.0004860773310209806,-7.160675376000001,0.6172699402048417,0.08729515210829165
SER  21,11.236899999999999,0.7737856873837957,0.10942982134683518,-5.567679999999999,0.5173486808720081,0.07316415209650241,-20.00372,3.6029385897625423,0.5095324618039581,0.9102999999999999,1.736672902420027,0.24560263720082487,0.03390696,0.020947867101659787,0.0029624757757956447,-13.39029304,1.5241383828143973,0.21554571719095167
ILE  22,14.75322,0.399274206028937,0.056465899727187206,-8.189900000000002,0.40454286546666296,0.05721100069042291,-6.214880000000001,1.0076511825031436,0.14250339684372323,-1.7169799999999995,0.5090409606308743,0.07198926303276112,5.7312e-05,0.00029641958413033375,4.192005960301106e-05,-1.3684826879999996,0.6204633611886616,0.08774677003486014
LYS  23,9.452360000000004,0.491900630615498,0.06956525431563153,-6.730159999999999,0.4224717912476707,0.05974653369025109,41.39136000000002,5.462876497816797,0.772567403278175,-78.56914,5.612906701558473,0.7937848781678827,0.5705265599999998,0.07263132585496249,0.010271620607722758,-33.88505344,0.9364154727983972,0.13242914616475074
GLY  24,5.39998,0.38361603146895473,0.054251499444713976,-4.01342,0.24421941691846952,0.03453784116009489,-6.829980000000001,1.2633875334195663,0.17866997842950424,-7.5319600000000015,1.0348661934762238,0.1463521806055495,0.045367776,0.030974374387939187,0.004380438034544543,-12.930012223999997,0.3384623833316731,0.047865809286077345
GLY  25,6.29128,0.2693287240529654,0.03808883342923444,-5.515860000000001,0.21429344460338753,0.03030566956857582,-10.74864,0.99836133258455,0.14118961366899466,3.0780999999999996,0.6054857966955186,0.08562862255110809,0.000326592,0.0012029549703692155,0.00017012352340202693,-6.894793408000001,0.6419978518926198,0.09079220691609365
ARG  26,14.876840000000001,0.2680512160016473,0.03790816650801296,-5.815459999999999,0.19657336645640905,0.02779967208439901,-185.51498000000004,5.2773378004054114,0.746328269055753,-27.7085,4.710768558314008,0.6662032784368422,0.8483227200000001,0.056769067200339134,0.008028358475798922,-203.31377727999998,0.621102187414775,0.08783711370615706
GLU  27,16.96846,0.38552847936305307,0.054521960419630554,-6.966940000000002,0.694752859943716,0.09825289170298986,-79.55146,7.103140477873033,1.0045357599249352,2.27186,7.64208969068016,1.0807546885431492,0.22020739199999992,0.05861547076677939,0.00828947937232631,-67.05787260799998,1.2453665066212163,0.1761214203788927
ASN  28,18.913899999999998,1.233790440066757,0.1744843173468677,-6.385120000000001,1.1381292657690445,0.16095578433843155,-91.66986000000001,2.841500878127494,0.4018489079342961,1.1349199999999997,2.9586046768029015,0.4184098859635131,0.059298336,0.04064490951474126,0.005748058227717435,-77.94686166399998,1.1832875946797106,0.16734213645838844
LYS  29,10.299380000000001,0.38857173803557904,0.05495234218848013,-1.4637000000000002,0.32185140981514987,0.0455166628829486,53.95143999999999,2.964164935761913,0.4191962253265271,-92.75665999999997,3.019594069474974,0.42703508859128736,1.5150604319999996,0.06182799611065489,0.008743799063403912,-28.454479567999996,0.34775705600580775,0.04918027450143533
MET  30,12.947439999999999,0.40087914188694934,0.056692871932901207,-6.8717,0.36137737892678223,0.05110647904130965,0.44684000000000007,1.2066061554625023,0.170639878949793,-5.928720000000001,0.9328006012004909,0.1319179261207511,0.250854912,0.04780966772426126,0.00676130805082015,0.844714912,0.6561217096661748,0.09278962203773265
PRO  31,18.646399999999996,0.2532019747160398,0.035808166666307296,-5.5686,0.2349846803517452,0.033231852190334456,-8.96968,0.9062484083296295,0.12816287899387926,1.17368,0.417763016074903,0.059080612319101715,0.22153103999999993,0.017435703150674085,0.0024657807865194593,5.503331040000001,0.5260314749521553,0.0743920846112461
ILE  32,13.10206,0.19484048963215075,0.0275546062937202,-8.17586,0.18131056339883392,0.02564118577601378,-12.205259999999999,0.2704079000325834,0.03824145195989075,1.31904,0.27665704111769934,0.03912521396746614,0.0,0.0,0.0,-5.960019999999999,0.2941575421436719,0.0416001585573916
LEU  33,11.773660000000007,0.20990165411419046,0.02968457660128345,-7.993759999999998,0.2567392108736274,0.03630840740104498,-31.11005999999999,0.3714252770075778,0.052527466415230026,-1.30258,0.3009679776986241,0.04256329959013974,0.019570176000000005,0.02645595577282786,0.0037414371459475937,-28.613169823999993,0.31207656942626794,0.04413429169814969
ILE  34,13.033920000000002,0.10738563032343444,0.015186621480738448,-7.981520000000002,0.13969727842715696,0.019756178577829575,-16.045640000000002,0.25983323574904305,0.03674596859515824,0.19368,0.2720270163053663,0.03847042957909361,0.004463568000000001,0.001994010803324793,0.00028199571215803925,-10.795096432000001,0.1887272124396551,0.026690058342102852
SER  35,12.718040000000006,0.42353455396200385,0.05989683103467053,-3.9606200000000005,0.6770216803027709,0.09574532423048003,-11.66926,3.4416964468703393,0.4867293792735326,-2.3776200000000003,1.2321422464959157,0.17425122757673772,0.21713745600000003,0.024860873879509,0.003515858501284865,-5.072322543999999,1.5038099906323228,0.21267084839843878
LYS  36,9.617919999999996,0.9575855437505968,0.13542304631045088,-6.138619999999999,0.40253665125056104,0.05692727915507921,35.044800000000016,2.9184689684831104,0.41273383965938315,-69.14403999999999,3.1066143240516073,0.4393416110136308,0.8732360160000002,0.040113458270252776,0.005672899671947867,-29.746703984,1.3292626246383663,0.18798612317192342
ILE  37,12.514159999999997,0.08232043731679174,0.011641867891389112,-6.29128,0.15046501786127509,0.02127896689221252,-16.09932,1.6192068853608927,0.22899043375652717,-0.9025,1.2335671404508146,0.17445273801233385,0.22180564799999997,0.013888151843788348,0.001964081269378239,-10.557134351999997,0.3984107179732197,0.05634378407525295
PHE  38,10.164220000000002,0.1504077511300176,0.021270868153410807,-5.434000000000001,0.7227021793242236,0.10220552235569097,0.38841999999999993,0.8850564296133894,0.12516588062247638,-5.123200000000001,0.439477462448296,0.062151498775169275,0.43441243199999996,0.09744618145400546,0.01378097114137241,0.4298524320000001,0.9741526404808474,0.1377659875989576
LYS  39,9.465119999999999,0.11758020921909361,0.01662835265443082,-1.8180399999999994,0.15691360170489457,0.022190934365187192,31.413760000000003,1.185944426353705,0.16771786919701895,-69.03795999999998,1.1971770956724292,0.16930640852623818,1.6042636799999999,0.03012732633001646,0.0042606473493949325,-28.372856319999993,0.12121499156012824,0.01714238850272736
GLY  40,6.371700000000001,0.072351433987059,0.010232037920164052,-1.3508799999999996,0.025717418221931403,0.0036369921638676355,-18.7902,0.10590240790445939,0.014976862154645412,0.1146,0.10291958025565397,0.014555026623129205,0.326891952,0.0042892022864050305,0.0006065848045195682,-13.327888048000002,0.05958802172676376,0.008427018848097196
LEU  41,11.364740000000001,0.1973216470638738,0.027905494942752754,-4.86798,0.25366217613194436,0.03587324897468685,-28.96224,0.31141255979811977,0.044040386555982344,-3.26792,0.24874523834638437,0.03517788896451848,0.324155232,0.03139583360606597,0.00444004136877075,-25.409244768000008,0.29077863485649746,0.04112230890623927
ALA  42,11.159939999999999,0.11390248636469477,0.01610824410049679,-5.7145,0.12312290607360848,0.017412208360808583,-4.30144,0.14463307505548317,0.020454205631119007,-2.5898399999999993,0.1433023879773249,0.020266018059798403,0.04281379199999999,0.011045855614117755,0.0015621198817500322,-1.4030262079999998,0.13711831533682103,0.019391458119908306
ALA  43,9.3471,0.05031232453396198,0.007115237171044564,-4.90212,0.0709928559785613,0.010039905975648125,-8.749720000000002,0.157157251184802,0.022225391605082214,-1.8211200000000005,0.16258580995892227,0.02299310574933225,0.0,0.0,0.0,-6.125860000000001,0.10865302756934761,0.015365858518146919
ASP  44,17.31146,0.06840123098262108,0.009673394853863747,-5.064320000000002,0.06416960027916051,0.009074951900684913,-44.05106000000001,1.5448362296374134,0.2184728347598547,-39.682840000000006,1.5561858418579113,0.22007791231284507,0.3592221119999999,0.007295767916943985,0.0010317773936068687,-71.12753788800002,0.047451203510577876,0.006710613555558505
GLN  45,19.9397,0.06995720120300213,0.0098934422726949,-3.47808,0.05103208402563405,0.007217026534521504,-74.31205999999999,0.29766890398631,0.042096740111417424,-14.120859999999999,0.29031472646084183,0.04105670235175578,0.9442717920000004,0.011919163578481285,0.0016856242784831666,-71.027028208,0.06011705448265014,0.00850183537792861
THR  46,15.332419999999999,0.05313872034579089,0.00751494990001686,-3.7543000000000006,0.09889696658642476,0.013986143142408071,-39.35746,0.10894351013150122,0.01540693895604997,-3.8633199999999994,0.10213842372000304,0.014444554406423811,0.24255374400000004,0.006262538724450447,0.0008856567199004526,-31.400106256000004,0.07142600678464346,0.010101162750099549
GLU  47,16.043819999999997,0.0178176204964339,0.002519792055527366,-0.9248800000000004,0.040349790581850016,0.0057063221079766465,-17.546159999999997,0.7643621748884214,0.10809713542922011,-63.90557999999999,0.7472630083185297,0.10567894810237835,1.150084512,0.010397848929225255,0.001470477897521692,-65.18271548800003,0.056327351348976956,0.007965890421027766
ALA  48,7.6479000000000035,0.026771813534963808,0.003786106179046941,-2.2957399999999994,0.0527703742643835,0.007462857897619529,-9.427520000000001,0.2561584853171183,0.036226280405241805,2.3238,0.040500370368667896,0.0057276173056503565,0.237399984,0.0054804149320028086,0.0007750477124270395,-1.514160016,0.231553199662426,0.0327465675373488
LEU  49,10.313180000000003,0.05047284022082162,0.007137937517177618,-7.8640399999999975,0.07069595745201913,0.009997918183359673,-26.102279999999986,0.10070790237374729,0.014242248137509902,-4.069300000000001,0.1034924634936897,0.014636044547617839,0.05410972799999997,0.007173017633745173,0.001014417882078379,-27.668330272000002,0.10077394698312692,0.014251588255740532
PHE  50,8.745959999999998,0.07524731490254301,0.010641577326733542,-4.141839999999999,0.11322744543619717,0.016012778896872963,-5.363860000000001,0.12742134985942533,0.018020100110708637,-3.644820000000001,0.16215433265870477,0.022932085644349877,0.7845168960000002,0.015376754599278918,0.0021746014899583113,-3.6200431039999996,0.04857861374649192,0.0068700534401572935
VAL  51,10.1271,0.04288834340456747,0.006065327691045399,-3.185259999999999,0.10707937429778491,0.015143310338235244,-20.02926,0.2934060537891994,0.041493882055105555,-7.0803600000000015,0.28167028668283606,0.03983419395443845,0.603400032,0.006028622929363782,0.0008525760309139677,-19.564379967999997,0.10653096440213863,0.015065753467018985
GLY  52,6.58472,0.08811901951344084,0.012461911249892745,-3.3238399999999997,0.0651596071197296,0.009214960010762408,-17.476100000000002,0.21751121810117055,0.03076073146069676,0.01958,0.166738848502681,0.02358043409269643,0.03971649599999999,0.0026799102928988148,0.0003789965482160757,-14.155923504000002,0.08500679649323023,0.012021776449461584
ASP  53,14.904860000000003,0.393890492903663,0.05570452771541835,-7.236219999999999,0.08480384189409827,0.011993074334797743,-91.7647,1.8596009813938286,0.262987292848947,15.33452,1.8606956681843487,0.2631421049395174,0.0,0.0,0.0,-68.76154,0.3511641331349807,0.04966210796984808
ALA  54,8.323699999999997,0.05677649161432373,0.008029408446493892,-5.191320000000001,0.11348117729382108,0.01604866200029875,-6.047479999999999,0.20317817205602692,0.028733732649980744,-0.06846000000000001,0.15017033129083784,0.021237291917756366,0.0,0.0,0.0,-2.9835599999999998,0.12262906017743841,0.01734236800439998
ILE  55,12.922940000000004,0.11611260224393513,0.016420801685580574,-8.127299999999998,0.1258507449323565,0.017797983031809562,-6.910640000000002,0.12563355602687448,0.0177672678822366,-1.2360999999999998,0.11616079373007425,0.016427616990909458,0.0010789920000000002,0.0009539899579848833,0.0001349145536949961,-3.350021008000001,0.17967893167323273,0.02541043820449944
LEU  56,11.9647,0.045991847104547276,0.006504229393384052,-7.071859999999997,0.10407939469473465,0.014719049154087609,-27.38728,0.15451874190578596,0.02185225004439904,-5.5387400000000016,0.10202407755027669,0.01442838341602057,0.18520905599999996,0.006386572771688242,0.000903197783080424,-27.847970943999993,0.086815975883043,0.012277633052445495
SER  57,9.607000000000001,0.034907878766603416,0.004936719558540634,-6.165819999999999,0.06526949976835317,0.009230501178171263,-14.515099999999995,0.12448023939631413,0.017604164280171707,-1.6252400000000002,0.10572692372333188,0.014952044943752166,0.16355563200000003,0.0049416871333346985,0.0006988600964966551,-12.535604367999998,0.03549649754608578,0.0050199628246417796
VAL  58,11.609559999999998,0.11597812897302064,0.01640178429323018,-5.462959999999999,0.18670736032629942,0.026404408116833297,-24.77884,0.11536106102139057,0.016314517706620076,-3.648700000000001,0.06730713186572075,0.009518665872893661,0.01704888,0.0034890526200675237,0.0004934265535132873,-22.263891119999997,0.18007835660782448,0.025466925420464404
ASN  59,18.975159999999995,0.12944347955827562,0.018306072435207786,-2.6452799999999996,0.10557273132776072,0.014930238846049014,-88.65852000000001,0.1409950694081545,0.0199397139384748,-11.360680000000002,0.1706181045491177,0.02412904374397529,0.5756669279999999,0.012760495451314805,0.0018046065729849586,-83.11365307199999,0.13561103055133475,0.019178295861308974
GLY  60,6.287720000000003,0.036848359528825286,0.005211144979686459,-0.99362,0.016166496219034855,0.0022862878209012455,-9.2823,0.04600184778890566,0.0065056437037293155,-5.860299999999999,0.05342256077742886,0.007555090998814085,0.518099616,0.007153213883993351,0.001011617208929892,-9.330400384000002,0.06597316185245328,0.009330014024437472
GLU  61,15.447040000000005,0.049964771588643334,0.00706608576215333,-4.08282,0.09627454284494677,0.013615276420259333,-34.68022,2.0134344120432277,0.2847426252460231,-44.861180000000004,2.0152488649295277,0.28499922763403235,0.7139551680000003,0.021836040165530944,0.0030880824150617504,-67.46322483200001,0.06500029081130458,0.00919242928235422
ASP  62,16.960880000000003,0.061039868936542355,0.008632341049553438,-2.5322600000000004,0.03631958700204555,0.0051363652518082396,-42.55946,1.6465237345389512,0.23285361961541823,-39.77687999999999,1.6106162254245335,0.22777553097735373,0.6809340959999999,0.007836021511192334,0.0011081807896175513,-67.22678590400001,0.07630387509815363,0.010790997502543155
LEU  63,12.428979999999997,0.1515672114940047,0.02143484061058927,-7.539740000000002,0.31616956273488545,0.04471312836292461,-32.035779999999995,0.20818206358944155,0.029441389777100632,0.30464,0.17139612130967252,0.024239071929428313,0.008484192,0.0034977442186552156,0.000494655731173429,-26.833415808000005,0.24290111426666341,0.034351405011145225
SER  64,11.641399999999997,0.06790493354801234,0.009603207797564283,-1.953,0.20295230966904468,0.02870179088489072,-25.215760000000003,0.16609654541832014,0.02348959871939071,-0.009880000000000002,0.2502107623584565,0.03538514535790407,0.352666368,0.01663199464893309,0.002352119240183792,-15.184573632000006,0.06858322662611722,0.009699132924596255
SER  65,10.947000000000003,0.04390307506256658,0.006208832418336567,-0.9288600000000006,0.128792237343712,0.01821397287798521,-13.534659999999997,0.80663088485383,0.11407483371892968,-5.73392,0.3975360028978531,0.056220080682973385,0.56466432,0.012030905877913152,0.0017014270260178965,-8.685775679999999,0.32680345687564705,0.046216988094395096
ALA  66,8.45948,0.10455931139792357,0.014786919625133526,-5.29152,0.12235983654775934,0.017304294033559636,-10.043800000000003,0.4651989681844784,0.06578906900084593,2.6683600000000003,0.3590583105847855,0.050778513251177465,0.020840111999999994,0.00657984820933249,0.0009305310575994331,-4.186639887999999,0.2181702678505676,0.030853935170084352
THR  67,15.0644,0.09815599828871956,0.01388135440081775,-6.959779999999996,0.29388748118979546,0.041561966171027656,-33.06276,1.8462633242310194,0.2611010632839542,-2.3790600000000004,0.9886091120356909,0.13981044141264967,0.12534638400000003,0.06729579478190104,0.009517062567124101,-27.211853616000003,0.9981589726635142,0.1411609956545137
HIE  68,30.425279999999997,0.3059718313834934,0.043270951364667014,-11.567720000000001,0.3662212467894251,0.051791505403878925,-21.316799999999994,1.4462035956255253,0.2045240738886353,-1.588,1.105744581718581,0.15637589839869823,0.035247888,0.021565173662297644,0.0030497761068152395,-4.011992112,0.8937204487966721,0.1263911579658423
ASP  69,15.373399999999998,2.083247666505358,0.29461571037539797,-5.298639999999999,0.9012603566117915,0.12745746195496077,-72.13816000000001,13.032141594319722,1.843023138945348,-9.698400000000003,11.993293507623331,1.6961078336002104,0.25034097600000005,0.1296255381245324,0.01833181940456244,-71.51145902399999,1.3019792639580283,0.18412767330179833
GLU  70,17.560840000000002,0.17255403327626617,0.024402825410147395,-5.526800000000001,0.19709419068046655,0.027873327752526465,-65.08836,5.209045450982411,0.73667027237972,-17.15022,4.881452026969025,0.690341566061323,0.557343216,0.0286178803606919,0.004047179453246112,-69.64719678399999,0.41764138255667776,0.05906341074199038
ALA  71,9.488240000000001,0.07716594067310786,0.010912911985318678,-6.6257600000000005,0.13948040149066418,0.019725507547334174,-5.7485800000000005,0.41052639817677095,0.05805720000137669,0.07083999999999999,0.3722777113929869,0.05264801884211789,0.0,0.0,0.0,-2.8152599999999994,0.24398014755303726,0.034504003361929415
VAL  72,13.432459999999999,0.18988714648440233,0.026854097787856836,-5.34646,0.33962009422292133,0.048029534330448376,-32.03762,0.3430251821665771,0.048511086485547486,0.8836199999999999,0.34916425303859505,0.04937928221430523,0.15884855999999997,0.05186370990293691,0.007334636193971717,-22.909151440000002,0.5470312628329971,0.07736190309405057
GLN  73,21.190239999999996,0.5660390290431203,0.08005000717052789,-5.610379999999999,0.4670578931995519,0.06605196069762108,-80.55776,7.034244222544297,0.9947923580566732,-6.6228599999999975,5.9167407717763005,0.8367535044491897,0.5684355360000001,0.15613092465390122,0.02208024711513989,-71.03232446400001,1.3944179389197724,0.197200476083668
ALA  74,9.124080000000003,0.13667213907732503,0.019328359268169493,-5.155400000000001,0.16094781763042276,0.02276145865272954,-5.29086,0.37792983528691904,0.05344734986881908,0.51528,0.48133410600122695,0.06807092207396641,0.043185600000000005,0.009249717906876911,0.0013081076512030604,-0.7637144,0.31736328138169456,0.04488194567292212
LEU  75,13.376879999999998,0.5014104761570934,0.0709101495697313,-6.887739999999999,0.3045043717255949,0.04306342122962347,-28.90616,0.31362903947196263,0.04435384411752963,-0.43124000000000007,0.2542175100184878,0.03595178504608636,0.009387216000000002,0.0043521055678078365,0.0006154806718873302,-22.838872784,0.5714975556755777,0.08082195940994749
LYS  76,11.224619999999998,0.3674034235006746,0.05195869043769599,-4.13962,0.24559445352044632,0.034732300701222386,57.18746000000001,3.9200589087918636,0.5543800474114929,-90.27660000000002,3.902403392782126,0.5518831803923263,1.0163543039999998,0.07224223257301385,0.010216594508086756,-24.987785695999996,0.5373707516236156,0.0759957004968741
LYS  77,10.549059999999999,0.19948497788068478,0.02821143612085613,-2.7031999999999994,0.13453728107853585,0.01902644475460666,23.311720000000005,4.428771870575408,0.6263229244024204,-67.48316,4.372377135426493,0.618347504473017,1.299774384,0.03809505007450451,0.0053874536474646465,-35.02580561600001,0.37138017485720515,0.0525210880079551
THR  78,13.990299999999996,0.35469904144223424,0.050162019496834416,-3.5540200000000004,0.1086363640775808,0.015363501944541608,-43.526900000000005,0.6523052736256585,0.0922498964768899,-1.6079399999999995,0.39311791666114965,0.05559526893540539,0.11796983999999996,0.010820896671755507,0.0015303058830234524,-34.58059016,0.19835532499394554,0.02805167907753607
GLY  79,5.501460000000002,0.10181831073036622,0.014399283593280193,-2.025,0.15384875690105793,0.02175749985637174,1.1506600000000002,0.5001536807822169,0.07073241186330348,-4.91362,0.1866373906804384,0.026394512914620184,0.3514906079999999,0.018627240102213987,0.0026342895582131018,0.06499060800000002,0.3187663021491224,0.045080362772680876
LYS  80,10.426099999999998,0.11554778232409743,0.016340924086487275,-2.3860999999999994,0.17106376004286067,0.024192068948315028,35.79787999999999,1.8099697305758016,0.2559683740465075,-79.08446,1.8386790607394217,0.2600284864549114,1.3337961120000004,0.024978704563353587,0.003532522276400536,-33.912783888,0.1802944810348731,0.02549749003005363
GLU  81,15.473039999999994,0.17755888713356355,0.025110618630415922,-3.9647999999999994,0.1561838660041516,0.022087734152693335,-74.94658000000003,1.0738093143551557,0.15185956957636154,-11.0223,1.1076527118190178,0.15664574874537923,0.5965685280000002,0.017251838480931713,0.002439778395560368,-73.86407147200002,0.13972509985842183,0.019760113122371515
VAL  82,12.62492,0.18060839847586047,0.02554188466030461,-5.93724,0.2155119077916618,0.0304779862851868,-28.942119999999992,0.22781304967130922,0.0322176304530741,0.4149600000000001,0.06884096454873331,0.009735582571166409,0.0,0.0,0.0,-21.83948,0.2278763032876756,0.03222657586528756
VAL  83,11.997639999999999,0.04482265498725325,0.006338880658454359,-4.234439999999999,0.08965202953646026,0.01267871160647354,-28.659560000000006,0.0941639336434113,0.013316791204491243,-1.3484600000000002,0.071115739467432,0.010057284325303392,0.32952643200000004,0.014359851490671743,0.0020307896731771484,-21.915293567999996,0.1219332929579671,0.017243971660596887
LEU  84,11.611660000000002,0.08580899952764341,0.012135225090565981,-6.987300000000002,0.11002277037049686,0.015559569402781737,-38.283480000000004,0.06491571150013047,0.00918046796145836,1.6492600000000002,0.05670372474537036,0.008019117657197363,0.0015874560000000001,0.0018367645880907005,0.00025975773913645,-32.00827254400001,0.08700162048944675,0.012303887164461253
GLU  85,15.745500000000007,0.06811497632492904,0.009632912331943692,-5.829,0.05096901019246854,0.007208106547492153,-82.27954,0.9499014729950495,0.13433635460277793,0.02990000000000001,0.9411544028479069,0.13309933207946614,0.23230166400000002,0.00810532965650985,0.0011462667127741088,-72.10083833599998,0.10446551457708159,0.014773654751519304
VAL  86,11.5568,0.058723760097863245,0.00830479379639422,-6.63778,0.05694217768929037,0.00805283999592531,-26.06854,0.11963364242570915,0.016918751963453115,0.9375799999999999,0.08607045718479898,0.012172200787039553,0.0,0.0,0.0,-20.211940000000002,0.08202204825420084,0.011599669305471128
LYS  87,9.38248,0.032410023140962,0.0045834694282774315,-7.333680000000002,0.09775938625000795,0.01382526498840311,46.11829999999999,1.1655177261631193,0.16482909755261343,-85.13770000000002,1.1309992263472042,0.1599474444933694,0.5987769119999998,0.006644451677874034,0.0009396673677382125,-36.371823088,0.10132651511204904,0.014329733189946212
TYR  88,10.52666,0.08262895618371786,0.011685499047974602,-4.051939999999999,0.11116049837964993,0.01572046844086534,-28.595859999999995,0.1423491496296554,0.02013120979985357,-5.859579999999998,0.13942597892796002,0.019717811034706642,0.769239504,0.015634512092842882,0.0022110539042784565,-27.211480496,0.09092041164776855,0.012858087924881901
MET  89,12.99558,0.04763321950052162,0.006736354503713226,-6.79178,0.06348552275928777,0.008978208730053056,-1.6855999999999998,0.24795136619910282,0.0350656184887709,-2.11176,0.26990172730088097,0.03816986832568305,0.517463568,0.010622010870663182,0.0015021791832966317,2.923903568,0.06604482798143273,0.009340149145594024
LYS  90,7.320640000000002,0.03206727927291104,0.004534998125615643,-4.262839999999999,0.18575934539077452,0.026270338558918138,-1.4894800000000001,1.2191722805247822,0.17241699739874825,-111.28678000000002,1.2836931454202232,0.18154162561786572,1.26770616,0.03721370946425893,0.005262813263056698,-108.45075383999998,0.10494251578800817,0.01484111290969538
GLN  91,15.908180000000007,0.9499762458081334,0.13434692907541393,-2.9764999999999997,1.1028780213604776,0.15597050554511915,-74.11164000000002,7.867561024256267,1.112641150330117,-92.90413999999998,6.5777496486564955,0.9302342763024877,1.0601278559999998,0.14236936502979416,0.020134068689158072,-153.02397214400003,1.0669030277423448,0.15088287315701424
PRO  92,18.011300000000002,0.22677409464029652,0.032070700023518715,-6.023620000000001,0.5290795361757776,0.07482314556338512,-6.170459999999999,1.2771204048170255,0.18061209972756548,-1.29448,0.7689406541469891,0.10874463017547115,0.21860884799999997,0.06462781722074247,0.009139753562014347,4.741348848000001,1.0265357870662184,0.14517408323303857
ASN  93,20.002279999999995,0.45006035328623695,0.06364814555038228,-6.365799999999999,0.4157398224851816,0.05879448953771268,-91.73424000000003,3.4967028616103613,0.4945084610478184,-5.438179999999999,3.243423417871927,0.4586893386072977,0.20393294400000003,0.055401314489113423,0.007834929032380126,-83.33200705600001,1.19870826350956,0.16952294835839216
VAL  94,10.484679999999999,0.1787315797502495,0.025276462410717127,-5.849379999999999,0.43745550127986577,0.061865550284470695,-28.337200000000003,1.5726412814116026,0.22240506289200915,-0.7743599999999998,0.9228969771323341,0.1305173421733679,0.103744368,0.031132926196562022,0.0044028606463538626,-24.372515632,0.6102610874478251,0.08630395064572677
ILE  95,14.2458,0.45468433005766556,0.06430207461660753,-7.301439999999999,0.4737145621574487,0.06699335584966964,-15.765199999999998,1.1185985160012215,0.1581937192179345,1.4994199999999998,0.7428229692194503,0.10505103175123988,0.018881423999999997,0.008150471883923295,0.0011526507877984914,-7.302538576,0.5080787260062151,0.0718531825071233
SER  96,10.844759999999999,1.0341857388303546,0.1462559497866727,-4.644859999999999,0.976336622482231,0.13807484929559113,-13.831420000000003,5.240283034684283,0.7410879338324152,-2.2929800000000005,2.897118350982576,0.4097144063759536,0.04609353600000001,0.036518392891986676,0.005164480650391679,-9.878406464,1.7393987523358327,0.2459881305928175
VAL  97,11.332340000000002,0.2866893517380013,0.040543996941583206,-6.041560000000001,0.45826255181934816,0.06480811159106255,-21.061740000000004,1.3814282291888464,0.1953634537163915,-1.0734599999999999,1.1833962009403276,0.16735749570306077,0.0180648,0.011729770037234322,0.0016588399870174342,-16.826355200000002,0.5290991088417459,0.07482591355635154
ARG  98,13.039919999999997,0.746466257509385,0.10556627052236595,-6.382900000000001,0.7736729864742461,0.10941388303135749,-124.97867999999997,10.503311293949622,1.4853925281730056,-77.56978000000005,9.370755137745814,1.325224900547749,0.976213584,0.21529806484773653,0.03044774432603511,-194.91522641599997,1.8795258159313875,0.26580508997205254
LEU  99,11.13958,0.23988664739819926,0.03392509501827459,-6.71412,0.31669775117608023,0.044787825488627246,-34.84721999999999,0.469627652082451,0.06641537948404355,-1.5038800000000005,0.5039556583668826,0.07127009268971075,0.06472799999999998,0.013155079154881675,0.0018604091354925258,-31.860912000000013,0.4117285545144148,0.05822721058105556
PHE 100,9.472020000000004,0.165977768390651,0.023472801111047905,-6.282600000000001,0.28725312879057774,0.04062372705697404,-3.158460000000001,0.35653315189473644,0.0504214018845163,0.0343,0.3503618272586213,0.04954864478469618,0.5265201600000001,0.0339261166439766,0.0047978774276563295,0.5917801600000001,0.3638399902090763,0.05145474486873698
LYS 101,11.8604,0.18506971659356825,0.026172810319116925,-8.57498,0.4006412604812362,0.05665923042188162,39.079840000000004,5.980098555575802,0.8457136481623055,-68.82224000000001,5.342229720107435,0.7555053723488557,0.36421732799999995,0.07865784161548056,0.011123898639960744,-26.092762672000006,0.5281397146762836,0.0746902347323057
ARG 102,12.030139999999996,0.20041127812599802,0.02834243475783128,-6.669739999999998,0.3478646754127733,0.04919549418392585,-127.43173999999999,2.60492379781058,0.36839185638121524,-72.83735999999998,2.4986815624247396,0.3533669353632662,0.6417397439999999,0.010405983945497193,0.001471628362555882,-194.26696025599998,0.2169548292377706,0.030682046193039405
LYS 103,10.816379999999999,0.06537060195576748,0.009244799186633955,-1.7436999999999998,0.16118241219190332,0.022794635333780018,43.99967999999999,1.8132698799684654,0.2564350856494038,-84.77691999999999,1.7509166038399866,0.24761700077347484,1.4118948,0.034815438504022266,0.004923646531235474,-30.292665200000002,0.3475977281488612,0.04915774213981956
VAL 104,9.940980000000003,0.03559858985889602,0.005034400857980807,-0.07598,0.06489483492543917,0.009177515567951927,-28.545840000000002,0.14466711582048628,0.0204590197222731,-2.839600000000001,0.1478919876125692,0.020915085464800913,0.9766010879999999,0.015524400307141542,0.002195481746206861,-20.543838912000005,0.05594505899711892,0.007911826118148852
GLY 105,5.246180000000002,0.03533196286631254,0.004996694107080176,-1.7820600000000004,0.25983082265196844,0.036745627331697214,-10.16374,0.13408203608241434,0.018962063389834905,-3.4936200000000004,0.25064029125420556,0.035445889916884014,0.2530919519999999,0.02698462147421298,0.0038162017664336257,-9.940148048,0.06810954409708121,0.009632144098914063
GLY 106,5.71998,0.21880159871446242,0.03094321883709083,-3.1994600000000006,0.12511470097472618,0.017693890697071207,-6.139440000000002,0.374641757416295,0.052982345436941546,-2.0357000000000003,0.18984280339269902,0.026847826727688397,0.15095764799999994,0.008381307152903443,0.001185295824605068,-5.503662351999999,0.20479982129173566,0.02896306848423587
LEU 107,10.641479999999996,0.13958183836046364,0.01973985288703368,-7.010120000000001,0.15924128107993657,0.02252011793929124,-28.724879999999988,0.1271134359560158,0.017976554508884135,-2.4147399999999997,0.23887903298532087,0.03378259682144107,0.13118198400000003,0.018392953995085476,0.002601156499195428,-27.377078016000006,0.26778531295807245,0.037870562138962977
GLY 108,5.83718,0.07564408502983533,0.010697689096249673,-4.262279999999999,0.11497356913659396,0.016259718078741187,-9.7981,0.16507407428181853,0.023344999464553148,-3.62214,0.0913770233702094,0.01292266257394334,1.9152000000000002e-05,0.000134064,1.895951270259866e-05,-11.845320848000004,0.1545374911289647,0.021854901584969375
PHE 109,8.800400000000002,0.11948874423964814,0.016898260265464045,-8.52462,0.27225355020638575,0.03850246631060951,-6.775219999999998,0.22261089730744832,0.03148193501042377,-0.8824599999999998,0.25491231512031853,0.036050045325907866,0.11882159999999997,0.008664608275600675,0.001225360653600463,-7.263078399999999,0.2827075264307341,0.03998088180632944
LEU 110,10.38986,0.04004298190717108,0.00566293280909818,-3.9076400000000007,0.05447045437661918,0.007703285532803975,-30.28676,0.14843753703117313,0.020992237803474357,-0.59504,0.09847293232152557,0.013926175641574936,0.6819946560000001,0.00800590184291761,0.0011322054965281839,-23.717585344,0.13704158081818485,0.019380606220212558
VAL 111,12.185540000000001,0.16571713369467347,0.023435941798860264,-5.075120000000001,0.1521789262677039,0.02152135014351621,-20.625619999999998,1.2283013781641943,0.17370804676813673,-4.3141799999999995,0.596009855287649,0.0842885220655819,0.2517176159999999,0.05631543894360559,0.0079642057525041,-17.577662384,0.5748869474006904,0.08130129178453244
LYS 112,9.729719999999999,0.062365067145043036,0.008819752377482858,-5.881059999999999,0.20749789492911086,0.029344633717261603,11.56846,0.8742081493557463,0.12363170211559807,-54.31435999999999,0.8428732706641465,0.11920028107350046,0.8908558560000001,0.00630584409916399,0.0008917810247248066,-38.006384144,0.28002764540744957,0.03960188939746191
GLU 113,15.231740000000002,0.04407348862917913,0.006232932536048152,-4.088480000000001,0.14071861852646753,0.019900617879853623,-42.371100000000006,1.3895433242614306,0.19651110146755105,-37.245920000000005,1.4491199928231777,0.204936514735654,0.7594642079999998,0.031630914985059495,0.0044732868962141506,-67.71429579200002,0.0900194828249392,0.012730677348884091
ARG 114,12.678479999999997,0.08582173151378118,0.01213702566531318,-9.034239999999997,0.08495823915329916,0.012014909404593255,-134.35800000000006,1.7037354137262957,0.24094457287870635,-68.05109999999999,1.7036560245545354,0.24093334555436544,0.47514326400000007,0.011534772905426692,0.0016312632281748139,-198.28971673599997,0.19792872354050572,0.027991348521417807
VAL 115,12.597799999999998,0.023464015002167896,0.0033183128243791603,0.34369999999999995,0.021539962859764217,0.0030462107609291315,-28.672040000000003,0.09030458681285884,0.012770997141524352,-6.713559999999998,0.07302551882756096,0.010327367912526851,1.2258826560000002,0.008215884790512263,0.0011619015697637276,-21.218217344,0.06192993613828083,0.00875821556036564
SER 116,10.24622,0.036623648098488594,0.005179365984446218,-2.3524200000000004,0.055376922991415015,0.007831479553694957,-4.502840000000002,0.35845118830879236,0.05069265319550463,-5.62554,0.18512430526541102,0.02618053032312412,0.463215744,0.006651721820166737,0.0009406955211212849,-1.7713642559999996,0.19382898689879743,0.02741155820533163
LYS 117,11.39432,0.05614781919201682,0.007940500739902254,-4.17498,0.12223984456796222,0.017287324605039126,33.655199999999994,1.5198298062614612,0.21493639245138318,-59.38025999999998,1.3418401217741187,0.1897648498749324,0.9416083680000001,0.008012504905429697,0.001133139310583963,-17.564111632,0.17502194375799732,0.024751840657546088
PRO 118,20.527200000000008,0.07283048811917588,0.010299786405239108,-5.66432,0.3028257875412939,0.04282603357772113,-2.7117400000000007,0.43981913600932837,0.06219981871356091,1.03124,0.3248785964017943,0.04594477171561524,0.14897505599999997,0.0172876315442015,0.0024448402991118696,13.331355056,0.20218157239939905,0.028592792174914793
PRO 119,19.41602,0.07545607729028783,0.010671100786739754,-8.480120000000003,0.16091769821848753,0.02275719912464459,-8.043159999999999,0.1076617592278178,0.015225672004892665,-1.9133799999999999,0.08361839271357144,0.01182542650393723,0.033567552,0.0033967537789035863,0.0004803735262167513,1.012927552,0.23086709101730823,0.03264953712223011
VAL 120,11.415739999999998,0.47406800398259663,0.06704334007193306,-7.4718399999999985,0.18098567457123527,0.02559523955738843,-28.34348,0.26526810890071717,0.03751457572724573,0.6853800000000001,0.13316048813368017,0.018831736829087207,0.000381168,0.0008587863616616184,0.00012145073198429064,-23.713818832000005,0.6347971529842751,0.08977387431061902
ILE 121,13.798020000000003,0.07259214558024235,0.010266079680134085,-7.787659999999999,0.07588191088803505,0.01073132275166458,-14.969159999999999,0.19400003711345423,0.027435748358673077,0.5660400000000001,0.08285335479025471,0.011717233803248805,0.22338705599999997,0.012512960143917869,0.0017695997940962644,-8.169372943999997,0.21355052693154158,0.030200605143850697
ILE 122,12.919900000000002,0.07479391686488639,0.010577457161332808,-8.48138,0.11484648710334182,0.016241745965245274,-15.794619999999995,0.13621158394244737,0.019263226936373036,-0.4427399999999999,0.16265740806984497,0.023003231251282966,0.0030654719999999983,0.0007556976218144471,0.00010687178258230851,-11.795774527999995,0.14163849256448102,0.020030707713876984
SER 123,12.514720000000002,0.0809721038381252,0.01145118474217592,-4.524019999999998,0.060346827588700504,0.00853433020221311,-9.3632,0.13913892338226658,0.019677215250119236,-9.349740000000002,0.1834771713319006,0.025947590408342585,0.339775344,0.011776293454703957,0.0016654193918127845,-10.382464656000002,0.08675431611527272,0.012268913044462143
ASP 124,15.150519999999997,0.15504118678632875,0.02192613490796464,-3.1881600000000008,0.09521730094887837,0.013465759837446436,-44.69304,0.7540504747029156,0.10663884080387337,-36.616640000000004,0.8074885202899228,0.11419612168545909,0.5683034880000001,0.0061037124184046875,0.0008631952882932992,-68.779016512,0.06597447192978613,0.00933019929735066
LEU 125,10.787300000000002,0.0810361030653183,0.011460235599683708,-5.97022,0.25917849370656115,0.036653374087524865,-24.95851999999999,0.14619592880964574,0.02067522652863325,-6.236999999999998,0.08775556962401948,0.012410511673606475,0.294794496,0.026651809719454505,0.0037691350767039633,-26.083645503999993,0.29096149316044967,0.041148168975583446
ILE 126,12.925800000000002,0.11410486405009768,0.016136864627238633,-3.8597599999999996,0.236683633570231,0.033472120458676466,-5.532079999999999,0.06542532842874085,0.009252538678663933,-1.8951600000000008,0.09403985538056243,0.013299243888279586,0.4097047679999999,0.02286672107528817,0.0032338427071675214,2.0485047680000004,0.2938152114372801,0.04155174568461201
ARG 127,11.356619999999998,0.08565462976422948,0.01211339390926195,-1.9356400000000002,0.06479097468011757,0.009162827511199408,-136.2085,0.9235908455641737,0.1306154699880489,-69.68034,0.9129038199063699,0.12910409632537936,1.8092842559999998,0.014533466880219842,0.0020553425970307095,-194.65857574400002,0.05700170689938596,0.008061258697552766
GLY 128,5.356,0.04029044551747539,0.005697929448486797,-2.1080600000000005,0.14039806408920938,0.01985528463658869,-21.28302,0.8191538680859132,0.11584585099174796,2.27278,0.3423976804827965,0.04842234434638604,0.24707462400000002,0.012139771531599184,0.0017168229544098365,-15.515225375999997,0.43711007349110237,0.06181669941810172
GLY 129,4.608360000000001,0.04154118919800967,0.005874811316093199,-3.1513800000000005,0.22750058373550544,0.03217344109665477,-6.978960000000002,0.21562133104116016,0.030493461069534752,-5.201080000000001,0.27768707856143693,0.03927088325973472,0.016587936,0.007783302656270279,0.0011007252176551965,-10.706472064000002,0.18847367459816014,0.026654202676701155
ALA 130,10.267639999999998,0.0799824380727748,0.011311224867418432,-5.362240000000001,0.4995342855099991,0.07064481614385947,-4.918919999999999,1.9680347338398256,0.2783221411817606,-4.26848,0.20856243573566918,0.02949518252189504,0.05900659199999999,0.00841739836832833,0.0011903998932387084,-4.222993408,1.529424102706403,0.21629323086676966
ALA 131,9.333300000000001,0.11467541148818039,0.01621755221973001,-6.1215,0.46872888752455727,0.0662882749813282,-5.96724,1.4907578416362597,0.2108249957856041,-2.59146,0.2942045009852836,0.04160679954045967,0.00035640000000000004,0.0007606911594070224,0.0001075779754410725,-5.346543600000001,0.8000497486100668,0.11314412050575418
GLU 132,17.199719999999996,0.12806655144942194,0.018111345394612427,-7.507360000000002,0.12321521983900244,0.01742526349870997,-47.340520000000005,1.4882153639845963,0.2104654351479028,-30.851280000000006,1.5930969215962407,0.22529792726962308,0.4909001759999999,0.011913825191847898,0.0016848693166053538,-68.00853982400001,0.14743393452134687,0.02085030697541156
GLN 133,20.526939999999996,0.3345941069419068,0.04731875239273583,-3.5040199999999997,0.115501426831019,0.016334368429787076,-79.4123,1.0721259860668741,0.15162151100684013,-8.679560000000002,0.7243010744158774,0.10243164026803382,0.9183857759999998,0.020504659836936508,0.0028997968033242505,-70.150554224,0.6195425047678675,0.08761654127093162
SER 134,11.435619999999995,0.13401684819489898,0.018952844430372238,-2.8594000000000013,0.24087025553187824,0.034064198214545524,-11.705779999999999,2.0799805892363477,0.29415367587708247,-6.052279999999999,1.2018189387757223,0.16996286427334667,0.37735041599999997,0.07290532822185056,0.010310370394060301,-8.804489583999999,1.1017944655942038,0.15581726761909395
GLY 135,5.983519999999998,0.20732807238775988,0.02932061718314408,-2.2023000000000006,0.41851037024188226,0.05918630415898552,-8.05974,1.3746227673074596,0.19440101606730445,-2.35686,0.7093165445694871,0.10031250773457887,0.28952625599999987,0.08822967481258519,0.012477560272372583,-6.345853744000002,1.0474300464355868,0.14812897773062875
LEU 136,10.901740000000002,0.6646244897684388,0.09399209673158244,-5.950540000000001,0.42286812175900607,0.05980258328868236,-31.110000000000003,0.5334631383701286,0.07544308053091509,-0.2651399999999999,0.23925919083705038,0.03383635926041692,0.11718014400000001,0.0266622044777708,0.003770605117522813,-26.30675985599999,0.9710527864514207,0.1373276020379784
ILE 137,11.51054,0.21704149004278073,0.030694301881616554,-6.35318,0.24703155183095393,0.03493553709334072,-10.060599999999999,0.2513929991070198,0.035552338882279474,-2.2465800000000002,0.5963250486102364,0.08433309713273915,0.00794592,0.014316514327056011,0.0020246608727231335,-7.141874079999999,0.6863833036105139,0.09706925769524385
GLN 138,18.526100000000003,0.17301170480605443,0.024467549938601257,-5.578100000000001,0.4720980088922033,0.06676474069446879,-74.33407999999999,1.241346331046312,0.1755528816967776,-10.68322,1.16520843268492,0.16478535684945111,0.6663559679999999,0.06090082726741284,0.008612677588131643,-71.402944032,0.4436097907757424,0.0627358982516546
ALA 139,7.156700000000002,0.05466049761917516,0.007730161705909978,-2.9726999999999997,0.15003482928974843,0.02121812904098943,0.42432000000000003,0.13520908845192303,0.019121452664481297,-5.288239999999999,0.16982656564865142,0.024017103239156762,0.43548811200000004,0.018813618969081708,0.0026606475103395076,-0.24443188799999999,0.12119320383913398,0.017139307253675032
GLY 140,6.27512,0.06802136135077551,0.009619673175334778,-2.6151,0.15134929798317734,0.021404022986345632,-11.039879999999998,0.16073800297395938,0.022731786379454024,-2.69614,0.35331311948468624,0.04996602053395891,0.168706656,0.015532528626751611,0.002196631264190047,-9.907293344000001,0.14877010556401496,0.0210392700964307
ASP 141,13.338119999999998,0.184157610757852,0.02604381907479797,-6.9807999999999995,0.20815446187864942,0.02943748630572594,-80.73146000000001,2.093129993191672,0.2960132824181566,4.92314,2.0110375134243528,0.2844036525925785,0.006797376000000001,0.004235440458727284,0.0005989817339355848,-69.44420262400003,0.5269859616271686,0.07452706941133692
ILE 142,12.606299999999997,0.06628672566999248,0.009374358644780815,-6.76008,0.16766142549793295,0.0237109061825983,-11.67654,0.26872954508208735,0.038004096726544,-1.0358200000000002,0.21153200136149541,0.02991514252013508,0.16247548800000003,0.019960624601215306,0.002822858602447674,-6.703664512,0.15349701612449188,0.021707756198705807
ILE 143,13.83256,0.09475656388855755,0.013400601777507074,-8.77306,0.18506770760997684,0.02617252620593277,-9.465380000000001,0.1980563445082987,0.02800939685176741,0.21059999999999995,0.14867064269720512,0.0210252039229112,0.0,0.0,0.0,-4.19528,0.24792837998098377,0.03506236774662974
LEU 144,12.999379999999999,0.5154193589690337,0.07289130477636542,-6.546279999999999,0.2128672863546839,0.030103980334835124,-33.116899999999994,0.3401206991657129,0.04810033056039706,-1.0283200000000001,0.1851200086430416,0.0261799226889614,0.21277353599999993,0.04037707349374309,0.005710180494378668,-27.479346464,0.4550065742122682,0.06434764682199098
ALA 145,7.036999999999999,0.05832495177903983,0.00824839378306749,-5.842360000000001,0.09129814017810921,0.0129115068059322,-5.854379999999999,0.22972565289933267,0.032488113395525035,0.6249000000000001,0.15831402338390566,0.02238898389833707,0.07451366400000001,0.016220673505792028,0.0022939496462717024,-3.960326336,0.21612965039647494,0.030565348282165044
VAL 146,11.271419999999999,0.2353320284193697,0.03328097462514432,-5.617840000000001,0.19165785765262514,0.027104514162771452,-27.352040000000002,0.3497189706032407,0.04945773112462607,-1.5450599999999997,0.1891408374730331,0.02674855375529687,0.009194832,0.009431417541588117,0.0013338038599717428,-23.234325168000005,0.5566576030181429,0.0787232731786356
ASN 147,22.000120000000003,0.9843729301437671,0.13921135482422586,-4.027799999999999,0.330447272647253,0.046732301462694505,-94.28302000000004,1.5452865817040378,0.218536524159901,-5.459920000000002,0.5293861290211356,0.07486650433938831,0.5293254239999999,0.05135334987782812,0.0072624603870515255,-81.24129457599999,0.5991639089587986,0.08473457261340113
ASP 148,14.084239999999998,0.25893532474370723,0.03661898480300324,-0.9465000000000002,0.048305796753597266,0.006831471291017547,-54.54316,2.454339889746186,0.34709607587523433,-22.701480000000007,2.3942857994816436,0.3386031449824249,0.8038416960000002,0.022523732942261898,0.003185336860221643,-63.303058304000004,0.11152632757734406,0.015772204502154448
ARG 149,15.035820000000001,0.18667197861459517,0.026399404387178083,-4.21626,0.1381771051947387,0.01954119361758533,-153.29332,1.6882943042030738,0.23876087022812348,-43.49983999999999,1.6487483296127026,0.23316822486782698,1.052478,0.024488467948356154,0.003463192349430411,-184.921122,0.17402530061014,0.02461089403189148
PRO 150,19.289279999999998,0.11079964620935157,0.015669436237540565,-4.583920000000001,0.1568127341767474,0.022176669542556312,-1.2733799999999997,0.46056482236488755,0.06513370181403794,-6.28612,0.4342868010888629,0.06141742840594965,0.595457568,0.014407548241184176,0.0020375350123227292,7.741317568000002,0.1502767111076015,0.021252336295719355
LEU 151,11.88822,0.07554714819225161,0.010683980157209227,-8.76466,0.1650137703344809,0.023336471198534197,-29.910639999999997,0.39497532884972736,0.05585794668620576,-0.43607999999999997,0.1974740327232926,0.027927045529378875,1.9152000000000002e-05,0.000134064,1.895951270259866e-05,-27.223140848000003,0.25544279473424436,0.0361250664723655
VAL 152,13.403380000000002,0.2444493313551026,0.03457035597154208,-3.0458399999999997,0.4002022668601467,0.05659714734860761,-30.36927999999999,0.43277001005219534,0.06120292176041553,-1.67262,0.23246426736167555,0.03287541196700068,0.5877604799999999,0.04980695557941463,0.007043767208092246,-21.096599520000005,0.4813354884084816,0.06807111757587524
ASP 153,13.156359999999998,0.07368385440585545,0.01042047062286853,-1.9074999999999998,0.07771518513134966,0.010990586881509059,-57.87622,2.008246989690232,0.2840090129414867,-24.580940000000002,1.88922563406281,0.26717685140745356,0.7454306879999997,0.016727669923691832,0.0023656497672985503,-70.46286931199998,0.28533014690455905,0.0403517763506335
LEU 154,11.45858,0.11941726675831249,0.016888151823113127,-6.860879999999998,0.17825595530030877,0.025209198955946886,-31.938440000000003,0.15296550722245858,0.021632589488928055,1.5077399999999994,0.24284421426091626,0.03434335813516255,0.28939449599999995,0.00872255980136668,0.0012335562369703127,-25.543605504000006,0.33985599276339346,0.048062895421976344
SER 155,11.450999999999999,0.0908548292608323,0.012848813174776095,-3.746360000000001,0.07268555840051591,0.010279290247867124,-10.966319999999998,0.2593541547769313,0.036678216314334704,-5.119140000000001,0.3330775291129452,0.04710427589932465,0.43114075199999996,0.008448551006895087,0.00119480554163519,-7.949679247999999,0.1715649997856389,0.02426295495253877
TYR 156,11.215280000000002,0.258054183457627,0.036494372607289084,-7.858859999999997,0.3615869472202266,0.051136116473592896,-26.248820000000002,1.8988095711787636,0.26853222479248484,-3.3610000000000007,0.9525247713314298,0.1347073450113239,0.43902777599999987,0.034292004802068385,0.004849621827204841,-25.814372223999996,1.0719052619063205,0.15159029589670028
ASP 157,13.769020000000005,0.04665425596656852,0.006597908153034709,-3.9220199999999994,0.11135735090240798,0.015748307591612516,-35.88002,0.8615553026940923,0.12184231938044425,-42.36854,0.9843252553908884,0.1392046125960155,0.7186331519999998,0.012188554986435228,0.0017237219767546913,-67.68292684800002,0.11162213881353873,0.015785754257119873
SER 158,13.412160000000002,0.0366504351938527,0.005183154251802268,-5.28882,0.04678490782279115,0.006616385115736635,-6.67436,0.34088131424293533,0.0482078977761924,-9.44528,0.2331183424786942,0.03296791215713053,0.34315847999999993,0.012388653611689978,0.0017520201957194393,-7.653141519999999,0.13336530254270396,0.018860701960588293
ALA 159,9.238839999999998,0.04958078660151873,0.0070117820844994025,-6.5231200000000005,0.12831066050796203,0.01814586762874098,-5.4380999999999995,0.2928368316998433,0.04141338189522859,0.023779999999999996,0.17206746235125336,0.024334013890026443,2.376e-05,0.00016632000000000002,2.3521199969389318e-05,-2.69857624,0.23540618550569228,0.03329146202086667
LEU 160,13.39198,0.07104800912065412,0.01004770580780364,-5.56662,0.10113296000807412,0.014302360364635424,-39.22823999999999,0.34634136686319417,0.048980065822876485,2.795940000000001,0.2330486138126443,0.03295805103460914,0.162482832,0.022449207317617577,0.0031747973453100107,-28.444457167999996,0.24512263998564,0.03466557619123896
GLU 161,17.53292,0.2399206402126925,0.033929902328202546,-3.889040000000001,0.16520326389025972,0.023363269634190668,-29.509020000000007,3.8124139727473816,0.5391567545640038,-53.20444,3.827243306402054,0.5412539390415432,0.937182528,0.0346772679816555,0.004904106268570348,-68.132397472,0.31277420756807434,0.044232952630326824
VAL 162,13.082040000000001,0.07878272907175986,0.01114156039340479,-5.606060000000001,0.2557962790972342,0.036175056710388204,-25.735179999999996,0.6273295366870847,0.08871779388601052,-1.46354,0.7239128182315878,0.10237673255188406,0.215715168,0.040247296948249384,0.005691827319307155,-19.507024832000003,0.21804135090454335,0.03083570356073563
LEU 163,13.237879999999997,0.18513537101302516,0.026182095256159495,-6.7795,0.500696484908793,0.07080917595905507,-28.082920000000005,2.1458522860625133,0.30346934057989167,0.6636,1.0005664795504594,0.14150146854361617,0.15041073600000002,0.012330735966449936,0.0017438294037795212,-20.810529264000007,0.8809968766079661,0.12459177313073218
ARG 164,11.564559999999998,0.21154925289409515,0.02991758225527251,-3.6004599999999987,0.2973458733529127,0.04205105668113618,-145.80960000000002,3.59892705677684,0.5089651453685292,-62.47787999999998,3.1950705008816205,0.45185120350849856,1.382261616,0.036088440314572034,0.005103676173775973,-198.94111838400005,0.4462792220983263,0.06311341284967677
GLY 165,5.65906,0.2868389380819928,0.04056515164522506,-1.489,0.15841502453996986,0.022403267618809203,-13.214619999999998,0.30850723751638354,0.04362951193859273,-3.9115399999999987,0.21260415894335466,0.03006676849946173,0.46449763200000005,0.015069506923285285,0.00213115010691853,-12.491602367999999,0.21788991528145538,0.030814287329535887
ILE 166,12.555880000000002,0.20819785205413913,0.02944362260319107,-3.830339999999999,0.15047851806821694,0.02128087610978772,-17.59752,0.387986455433885,0.054869570729166456,2.0225600000000004,0.5250926074512935,0.07425930869594709,0.143216928,0.0613124024801737,0.008670883112913943,-6.706203071999998,0.365671073230336,0.051713699112986636
ALA 167,8.209040000000002,0.1326765932634175,0.018763303760258383,-2.2379599999999997,0.07147809734457783,0.010108529467732627,-7.0103399999999985,0.3349996782088198,0.047376108831353556,-1.49348,0.13294739410759435,0.01880160078291208,0.47045995199999985,0.009891994092245763,0.001398939220416849,-2.0622800479999994,0.3282641083092751,0.04642355540112875
SER 168,11.05712,0.021245837238698412,0.003004615116693864,-3.08268,0.13048270996573721,0.018453041808874058,0.17750000000000007,0.4392350737361487,0.06211721983476079,-16.401320000000002,0.4774010238781103,0.06751470026592253,0.5065765919999999,0.02938756780509802,0.004156029695512854,-7.742803407999999,0.11182942499821182,0.015815068950485598
GLU 169,16.66385999999999,0.12543285215738337,0.01773888406881109,-2.3056399999999995,0.24285466929833496,0.03434483670073382,-52.31688000000002,3.1484225106549886,0.4452541814649035,-28.94017999999999,3.5952924258814343,0.508451130937879,0.850573728,0.029334159257814983,0.004148476586321424,-66.048266272,0.19548409013749662,0.02764562515006123
THR 170,14.516180000000002,0.07942535867018201,0.01123244194277189,-4.31612,0.16694258174593996,0.023609246324268737,-36.24022,0.2807324911730782,0.039701569641575236,-2.41502,0.27123683304448176,0.0383586807906633,0.365434992,0.01030744003422267,0.0014576921489745096,-28.089745008,0.19220121788694455,0.027181356904034327
HIE 171,28.939500000000002,0.36412477257045284,0.05149501917651531,-6.48154,0.4437187492094571,0.06275130730112402,-14.02994,2.547007384441581,0.36020123865417075,-10.3858,2.0259069771339533,0.28650651231691165,0.8561252159999997,0.08167315495725734,0.01155032834223527,-1.1016547840000002,0.8560225042331728,0.12105986351831331
VAL 172,11.30992,0.5642846033696044,0.07980189391236173,-5.517639999999997,0.4350704660167377,0.06152825536288532,-31.184160000000006,0.7714443430344129,0.1090987052535269,0.7507199999999998,0.389565400927752,0.055092867342333915,0.0012196800000000003,0.0015138722123085556,0.00021409386143465207,-24.63994032,0.7607315837340441,0.1075836923042249
VAL 173,11.377460000000001,0.5570311736339183,0.07877610404176896,-4.26492,0.39668344255841576,0.056099510443496016,-30.205440000000007,0.46604086344392454,0.06590813097024656,0.51914,0.3293140756177907,0.046572043201903855,0.31046572800000005,0.06598599409680485,0.00933182877783724,-22.263294271999992,0.5387198906109365,0.07618649756221366
LEU 174,11.132259999999999,0.2785113864817715,0.03938745800378559,-7.683819999999998,0.30769560867850254,0.04351473028757829,-30.08406,0.6237225155467612,0.08820768406436932,-1.3661800000000002,0.3604074189025514,0.05096930597918695,7.660800000000001e-05,0.0002597903676736303,3.6739906133794085e-05,-28.001723392,0.44141409063132464,0.06242537935934058
ILE 175,13.557260000000001,0.7596484663316263,0.10743051637221074,-6.280140000000001,0.562498213686031,0.07954926026054243,-14.285060000000001,0.3502274923531874,0.0495296469601797,0.31042,0.26209899580120494,0.03706639545464329,0.33471288,0.06971647012324132,0.009859397756906656,-6.3628071199999985,0.7448026553239909,0.10533100164506816
LEU 176,11.118859999999998,0.2272558918929565,0.032138836444421295,-8.797279999999999,0.2062198865288632,0.029163896036015904,-27.241,0.2929826616029543,0.0414340053579065,0.2875400000000001,0.21871097000379283,0.0309304020019139,0.0008981280000000005,0.0008646823025921138,0.00012228454394697637,-24.630981871999996,0.20247660517889798,0.028634516110725997
ARG 177,10.930219999999997,0.42407345071352626,0.05997304254414271,-7.464719999999999,0.37005107971737966,0.05233312557071256,-122.97745999999998,3.8367845976034625,0.5426032813835014,-82.95156000000001,3.560795917544035,0.5035725879433524,0.866575872,0.061728747285755364,0.008729763159981661,-201.596944128,0.6136062259848465,0.08677702467443402
GLY 178,6.385539999999997,0.07489064294047959,0.010591136294126712,-2.71626,0.21973172825060502,0.031074759017568496,-8.646219999999998,1.1217458943985585,0.1586388257394779,-0.06796,0.9078107723529172,0.12838383063298897,0.021214656000000002,0.006787787654785891,0.0009599381359906872,-5.0236853439999996,0.4436879576392015,0.0627469527154978
PRO 179,17.75154,0.06867931566299372,0.009712721966510865,-4.621619999999999,0.4173183863670571,0.05901773218279475,-9.35222,1.252256479959261,0.17709580975279787,-1.4834400000000003,0.940142141593493,0.13295617672000043,0.321346944,0.045064525923844315,0.006373086374341455,2.615606943999999,0.4217047174289897,0.05963805307047909
GLU 180,14.37736,0.0480977172017445,0.006802044398589278,-1.09216,0.07675919749450152,0.010855389813359895,-33.569120000000005,1.695978462598985,0.23984757433001555,-45.4571,1.7297306755678246,0.24462085806407935,1.3089660480000003,0.022041100396265445,0.003117082311002559,-64.43205395199999,0.06335868330910348,0.008960270922983599
GLY 181,6.046800000000002,0.058742488881318604,0.00830744244635115,-2.15494,0.07722937524025804,0.010921882987837382,-5.415,0.9892125555208026,0.13989578120872673,-6.451600000000002,0.7162015079570764,0.10128618859449595,0.3156691680000001,0.013937548767402382,0.001971067049309686,-7.659070831999998,0.30753360253851086,0.043491819159541895
PHE 182,8.722399999999999,0.2615468600462346,0.03698831166734828,-5.355719999999999,0.20171296834862404,0.028526521554515898,-8.03486,0.8418793977761875,0.1190597262217578,-3.1504400000000006,1.0316884444443475,0.14590277902767976,0.6331402080000001,0.023367831062613482,0.003304710361199128,-7.185479792,0.4344055595529222,0.06143422338900158
THR 183,14.894800000000009,0.2439349093502429,0.0344976057139365,-4.6575999999999995,0.39616769176701155,0.05602657226709517,-30.332980000000003,1.130730427466903,0.15990943059116214,-9.427160000000004,0.7763529444781639,0.10979288632693059,0.2138361119999999,0.033544176711583,0.004743862964416041,-29.309103888000003,0.5272110343777712,0.0745588995049792
THR 184,14.474020000000001,0.5006673742116725,0.07080505908478728,-7.610259999999999,0.3526663471328329,0.04987455311078302,-35.05478000000001,2.8548817999348404,0.4037412560439964,-1.5640999999999994,0.8951293593665675,0.12659040800945398,0.006016896000000001,0.003915587575879767,0.0005537477054468758,-29.749103103999996,1.92288853607927,0.271937504665505
SER 185,10.549199999999999,0.4359766966249535,0.06165641572456296,-4.870679999999999,0.31126377495623325,0.0440193452018552,-8.876799999999998,2.4847947279403244,0.35140304039663717,-5.51292,1.7133854655622578,0.24230929629710846,0.08494646400000004,0.05265243397972688,0.007446178622608375,-8.626253535999997,0.9742172880983242,0.13777513015269868
ILE 186,12.954440000000002,0.322786069092123,0.04564884366551792,-6.918300000000001,0.38921481215387865,0.05504328660245117,-12.814020000000001,0.842722385842447,0.11917894273738008,-0.5734999999999998,0.7575181912007131,0.10712924997403837,0.053576352,0.016111430161251813,0.0022785003043269253,-7.297803648,0.4967733149368458,0.07025435594087281
GLU 187,15.57266,0.47951573947055226,0.06781376621306186,-5.495120000000002,0.7830131707704447,0.11073478456203233,-67.88676000000001,8.115099192394242,1.1476483337886887,-13.576919999999998,6.996010811426753,0.9893853372028516,0.25793812800000004,0.0664788972944617,0.009401535816543578,-71.128201872,1.8528655457258412,0.2620347584019311
TRP 188,12.632079999999998,0.333887576288772,0.047218833869546284,-13.429340000000002,0.32577192082800094,0.046071106867529306,-0.57228,0.96980099071923,0.1371505713877999,-3.9747799999999995,0.7926773944045586,0.11210151217534937,0.04722422399999998,0.017376187739715124,0.0024573640363846224,-5.297095776,0.8049186145069188,0.11383268212422457
ASP 189,15.271380000000004,2.3191110960020502,0.3279718364616032,-5.526980000000001,0.7149484314270419,0.10110897681214934,-60.517219999999995,6.015900914376952,0.8507768663004589,-19.057559999999995,5.8998424899653195,0.8343637265174005,0.21130185599999998,0.056422611576608814,0.007979362251614937,-69.61907814399997,1.5082201304532168,0.21329453635310577
VAL 190,13.202759999999994,0.6158235643430309,0.08709060367228545,-5.369059999999998,0.33636530201555315,0.04756923720221174,-32.38998000000001,0.5069542973472175,0.07169416428117578,0.38254,0.6562464235331116,0.09280725924193646,0.08689204799999999,0.028361996779988883,0.0040109920502242324,-24.086847952000003,0.5176409983185506,0.07320549202624427
THR 191,13.7877,0.5667765432690682,0.08015430743260576,-4.7389399999999995,0.5410328422563647,0.07651359832082143,-32.78286,3.7554003408957835,0.5310938094235361,-7.717960000000001,2.3490968984697047,0.332212469314443,0.25446096,0.037973732357154316,0.005370296731341367,-31.197599039999982,1.9650808833597078,0.2779044036407401
GLY 192,5.260460000000002,0.15389245725498846,0.021763680019692647,-3.250280000000001,0.11305892976671175,0.0159889471823471,-6.829419999999998,0.7871511186551379,0.11131997876392494,-3.6321799999999986,0.7060289141387991,0.0998475665802639,0.19448351999999997,0.01654192533606678,0.002339381515802876,-8.256936480000002,0.33093080919519996,0.046800683857095474
ASP 193,12.92166,0.5527770114612169,0.07817447465765208,-1.6455400000000002,0.24397288455891872,0.03450297621945083,-31.19662,3.7551860986640544,0.5310635109965617,-52.233000000000004,3.3610905492116276,0.4753299839059118,0.9119054879999999,0.012373488412264676,0.0017498755126491039,-71.241594512,1.061845633534326,0.15016764960908952
GLY 194,4.734420000000001,0.07153239545817895,0.010116208380599226,-0.87712,0.09521588943028367,0.013465560218572419,-2.86482,1.0584509755298073,0.14968757247012862,-9.90356,0.9417402435916211,0.13318218247198127,0.3845239199999999,0.024638440660401016,0.003484401693766383,-8.526556079999999,0.1933655404496672,0.027346016979952262
THR 195,15.95748,0.28893544192422027,0.0408616420619496,0.13186000000000003,0.2648641923703542,0.03745745330371513,-16.27876,2.5718562445051476,0.36371539814531145,-14.781439999999998,2.295517224156693,0.32463515910634355,0.9267012,0.06016788485397836,0.008509023877979893,-14.044158800000002,0.5546921905342818,0.07844532187960222
PRO 196,18.299979999999994,0.2874578570856649,0.04065268001012542,-4.228039999999999,0.5349836991909268,0.07565812030443368,-0.63002,1.7722682470777387,0.2506365791180529,-3.5250399999999997,1.7091976241499984,0.24171704608487996,0.35326310400000005,0.0754214766686331,0.010666207519898687,10.270143103999999,0.6511042668819318,0.09208004847434191
LYS 197,10.289399999999999,0.9185698013760633,0.12990538710923888,-4.03202,0.38273789935150326,0.05412731280970845,23.888299999999994,8.723616161317539,1.233705628827238,-63.43720000000001,8.40162845405572,1.1881696905745298,1.01898792,0.07958731199802681,0.011255345602042846,-32.272532080000005,0.6924028967153069,0.09792055671612043
THR 198,15.108659999999997,0.4369994329517934,0.06180105248297782,-4.2504599999999995,0.4288917443831345,0.06065445216964835,-35.64797999999999,0.8299872647219736,0.11737792463667633,-5.35658,0.7540417518944115,0.10663760721246451,0.43442236800000006,0.04793589673739437,0.006779159529053932,-29.71193763199999,0.368163218713987,0.05206614170722525
ILE 199,13.947239999999997,0.5917536162965489,0.0836865989749904,-3.4760599999999995,0.4442879881338266,0.06283180984183143,-5.6102,0.4759125970175606,0.06730420492064355,-0.62418,0.40228540565126164,0.056891747661677636,0.5506155359999999,0.07360433190575158,0.01040922444305246,4.787415536,0.40448292133251623,0.05720252330967341
ARG 200,12.523599999999998,0.31467831193149565,0.04450223365181925,-8.5229,0.32914284133183036,0.04654782701694902,-177.28836000000004,4.169668983310566,0.5896802426804236,-29.973459999999996,3.6210553666576475,0.5120945609631126,0.27983807999999993,0.03647131292987445,0.005157822538298166,-202.98128192000004,1.0218004395992395,0.1445044039720035
VAL 201,11.03424,0.23468409064091178,0.033189342385757416,-2.49802,0.430157900775984,0.06083351372393366,-35.184740000000005,1.2802762172280269,0.18105839899875983,-1.0405399999999998,0.425437196775271,0.060165905361757935,0.3851494559999999,0.05950322636952133,0.008415026973673344,-27.30391054399999,1.1246337250338942,0.15904722666451074
THR 202,14.74434,0.573070872056841,0.08104445994637613,-3.873520000000001,0.657041193229155,0.09291965665024723,-36.680339999999994,2.109772486407164,0.29836688637986175,-3.936820000000001,0.5556491587323737,0.07858065762005235,0.402093504,0.028037798938382312,0.003965143551775023,-29.344246496000004,1.3376367174056705,0.18917039872833263
GLN 203,20.16756,0.14020159200250873,0.01982749928762471,-3.130099999999999,0.149416230711416,0.021130645991075184,-63.932659999999984,0.4885245791165635,0.06908780853392521,-12.47544,0.4033637147785993,0.05704424360090879,0.8290120320000001,0.02514161046842385,0.003555560650434639,-58.54162796799999,0.18572514344623772,0.026265501673535793
PRO 204,18.173600000000008,0.0779810233313146,0.011028182080287786,-3.4884199999999987,0.14185430412928665,0.02006122807806349,0.2891199999999999,0.5525846411184444,0.07814726938287735,-2.3509399999999996,0.6059801452192978,0.08569853398979485,0.752142096,0.026742010622928466,0.0037818914108070814,13.375502096000002,0.19041120401649586,0.02692821071479188
LEU 205,9.16814,0.2385984082093478,0.033742910485029164,-2.5986000000000002,0.4101787902854055,0.058008040821941,-51.48293999999999,2.9723688829619137,0.4203564386660505,-56.73203999999999,3.319031545255399,0.4693819425244316,1.2169944000000001,0.049236405982623056,0.006963079310313332,-100.42844559999999,0.6156396317043761,0.08706459166907059


