#Frame       SA_00001
       1    6044.2682
       2    6047.3065
       3    5996.9654
       4    5950.9162
       5    5961.1331
       6    5984.5131
       7    5960.8551
       8    6023.1001
       9    6099.2786
      10    6094.8072
      11    5998.8885
      12    5981.7442
      13    6000.1697
      14    6091.5558
      15    5960.2780
      16    6089.1047
      17    6043.9933
      18    6005.3311
      19    6012.6804
      20    6085.7450
      21    6044.8796
      22    6024.0516
      23    6036.1941
      24    6049.9532
      25    6036.8659
      26    5999.8819
      27    5963.9151
      28    5958.4213
      29    5998.2537
      30    6057.2965
      31    6062.5643
      32    6017.2123
      33    5963.4614
      34    6045.2381
      35    6055.4514
      36    6024.0440
      37    5996.9940
      38    5955.1090
      39    6026.6865
      40    6066.7177
      41    6038.9623
      42    5961.6654
      43    6013.1984
      44    6086.1974
      45    5961.8608
      46    6059.8275
      47    6057.4021
      48    6043.0801
      49    6095.4245
      50    5960.9457
