| Run on Mon Jun 20 15:46:09 2016
| GB non-polar solvation energies calculated with gbsa=2
idecomp = 2: Per-residue decomp adding 1-4 interactions to EEL and VDW.
Energy Decomposition Analysis (All units kcal/mol): Generalized Born Solvent

Total Energy Decomposition:
Residue,Internal,,,van der Waals,,,Electrostatic,,,Polar Solvation,,,Non-Polar Solv.,,,TOTAL,,
,Avg.,Std. Dev.,Std. Err. of Mean,Avg.,Std. Dev.,Std. Err. of Mean,Avg.,Std. Dev.,Std. Err. of Mean,Avg.,Std. Dev.,Std. Err. of Mean,Avg.,Std. Dev.,Std. Err. of Mean,Avg.,Std. Dev.,Std. Err. of Mean
GLY   1,1.1646999999999998,0.002994995826355358,0.00042355637168825625,0.059959999999999986,0.028461173552754293,0.004025017763935957,-24.81752,0.3762436040651539,0.053208880762507356,-90.11292000000003,0.36902779515131096,0.05218841127956242,0.9994736159999998,0.006493736367164328,0.0009183530040919185,-112.70630638400006,0.011178259004391037,0.0015808445487728974
SER   2,11.245639999999998,0.011100918884398734,0.0015699070041120297,-0.5181400000000002,0.017903083533287147,0.002531878354107311,-4.287960000000001,0.12241453508466113,0.017312029574832483,-12.143419999999994,0.09660705771406844,0.013662301124019591,0.8387570880000002,0.007998531552844593,0.0011311631801101956,-4.865122912,0.010368626036393814,0.001466345156384292
HIE   3,27.218399999999992,0.026630809233197678,0.00376616515945588,-1.7646799999999998,0.020243952183340113,0.0028629271733712014,-5.2858,0.10895540372096098,0.0154086209636019,-22.68676,0.08053236864804446,0.01138899679520943,1.3176925919999996,0.00937609433651182,0.0013259799772784582,-1.2011474080000006,0.07363130841949012,0.010413039498211919
GLY   4,3.9207599999999996,0.008767120394154233,0.0012398580564370672,-2.0908199999999995,0.032505193431244195,0.004596928539802638,-5.745899999999999,0.072214749186101,0.010212707770235547,-5.7355199999999975,0.07978802917747001,0.01128373129777983,0.171368352,0.0027271134097595286,0.00038567207702114607,-9.480111647999996,0.0481966420150101,0.006816034479846822
GLY   5,5.685559999999999,0.013737772746190874,0.0019428144534462612,-4.032159999999999,0.018786548379245246,0.0026568191508106916,-7.927320000000002,0.49521500138827784,0.07003397712539136,-3.0124000000000013,0.48853315138278236,0.06908902083543991,0.02347632,0.0008365668814864094,0.00011830842296302458,-9.262843679999998,0.019206530997536313,0.00271621366228551
SER   6,11.463700000000003,0.004899999997526568,0.0006929646452130204,-3.0884199999999993,0.02144396418591834,0.003032634498276864,-2.82146,0.042479270238557056,0.006007476009107917,-5.93122,0.028354392957829357,0.0040099167073818455,0.4444619040000001,0.002836401483045456,0.00040112774456580445,0.06706190400000026,0.007805573942586166,0.0011038748531711385
PRO   7,18.859179999999995,0.009892805481193739,0.0013990539681423078,-3.49974,0.014653067938210593,0.0020722567408591784,0.15982,0.188469487185592,0.026653610487136645,-3.189660000000001,0.17974366303154285,0.02541959260098274,0.5969187359999999,0.01407199032822107,0.0019900799571753256,12.926518736,0.038722085024009076,0.0054761297804317745
ARG   8,13.773179999999998,0.014424548522723513,0.0020399392151944384,-5.66934,0.022485204023721447,0.0031798880483072957,-180.30300000000003,0.5823653835696683,0.08235890237008345,-27.848079999999996,0.5860384915688613,0.08287835828493544,0.5431163039999999,0.0024636105192912885,0.00034840714087867636,-199.504123696,0.047824461397410395,0.006763400192140632
VAL   9,10.729379999999999,0.010075495026863465,0.0014248901714612983,-2.24958,0.02501606683715657,0.0035378060998338635,-30.294500000000006,0.030000166660675863,0.004242664256498097,-2.81156,0.020952479566860804,0.00296312807687997,0.7235880480000002,0.0066031101644301905,0.0009338207948380812,-23.902671952000002,0.04705550000541204,0.0066546526291900955
VAL  10,11.028279999999995,0.04952051696129386,0.007003258670238866,-4.699039999999998,0.05720103495581988,0.008089447941629796,-21.761280000000003,0.021147141642006335,0.0029906574515550202,-1.53146,0.017959075700056358,0.0025397968422704786,0.06850872000000002,0.0032575719497805102,0.00046069024317857643,-16.89499128,0.033939687666960275,0.004799796660132209
ARG  11,11.994059999999998,0.039512737187365185,0.005587944881685559,-4.70728,0.049996415871469635,0.007070560939547782,-183.26326,0.45170316846572844,0.06388047470111322,-23.14428000000001,0.42137138203686864,0.05959091232724344,1.1356063200000002,0.009464652831907418,0.0013385040398036392,-197.98515367999994,0.08263208681043802,0.011685941785451239
ILE  12,14.218160000000001,0.0328647896676043,0.004647783127246515,-7.335100000000002,0.11199683031217944,0.01583874363702823,-14.095200000000002,0.10419251412647831,0.014735046657541592,-2.46374,0.0659975181351475,0.009333458522968989,0.011086992,0.0013523378873402307,0.0001912494581187533,-9.664793007999998,0.15534736685148706,0.021969435308032158
VAL  13,11.32604,0.08307465558127133,0.011748530461250765,-2.958400000000001,0.027671646138119583,0.00391336172617178,-20.726140000000004,0.042127905238322653,0.005957785494240445,-2.3529199999999997,0.04813931449450813,0.006807927144147711,0.632433168,0.007935222065424114,0.0011222098665365026,-14.078986832,0.06744208972405288,0.009537751796253872
LYS  14,11.5274,0.14387049732325682,0.020346360853991188,-6.470560000000002,0.22777261995239378,0.03221191282739279,1.8422399999999999,4.149619927463237,0.5868448780112169,-41.1065,4.317921371447224,0.6106462964761299,0.60831432,0.03788886193825342,0.005358294241595974,-33.59910568,0.13805683913321587,0.01952418542805545
SER  15,11.2152,0.0629838074429757,0.008907255469575171,-2.2151399999999994,0.02191621317659876,0.0030994205910205895,-19.08768,0.21176330560311538,0.02994785387968842,-4.240239999999999,0.20613699910499497,0.029152173984117444,0.40393180799999995,0.008003176413502117,0.001131820062603916,-13.923928191999998,0.03898407293374404,0.005513180465944271
GLU  16,15.950259999999998,0.022460463042446675,0.0031763891451807753,0.46747999999999995,0.017296519881180302,0.0024460972997821058,-41.09441999999999,0.5011153994850968,0.07086841942658353,-41.67893999999999,0.47701569827518897,0.06746020699656444,1.3431241439999997,0.0038170099014668887,0.0005398067170366865,-65.01249585600002,0.029601006990273012,0.004186214554554488
SER  17,10.365499999999997,0.026337235998041487,0.0037246476343851167,-1.14798,0.020825455577251108,0.002945164171994693,-7.629659999999998,0.13619862113840564,0.019261393719044815,-10.122840000000002,0.12899897053835976,0.01824320936675157,0.5778184319999999,0.007408022465563155,0.0010476525841163987,-7.957161568,0.027155726238789105,0.0038403996342986466
GLY  18,5.156019999999999,0.02787865850449813,0.003942637695782928,-2.7419199999999995,0.06439932918906756,0.009107440474690887,-11.126560000000001,0.10593906928025,0.014982046856131246,-0.96494,0.10065394378761337,0.014234617241078197,0.13973328000000002,0.005024970527912856,0.0007106381471099452,-9.537666720000002,0.03159191935793166,0.004467772081738407
TYR  19,10.18926,0.09678012399239172,0.013686776391819014,-9.850999999999997,0.15519884020206923,0.021948430467834103,-33.19860000000002,0.3158922601118328,0.04467391184988434,0.11074,0.22274252490263277,0.031500549963453015,0.03771748800000001,0.0072479664935384035,0.0010250172514787775,-32.711882512,0.3343482708601379,0.04728398592064001
GLY  20,6.63918,0.056326437842068124,0.007965761231641787,-3.1648799999999984,0.0663577094240676,0.009384397263552934,-15.591339999999997,0.20006055183386556,0.028292834569929825,1.9554999999999998,0.1503331300811689,0.021260315143478772,0.049036895999999996,0.0017678071542968706,0.0002500056853266821,-10.112503104000002,0.07533962939764811,0.01065463256783167
PHE  21,9.767019999999997,0.3449386896248111,0.04878169730546115,-9.32112,0.10317647793929358,0.014591357441963741,-5.921960000000001,0.3165435805698602,0.04476602247240368,-3.54322,0.2936298547491419,0.041525532290387836,0.004393871999999998,0.002449480130888185,0.0003464088021865495,-9.014886127999999,0.2644398471812829,0.03739744183156389
ASN  22,17.265719999999998,0.11601190283768452,0.01640656063897632,-6.673559999999997,0.13435016337929104,0.01899998231580345,-78.15305999999995,0.32573052729182933,0.04606525293750446,-14.537780000000005,0.27091410372999153,0.03831303997331055,0.334978704,0.008654133283213147,0.0012238792659704434,-81.763701296,0.27336107200159604,0.03865909354495053
VAL  23,10.597159999999999,0.043070342464680604,0.0060910662449605146,-7.0801,0.1632953459226887,0.023093449287627247,-26.143379999999997,0.16748049319280356,0.02368531849061976,1.9460199999999999,0.16349892843685584,0.023122240202886963,0.0,0.0,0.0,-20.680300000000003,0.16164222839370054,0.02285966316465807
ARG  24,12.213080000000001,0.24264318164734366,0.03431492783030319,-8.836680000000003,0.14426481760971166,0.020402126163693513,-97.07941999999997,1.1214145547519727,0.15859196723728256,-106.45348,1.3226469255250275,0.1870505220308571,0.7297453439999998,0.03363998276810828,0.004757411986865593,-199.42675465600004,0.17892253277784628,0.025303467246857485
GLY  25,6.719740000000001,0.058608808211575505,0.00828853714473337,-4.16266,0.148781129179755,0.021040829071119295,-19.553400000000007,0.3729725995294878,0.05274629086481507,1.8935000000000004,0.23562565649775688,0.033322499906219195,0.037208448,0.013333169362132009,0.0018855948941344516,-15.065611552,0.12163132811897873,0.01720126738353117
GLN  26,20.006819999999994,0.17625625549234036,0.024926398697036507,-7.8565,0.29747835215359136,0.04206979201280085,-79.29564,0.2736052455651807,0.038693624901469964,-4.18328,0.13320691273355006,0.01883830225896358,0.28373270400000006,0.023826323524378645,0.00336955098696654,-71.044867296,0.2595928574851007,0.03671197397506154
VAL  27,12.215119999999999,0.0666416206287247,0.009424548371166509,-1.8304799999999997,0.11215885876737679,0.015861657920911276,-21.83482,0.25342246861713175,0.03583934921284178,-6.5198599999999995,0.2446519985612244,0.034599017442696646,0.6706304639999999,0.013491529500567132,0.0019079903996858747,-17.299409536,0.14730073443643352,0.02083146963875219
SER  28,11.08404,0.02643025539043153,0.003737802563013287,-2.23766,0.08217922121801996,0.011621896919178264,-11.071679999999994,0.6421960585367456,0.09082023756852116,-6.451419999999998,0.3221127808703703,0.045553626332059054,0.6570666719999998,0.007907915045964093,0.0011183480708096677,-8.019653328000002,0.31411377147785724,0.04442239557521488
GLU  29,14.425439999999998,0.11763063546575654,0.016635484002623848,-2.225999999999999,0.06814748711436137,0.009637510051877558,-23.178340000000002,1.9607306149493537,0.2772891827821515,-56.18173999999999,1.5075129161639844,0.21319452114917212,0.9466440479999997,0.03143984824449125,0.004446265978631147,-66.21399595200002,0.4178327721626956,0.05909047731964315
GLY  30,4.852099999999999,0.07060347016969598,0.009984838506458829,-1.9727999999999997,0.09722962511498949,0.013750345450206983,-10.078019999999999,0.23695227283154885,0.033510111787350624,-1.9523600000000005,0.1936849772181581,0.027391192160984314,0.22864967999999997,0.011524726932713225,0.0016298425130889522,-8.92243032,0.10622574354495683,0.015022588719444419
GLY  31,5.35474,0.04018000000004737,0.0056823100936217955,-1.6765400000000001,0.08079064549810017,0.011425522657629009,0.28336,0.38201721217767126,0.054025392252162296,-11.14138,0.22996729245694575,0.03252228638948326,0.3999032639999998,0.005659023503824675,0.0008003067788896967,-6.779916735999999,0.12758334961898515,0.018043010336415706
GLN  32,18.554820000000003,0.02421709313661267,0.0034248141555050034,-1.99674,0.05649913627657638,0.007990184478470004,-67.58574000000002,0.06857136718922602,0.009697455746946889,-14.308419999999996,0.07800181792837496,0.01103112288040647,1.147627152,0.006201339830240723,0.0008770018892810897,-64.18845284799998,0.01790927991125807,0.0025327546542837183
LEU  33,11.90502,0.011794049346049214,0.001667930454048033,-3.185520000000001,0.026965340717257157,0.0038134750556356512,-22.998099999999994,0.03003547902609356,0.004247658179107415,-0.6797000000000001,0.046472464965824925,0.006572199023157812,0.7844047199999997,0.004045427562906658,0.0005721098525060533,-14.173895279999996,0.019554248958704154,0.0027653884079419386
ARG  34,11.138520000000002,0.008609854815127717,0.0012176173449616914,-3.9469600000000002,0.019946889481717002,0.002820916163220142,-127.10029999999999,0.5925514745574794,0.08379943317233633,-79.95992000000001,0.5502198048024837,0.07781283102379494,1.2212628479999998,0.008931091790350848,0.0012630471136713176,-198.64739715199997,0.07282135719139321,0.01029849509704838
SER  35,10.428880000000001,0.025231440703629846,0.0035682645641285874,-3.3252599999999997,0.013480074183767206,0.0019063703732479012,-12.951720000000005,0.01590602401297638,0.002249451488258332,-7.261660000000002,0.0402654243732042,0.005694390924329356,0.585224496,0.004673781868110063,0.0006609725705454711,-12.524535504000001,0.02362846822925277,0.0033415700227911057
ILE  36,12.841859999999997,0.07357690126741305,0.01040534516497617,-4.387719999999999,0.07188380624324464,0.010165905370419634,-6.679799999999999,0.36569971287929776,0.05171774937098497,-4.4556200000000015,0.21329987248000737,0.03016515725136781,0.2213494559999999,0.005471516155664419,0.0007737892354084119,-2.459930544,0.14939583844405177,0.021127762088967782
ASN  37,19.753899999999998,0.010253292160191496,0.0014500344831916542,-3.08974,0.05834100101987501,0.008250663488472981,-81.80942000000003,0.47035999361591724,0.06651894821693526,-17.285000000000004,0.4767929110211007,0.06742870012093889,0.6616833119999999,0.00824422589581635,0.0011659096073130962,-81.76857668799998,0.05694882286577303,0.008053779765795925
GLY  38,6.02598,0.06654516962187774,0.009410908138967758,-1.0564799999999999,0.06848568901603098,0.009685339023493712,-8.083860000000001,0.3280665792183048,0.0463956205691874,-7.164519999999998,0.23858996123063314,0.03374171590184323,0.5399497440000001,0.004273369894771246,0.0006043457662222382,-9.738930256,0.22126612051495256,0.031291754852592564
GLU  39,14.673359999999995,0.06406770169200868,0.009060541264291237,-2.3482399999999997,0.5043641367107722,0.07132786025109718,-1.04186,4.534088345014904,0.6412169230517858,-77.68898000000002,3.896015089754847,0.5509797379141536,0.7561342079999999,0.08368957730318581,0.011835493525143691,-65.64958579200001,0.27940024312226197,0.03951316131538429
LEU  40,11.198920000000001,0.05657378898381134,0.00800074196557396,-3.078479999999999,0.09185951012284274,0.012990896504867282,-19.362560000000002,0.34639556348180656,0.048987730382184125,-11.261060000000002,0.2546001893163828,0.03600590407139861,0.929106288,0.010135177300171683,0.0014333305194958723,-21.57407371199999,0.06543513016123428,0.00925392485296663
TYR  41,9.973760000000002,0.6723455528223194,0.09508401994025603,-7.441579999999998,0.32462859331862265,0.0459094159405296,-37.60396,4.24482384539103,0.6003087452036708,2.1211599999999997,2.3907091028395744,0.33809732369245404,0.16522891199999998,0.012592583562600295,0.0017808602459545844,-32.785391088,0.8714030504261098,0.12323500122058904
ALA  42,10.487260000000001,0.042827472491013464,0.006056719243895188,-4.0321,0.10739371489988793,0.015187764812505104,7.2334,0.19037478824668358,0.0269230607472366,-1.8834399999999993,0.1492442508105513,0.02110632436024934,0.10772366400000001,0.0034470631120269105,0.0004874883403384464,11.912843663999997,0.12634658841775318,0.017868105889995795
PRO  43,19.318820000000002,0.07789651853541582,0.011016231297443222,-6.413400000000001,0.08844998586763748,0.012508716960572151,1.6026000000000002,0.07960175877453476,0.011257388684769859,-9.092040000000004,0.10323235151797723,0.014599259159239016,0.13451558400000002,0.008562834777323286,0.0012109677074450592,5.550495583999999,0.06860239945354583,0.009701844371854111
LEU  44,11.816960000000003,0.042986025635006815,0.0060791420445544175,-8.12516,0.0615790094106922,0.008708587026610136,-36.841100000000004,0.18168998321148638,0.0256948438405024,3.16276,0.10887103563391479,0.01539668951430868,0.054598464000000006,0.0029158412899026576,0.00041236222979077977,-29.931941535999997,0.0965955870184827,0.01366067892269287
GLN  45,20.3457,0.07969949811600871,0.011271211114998845,-8.034419999999997,0.2233560467057902,0.03158731504893669,-82.60626,0.49122800449510384,0.06947013061744475,1.9602399999999998,0.1637313116053278,0.02315510414573899,0.0011291040000000014,0.002183473424519749,0.0003087897730037055,-68.33361089600001,0.18694211789822499,0.02643760785104199
HIE  46,29.814159999999994,0.1677796602704473,0.023727627104481692,-10.336519999999998,0.12135423189981988,0.017162080060409497,-12.726040000000001,0.29064245801319016,0.041103050592370634,-11.368839999999999,0.3532241418703487,0.04995343719906453,0.27460007999999997,0.021108328167091264,0.002985168397292248,-4.34263992,0.36843014268163987,0.05210389045674296
VAL  47,11.424399999999999,0.05316765934348697,0.007519042492319187,-7.354079999999999,0.07140135572964103,0.010097676564468423,-34.21126,0.0879297014679157,0.012435137635134383,1.8089800000000003,0.1442992016609873,0.020406988802857847,0.0,0.0,0.0,-28.331960000000002,0.08060048634987152,0.011398630092985583
SER  48,12.33134,0.037131447588266565,0.005251179676987233,-5.080439999999999,0.03650104656043623,0.005162027508658073,-9.946620000000003,0.2153730614537022,0.030458350447763967,-7.021680000000001,0.21364825672119475,0.030214426223248235,0.175786992,0.005617309510711806,0.000794407529409601,-9.541613007999999,0.04559166537617079,0.006447635150615659
ALA  49,6.66754,0.011980333885264798,0.0016942750662299433,-3.4255,0.029696632805736065,0.004199738087068572,-0.5588799999999999,0.08678171235922923,0.01227278745843828,-3.000680000000001,0.143444684809142,0.02028614187074225,0.27430703999999995,0.00912544372269272,0.001290532627530447,-0.043212959999999995,0.0782451339109085,0.011065532956650576
VAL  50,10.87372,0.014965346639090356,0.00211641961826162,-5.682759999999998,0.02267735434357983,0.0032070622071431014,-26.74376,0.07283146572545154,0.01029992465964448,-0.15362,0.047806229719566884,0.006760821843533521,0.14936342400000005,0.006029056075324771,0.0008526372870032195,-21.557056575999994,0.043216220214995875,0.006111696474254948
LEU  51,14.665440000000006,0.017512464126084207,0.002476636427768058,-2.4247600000000005,0.015496528643453258,0.0021915400977274738,-22.593380000000003,0.03390922588097431,0.004795488713044663,-1.9137000000000008,0.02955080371153201,0.004179114738787376,0.6514175519999997,0.0049605712688396,0.0007015307165511275,-11.614982448000001,0.018838338697679965,0.0026641434078836916
PRO  52,18.139300000000006,0.004248529136499863,0.000600832752497536,-2.141460000000001,0.005977323815470784,0.0008453212406534478,-6.7373,0.02101451879031868,0.0029719017480012927,-3.8304800000000006,0.021776354148400408,0.0030796415375707467,0.9269749440000001,0.0028034167790100127,0.00039646300298602576,6.357034944,0.011640578352076124,0.0016462263779372707
GLY  53,5.293480000000001,0.005657702714465227,0.0008001199910671799,-1.2325399999999995,0.01100946865208733,0.0015569739882303338,-19.88652,0.036199580108384914,0.005119393714148926,2.8522,0.016120794025102116,0.0022798245546522566,0.303904368,0.0017868673366989735,0.000252701202172118,-12.669475632,0.014744106571045437,0.0020851315477846727
GLY  54,4.3381799999999995,0.00530543118031144,0.0007503012729433536,-2.0964,0.014062716664959746,0.0019887684631396214,-10.86232,0.050498491067061536,0.007141565094641501,-2.60174,0.04077097496995664,0.005765886575368666,0.08039203199999999,0.0018859438495823467,0.0002667127369953479,-11.141887968,0.018782581774783817,0.0026562581882280992
ALA  55,9.369780000000002,0.02258609306525813,0.0031941559133908956,-4.450239999999999,0.030559816753608315,0.004321810731658941,-5.270180000000002,0.03230027244455866,0.004567948335944082,-1.4231400000000003,0.02828710660351335,0.0040004009798982115,0.13367289599999999,0.003454550528041041,0.0004885472208658777,-1.6401071039999997,0.04929787992512454,0.006971773038635147
ALA  56,9.388660000000002,0.012804077475021337,0.001810770001885103,-6.305299999999999,0.04117924234396351,0.005823624301108163,-7.766220000000001,0.0649736223398632,0.009188657790954204,-0.7010199999999999,0.03515593264301461,0.004971799674162627,0.0,0.0,0.0,-5.383880000000001,0.04508420565994114,0.006375869509310661
ASP  57,17.08836,0.01301654332129898,0.001840817210019795,-5.3429800000000025,0.011381546466123904,0.0016095937373171998,-45.628799999999984,0.3730269695376696,0.052753979945110774,-32.0421,0.36689667482816735,0.05188702535315856,0.45957484799999987,0.0017703951498625203,0.00025037168316951244,-65.46594515200002,0.01989797278123275,0.0028139982970950047
ARG  58,13.725760000000001,0.026174460834644073,0.003701627750015705,-3.249279999999999,0.011061717769311056,0.0015643631292503156,-158.17456,0.3083127087771808,0.043602001420467544,-52.98466000000001,0.3038107048790167,0.04296532192340352,1.5730100640000004,0.0056134585429299545,0.0007938629203230654,-199.10972993600004,0.030371438352969557,0.004295170002754792
ALA  59,7.54356,0.013664786862945135,0.001932492690851471,-3.3792400000000002,0.0182225794001975,0.002577061892917988,-8.916819999999996,0.025517593932050168,0.003608732741783474,-3.3696399999999995,0.021233709049567638,0.0030028999317382875,0.260440272,0.0019424969175845072,0.00027471054857159424,-7.861699728,0.03291413766876914,0.004654761988498848
GLY  60,6.57106,0.028583498736145022,0.004042317157273051,-2.1720399999999995,0.022347223541204674,0.003160374661335495,-15.127539999999994,0.06352612376167635,0.008983950578875443,1.69916,0.04632336775320653,0.006551113493138116,0.204196032,0.0034798779600128667,0.0004921290606453415,-8.825163968,0.030938174310407584,0.004375318570484128
VAL  61,11.165839999999998,0.02336780691534527,0.003304706946259708,-5.70518,0.034283926262797214,0.004848479349224695,-20.100720000000006,0.037736475719944346,0.00533674357593083,-2.2259400000000005,0.05758173668792988,0.008143287296906686,0.022942367999999994,0.0015646248814895321,0.00022127137274288928,-16.843057632,0.037025579739913474,0.005236207702291213
ARG  62,11.24066,0.010797425621267514,0.001526986575231126,-5.12994,0.02950892068509672,0.004173191584385574,-131.5287,0.44424814012899294,0.0628261744829445,-67.21350000000001,0.4495064070713113,0.06356980572538497,1.2882787199999999,0.004362636795354102,0.0006169700123697667,-191.34320128,0.019100253587130113,0.002701183766768476
LYS  63,8.93436,0.005982507834616044,0.0008460543716717306,-3.51136,0.04136508672784952,0.00584990666592641,55.13154,0.6027795686652276,0.08524590411277692,-93.96268,0.549020307094386,0.07764319643111223,1.186296912,0.004250487350185555,0.000601109685732769,-32.22184308799999,0.03953305617857245,0.005590818420979464
GLY  64,6.260520000000001,0.008114776644581915,0.001147602718639618,-2.803140000000001,0.013689426576667973,0.0019359772725834536,-14.3274,0.08340287764823054,0.01179494807110715,-4.042400000000001,0.0645557123730832,0.009129556396667089,0.15738940799999995,0.0035188284325248856,0.0004976374892940752,-14.755030591999999,0.02092510512122253,0.002959256745651561
ASP  65,14.535879999999999,0.031057778413821076,0.004392233145000412,-6.6408000000000005,0.02932643858362576,0.004147384718106517,-81.64988,0.6861630022081234,0.09703810237213681,9.007879999999998,0.6793057526622378,0.09606834084129999,0.010675440000000005,0.0005034653735858907,7.120075595104035e-05,-64.73624455999999,0.03008604194407736,0.004254808855544
ARG  66,13.91632,0.14525418272798216,0.020542043520533213,-9.13786,0.12743170876986187,0.018021565081871714,-146.14634,0.6539831071207788,0.0924871779653102,-57.56714,0.6171230350580726,0.08727437658319732,0.6188201280000001,0.015156142943096964,0.0021434022903393003,-198.31619987199997,0.07646138009931211,0.010813272073421145
ILE  67,13.181239999999997,0.019356197975761824,0.002737379769330102,-8.494260000000006,0.04055751964692782,0.005735699434089858,-12.467399999999998,0.047332863848091655,0.006693877799993038,-0.9026000000000002,0.047130457243692726,0.006665253183487553,0.0,0.0,0.0,-8.683019999999999,0.03180911190246437,0.004498487745950855
LEU  68,13.291879999999999,0.024434107309857064,0.003455504594207944,-7.590920000000002,0.05134426550238323,0.00726117566235554,-34.06837999999999,0.06796996101692529,0.00961240407041063,-1.7278,0.05997799596517687,0.00848216953379119,0.12068553600000001,0.005785550784834581,0.0008182004385711369,-29.974534463999998,0.04226675414292157,0.005977421694640888
GLU  69,15.456880000000004,0.034429429270352974,0.0048690565818898385,-6.110820000000001,0.029245642410424353,0.004135958413713589,-12.987820000000001,0.49504576313713755,0.07001004322238787,-67.99424,0.4921272827224007,0.06959730776398376,0.39743539199999994,0.0034026918945889006,0.0004812133025904625,-71.23856460799999,0.05654084578398163,0.007996083093575244
VAL  70,10.877120000000001,0.034427686532173124,0.004868810121492878,-6.5752999999999995,0.06225985865714761,0.00880487365043701,-26.354600000000005,0.04061674531436672,0.005744075208303128,-1.9774800000000001,0.03517569615514388,0.004974594656851961,0.0,0.0,0.0,-24.03026,0.02836181235642913,0.0040109659687942905
ASN  71,18.43562,0.12530249638360053,0.017720448978489355,-4.081819999999999,0.04343440571726841,0.006142552563897648,-89.501,0.07639816752557851,0.01080433246551249,-8.565620000000001,0.11140662278332683,0.015755275687836426,0.3388867199999999,0.005509181049852542,0.0007791158558270311,-83.37393328,0.1456025508622767,0.020591310214555007
GLY  72,6.111340000000002,0.01580583436518171,0.0022352825323862712,-1.2323200000000003,0.020776371194189496,0.002938222591972048,-5.188359999999999,0.0426238243241647,0.006027919043944193,-6.514259999999999,0.038438423484947346,0.005436013980865302,0.5092231679999998,0.004492151067005552,0.0006352860963188021,-6.314376832000002,0.0328106576402007,0.004640127702515224
VAL  73,10.72672,0.016567486230190526,0.0023429963721164943,-2.3946800000000006,0.022386102831824857,0.003165873023344546,-30.407540000000004,0.06006869733836431,0.008494996644999945,-0.12744,0.04928048701058051,0.00696931330907141,0.5171526719999997,0.003526423453187487,0.0004987115874168308,-21.685787328,0.013746372820465222,0.001944030687613881
ASN  74,20.44644,0.013821953560627863,0.0019547194183931016,-4.364260000000001,0.03589919776258448,0.005076913235416084,-92.45044,0.13262988502061304,0.018756698217213517,-5.31864,0.13184714786447768,0.01864600246701552,0.5933626560000002,0.004514590673079537,0.0006384595358432161,-81.09353734400003,0.033377805087271485,0.004720334463666502
VAL  75,13.47522,0.04335817800699878,0.006131772337728453,-6.341219999999998,0.03269146065914809,0.004623270703795371,-34.50927999999999,0.10420864455786363,0.014737327845024796,2.035460000000001,0.09345891289757216,0.013217086214439231,0.022512096000000002,0.0031096633927780596,0.00043977281444818647,-25.317307903999996,0.052672384605689834,0.007449000067189839
GLU  76,15.339960000000001,0.0435554634925254,0.006159672718657563,-5.930480000000001,0.10123047762401481,0.014316151438138787,-0.6575,0.33025004163512234,0.04670440878546693,-78.91207999999997,0.32905737129745477,0.046535739728769974,0.5015249279999999,0.0045026878638879135,0.0006367762244243027,-69.65857507199999,0.15027330058095015,0.021251853974414838
GLY  77,6.155919999999998,0.03950789288247633,0.005587259793518149,-3.6150599999999993,0.09496134160806095,0.013429561720326428,-12.333820000000003,0.14548658907228376,0.0205749107409425,-2.6817400000000005,0.1495067637265925,0.0211434492928657,0.04498848,0.005597911052669543,0.0007916641731643516,-12.429711520000001,0.05486796471592766,0.007759501984107334
ALA  78,7.105520000000001,0.045235490491262687,0.006397264415334287,-4.372600000000002,0.21493478080566278,0.030396368204105666,-12.81078,0.4646055656145059,0.06570514920460571,2.88262,0.3734879858844185,0.05281917750211557,0.07248945600000004,0.00821792702727756,0.0011621903856568337,-7.122750544000001,0.2976782510824232,0.04209806199042663
THR  79,15.248779999999996,0.21519510124584232,0.030433183073812153,-6.749300000000001,0.0884617996650965,0.012510387683831118,-31.782779999999992,0.12056339245683106,0.017050238473816058,-5.035340000000001,0.2086942845407992,0.029513828758734796,0.12431520000000004,0.004339739780584039,0.0006137318854871987,-28.194324800000018,0.12546488157405772,0.017743413712356666
HIE  80,30.75520000000001,0.057281061437690586,0.008100765395230853,-12.0519,0.11150753337798704,0.015769546600991984,-8.925819999999998,0.46605015567001035,0.06590944508946209,-6.333320000000001,0.3300140263685512,0.04667103118637573,0.024093072000000004,0.0062425344998658875,0.0008828276953292283,3.468253071999998,0.5878103508019856,0.08312893702074547
LYS  81,11.595059999999998,0.2762418802426725,0.03906650135346317,-3.61552,0.33601959704755574,0.04752034713677957,5.661819999999999,0.9931377284143551,0.14045088448279885,-47.11327999999999,1.0153457547067195,0.14359157368041886,1.0678944959999999,0.0426721502520451,0.0060347533622064665,-32.404025504,0.0886346578250137,0.012534833519243295
GLN  82,20.761860000000002,0.08149110626228102,0.011524582768890488,-6.07034,0.10503858529130693,0.014854699189144935,-79.08633999999999,1.6002298786116211,0.2263066797247206,-8.397800000000002,0.9343500200674212,0.13213704703829204,0.5650524000000001,0.030002493382142902,0.004242993304603552,-72.22756759999999,0.7290064612145403,0.10309708245072186
VAL  83,13.312899999999997,0.07181371735255758,0.0101559933044415,-7.605139999999998,0.04924510534069452,0.006964309585330192,-25.524839999999998,0.1463239365242297,0.020693329553238552,-2.60732,0.08958201605232619,0.0126688102045924,0.0,0.0,0.0,-22.424400000000002,0.13712884452144933,0.019392947171478513
VAL  84,12.880960000000002,0.03422102277765833,0.0048395834530443015,-6.841119999999998,0.2913685391390417,0.04120573396992687,-32.56803999999999,0.27606346806579724,0.039041270061440224,-1.4662800000000002,0.24622291038812621,0.034821177923786334,0.049426703999999974,0.010650592565392141,0.0015062212453287622,-27.945053296000005,0.28676440658737035,0.04055461130017316
ASP  85,14.46482,0.14182167535311047,0.02005661367228429,-4.4505799999999995,0.09407615851003044,0.013304377926084611,-64.98748000000002,1.7053291206090995,0.2411699570675172,-16.597700000000003,1.7813167180487357,0.25191622615464526,0.5116963680000002,0.006089735383050386,0.0008612186369973171,-71.05924363199998,0.14710174869075965,0.020803328804727097
LEU  86,12.635660000000005,0.0654442082989437,0.009255208695513604,-6.003860000000002,0.1299866162340092,0.018382883560512254,-31.331480000000003,0.12115399126660471,0.01713376175848639,-1.8610399999999996,0.12579697293655942,0.017790378523236353,0.3286709280000001,0.012354762353924862,0.0017472272480817082,-26.232049072000006,0.16418808858333409,0.023219702165466618
ILE  87,14.36318,0.10185591588128386,0.014404601764724474,-7.656999999999999,0.20807748556730196,0.029426600211377038,-8.232259999999998,0.23415420645389223,0.033114405445380406,-1.7882999999999998,0.16152191801734325,0.0228426487080642,0.0,0.0,0.0,-3.3143800000000003,0.24986227326268212,0.03533586155734574
ARG  88,13.171920000000002,0.15892977568700467,0.02247606442414758,-4.79,0.6444868346211617,0.0911442022292153,-152.12156000000002,2.4816593574454595,0.3509596320489469,-55.75818,3.0270843244945023,0.4280943706147124,1.07820792,0.09339725333523538,0.013208366235508565,-198.41961207999998,0.44109812572126417,0.06238069517323643
ALA  89,8.545960000000001,0.19958085679741466,0.02822499544729463,-1.44716,0.08527024334432068,0.012059033460439244,-7.399119999999998,0.22675481384091248,0.03206797330672048,-5.439919999999998,0.1381967930164147,0.019543977896028106,0.38335176,0.009503924317881282,0.0013440578666115176,-5.356888240000001,0.2894140936689745,0.04092933364085811
GLY  90,7.43692,0.26668894540271765,0.037715512352350114,-0.7693599999999998,0.05773656034091748,0.008165182667889806,-15.773679999999999,0.8924369656172203,0.12620964603389645,-0.08228000000000002,0.605788083078563,0.0856713723013703,0.46875456,0.01579618683951307,0.002233918166221878,-8.71964544,0.33449708203009915,0.04730503099811919
GLU  91,15.647639999999994,0.08944467787510266,0.012649387653306287,-1.10944,0.1678722323673568,0.023740718775976364,-9.22702,2.961181571535251,0.4187743139114427,-65.98924,2.144142687043443,0.3032275667679928,0.9523578239999999,0.016658056545507297,0.0023558049489434325,-59.72570217600001,0.6723976076641742,0.09509138160658985
LYS  92,10.785319999999997,0.12436308777149617,0.017587596538504547,-3.149339999999999,0.07059988951838027,0.00998433212589355,19.686299999999996,0.9957927746274017,0.14082636471912063,-62.29837999999999,1.0875574447363068,0.15380384882059128,1.2535633440000002,0.01003372258594365,0.0014189826562130753,-33.72253665600001,0.08641219405219033,0.012220529678302327
GLU  93,15.082540000000005,0.05980040467991737,0.008457054333373864,-4.21242,0.03853626344110773,0.005449850640159702,-35.45014,0.7906742947635638,0.11181823110744141,-47.72560000000001,0.7703324477125901,0.1089414595091208,0.5252990399999999,0.01774170126282528,0.002509055454545938,-71.78032096000001,0.06163691416382929,0.00871677599533137
LEU  94,12.9937,0.08066405643130146,0.011407620260117522,-8.186779999999997,0.11662611885862788,0.016493423901680813,-32.171440000000004,0.05436512117187539,0.007688389168132286,0.10564,0.037012300658024515,0.00523432975652089,0.0,0.0,0.0,-27.258879999999987,0.21546690140401903,0.03047162142080702
ILE  95,13.132240000000001,0.06849541882472468,0.009686715026235105,-5.05004,0.034910720416518146,0.004937121428525527,-12.670399999999999,0.07155808829212135,0.010119841896020939,-0.7781599999999999,0.047952209542419875,0.0067814665080646735,0.36816192000000003,0.005223462399289477,0.0007387091367621085,-4.99819808,0.058435358797902966,0.008264007693413233
LEU  96,11.56322,0.018356786211277933,0.0025960416021572675,-8.125739999999999,0.0378739013046179,0.00535617848849707,-34.72514,0.05936194403459446,0.008395046634255613,0.35438,0.051214017612368226,0.00724275582910257,0.0,0.0,0.0,-30.933280000000003,0.03444418093040249,0.004871142781660793
THR  97,16.229639999999996,0.015455432706761918,0.002185728254624742,-5.2949,0.011114405067288162,0.001571814238386717,-45.07913999999999,0.0810385118396313,0.011460576251813922,2.4643,0.07729715389325563,0.01093146833686824,0.13003545600000005,0.0012575341503309782,0.00017784218505453959,-31.550064544000012,0.021183606170528783,0.0029958143146332186
VAL  98,11.86898,0.009388269277340261,0.0013277017739225254,-6.649520000000001,0.013206422679608835,0.0018676702063934445,-26.878519999999998,0.04006806209713416,0.005666479683577449,-1.5618399999999997,0.04088684874138371,0.005782273601276215,0.00011491200000000001,0.0003111831670511758,4.400794552259853e-05,-23.220785088,0.013369673621421205,0.001890757375991568
LEU  99,11.581020000000002,0.015438251195466548,0.002183298421995144,-8.702399999999999,0.03431675975413415,0.004853122706099572,-34.115039999999986,0.17973046041530155,0.025417725469088014,0.5217400000000002,0.13022592829386884,0.018416727396581546,0.0,0.0,0.0,-30.71468,0.0710797974093201,0.010052201350699248
SER 100,11.97776,0.012822729821517597,0.001813407842023612,-4.88704,0.010633832799391119,0.0015038510564906774,0.03472,0.17282997888098,0.024441850011813752,-10.950099999999997,0.15445468591150863,0.02184319115881321,0.26237174399999996,0.00118263127850908,0.0001672493193354174,-3.5622882559999987,0.036905284483821854,0.005219195384025821
VAL 101,7.8840400000000015,0.007348360359298673,0.0010392150881325013,-2.0718199999999993,0.009194976889692704,0.0013003661023110599,-70.70858,0.7939337274614272,0.11227918450013749,-39.9492,0.7715129292497956,0.10910840480912551,1.0211142239999993,0.002854064049058435,0.0004036256086059909,-103.824445776,0.026244526089898284,0.0037115364734388685
TYR 102,3.6088999999999993,0.3169880912589651,0.044828885776918875,-1.0259999999999996,0.34425595129206,0.048685143524488286,-10.884660000000002,0.6150818030148442,0.0869857027792489,-106.80506000000001,0.7587970587683216,0.10731010915989748,1.6441426080000001,0.04191320823386917,0.005927422752690545,-113.46267739199997,0.3197039713381776,0.045212969221099
LEU 103,11.625079999999995,0.13744800325989528,0.01943808303312453,-3.5397599999999994,0.09612732389910202,0.013594456517274141,-28.639280000000003,0.2099784788969181,0.029695441266249428,1.5107400000000002,0.20319702852157923,0.028736399356912995,0.6106934879999999,0.00966995760339935,0.001367538519030019,-18.432526512000003,0.1579729474012753,0.02234074847029351
VAL 104,10.770120000000002,0.05460939113366731,0.007722934157416935,-2.98994,0.39954971705659226,0.05650486287037655,-27.761760000000002,0.7363159528353362,0.10413080066914007,-2.9829800000000013,0.19474131456881988,0.027540580821759027,0.5529443039999999,0.0191025373442688,0.002701506738800346,-22.411615696,0.2588018755599614,0.036600112238449146
THR 105,15.097519999999998,0.46784507008204435,0.06616328431994183,-3.6952800000000012,0.4104548715754173,0.058047084612406215,-39.24618,1.5719519291631943,0.222307573762114,-3.8513000000000006,0.5903069794606812,0.08348201363167915,0.29037542400000005,0.040421676324123336,0.005716488287143066,-31.404864576,0.39996120150879044,0.056563055559676986
SER 106,10.994819999999999,0.7375262351944188,0.10430196044179162,-3.4921200000000003,0.1760008681796702,0.024890281476912888,-2.960900000000001,2.093627017880691,0.29608357232376115,-5.6393200000000006,1.7520200163240136,0.24777304686345514,0.5858431200000002,0.03404097913900497,0.004814121437484043,-0.5116768800000002,1.0768549621269998,0.15229028921487686
VAL 107,10.64766,0.5303241880209025,0.07499916591536596,-7.16944,0.6176607211082674,0.08735041687364575,-93.32027999999998,2.1470588910425716,0.3036399802926142,-13.999880000000005,2.15319986661709,0.3045084453869828,0.100847376,0.020387115045052865,0.002883173459437433,-103.74109262400003,1.5236371498994863,0.21547483215233418


