#Frame       SA_00001
       1    5968.7186
       2    5985.0052
       3    5961.0089
       4    5934.8852
       5    5996.1686
       6    5937.9265
       7    6001.1052
       8    6012.9671
       9    5992.7158
      10    5974.0895
      11    5995.5867
      12    6001.6966
      13    5916.9639
      14    6008.3826
      15    5967.8937
      16    5960.9926
      17    5960.5203
      18    6004.3454
      19    6008.6369
      20    5971.1137
      21    5962.4970
      22    5978.5434
      23    5994.6687
      24    5999.2858
      25    5978.8830
      26    5958.7904
      27    5905.4655
      28    5995.0156
      29    5926.5687
      30    6010.3543
      31    5919.9945
      32    6020.1070
      33    6004.4842
      34    6007.0721
      35    5964.7490
      36    5916.9733
      37    5903.2220
      38    5999.4695
      39    5993.7769
      40    6000.6363
      41    5951.0254
      42    5977.7053
      43    5894.2107
      44    6005.1356
      45    5955.9277
      46    5912.1956
      47    5999.8647
      48    5992.9751
      49    6010.3176
      50    5998.7785
