| Run on Mon Jun 20 15:45:53 2016
| GB non-polar solvation energies calculated with gbsa=2
idecomp = 2: Per-residue decomp adding 1-4 interactions to EEL and VDW.
Energy Decomposition Analysis (All units kcal/mol): Generalized Born Solvent

Total Energy Decomposition:
Residue,Internal,,,van der Waals,,,Electrostatic,,,Polar Solvation,,,Non-Polar Solv.,,,TOTAL,,
,Avg.,Std. Dev.,Std. Err. of Mean,Avg.,Std. Dev.,Std. Err. of Mean,Avg.,Std. Dev.,Std. Err. of Mean,Avg.,Std. Dev.,Std. Err. of Mean,Avg.,Std. Dev.,Std. Err. of Mean,Avg.,Std. Dev.,Std. Err. of Mean
ARG   1,7.78624,0.037009490674569046,0.0052339323648496125,-1.9052000000000004,0.05383010310224623,0.007612726187113864,-275.12084000000004,0.5395394094674482,0.07630239503036358,-29.828899999999994,0.5320398951214917,0.07524180354043727,1.5637893119999995,0.009140611626049882,0.0012926776929944933,-297.504910688,0.019367295784049332,0.002738949236429383
MET   2,9.778419999999999,0.028784085881026208,0.004070684463345918,-4.213359999999999,0.029985169667906073,0.0042405433614411125,-4.574260000000001,0.052325446964138364,0.007399935675391857,-3.6273599999999995,0.05733855945176835,0.008108896842362682,0.5334072480000001,0.006985789024296775,0.000987939758203761,-2.1031527519999993,0.02439196043896399,0.0034495441265650867
LEU   3,12.234160000000001,0.018115584449685737,0.002561930521906071,0.5030199999999999,0.01479931079476462,0.0020929386039730672,-15.341619999999995,0.03954434978696762,0.005592415578395522,-6.78458,0.0396727059828133,0.005610567885693479,1.2166623360000002,0.004425781760016406,0.0006259000589118668,-8.172357664000002,0.01736446778877487,0.002455706585027617
PRO   4,18.319980000000008,0.01951049973179555,0.00275920133293819,-4.55602,0.020373011559541403,0.002881178925388729,-0.44531999999999994,0.04672919430077969,0.006608506033893017,-4.410339999999999,0.04339521171755428,0.006137009695301712,0.45474048000000006,0.003839634912641256,0.0005430063768018499,9.363040479999997,0.02681667235705684,0.0037924501745065452
ARG   5,12.886200000000004,0.03479827581739267,0.004921219360815641,-5.04918,0.03424890655199816,0.0048435268142284545,-241.15975999999998,0.41584302616724966,0.05880908474239943,33.51379999999999,0.4127569745031441,0.058372651130643216,0.662172912,0.0037370766722920087,0.0005285024513583473,-199.14676708800002,0.05611432423632245,0.007935763837840847
LEU   6,12.394240000000002,0.01386010100690551,0.001960114281982676,-3.4624800000000007,0.04937863505601892,0.006983193538769352,-31.297199999999986,0.045367389176004476,0.0064159177062163885,-6.075339999999999,0.04413597625533674,0.00624176962088741,0.8738376480000001,0.004903819860727028,0.0006935048554474705,-27.56694235199999,0.056173289494286384,0.00794410278459299
CYS   7,10.64186,0.01229147672235572,0.0017382773082348655,-5.50088,0.031485641171685605,0.0044527420765010485,-4.646719999999999,0.0680038351859155,0.009617194601330639,-1.2228400000000001,0.07264801717871903,0.010273981117365804,0.04296830399999999,0.0025110667356294946,0.0003551184633551166,-0.6856116959999996,0.020613838477856097,0.0029152369947952447
CYS   8,10.067720000000003,0.02262038019043793,0.0031990048451353012,-4.103560000000002,0.036959523806282805,0.005226865982569642,4.211699999999999,0.041775231896588313,0.00590790995194363,-7.252680000000001,0.05943650056970315,0.008405590520567038,0.621328608,0.010349733184341759,0.0014636733036238994,3.544508607999999,0.03877243771173496,0.005483250725820163
LEU   9,13.214019999999998,0.2410850878840558,0.034094580097154124,-7.298459999999999,0.18142460803327917,0.025657314122888616,-33.43832,0.2635021396498231,0.03726482996071091,0.2958799999999999,0.05996953893436276,0.008480973529023716,0.02001153600000001,0.0025821576693733123,0.000365172239621344,-27.206868464,0.1822407473253596,0.02577273364845319
GLU  10,15.501299999999999,0.19243027308620334,0.027213750200966714,-4.1633200000000015,0.26170811527344934,0.037011116600281335,1.01808,1.9360951612976056,0.2738052035151999,-74.85825999999999,2.2603262491068152,0.3196584036874765,0.8900379360000003,0.06490497148698712,0.009178949094233621,-61.612162064,0.22339034550527126,0.03159216563167662
LYS  11,9.97376,0.13504022511810204,0.01909757178279358,-6.168240000000002,0.3894431183112365,0.05507557396886205,0.45884,1.1028181783050186,0.15596204245905473,-38.86262,1.0914144380572959,0.1543493100470438,0.8114778719999998,0.06482659196469272,0.009167864555889515,-33.78678212800001,0.5020813599553252,0.07100502686635486
GLY  12,7.059500000000002,0.09328477903700241,0.01319245996771062,-1.3880200000000003,0.06598378285608525,0.009331516061175707,-4.33188,0.07800324095831218,0.011031324127230159,-2.8824400000000012,0.12389982405150232,0.01752208115492748,0.170727984,0.0070973201991555036,0.0010037126482150228,-1.3721120159999998,0.1190045246498235,0.016829781274354368
PRO  13,18.62102000000001,0.20153763817152137,0.02850172612308071,-1.08382,0.05416851114808466,0.007660584311917951,-5.682359999999997,0.18262516365506493,0.025827098327159886,-5.1495,0.17516703456987792,0.024772359596939814,1.169834976,0.007756137277019408,0.0010968834528788374,7.875174976000003,0.1427217492386879,0.020183903341896438
ASN  14,18.92002,0.25632693888844327,0.036250103337761595,-2.6390599999999993,0.2882112010314663,0.04075921893265382,-91.20991999999998,2.6543492674481284,0.37538167333002326,-6.51508,1.7905004533928504,0.25321500246233447,0.5091441119999999,0.04077591388212,0.005766585043025146,-80.93489588799999,0.8785637957467525,0.1242476835355043
GLY  15,5.808539999999999,0.16189777144855488,0.022895802410052596,-3.1372200000000006,0.07418659986814477,0.010491569567987639,-11.21212,0.6614169529124276,0.0935384825192242,-0.8385399999999998,0.4729884231141398,0.06689066428134804,0.09738446399999999,0.007926559087769685,0.0011209847364875597,-9.281955535999998,0.23326784559925298,0.03298905509120167
TYR  16,9.339100000000004,0.13392972037585063,0.01894052269603642,-11.108100000000002,0.365103286755881,0.05163340197971601,-31.506959999999985,1.209893746740141,0.17110481456703058,0.57014,0.5459964106109123,0.07721555288929814,0.019972656000000005,0.007645478926219316,0.0010812339988297045,-32.685847343999995,1.2843624556487412,0.18163628037812626
GLY  17,7.008499999999999,0.09753650598625946,0.013793744959225269,-4.2206399999999995,0.09543264850148313,0.013496214580398186,-14.052500000000002,0.3670208849642598,0.05190459131906317,-0.43327999999999994,0.25861021170866405,0.03657300687665701,5.7456e-05,0.00022741739965095019,3.216167709059961e-05,-11.697862544000001,0.28782038732109416,0.040703949527696855
PHE  18,10.101580000000002,0.05525942091594863,0.007814862250821803,-10.08356,0.0757636218772346,0.010714594159329209,-4.62008,0.293606256064146,0.0415221949323503,-2.1010200000000006,0.23001282485982827,0.032528725643651654,0.0,0.0,0.0,-6.70308,0.09912998335523615,0.014019096689879412
HIE  19,29.46342,0.06080035855132122,0.008598469166042545,-10.176620000000002,0.17505495022986126,0.02475650847756169,-29.866540000000004,0.721783685323745,0.10207562768844745,1.8644399999999999,0.5499396752372027,0.07777321472075073,0.19600689599999999,0.011420544104603655,0.0016151088362410583,-8.519293103999996,0.3892785793507412,0.05505230464591493
LEU  20,11.294820000000001,0.08512195721422999,0.012038062634810637,-9.016359999999999,0.18284471663144866,0.02585814780684601,-35.58998,0.49849587721427835,0.07049796303435055,2.7515600000000004,0.22026176790354407,0.03114971794414669,0.0,0.0,0.0,-30.55996000000001,0.336326148848859,0.04756370010827687
HIE  21,28.521640000000012,0.19198164078733346,0.02715030401280867,-9.946779999999997,0.34752877808904226,0.049147991128847324,-20.530500000000004,1.6521214392410883,0.23364525460621044,-6.9531399999999985,1.6943017678087977,0.23961045387879124,0.35493969599999997,0.0407633936078586,0.005764814408858636,-8.553840304,1.6614155012856398,0.2349596334655046
GLY  22,5.1079,0.30385215154743783,0.04297118336746316,-3.1195200000000005,0.18720996127342185,0.026475486624421507,-5.503140000000002,3.7002557587820855,0.5232951878318772,-7.619739999999999,3.6329505849102905,0.5137767988611401,0.06945278399999999,0.017602802803364733,0.002489412246029754,-11.065047216,0.32516711230148754,0.04598557402544589
GLU  23,15.31518,0.27038614535500755,0.03823837538388347,-5.016540000000001,0.17911629853252414,0.025330869862676374,-10.913840000000002,1.678321951950799,0.23735056664773058,-61.31832,1.9360761394116457,0.27380251341428924,0.5732667360000001,0.0349151086125042,0.004937742013153309,-61.360253264000015,0.7367131485006494,0.10418697261882023
LYS  24,9.65906,0.08811047837767351,0.012460703350888721,-1.3683400000000003,0.16790397374689744,0.023745207684919844,26.91576000000001,2.638551644823214,0.3731475521130827,-64.82271999999998,2.3853589167258806,0.33734069311613346,1.4962904639999997,0.058849962434682,0.008322641502027444,-28.119949536000007,1.1310260369615155,0.15995123608680686
GLY  25,6.40662,0.034137305107585905,0.004827743986601632,-1.20774,0.015394557479825002,0.0021771191974700693,-5.37556,0.49767652787729355,0.07038208953988202,-5.76156,0.47568002522703706,0.06727131430260518,0.6267923999999998,0.009119477508197657,0.0012896888773849524,-5.311447599999999,0.04942711553419187,0.006990049713743603
LYS  26,9.748099999999999,0.08460265953287564,0.011964622852422615,-4.488600000000001,0.1549367612930818,0.021911366913083905,0.9195399999999998,2.6376389533823623,0.37301847805169125,-37.41558,2.5050122242415993,0.35426222614328623,0.8789461919999998,0.01799540777318567,0.002544934973327339,-30.357593808,0.17090272956360134,0.02416929579954263
LEU  27,11.139100000000001,0.09851055780962072,0.013931496689130443,-2.65986,0.041558638091234744,0.005877278962237929,-26.861819999999994,0.542554575688395,0.07672880392661081,-7.085040000000001,0.619047266692932,0.08754650403071387,0.88700328,0.00706896561013355,0.0009997027037799866,-24.58061672000001,0.23155193758111373,0.03274638905209794
GLY  28,4.98472,0.03134902869313659,0.004433422154505707,-3.56142,0.04121023659237694,0.005828007549754348,-5.8542,0.3209741422607162,0.0453925985156176,-4.356300000000001,0.24085375230624312,0.034061864305993915,0.007943472,0.001928793221788172,0.000272772553326613,-8.779256528000005,0.17188583727579226,0.02430832822552803
GLN  29,18.956639999999997,0.10498528658933766,0.014847161614426752,-8.705199999999998,0.21363922860759615,0.030213149455178858,-79.59076,0.8613579873665589,0.12181441477921806,-3.025780000000001,0.792643180504316,0.1120966735991749,0.086472432,0.026682142725691586,0.003773424811584766,-72.27862756800002,0.2818136507263689,0.039854468691910526
TYR  30,8.92166,0.07193041359547925,0.010172496645383281,-8.32556,0.37244732030183075,0.05267200516403652,-27.127979999999994,0.6317658582103511,0.08934518449253563,-2.27148,0.21400002242990346,0.0302641734068516,0.23352696000000006,0.015502669378812494,0.002192408528850271,-28.56983304,0.16851041826939378,0.023830971891773963
ILE  31,12.694139999999999,0.0616506317891433,0.008718715960507632,-8.80524,0.05694262375405453,0.008052903079009228,-5.882059999999998,0.2617452509598267,0.037016368379413626,-1.4517600000000002,0.17865257456862896,0.025265289390782576,0.0004989600000000002,0.0006326588009345955,8.94714656636405e-05,-3.444421040000001,0.2152064744926568,0.030434791493801478
ARG  32,13.83186,0.11913991942229825,0.01684892898670519,-8.28,0.362536343005769,0.05127038131319028,-170.24348,2.458726810686997,0.34771648018438966,-30.56146000000001,2.710178357304049,0.38327709893494216,0.7372002239999997,0.05187911302151356,0.007336814523891111,-194.515879776,0.2997283957880031,0.04238799623517248
LEU  33,11.811560000000002,0.030143098712219145,0.004262877901077129,-5.29412,0.13850929788283695,0.019588172758068303,-35.392219999999995,0.11762861726898755,0.016635198586499624,-0.15512,0.07216332586570548,0.010205435414522986,0.5563077120000002,0.017158454428671824,0.002426571896238839,-28.473592288,0.16415869646155248,0.02321554549174157
VAL  34,11.09628,0.04656266315396968,0.006584954973255392,-6.444960000000001,0.05363281085290313,0.007584824849636653,-29.016860000000005,0.09514431354443388,0.013455437859721656,-3.16226,0.08394684270419266,0.011871876347067016,0.126185472,0.0022627030991319436,0.00031999454104160284,-27.401614527999996,0.08046550886288267,0.011379541393714115
GLU  35,16.88832,0.05915655162354677,0.008365999760924397,-4.338980000000001,0.17642000906923608,0.02494955694996981,-11.334959999999999,3.1447652183271235,0.44473696222374054,-59.22234,2.9140876487163547,0.41211422747585924,0.326530224,0.01581312251197292,0.002236313231989941,-57.68142977599998,0.41858330192628457,0.05919661825670637
PRO  36,17.829960000000003,0.017409147019656884,0.002462025182454591,-1.6627,0.022154232101350473,0.003133081550169123,-8.208459999999999,0.1028651952801802,0.014547335426138773,-2.36698,0.10968144601525946,0.01551129884954724,0.9824564160000002,0.008849931076380898,0.001251569255428499,6.574276416000001,0.02541999413459933,0.0035949300460594896
GLY  37,6.212280000000001,0.012206621154133162,0.001726276918692544,-1.5907199999999995,0.048371082270312886,0.006840704057334124,-19.485120000000002,0.5313884319402787,0.07514967273381146,3.8340400000000003,0.2730717825041576,0.03861818183187757,0.317522736,0.006757502054150412,0.0009556551052743561,-10.711997263999999,0.2389822241245425,0.03379719025230147
SER  38,12.603860000000003,0.018318307780650588,0.002590599930312065,-4.873,0.0766206238554658,0.010835792541388722,-5.3474,0.2061474229768302,0.029153648142209623,-2.1245000000000003,0.1682675548048356,0.023796625811235657,0.009164304000000002,0.005356130027135632,0.0007574711726208984,0.2681243040000001,0.07150488314225535,0.01011231755156808
PRO  39,19.377560000000006,0.019774893166012344,0.002796592210985369,-7.926660000000001,0.05646578078793116,0.007985467300027839,-7.673919999999999,0.10674977095997552,0.015096697387181895,-1.5885,0.09359342925654301,0.013236109700360994,0.12379435199999998,0.007978469880227688,0.001128326031160324,2.312274352,0.0799693517024557,0.01130937417517968
ALA  40,9.563539999999998,0.0259030577354123,0.0036632455556353384,-7.003020000000001,0.019540204706520955,0.002763402250750852,-7.727059999999999,0.07535553330719995,0.010656881720289965,-1.32504,0.08135943952609206,0.011505962280487305,0.0,0.0,0.0,-6.49158,0.0326129360838509,0.004612165651858883
GLU  41,17.48912,0.024014695503180382,0.0033961908076857875,-5.870020000000002,0.019114905177963167,0.002703255814615121,9.603700000000002,0.6221189998705937,0.08798091270269794,-84.78562,0.6205113339819214,0.08775355441234543,0.5896723680000001,0.004367144769625233,0.000617607536205073,-62.97314763200001,0.030816570543435822,0.0043581212008354155
LYS  42,11.35514,0.2705150650148117,0.03825660737701863,-3.6364599999999996,0.06265914458399365,0.008861341207738047,-18.400659999999995,1.208839850600672,0.1709557711456536,-24.68192,1.1268185628573733,0.1593562093926657,1.3255148159999999,0.00914020702892708,0.001292620474320657,-34.038385184000006,0.21590333375086362,0.03053334227520361
ALA  43,7.34042,0.010607714173224045,0.0015001573249550748,-4.00178,0.051211049588930524,0.0072423360872026655,-8.389520000000003,0.053115060010865064,0.007511603823362621,-3.0874400000000004,0.050262972454876785,0.007108257733087204,0.17058196800000006,0.0048887659424999156,0.0006913759099151067,-7.967738031999997,0.030706921369467576,0.004342614465942526
GLY  44,6.184300000000003,0.03464866519741989,0.004900061224031586,-2.087559999999999,0.020376614046620195,0.0028816883939972392,-11.37886,0.07456782416036542,0.010545482824424092,-1.4489200000000002,0.057206936642325776,0.008090282566139547,0.270733536,0.002122969608239136,0.00030023324124776825,-8.460306464000002,0.030358700676609503,0.004293368623288642
LEU  45,10.314779999999999,0.01861428483791053,0.002632457407164894,-7.47512,0.01868222684786119,0.0026420658583576053,-27.717760000000002,0.09271042228298926,0.01311123365659402,-1.8297599999999996,0.08654376002925636,0.01223913591721369,0.004759055999999997,0.00023832104410651144,3.37036852774345e-05,-26.703100944000003,0.04346227629917894,0.006146494059390558
LEU  46,10.7884,0.02074608396814359,0.0029339393313879704,-3.5042800000000005,0.017782058373453324,0.002514762811864775,-31.69754,0.1303826997720949,0.018438898231651606,-0.50558,0.11567974585034331,0.016359586547342826,0.8655422399999999,0.004113981965964874,0.0005818049091625854,-24.05345776,0.018749433688144603,0.0026515703408589095
ALA  47,6.989680000000004,0.00895196067598644,0.0012659984197810645,-3.378079999999999,0.014668115080151556,0.0020743847280799647,3.383560000000001,0.16599254923036416,0.023474891437446466,-8.96328,0.10487631572490554,0.01483175080698841,0.41675544,0.0036226869223808735,0.0005123252977862679,-1.5513645599999992,0.09643059472045182,0.013637345488136634
GLY  48,6.1315599999999995,0.02077128787551397,0.0029375037021507687,-2.715,0.0503444137914202,0.007119775277354953,-10.78538,0.1667746851293584,0.023585502157044115,-3.1121800000000013,0.11863636710550683,0.01677771593512811,0.21185971200000003,0.0035199791808822344,0.0004978002296874593,-10.269140288000001,0.048072242775003896,0.006798441770610254
ASP  49,12.106380000000001,0.03005188180339604,0.00424997788211959,-8.441499999999998,0.03528299873910524,0.004989769533803544,15.162720000000004,0.780482159693572,0.11037684554288933,-80.95628,0.7237225722595941,0.10234982770850602,0.014282928000000004,0.0023159671851768334,0.0003275272203288119,-62.11439707199998,0.13676712708303765,0.019341792600763647
ARG  50,13.238119999999997,0.03870485241011382,0.005473692720803194,-8.70044,0.04209663169421987,0.005953362747219082,-195.53963999999996,1.0588673337179269,0.14974645440977302,-9.470659999999999,1.0086394917908135,0.14264316488356743,0.4337542080000001,0.0064900440174577335,0.0009178308269887094,-200.03886579200002,0.10105425498132192,0.014291229793009435
LEU  51,12.86346,0.035806262022016956,0.005063770136942106,-8.700300000000002,0.04320983684241101,0.006110793729046628,-32.672819999999994,0.06145101789541983,0.008690486292933449,-0.89518,0.048703465995756104,0.006887710214577514,0.0,0.0,0.0,-29.404840000000004,0.03349170643116694,0.004736442546197449
VAL  52,12.55918,0.0265493427415212,0.0037546440577150967,-6.4538400000000005,0.020368956772728996,0.0028806054919384653,-32.35388000000001,0.09129154177549523,0.012910573650885533,-0.39714,0.08876215635055297,0.012552864533643316,0.05904993600000002,0.002866299975212165,0.000405356029877471,-26.586630064,0.03018597297789798,0.004268941237877109
GLU  53,15.453240000000008,0.018615649325140125,0.0026326503747994717,-7.927299999999999,0.01932795902370521,0.002733386178431535,-4.1005,0.6454199330668301,0.09127616227690463,-72.97776,0.6488068914542963,0.09175515052557943,0.320119488,0.0040562351261539805,0.0005736382727581102,-69.23220051199999,0.017596106316516234,0.002488465219777614
VAL  54,11.404699999999998,0.030743617224573964,0.004347804043539959,-6.8635,0.043870377249383356,0.006204208249250201,-25.66544,0.06582527174140092,0.009309099204358361,-2.47612,0.056247183040577346,0.007954552910126643,0.0014736959999999998,0.0007803650040743756,0.00011036027723633174,-23.598886303999997,0.03791555563278896,0.005362069300080174
ASN  55,17.391640000000002,0.07497619888908648,0.010603235732412867,-4.47106,0.0626608043358023,0.008861575932089845,-89.80746,0.28938591603177144,0.04092534872118928,-7.38294,0.24451915344203706,0.03458023030577167,0.4077830879999999,0.008539522865940317,0.0012076709053207956,-83.86203691199998,0.1103288447094712,0.015602854850908926
GLY  56,6.060279999999999,0.01268075707588608,0.0017933298637876683,-2.1092599999999995,0.013239048304262308,0.001872284166480028,-7.893979999999998,0.060218764517681864,0.00851621934902574,-6.608800000000001,0.059341048187459354,0.008392091515214039,0.3291143039999999,0.0032632002770959017,0.0004614862088608666,-10.222645695999999,0.02745699608791652,0.0038830056249556555
GLU  57,13.84688,0.012031026555632868,0.0017014440924246865,-3.4257599999999995,0.029266062256560914,0.004138846216048379,-7.305840000000001,0.8243145360843632,0.11657567965917925,-73.55846,0.81085959845122,0.11467286413101171,0.710787168,0.0049960044424954215,0.0007065417240253258,-69.732392832,0.03233986022314131,0.0045735468932816626
ASN  58,20.380640000000007,0.015985943819481888,0.002260753855684564,-4.98118,0.032118960132492554,0.004542306902869171,-92.80443999999997,0.18423063373172702,0.026054146082799854,-3.994400000000001,0.18758955194786103,0.02652916885241573,0.569404944,0.0027071848684672955,0.00038285375568376725,-80.82997505600001,0.012257227732798873,0.001733433769681979
VAL  59,12.81784,0.030522359017186456,0.0043165134077725814,-6.6699399999999995,0.04532743540056021,0.006410267389106259,-31.376760000000004,0.2218111412881354,0.031368832429513584,0.11540000000000003,0.21820907405513634,0.030859423196164887,0.0,0.0,0.0,-25.11345999999999,0.05070668989824088,0.007171008855713906
GLU  60,16.722640000000002,0.045032770289049846,0.0063685954494006455,-5.221580000000001,0.025663273368588927,0.0036293349252746725,-37.63877999999999,1.000793211208294,0.14153353324216908,-40.64142,1.0082413816148388,0.14258686360254924,0.3897345600000001,0.00422537568506911,0.0005975583599946243,-66.38940544,0.026773646217348932,0.0037863653594753972
LYS  61,9.467960000000003,0.03199122379582496,0.004524242256896854,-1.7161199999999999,0.08969116790409698,0.01268424660750564,6.910540000000002,1.3834359430056657,0.19564738732730247,-49.297480000000014,1.380563670968818,0.19524118672036894,1.3445033759999998,0.013605034655196196,0.0019240424525934425,-33.29059662400001,0.12222140196643405,0.01728471642731847
GLU  62,15.65956,0.044260664251358516,0.006259403166391322,-4.416740000000001,0.12245077541603812,0.017317154731646307,-47.50196000000001,2.3579697450135617,0.3334672793063608,-39.36048,2.338973725718246,0.3307808364945071,0.301976784,0.005957912127157145,0.000842576013365277,-75.31764321600004,0.08196990884234148,0.01159229567913256
THR  63,14.733020000000003,0.035241730943737594,0.004983933386213728,-4.0442,0.15531400451987354,0.021964717161848134,-27.59102000000001,2.1553968032822866,0.30481913914974235,-8.22892,1.8324000746561815,0.25914050372722436,0.5392588319999999,0.021435547345523453,0.003031444177292986,-24.591861168000005,0.5494460056251163,0.07770339929467633
HIE  64,30.978779999999997,0.1138295726073175,0.016097932538040136,-11.50772,0.2416062946199495,0.034168289860624236,-9.88808,2.9853665827834295,0.4221945910027747,-10.42788,1.5639802254504447,0.22118020461153495,0.07871687999999998,0.02288679144254178,0.0032366810857247076,-0.7661831200000002,1.4899481371828127,0.21071048628364625
GLN  65,20.985680000000002,0.22230136661734118,0.03143816076043175,-4.4374199999999995,0.12461189188840059,0.017622782754154596,-76.60233999999997,3.46253647264584,0.4896766039827244,-9.2153,3.0084316595196245,0.42545648543652503,0.651153168,0.0595401694665152,0.008420251516553824,-68.618226832,0.7115617163699418,0.10063002297558492
GLN  66,20.95312000000001,0.038783315996106356,0.005484789147549501,-6.20674,0.053728506400252965,0.007598358243728738,-73.032,0.425472161251164,0.06017085008535886,-11.196200000000001,0.30189693605595086,0.042694674140920874,0.6771712319999997,0.007379910250232848,0.0010436769164975516,-68.80464876800002,0.11479866649744144,0.016234983110302754
VAL  67,12.687520000000001,0.03882228226147081,0.005490299809644845,-7.0344999999999995,0.034696541614857475,0.0049068319719173924,-27.772479999999995,0.5579413675290977,0.07890482489686415,-0.9026600000000002,0.4184413751052821,0.059176546773193756,0.0,0.0,0.0,-23.02211999999999,0.17305671209209814,0.02447391493003412
VAL  68,12.972859999999995,0.03929427948376336,0.0055570502969617,-5.474159999999999,0.2234504294021792,0.031600662777865364,-30.048920000000003,0.4908629071339408,0.06941849805347042,-2.9265999999999988,0.46089682142536514,0.06518065357144019,0.056007792,0.017014798820836407,0.002406255925347659,-25.420812208000008,0.2507316606362087,0.03545881149880546
SER  69,14.484920000000006,0.15444297847361568,0.021841535477068325,-4.3168000000000015,0.04322776885271384,0.006113329698263715,-7.308059999999999,0.5667956037232431,0.08015700298788567,-5.546120000000003,0.48535346460076284,0.06863934521831687,0.3934336319999999,0.004626488769581314,0.0006542843164108708,-2.2926263679999996,0.10844757362974694,0.015336802943364293
ARG  70,14.13912,0.10330026911939631,0.014608864158544087,-7.090300000000002,0.10604965817952447,0.014997686488251434,-204.3639799999999,1.560643155768716,0.22070827169128648,-4.6005199999999995,1.5230169039114485,0.21538711612350514,0.669033792,0.008372418665977141,0.0011840388027290528,-201.24664620800002,0.20284608481304695,0.028686768421689407
ILE  71,14.197680000000005,0.06230038201998354,0.008810604519368563,-7.376379999999997,0.10898878657932981,0.015413342012707498,-8.8764,0.6721167755680519,0.09505166595068128,-1.60996,0.6714502799165406,0.09495740923171826,0.00032198399999999993,0.0008971685842382131,0.00012687879795647496,-3.6647380159999985,0.117151724449809,0.01656775575723156
ARG  72,12.706839999999998,0.05278119362074891,0.007464387985670339,-2.94354,0.10844523226034855,0.01533647182372852,-150.12832,2.2582116237427567,0.3193593505005575,-59.46019999999999,2.122647507241894,0.3001876892878929,1.41007176,0.031780163452611705,0.004494393816911724,-198.41514824000006,0.10633326251526552,0.015037794198046715
ALA  73,8.471219999999999,0.03261183220851416,0.004612009540311645,-1.7771199999999996,0.27136879997524027,0.03837734373298964,-10.539160000000003,0.22028366802823804,0.031152815089482675,-3.3195400000000013,0.40616411510618605,0.05744028001324352,0.5913581760000001,0.0167528405466579,0.00236920943093575,-6.573241823999998,0.13562989743266882,0.019180964041255206
ALA  74,8.033520000000003,0.7905680550085352,0.11180320653719895,-3.3830600000000004,0.17082252895913955,0.02415795372128859,0.08353999999999993,1.4743633637607794,0.2085064664896511,-3.9198799999999996,0.9846950520846569,0.1392569097459803,0.09659635199999998,0.011539527162483701,0.0016319355816557168,0.9107163520000003,0.13140379779387298,0.018583303298742696
LEU  75,12.424680000000006,0.4051006018261426,0.05728987652280339,-0.9244599999999997,0.5612422011930327,0.0793716332703316,-23.86808,1.0278109911847544,0.1453544243289613,-5.98594,0.5767022597493381,0.08155801571887254,1.1366294399999999,0.10309576230779133,0.014579942527887142,-17.217170559999996,0.7691412000289822,0.10877299164609042
ASN  76,19.894419999999997,0.6105380934882364,0.08634312521564765,-3.1703199999999994,0.33786041141276946,0.04778067760088922,-83.81928000000002,2.5085777726828242,0.3547664708395741,-16.29956,1.2817574366470337,0.1812678750578808,0.7249466879999998,0.11367742377925537,0.01607641544442567,-82.66979331199998,1.0622692758894636,0.15022756168551266
ALA  77,8.043119999999998,0.5560695870123143,0.07864011515760208,-2.974860000000001,0.17446994125061,0.024673775714304975,-3.3950799999999997,0.5517187993896957,0.07802482087131085,-2.0210200000000005,0.5236667829832228,0.07405766666591619,0.4229264160000001,0.03468825505606681,0.004905660075534677,0.07508641599999992,0.7795968264646252,0.11025164051692972
VAL  78,10.93768,0.09341872189218611,0.013211402347948997,-6.884979999999998,0.34785505544696815,0.04919413371531473,-20.815839999999994,0.2279147524853429,0.0322320134029679,-1.6711999999999998,0.10895595440360893,0.01540869884188883,0.0031541760000000003,0.0017019909661992907,0.0002406978707435525,-18.431185824,0.13843762493226625,0.019578036672193065
ARG  79,12.550200000000002,0.09221409870481585,0.013041042903036183,-7.0461800000000006,0.032572804607508894,0.004606490204046791,-179.38020000000003,0.5108121768064275,0.07223975082649732,-25.085099999999997,0.5086862392477591,0.0719390978536746,0.8363201760000001,0.0077639561516062855,0.0010979892087271631,-198.124959824,0.10600180468943492,0.01499091898278228
LEU  80,11.134399999999994,0.06655974759622109,0.009412969775870587,-7.653780000000001,0.16225082927366455,0.0229457323265098,-35.20446,0.09118206183316725,0.012895090848960728,0.024980000000000002,0.0723011728812196,0.010224929926410256,0.0013335840000000005,0.0001905119999999919,2.694246541948116e-05,-31.697526416000002,0.08535266769909797,0.012070690024478834
LEU  81,13.641300000000001,0.021910956164741504,0.003098677137273981,-7.158159999999998,0.02564009360404094,0.003626056811535035,-35.58315999999999,0.08757930349426986,0.012385583878478582,1.0398599999999998,0.06796940782440425,0.009612325837174045,0.24241377599999997,0.0029915767242446305,0.0004230728376306433,-27.817746223999993,0.027722090330704406,0.003920495612301421
VAL  82,11.990939999999998,0.017633388785746627,0.0024937377571400523,-6.60364,0.0199155818391096,0.00281648859394201,-32.73799999999999,0.039170396988621715,0.005539530666484707,0.7159400000000001,0.049519858642765584,0.007003165569939762,0.0,0.0,0.0,-26.634760000000007,0.022873180794567727,0.0032347562494289485
VAL  83,11.341520000000001,0.03102208245686879,0.0043871849743560305,-4.9508399999999995,0.021986686881122895,0.0031093870778934603,-32.00392,0.06895066061949788,0.009751095938267836,-0.74208,0.061118193690585694,0.008643417842497201,0.224336304,0.0032359842922357303,0.00045763728737060707,-26.130983695999994,0.0246502870786093,0.003486077030295953
ASP  84,13.984479999999996,0.021841465156074963,0.00308884962458206,-3.8659,0.0356854312010223,0.005046682078361774,13.060900000000004,0.30352886188939554,0.04292546330556532,-83.38207999999999,0.29507496268399425,0.04172990141444396,0.3822750719999998,0.003923656382481433,0.0005548888070196998,-59.820324928,0.040918249592136996,0.0057867143521767505
PRO  85,18.037700000000005,0.011987076370079067,0.0016952285975767867,-3.7335399999999996,0.01894540577565675,0.0026792849792595342,-4.7468,0.07811197091349699,0.011046700864956016,-7.2966999999999995,0.07543507141904159,0.010668130107939164,0.627475248,0.003656238439162863,0.0005170701987933957,2.8881352479999998,0.026165071071263625,0.0037002998369436942
GLU  86,14.629000000000001,0.01118928058516687,0.0015824032356740946,-2.23228,0.016758329272400358,0.0023699856539742626,-0.8672599999999998,0.5008869656918619,0.07083611400973382,-79.11867999999998,0.4959115824452114,0.07013248856319212,0.7315362719999999,0.004329951372622381,0.000612347595557857,-66.857683728,0.02399731999393013,0.0033937335396023024
THR  87,13.221599999999999,0.011076100394416576,0.0015663971395989908,-1.943159999999999,0.014785614630550453,0.0020910016738546508,-31.560719999999993,0.1019027065406692,0.014411218963233987,-8.391460000000002,0.09340903810643343,0.01321003285383434,0.5692865759999995,0.004261352974437303,0.0006026463170508162,-28.104453424000013,0.016915796560834466,0.0023922548914676258
ASP  88,12.771379999999997,0.013337001165457631,0.0018861367929575957,0.16259999999999997,0.013879481258318133,0.0019628550634216693,-11.328200000000002,0.5672138221164801,0.08021614800026063,-73.80603999999995,0.5542441685806704,0.07838196200729841,0.9458709120000002,0.003735902586301216,0.0005283364105251901,-71.25438908800002,0.022008862215633425,0.0031125231437749553
GLU  89,14.995719999999997,0.015834190852080408,0.0022392927452216105,-1.44862,0.017771764121785133,0.0025133069848324112,27.50826,1.429997088248828,0.20223212763555282,-107.71104000000001,1.4160716642866784,0.20026277529264608,1.0034425439999999,0.0022674703336378714,0.0003206687298109324,-65.652237456,0.020078671310339895,0.002839552928151424
GLN  90,19.657300000000003,0.01111800341545117,0.0015723231216641436,-1.38458,0.009718209711709811,0.001374362397628594,-66.45907999999999,0.05307083568222555,0.0075053495588277355,-10.825980000000001,0.05488587796471972,0.007762035300046123,1.2508417439999997,0.003943562843858198,0.0005577040057854876,-57.761498255999996,0.014665630924488708,0.00207403341541702
LEU  91,8.34082,0.014100624099230297,0.0019941293839056394,0.05466,0.015637915462106845,0.0022115352133755426,-3.495080000000001,0.8749301649846085,0.12373381054505629,-103.61286,0.8610186992168846,0.12176643218893587,1.482970176,0.00803531017210705,0.0011363644623268278,-97.229489824,0.01455220473630357,0.0020579925300510497
GLU  92,9.607800000000003,0.5100712499248762,0.07213496794203564,-2.3809000000000005,0.4466421050460848,0.06316473224830417,-60.63676000000001,18.451424049714944,2.609425413620397,-95.35566,17.936671816822674,2.536628454718589,1.1864669760000002,0.1006220494761541,0.01423010670429537,-147.57905302400002,0.9392516245381766,0.13283023859028514
LYS  93,8.927340000000003,0.39411722164852286,0.05573659200201442,-3.3775999999999993,0.43333418974274984,0.06128270881741529,44.67952,6.293335812556021,0.8900120858685027,-79.34212000000001,6.052585145671015,0.8559648000425885,1.084292928,0.07651847001658839,0.010821345806949833,-28.028567071999998,0.5762765446500547,0.08149781051216118
VAL  94,11.1867,0.24058006983123534,0.03402315975919993,-2.64916,0.19659912105601585,0.027803314334804752,-31.84564,0.4444893141571625,0.06286028164109746,-1.4052800000000005,0.5475813744093185,0.07743970061925579,0.616790736,0.03583851586894458,0.005068331519718481,-24.096589264,0.34170167690988756,0.04832391457715925
SER  95,11.56662,0.7904448593039413,0.11178578403357266,-3.82666,0.24617567792127018,0.034814498244265114,-13.999499999999998,2.388652392040331,0.3378064608618371,-6.33774,1.5545444581612993,0.21984578560436438,0.3085963199999999,0.04043045387530611,0.005717729620335776,-12.288683679999997,0.445208537945817,0.0629619952447271
CYS  96,10.735539999999999,0.08406526274276947,0.011888623469528223,-4.511700000000001,0.20582198619193678,0.02910762443072049,9.03262,0.8205264137125662,0.11603995825576682,-6.0139999999999985,0.4267139557127464,0.060346466342283814,0.5310498239999998,0.030879469585930675,0.004367016468731066,9.773509824,0.31745345311058515,0.04489469788111609
VAL  97,8.670199999999998,0.19888207561270135,0.028126172864439362,-6.540960000000001,0.10819537143510743,0.01530113616695235,-58.608880000000006,1.6421831157331586,0.23223976341699387,-52.30864,1.7706748968685893,0.250411245370514,0.16866475199999997,0.014530889421397847,0.002054978089308457,-108.61961524799996,0.597611897213447,0.08451508500747727


