#Frame       SA_00001
       1    5905.0096
       2    5979.3087
       3    6139.8768
       4    6027.7266
       5    6047.9759
       6    5998.4641
       7    5964.7543
       8    6056.8264
       9    5909.3163
      10    5901.2783
      11    5967.8499
      12    6060.2286
      13    5909.7521
      14    6128.8070
      15    6037.9432
      16    6152.2206
      17    5984.1924
      18    5911.1120
      19    5981.1063
      20    6058.6380
      21    5940.6275
      22    6042.5523
      23    6026.1565
      24    6059.4778
      25    5993.3329
      26    5972.1254
      27    6035.3511
      28    5997.7505
      29    5993.6248
      30    6105.1897
      31    5993.8188
      32    5933.5059
      33    5949.9489
      34    6042.8910
      35    6025.9367
      36    6000.8578
      37    5929.0602
      38    6046.0960
      39    5889.9483
      40    5992.2368
      41    6000.6762
      42    6017.0162
      43    5973.2978
      44    5993.4562
      45    5960.3124
      46    6198.5337
      47    6013.5212
      48    6074.6300
      49    6044.4917
      50    5898.3543
