| Run on Mon Jun 20 15:45:53 2016
| GB non-polar solvation energies calculated with gbsa=2
idecomp = 2: Per-residue decomp adding 1-4 interactions to EEL and VDW.
Energy Decomposition Analysis (All units kcal/mol): Generalized Born Solvent

Total Energy Decomposition:
Residue,Internal,,,van der Waals,,,Electrostatic,,,Polar Solvation,,,Non-Polar Solv.,,,TOTAL,,
,Avg.,Std. Dev.,Std. Err. of Mean,Avg.,Std. Dev.,Std. Err. of Mean,Avg.,Std. Dev.,Std. Err. of Mean,Avg.,Std. Dev.,Std. Err. of Mean,Avg.,Std. Dev.,Std. Err. of Mean,Avg.,Std. Dev.,Std. Err. of Mean
ARG   1,7.826840000000001,0.033714305568576505,0.004767922818107165,-2.10378,0.08175556005556649,0.011561982182999019,-298.05988,0.8303950780235233,0.1174355981468731,-6.926839999999999,0.8316118171358621,0.11760767104232704,1.541580192,0.013332118956848469,0.0018854463443946545,-297.72207980799993,0.029380653468160926,0.004155051860605729
MET   2,9.753,0.029769783337662947,0.004210083134503152,-4.20148,0.058209360072009046,0.008232046647089411,-4.251319999999999,0.0664055539846403,0.009391163506197705,-3.93198,0.06261580950532333,0.008855212702139842,0.5373758880000001,0.008677091846843172,0.0012271260971762619,-2.0944041120000003,0.04918435283907346,0.006955717884156132
LEU   3,12.206799999999998,0.016909169113943814,0.002391317628939959,0.47350000000000014,0.013144200241925039,0.0018588706248678106,-15.291940000000002,0.037835649853665325,0.005350768916425311,-6.78406,0.04228257797245456,0.005979659522074313,1.2169938240000002,0.007750347800015058,0.0010960646971889774,-8.178706175999999,0.01599216097383198,0.002261633094084691
PRO   4,18.33986,0.028176593121393124,0.003984772013374262,-4.65482,0.024326684936457597,0.0034403127764715607,-0.8040999999999998,0.039722160062116915,0.005617561748660065,-3.9605200000000003,0.03932238039593063,0.0055610243660719014,0.44920944000000007,0.006974915559740307,0.000986402018099187,9.369629439999999,0.027439541057786898,0.0038805371109215613
ARG   5,12.854859999999995,0.03906149510929777,0.005524129615013923,-5.038239999999999,0.05538395435510412,0.00783247393868407,-251.6670400000001,0.6596421441571515,0.09328748665799119,43.8784,0.6203041189613137,0.08772424978309835,0.6609627359999999,0.003980827035562956,0.0005629739583154616,-199.311057264,0.07647068965933022,0.010814588644024879
LEU   6,12.423459999999995,0.011089111782296693,0.0015682372277195267,-3.44792,0.04627778732827293,0.006544667447626134,-31.40402,0.03539293149646389,0.005005316373444112,-5.944260000000002,0.03229043821270595,0.004566557565537919,0.8686961280000002,0.0052291483099450985,0.0007395132459584707,-27.504043872000008,0.053830735655299194,0.0076128156436245055
CYS   7,10.615260000000001,0.026960571210986446,0.003812800545590265,-5.5008799999999995,0.06511025725643003,0.009207980886164457,-4.317200000000001,0.12721367850980536,0.017990730946793747,-1.4757000000000002,0.1489288756420263,0.02106172357619297,0.039976128,0.002476342238628582,0.0003502076778945892,-0.6385438719999997,0.028083854792444397,0.0039716568331191505
CYS   8,10.012680000000001,0.022327955570688802,0.0031576497588132,-4.051060000000001,0.046379482532600574,0.006559049321344979,4.124020000000001,0.05762447049645555,0.00814933077006557,-7.1781200000000025,0.06806339397919674,0.009625617486652329,0.6307872479999997,0.008318140226643077,0.001176362672223985,3.5383072479999993,0.031336333654581126,0.0044316268049357085
LEU   9,13.262739999999999,0.12946548729286342,0.018309184798880905,-7.470579999999997,0.14365111764294106,0.02031533588207002,-33.357820000000004,0.12673416114045494,0.017922916950080865,0.0007400000000000006,0.05860164161523123,0.008287523634958757,0.015131807999999995,0.0020999529232666432,0.0002969781904428714,-27.54978819200001,0.10639339682793729,0.015046298474101154
GLU  10,15.522759999999995,0.0694160096823415,0.009816906233858943,-3.89832,0.23516993345238132,0.033258050935073585,9.384220000000001,1.8779601624102642,0.2655836731276976,-83.44000000000001,2.1013529165753346,0.2971761793953097,0.9617471999999998,0.038669961140462256,0.005468758350128227,-61.469592799999994,0.1000557703215116,0.01415002273823691
LYS  11,9.65068,0.10159575581696204,0.014367809575589297,-6.018579999999999,0.3768421998662169,0.05329353499253165,-4.737920000000001,4.15376546203562,0.587431145132772,-34.10882,4.1051374188448255,0.5805541013135633,0.8301389760000001,0.06717149063974996,0.00949948330675518,-34.384501024000016,0.6126868947077916,0.08664701159840153
GLY  12,6.719579999999999,0.07903571091606583,0.011177337428929957,-1.4481199999999999,0.0884915001567983,0.012514587967648502,-3.02428,0.33561096763961573,0.04746255821171025,-3.6768600000000005,0.260000769998846,0.03676966151598158,0.149224896,0.005189344732775487,0.0007338841700920478,-1.280455104,0.1523333657650708,0.021543191186690448
PRO  13,18.461900000000004,0.025487447889605584,0.0036044694475757732,-1.1985800000000002,0.03452540513882723,0.004882629619375522,-4.41092,0.258267058681512,0.03652447771016023,-6.36854,0.24861642825845312,0.0351596724671862,1.1255673600000005,0.014654789230292902,0.0020725001683199393,7.609427359999999,0.03973365681874686,0.005619187635575002
ASN  14,16.534639999999996,0.41557246107033996,0.05877082105944398,-1.2202800000000003,0.12996630948057183,0.018380011751900363,-84.78627999999999,1.5218075704898801,0.21521609055088384,-13.087620000000005,1.1488469504681063,0.1624714938442967,0.8761652639999998,0.06502356592081525,0.009195720879907792,-81.683374736,0.42598686312292705,0.060243639922121464
GLY  15,5.40888,0.11455874300985588,0.01620105280529522,-3.269080000000001,0.07235933664697017,0.010233155525046573,-12.72976,0.9039115124833743,0.12783239201391652,0.07668000000000001,0.6317478117097043,0.08934263233193881,0.05679345599999999,0.004953816097844686,0.0007005753911074118,-10.456486543999997,0.2980508394576399,0.042150753943768035
TYR  16,9.75112,0.16404043891678408,0.02319882134937513,-11.287259999999998,0.2733628219052878,0.0386593410187039,-31.674840000000003,1.0380433200976786,0.14680149416129332,-0.7945399999999999,0.5395944480811493,0.07631017866575862,0.03851639999999999,0.0073546693204249326,0.0010401073099714254,-33.96700360000001,1.2949174971557929,0.1831289886631946
GLY  17,6.462280000000001,0.1493254218142102,0.02111780367367393,-3.8924200000000013,0.14059318475654353,0.019882878865993013,-11.450719999999999,1.0243341064321065,0.14486271857176106,-1.8266200000000006,0.5052182455137557,0.07144864947638933,0.020690495999999996,0.005599410409282761,0.0007918762142100764,-10.686789503999998,0.43649048519430017,0.061729076400859194
PHE  18,9.17248,0.0824505281972822,0.011660265520142177,-10.062719999999999,0.17613063788009733,0.024908633683945806,-7.398,0.3778503936745292,0.053436115128253234,0.24182000000000006,0.3685330753134648,0.052118447329136716,0.0,0.0,0.0,-8.046420000000005,0.24640268586188277,0.03484660201510319
HIE  19,29.845239999999993,0.1510507941065959,0.021361808163277388,-9.527299999999999,0.28162586884020924,0.03982791232289303,-24.267180000000003,2.6861467025461723,0.3798785097264565,-3.2838,2.2321536775052038,0.3156742004028839,0.20448777599999995,0.04230632946840302,0.005983018490844008,-7.028552224,0.7065057798880103,0.09991500558126049
LEU  20,11.05672,0.25905868369924917,0.0366364303938,-8.425219999999998,0.39221521082186084,0.05546760705132983,-32.830259999999996,0.9198454611510425,0.13008579264471382,0.51548,0.6168961416640567,0.08724228901169431,9.576000000000002e-05,0.00028728,4.062752721985427e-05,-29.683184240000013,0.6723611904998533,0.09508623144182127
HIE  21,28.40979999999999,0.24838929123603506,0.035127550441424134,-9.641420000000002,0.5438200470743788,0.07690776860629615,-21.915539999999996,1.8721346875692986,0.2647598265749619,-6.7065600000000005,2.1399157848849963,0.30262979253206285,0.3542613119999999,0.04940901001940767,0.006987489207287447,-9.499458687999999,0.9426720353210806,0.13331395772209215
GLY  22,5.029160000000002,0.22585653499509062,0.03194093749406507,-3.021819999999999,0.24835536555509782,0.03512275262561471,-6.21558,2.737306698855651,0.3871136257896387,-7.00652,2.6339642005160204,0.3724987895174962,0.07885584,0.039937863507483705,0.0056480668224488965,-11.135904160000003,0.37296692631153255,0.052745488550637605
GLU  23,15.293539999999998,0.17870111471414513,0.02527215400399343,-5.0069799999999995,0.2596165241274275,0.036715320943716975,14.150959999999996,2.108375582859959,0.2981693343856833,-85.79484000000001,2.06376068728875,0.29185983534561705,0.5827111199999999,0.04182962587204461,0.005915602421723799,-60.77460887999998,0.6543563150580395,0.09253995753795613
LYS  24,9.685899999999998,0.06836497641365213,0.00966826768355036,-1.4272200000000002,0.23113184895206454,0.03268697954843793,1.9099400000000002,2.0041332830927185,0.28342724697530397,-39.83757999999999,1.8944521222771222,0.26791598845907993,1.500670224,0.05866273852384812,0.008296164042637263,-28.168289775999988,0.9391237157657784,0.13281214955821793
GLY  25,6.417039999999999,0.022548578669427423,0.003188850576654094,-1.22884,0.04131312624336375,0.0058425583437396855,-6.8603999999999985,0.9196314261703117,0.13005552352745664,-4.319959999999999,0.8713646299913744,0.12322956775060154,0.6151363199999998,0.018986158196420706,0.002685048241873926,-5.377023680000001,0.10964717175314503,0.015506451736914983
LYS  26,9.753060000000001,0.06186191396974126,0.008748595773036572,-4.587099999999999,0.14630779200032598,0.020691046372772283,-18.193579999999997,2.1063063983191364,0.2978767075016149,-18.480659999999997,1.9941860857001392,0.2820205008292852,0.8751255839999998,0.014129335055835017,0.0019981897263275494,-30.633154415999993,0.1273219469088366,0.01800604241062239
LEU  27,11.113359999999998,0.05880468008641076,0.008316237610921316,-2.70428,0.027630446974326713,0.003907535284552348,-25.847400000000004,0.22568571066840246,0.031916779286106506,-8.181500000000002,0.19193449403368532,0.027143636454965567,0.8833620959999999,0.006698791267001062,0.000947352146129935,-24.736457903999998,0.1289070093744666,0.01823020409423264
GLY  28,5.06182,0.026013604133159205,0.0036788791771318547,-3.5236399999999986,0.031683913899782354,0.004480782074613362,-5.06234,0.42025733116747305,0.05943336174237616,-5.368500000000001,0.39084688817999186,0.0552740970075465,0.008528256000000005,0.0011497967090159616,0.0001626058099862324,-8.884131744,0.08109922072635974,0.011469161784910715
GLN  29,19.09984,0.06489602761348688,0.009177684239513203,-8.765700000000002,0.08838964871496595,0.012500183998609846,-77.57873999999998,0.4568966539641775,0.06461494446390267,-4.64344,0.46420069625109006,0.06564789203013251,0.09515246400000002,0.007063384348419737,0.0009989133941789039,-71.792887536,0.18699732527198018,0.026445415352712748
TYR  30,8.913239999999996,0.06366429454632959,0.009003490878633478,-8.584480000000003,0.3351057289870762,0.0473911066762446,-26.659780000000005,0.40587142249692487,0.057398887027481166,-3.1228000000000007,0.2449833463727603,0.03464587709959032,0.21913776,0.02469383801615284,0.0034922360629487665,-29.234682240000005,0.31402525900013606,0.04440987802057162
ILE  31,12.97318,0.1463427060023689,0.020695983958292863,-8.038539999999998,0.20873152229608796,0.029519094972590965,-5.894280000000001,0.30324406276131843,0.04288518662661745,-1.3743000000000007,0.34398263037542787,0.048646490109770145,0.0006177600000000002,0.0008966055667906594,0.00012679917526545664,-2.3333222399999998,0.21861774550649635,0.030917218067071688
ARG  32,14.5186,0.878945686604156,0.12430169105849292,-7.823599999999999,1.2772081897639183,0.18062451439381227,-216.83987999999997,9.507318300425704,1.3445378482259953,12.327759999999996,7.533767945882068,1.0654356804838114,0.7537819680000001,0.1270208300328685,0.017963458053637034,-197.063338032,0.8543411430052661,0.12082208313313791
LEU  33,11.794680000000001,0.2434287936953327,0.03442603015160617,-5.432780000000001,0.350081664187077,0.04950902374315077,-34.94080000000001,0.22853297354921653,0.03231944306427538,-0.26082,0.22036285440155295,0.031164013733792385,0.571460256,0.05619170242254595,0.007946706765879758,-28.268259744,0.4570577609158311,0.06463772842750479
VAL  34,11.110600000000002,0.0459125255239718,0.006493011627880181,-6.425680000000001,0.050452131768535996,0.007135008899769809,-28.68156,0.16496947111582103,0.023330206342951066,-3.6252200000000006,0.13180687235495864,0.018640306649836187,0.13320907199999998,0.004494045937239101,0.0006355540714371243,-27.488650928000006,0.11938126622055681,0.01688306057823845
GLU  35,17.290839999999996,0.051543519477697655,0.007289354429780181,-2.4277200000000003,0.19423439860126956,0.027468892078129713,-29.02029999999999,3.67814739372968,0.5201685928619766,-50.10238,3.689503456510167,0.5217745826619091,0.3265515359999999,0.015836967717108373,0.0022396854532399533,-63.933008464000004,0.6328202644299912,0.08949430005014218
PRO  36,17.6254,0.03773910439022459,0.005337115326046963,-1.7770000000000004,0.022392856003612422,0.003166828066057647,-8.7175,0.12862631923529877,0.018190508514069084,-1.5995600000000008,0.1172689490018463,0.016584333812364984,0.9804880800000002,0.0068848209011498455,0.0009736607092915865,6.511828080000002,0.019227106293443395,0.002719123448537674
GLY  37,5.956200000000001,0.03550605582142787,0.005021314568903948,-1.34864,0.04895539194000142,0.006923337923284051,-21.733980000000003,0.44461423683883466,0.06287794837616434,5.00234,0.21894333604838825,0.03096326352308408,0.31630406399999994,0.0059880255440262495,0.0008468346936198452,-11.807775935999999,0.22023791276754015,0.03114634431845979
SER  38,12.592080000000003,0.04038556177543497,0.005711380918687658,-4.081180000000001,0.13046067453448998,0.0184499255283018,-7.342619999999999,0.43065391627154304,0.060903660908030344,-1.9272800000000003,0.259881283666214,0.036752763596768934,0.060493680000000015,0.013929698730869819,0.0019699568864967386,-0.6985063199999999,0.12403313400351089,0.01754093402914046
PRO  39,19.59122,0.030100026577495744,0.004256786581368509,-7.67482,0.08344835288964082,0.01180137924142261,-7.319739999999999,0.24478993525066295,0.03461852463639193,-2.37452,0.21960712556745463,0.03105713753712656,0.17148153600000005,0.019776721028175424,0.0027968507097314863,2.3936215359999995,0.07160630525693917,0.010126660804579123
ALA  40,9.647920000000001,0.0482024231751682,0.006816852059357005,-7.091099999999998,0.05063249944472765,0.007160516741158204,-7.537780000000001,0.19852781064621058,0.028076072232410872,-1.64942,0.14944351307433573,0.021134504299840654,0.0,0.0,0.0,-6.63038,0.09250813802044083,0.013082626341838958
GLU  41,17.131739999999994,0.05126394834739325,0.007249817101367734,-5.778479999999999,0.046632709550394766,0.006594861029637363,14.378860000000001,1.3414004325331077,0.18970266842614567,-89.21808000000001,1.3301112410611702,0.1881061356573616,0.602780112,0.008249038612415256,0.0011665902282216993,-62.883179888,0.04185184694089058,0.005918744955417038
LYS  42,12.336640000000003,0.2233731192421159,0.03158972947017828,-3.55154,0.04926061712966139,0.006966503283563554,-24.430979999999998,1.7730996981557425,0.25075416405714923,-18.820640000000004,1.7104308435011042,0.24189144963805143,1.286754912,0.007888947308243683,0.0011156656276164938,-33.17976508800001,0.18409818699168065,0.02603541528519329
ALA  43,7.3853800000000005,0.01736765960042041,0.002456157975359383,-3.8734400000000004,0.027080738542341463,0.0038297947725659098,-8.19432,0.09026526242132409,0.012765435832740299,-3.3442799999999995,0.08288378369742237,0.011721537100569274,0.17873380800000002,0.003160051377039849,0.0004468987515205529,-7.847926192000002,0.052210574323885255,0.0073836902308127015
GLY  44,6.275779999999998,0.023743875000259804,0.003357891004865889,-2.1165999999999996,0.02428168033727096,0.00343394816501767,-11.09456,0.10134242152221654,0.014331982696044967,-1.76306,0.08557088523557464,0.012101550644442129,0.27118108799999996,0.005335367698095123,0.0007545349358893444,-8.427258911999997,0.0405397772308252,0.005733190277541699
LEU  45,10.353200000000005,0.030122416899569328,0.004259953051082746,-7.475520000000002,0.057374642482268146,0.008113999753473114,-28.150620000000004,0.1417989971763788,0.02005340649377391,-1.1147200000000004,0.09681736207932441,0.013692042652576718,0.006256079999999998,0.0009447401471304295,0.00013360643289902065,-26.381403920000004,0.15118745085178847,0.0213811343455215
LEU  46,10.77136,0.019276680211935817,0.00272613425932487,-3.5725999999999996,0.03446447446289943,0.004874012720549356,-31.05458,0.16397134993656373,0.023189050692091318,-0.88078,0.09958981674850034,0.014084126951998038,0.886087008,0.010267100609231992,0.001451987292782495,-23.850512992,0.08463299028546546,0.011968912268589565
ALA  47,6.957040000000001,0.029155418020797533,0.004123198758166881,-3.4315799999999994,0.049402060685751446,0.006986506423096838,2.6227,0.2164200776268178,0.030606420894968376,-8.21598,0.16976672112046376,0.02400863994481708,0.4145123519999999,0.005878073184516982,0.0008312850818165524,-1.6533076480000002,0.08444644836605898,0.01194253125735199
GLY  48,6.135239999999999,0.016049373820105805,0.0022697242123989316,-2.6415399999999996,0.056585231288765865,0.008002360151859109,-11.115,0.21761360251600878,0.03077521080350075,-2.8848199999999995,0.1902428647807992,0.026904403951771703,0.22210588800000003,0.0058290844196529695,0.0008243570242490931,-10.284014112000001,0.06367426373570977,0.00900490073491621
ASP  49,12.0558,0.052903686072164044,0.0074817110342783,-8.500779999999999,0.06316495547391492,0.008932873669790314,31.286440000000006,0.9587174173859788,0.13558311741505585,-96.96216,0.9020633538722338,0.12757102291658737,0.015395615999999996,0.0028560395436590586,0.00040390498573165056,-62.10530438399999,0.1405506003481966,0.01987685652121003
ARG  50,13.125140000000002,0.05416826007865538,0.007660548805338753,-8.499999999999998,0.06651045030679804,0.009405998086341558,-213.37903999999995,1.10330175310828,0.15603043026357416,8.046539999999998,1.070481297547998,0.15138891692591275,0.452389248,0.0064416203201994844,0.000910982682048423,-200.25497075200002,0.08798902871453985,0.012443527774813796
LEU  51,12.667139999999996,0.11412134068642642,0.016139194775494473,-8.934099999999999,0.05929224232577899,0.008385189324062872,-32.321839999999995,0.10920812424105633,0.015444361042302783,-0.94576,0.10719450732197142,0.015159592606663401,0.0,0.0,0.0,-29.53456000000001,0.08514015738428296,0.012040636527543277
VAL  52,12.53896,0.018781863592260094,0.002656156621881568,-6.55122,0.03126166342323286,0.004421066839547883,-31.823759999999993,0.09043396707169467,0.01278929427319925,-0.8375600000000002,0.08360673657068407,0.011823778076401604,0.06344308799999995,0.002425835561174558,0.0003430649550700008,-26.610136912,0.05223906235716829,0.007387719047116122
GLU  53,15.51918,0.018911044391622705,0.0026744255457272484,-7.854079999999999,0.018960843863717828,0.0026814682546108426,9.218879999999999,0.5443801480583449,0.07698697884707849,-86.33874,0.5385123883410069,0.07615715230977789,0.3277074240000001,0.0031055324713368925,0.00043918861393546683,-69.127052576,0.02749286103639792,0.0038880776946112762
VAL  54,11.250820000000003,0.027479221239747983,0.003886148736070241,-6.850600000000001,0.07873931673555928,0.011135420961941875,-25.481240000000007,0.0692050749579193,0.009787075559053613,-2.56606,0.087956900809452,0.012438984202903207,0.0008553600000000008,0.0005334106770584917,7.543566138107341e-05,-23.646224639999993,0.07090784177262237,0.010027883151344803
ASN  55,17.299680000000002,0.053466415627282764,0.007561293011158007,-4.82622,0.10843676313868202,0.0153352741090563,-90.25630000000001,0.26633334376087275,0.0376652226858802,-6.501940000000001,0.21097340211499857,0.029836144657102357,0.380400048,0.013375325537456037,0.0018915566776225533,-83.90437995199999,0.10292331717503989,0.014555555103336911
GLY  56,6.093859999999999,0.014696952065030472,0.002078462893591336,-2.0873399999999998,0.015342242339394341,0.00216972071935862,-7.988419999999996,0.06621060036015931,0.009363592900220223,-6.502700000000001,0.07902562875415646,0.011175911595918929,0.33093158399999995,0.004171489380805509,0.0005899376857630495,-10.153668416,0.04822963661954075,0.00682070062156806
GLU  57,13.79202,0.023381608156708804,0.0033066587365310975,-3.58274,0.04967043788813932,0.007024460691041705,7.000519999999998,0.8090581002622973,0.11441809381387522,-87.72283999999999,0.7776559486038882,0.10997715893757332,0.6937005599999999,0.0022841737587529004,0.0003230309508445082,-69.81933944,0.04379949542282021,0.006194184045205064
ASN  58,20.433100000000003,0.01150695441861043,0.0016273291000407884,-5.104480000000001,0.025707773143385567,0.003635628143778668,-91.27202000000003,0.15493850262753792,0.021911613174964352,-5.293040000000002,0.14538720163746136,0.02056085523511697,0.5500699199999999,0.006185784117290275,0.0008748019792583991,-80.68637008000002,0.019427392053123833,0.002747448132306701
VAL  59,12.83844,0.022454540743991554,0.00317555160570121,-6.924099999999999,0.06970946851034347,0.009858407579314794,-30.71832,0.13788349284789297,0.01949967056128639,-0.56328,0.117658665639212,0.016639448067769486,0.0,0.0,0.0,-25.36726,0.08117827541855988,0.011480341806698581
GLU  60,16.81514,0.032859707850890436,0.004647064449834692,-5.369059999999999,0.03734616981716358,0.005281545985812146,-21.390460000000008,0.9902168491798458,0.14003780978004915,-56.61833999999999,0.9489095554381357,0.13419607627660357,0.385390512,0.0034141419771598035,0.00048283258879666874,-66.17732948799998,0.032359629420192985,0.0045763426799404336
LYS  61,9.407759999999994,0.018639270374582132,0.002635990895647309,-1.9492199999999997,0.06620129605982446,0.009362277073448028,-10.067219999999999,1.2656216858129454,0.17898593529101675,-32.51236,1.246549634150009,0.17628873987861626,1.3106685599999996,0.009116523799652419,0.001289271159916555,-33.810371440000004,0.08929634695033525,0.012628410492753747
GLU  62,15.807099999999998,0.052127248153944615,0.007371906130849635,-4.82728,0.0947605487531243,0.013401165322458526,-23.355940000000004,1.7575343343444578,0.24855288919663018,-62.96392000000001,1.7159216163915798,0.24266796218701353,0.283980528,0.004767846264928996,0.0006742752851172492,-75.05605947199999,0.08008293393279764,0.011325437128239095
THR  63,14.559820000000002,0.030875031983039845,0.004366388896911802,-3.7470800000000004,0.0668349728809697,0.009451892508910537,-30.744,0.6721592965957911,0.09505767933209275,-5.21422,0.6552898378580314,0.09267197759840944,0.5530986720000002,0.011291868856592458,0.0015969114081531427,-24.592381328000005,0.09112730841608331,0.01288734754645809
HIE  64,30.463040000000007,0.1890530042070004,0.026736132255691776,-11.24096,0.2647581507715938,0.03744245675700087,-17.412739999999992,1.022827254427761,0.1446496175176576,-4.30614,0.44441516670788883,0.06284979560825964,0.06285139199999996,0.016571315145345007,0.0023435378624905583,-2.433948608,0.6338111320897157,0.08963442989843212
GLN  65,20.199260000000002,0.23949161237915645,0.033869228630120325,-4.1907,0.20796425173574096,0.029410586529345733,-81.94427999999999,1.7265317957110395,0.2441684681362926,-5.178280000000001,1.3116607646796459,0.185496844264262,0.7755838559999999,0.018302643727158358,0.00258838469862302,-70.338416144,0.6882802906828758,0.09733753217978192
GLN  66,20.81852,0.1203282576951765,0.017016985396924332,-6.33894,0.11863648848476158,0.016777733100746935,-73.42286,1.0121943096064898,0.14314589204023695,-9.93956,0.4245593084599538,0.060041753205580896,0.6675684480000003,0.01452842314550887,0.0020546293052273825,-68.21527155199999,0.37009106986321605,0.05233878103137288
VAL  67,12.64542,0.09009152901350602,0.01274086621858294,-7.027060000000001,0.10022363194359588,0.014173761956492264,-29.75406,0.4764547999549255,0.06738088399540156,0.9770200000000002,0.2242832575115667,0.03171844245860749,0.00023472,0.0005585214080051006,7.898685500765302e-05,-23.158445279999995,0.3626262749632955,0.05128309961259276
VAL  68,14.021820000000005,0.09921606523114733,0.014031270505518223,-4.313059999999998,0.21004384399457576,0.02970468528701076,-34.22162,0.4588259752886747,0.06488779170223063,0.9400800000000001,0.3633326211613811,0.051382992049899094,0.14898715199999996,0.03317817492033143,0.004692102494711958,-23.423792847999998,0.3570038469265276,0.05048796821428637
SER  69,13.9429,0.5652387902471344,0.07993683631468586,-4.220820000000001,0.23973115692373986,0.03390310534449456,-6.635079999999999,0.765869358050061,0.1083102833160372,-5.6843200000000005,0.4763318355936267,0.06736349420865782,0.5270500800000001,0.023852812876839546,0.003373297147117409,-2.0702699200000003,0.45557132952517626,0.06442751528428467
ARG  70,14.41068,0.14173107492719733,0.02004380083717598,-7.5198800000000015,0.15467884664676199,0.021874892274007893,-226.08947999999998,1.7615461871943856,0.2491202508676915,17.256799999999995,1.6327003766766632,0.2308987015987798,0.6453911520000001,0.010555943608065301,0.0014928358614171532,-201.296488848,0.2200433566475643,0.031118829928108535
ILE  71,13.741859999999996,0.13529981670383448,0.019134283576915656,-7.541459999999998,0.1630435782238626,0.02305784395820251,-10.058679999999999,0.45857014468893414,0.06485161179184831,-0.6049200000000001,0.48984253959818547,0.06927419629270337,0.00022910400000000002,0.0006490929822329001,9.179560987149658e-05,-4.462970895999999,0.28090519659719954,0.03972599387688402
ARG  72,13.709680000000002,0.6782086534392991,0.0959131875812651,-4.336180000000001,0.9505663088917001,0.1344303765969575,-176.76706,5.651336448699459,0.7992196651284177,-32.37391999999999,5.614780508052042,0.7940498744235295,1.1632848479999998,0.1866573235671512,0.026397331850492835,-198.60419515200002,0.701544024057515,0.09921330734239346
ALA  73,8.348719999999998,0.07356984164729037,0.0104043467839239,-1.9991000000000003,0.1639557562270981,0.023186845408549917,-10.95264,0.2986699020657847,0.04223830261740768,-2.1912999999999996,0.2895209318857666,0.040944442846374815,0.56556288,0.010329768812745312,0.0014608499151163043,-6.228757119999999,0.25701003899251285,0.03634670828092496
ALA  74,8.938439999999998,0.6099665289178164,0.08626229377892167,-3.1855599999999997,0.15732325447944162,0.02224886801615001,-2.2028999999999996,1.9580060291020562,0.2769038681564417,-2.6611400000000005,1.1540558913674843,0.16320814933084676,0.099475488,0.011560912537280725,0.001634959930363155,0.9883154880000002,0.09343157756804835,0.01321322041506478
LEU  75,12.678360000000005,0.3996337202988061,0.056516742722818765,-1.49604,0.5364417567639571,0.0758643207838837,-26.1299,1.4173664064031046,0.20044587947872866,-4.395460000000001,1.082220295688448,0.1530490619638024,1.0045789920000001,0.09814242075322688,0.013879434247334016,-18.338461008000007,0.585845801840778,0.08285110784225688
ASN  76,19.0763,0.34618129643295126,0.04895742844553804,-2.7707200000000007,0.09085197631309508,0.012848409707037824,-81.74865999999999,1.6701926908005105,0.2362009155106495,-16.789040000000004,0.6954790855229886,0.09835559550934482,0.8681544,0.062482105242481115,0.008836304063953986,-81.36396560000001,0.6475477190516432,0.09157707665665964
ALA  77,7.372639999999999,0.3777227427624792,0.05341806256314619,-3.24548,0.06458985678879421,0.00913438514624487,-3.6482800000000015,0.26008398951106015,0.036781430532264306,-1.72804,0.4123000829493003,0.05830803690744526,0.37275681599999994,0.005828230833570501,0.0008242363089476451,-0.876403184,0.2871584459488686,0.04061033688108713
VAL  78,11.110860000000002,0.09743367179748658,0.013779202008781445,-7.329860000000002,0.24015012054957383,0.0339623557486741,-20.897439999999996,0.2425841017049339,0.034306572664721174,-1.3580400000000004,0.12776853446760542,0.018069199428862183,0.0008032320000000001,0.0009034553114437923,0.00012776787544418195,-18.473676768,0.06351953304417382,0.008983018510667658
ARG  79,12.595080000000003,0.04629247886972327,0.006546745145343257,-7.089740000000001,0.02194703624604471,0.0031037796313050326,-190.54586000000006,0.666486579282039,0.09425543595603106,-13.970500000000001,0.6577989130425353,0.09302681441390337,0.8349307200000001,0.00612530960260644,0.000866249591374018,-198.17608928,0.04146802443324567,0.00586446425583149
LEU  80,11.247759999999996,0.04879039249835273,0.006900003478467694,-7.831259999999999,0.08834337779371591,0.012493640302172315,-35.37922,0.07589131439237119,0.01073265260800118,0.31283999999999995,0.06868256256139557,0.009713181147286419,0.0012791520000000006,0.000323172094240819,4.570343586558822e-05,-31.648600848,0.05646966877887737,0.007986017144980491
LEU  81,13.658799999999996,0.025122101824761555,0.0035528017115895667,-7.105899999999999,0.03654818736970951,0.0051686942258396245,-35.15193999999999,0.043055968237321614,0.006089033422232543,0.6131399999999999,0.04029541413114146,0.005698632116570072,0.24100372800000006,0.002746702448172042,0.0003884423854008285,-27.744896272000002,0.047886506456256965,0.006772174688510537
VAL  82,12.032739999999999,0.02156368243261336,0.0030495652150908264,-6.68648,0.03020545646074131,0.004271696618445038,-33.087579999999996,0.04154182953222596,0.005874901873026511,1.09068,0.04525414456157327,0.006399902499256956,0.0,0.0,0.0,-26.65063999999998,0.032985912159747145,0.0046649124343562005
VAL  83,11.389380000000003,0.04756086206038058,0.006726121616394619,-4.9746999999999995,0.03176806572649617,0.0044926829400770765,-31.67641999999999,0.08019204200384857,0.011340867339623554,-1.1072199999999999,0.05184603745707183,0.007332136932709447,0.21245184000000003,0.005395853704168892,0.000763088948901675,-26.15650816,0.057314758326532524,0.008105530854951857
ASP  84,14.021079999999998,0.02919098491101661,0.004128228676018806,-3.8910199999999997,0.04793849809913557,0.006779527417159436,25.191739999999996,0.44466152565761846,0.0628846360250516,-95.32492,0.43631950861545304,0.06170489666119382,0.3799905120000001,0.005178307516571435,0.0007323232720073863,-59.623129488000004,0.07467846029413235,0.010561129136510264
PRO  85,18.029239999999994,0.01866929029612595,0.0026402363536661734,-3.6720600000000014,0.04875137331388781,0.006894485332481392,-5.138979999999999,0.07384970954582944,0.010443926081702581,-6.921699999999998,0.07586679115425282,0.01072918449840715,0.633085776,0.006721609672515487,0.0009505791559849579,2.9295857759999997,0.04490630428558075,0.006350710455672134
GLU  86,14.638960000000003,0.015252488322746291,0.0021570275845965063,-2.2813800000000004,0.028595027539727803,0.004043947576311521,10.720979999999999,0.4388563086022817,0.062063654355833914,-90.62623999999998,0.42731985959316776,0.06043215409080246,0.7311707999999999,0.006006928759375009,0.0008495080119717127,-66.81650919999997,0.056684149157333365,0.00801634925098803
THR  87,13.204319999999997,0.01005075121864503,0.0014213908685445714,-1.9734199999999995,0.013701226222506517,0.0019376459945010605,-31.78099999999999,0.09440995710484293,0.0133515841760731,-8.147880000000004,0.07897129605069222,0.011168227791306978,0.562126464,0.003939264600073651,0.0005570961423200383,-28.135853536,0.015973088214472467,0.002258935798588881
ASP  88,12.795720000000006,0.025428362115328833,0.003596113457243224,0.12678000000000003,0.019100041884770665,0.0027011538275336843,-0.44662000000000013,0.5470184234557368,0.07736008733190518,-84.50344000000003,0.5323007104952259,0.07527868840431828,0.9571857119999998,0.004396115577076704,0.00062170462708615,-71.070374288,0.0232393199170705,0.0032865361407048294
GLU  89,15.001239999999997,0.016246304197190902,0.002297574373410631,-1.4312999999999996,0.024106638089982042,0.0034091934530072446,39.702380000000005,1.131843220414984,0.16006680327909106,-119.74412000000001,1.1207202798208873,0.1584937819349269,1.0032913440000004,0.004222860211852357,0.0005972026183607324,-65.46850865599998,0.019950634593051107,0.0028214458019442707
GLN  90,19.659900000000004,0.009702061626734608,0.0013720787135507654,-1.37452,0.011112587457462315,0.0015715571895400355,-66.41148,0.0491317575612931,0.006948279788640756,-10.874160000000002,0.054321399098412354,0.007682205933205637,1.252546704,0.005117135520928123,0.0007236722454197664,-57.747713295999986,0.01673546948601785,0.0023667527919807533
LEU  91,8.348519999999999,0.007894909755105914,0.0011165088449382433,0.04088,0.012939304463532794,0.00182989398600028,7.149559999999999,0.7323977924598228,0.10357668911487967,-114.13557999999999,0.7231358680116221,0.10226685519804764,1.476871632,0.005919420947264366,0.0008371325385016659,-97.11974836799996,0.01239889579907983,0.001753468659750949
GLU  92,8.937540000000002,0.6080013555905837,0.08598437630174302,-2.1636400000000005,0.7594254343910258,0.10739897489268678,-76.58973999999998,13.34276104081926,1.886951362342995,-86.95523999999997,13.635337962163037,1.9283279873631687,1.2645090719999998,0.15211078873683206,0.021511714041489653,-155.50657092800003,1.1067233445608402,0.15651431636728522
GLU  93,14.686739999999997,0.33412798805267185,0.0472528332272524,-3.0144199999999994,0.29370162342078204,0.041535681913266544,-11.363320000000002,4.518727066066282,0.6390445101493321,-67.12964,4.076091440387543,0.5764463796468947,0.648807264,0.04116102240902059,0.00582104761319798,-66.17183273599998,0.6879884105729515,0.09729625409877772
GLU  94,15.16886,0.2877271631249643,0.04069076563544604,-3.3785199999999986,0.7909643541905095,0.11185925170498949,1.8308999999999997,7.7257544440656405,1.092586671436184,-80.82564,6.551678959655925,0.926547324105986,0.7592952959999999,0.07237546954078214,0.010235437060769494,-66.445104704,1.1514056656297542,0.16283335081268194
SER  95,11.072519999999999,0.49522597831700926,0.07003552949753988,-4.2440999999999995,0.19891870198650527,0.028131352615896766,-5.28404,0.8251757621258627,0.116697475413995,-5.751460000000001,1.1225887797408258,0.1587580277277339,0.2307833280000001,0.0316908139144893,0.004481757884051276,-3.9762966719999997,0.5778302174125561,0.0817175330213831
ARG  96,12.712639999999999,0.1569635320702645,0.02219799558517523,-6.167440000000004,0.2461629671578361,0.03481270067086146,-212.84048,4.925380940556262,0.6965540525988616,8.50272,4.490978704202459,0.6351202991811866,0.7455186720000002,0.06175933678164127,0.008734089167976461,-197.047041328,0.9368444078236601,0.1324898067377611
PHE  97,6.832940000000004,0.2694885088458233,0.038111430411346514,-9.730560000000004,0.44741238963614366,0.06327366693971899,-38.12102,5.701266338244562,0.8062808178246652,-37.06727999999999,5.304567428320671,0.7501791199653663,0.097076016,0.06238720988602507,0.008822883833943349,-77.98884398400003,1.0506571300274892,0.14858535626888675


