#Frame       SA_00001
       1    6048.4673
       2    6043.9139
       3    6036.1590
       4    6088.6249
       5    6016.5170
       6    6024.2419
       7    6061.3991
       8    6056.5117
       9    6035.5691
      10    6049.8127
      11    6076.5548
      12    6058.1588
      13    6080.6151
      14    6022.7998
      15    6044.1290
      16    6023.2137
      17    6077.0376
      18    6022.6514
      19    6046.2504
      20    6068.3477
      21    6045.5905
      22    6064.7279
      23    6015.6950
      24    6058.5827
      25    6035.6660
      26    6065.3964
      27    6029.6543
      28    6020.3212
      29    6088.5011
      30    6117.8377
      31    6070.1348
      32    6053.6122
      33    6082.5369
      34    6051.2629
      35    6050.0980
      36    6018.9197
      37    6089.3512
      38    6048.0574
      39    6007.6049
      40    6058.5250
      41    6084.7918
      42    6017.7034
      43    6045.7589
      44    6056.0067
      45    6020.2998
      46    6088.6985
      47    6092.9381
      48    6077.5739
      49    6007.9739
      50    6112.7538
