| Run on Mon Jun 20 15:46:04 2016
| GB non-polar solvation energies calculated with gbsa=2
idecomp = 2: Per-residue decomp adding 1-4 interactions to EEL and VDW.
Energy Decomposition Analysis (All units kcal/mol): Generalized Born Solvent

Total Energy Decomposition:
Residue,Internal,,,van der Waals,,,Electrostatic,,,Polar Solvation,,,Non-Polar Solv.,,,TOTAL,,
,Avg.,Std. Dev.,Std. Err. of Mean,Avg.,Std. Dev.,Std. Err. of Mean,Avg.,Std. Dev.,Std. Err. of Mean,Avg.,Std. Dev.,Std. Err. of Mean,Avg.,Std. Dev.,Std. Err. of Mean,Avg.,Std. Dev.,Std. Err. of Mean
GLY   1,1.16312,0.003860777123794515,0.0005459963369769992,0.0429,0.03739639020012493,0.005288648220481298,-31.411119999999997,0.3802145520624031,0.05377045761382617,-83.58668,0.37631584818700364,0.053219097624199525,1.0017283679999998,0.005226507804114528,0.0007391398220427588,-112.790051632,0.009226727300557467,0.0013048562884766465
SER   2,11.237679999999997,0.0217848020437965,0.003080836250395013,-0.5306400000000002,0.01927252967308032,0.00272554728449081,-4.1348,0.128801552785664,0.018215290280420012,-12.272219999999999,0.09661703576485782,0.01366371223349483,0.8333195040000001,0.011285699267023245,0.0015960388964288371,-4.866660496,0.012097833350909653,0.0017108920000185976
HIE   3,27.189500000000002,0.03224174312310373,0.004559671039924277,-1.7871199999999996,0.023689356259760323,0.0033501808906441022,-5.141020000000001,0.14633133499013293,0.02069437585432066,-22.830739999999995,0.11224844052446435,0.01587432669449272,1.3201866720000002,0.006642530173511147,0.0009393956259851973,-1.249193328,0.08735921046934679,0.01235445802439559
GLY   4,3.92654,0.01217901473817944,0.0017223727819075173,-2.1196599999999997,0.03710881835899153,0.005247979420692553,-5.8466,0.07825190093535479,0.011066489958425463,-5.639779999999999,0.0885799729058994,0.012527099903816423,0.172604592,0.002358825496540895,0.00033358830084795837,-9.506895407999998,0.05475047946603137,0.007742887060729121
GLY   5,5.689500000000001,0.01512249979335898,0.0021386444304752595,-4.029359999999999,0.017861422116033664,0.0025259865399765553,-7.974520000000002,0.4863806427068942,0.06878461013918323,-2.99496,0.4839616910458943,0.06844251871461214,0.022361904,0.002028560710746445,0.0002868818069234828,-9.286978095999999,0.028610066782717165,0.004046074446451859
SER   6,11.45568,0.008732559763802612,0.0012349704452203245,-3.058660000000001,0.025975842623302926,0.0036735388931944113,-2.6274799999999994,0.040388731101687024,0.005711829129104583,-6.10858,0.02102863761640883,0.00297389845153544,0.446234832,0.002151905188742711,0.0003043253502860977,0.10719483199999998,0.009154743169602136,0.0012946761950493797
PRO   7,18.856859999999998,0.007823068456087314,0.001106348950997183,-3.484860000000001,0.017337831467507333,0.002451939640348789,0.09306,0.17943114668306615,0.025375396115134834,-3.13602,0.17261361359986216,0.0244112513403154,0.595934496,0.01445220827717682,0.0020438508951824163,12.924974496000003,0.03613486355744232,0.0051102414117436224
ARG   8,13.742099999999999,0.020909567189639062,0.0029570593502939043,-5.676360000000001,0.01841820838177551,0.002604728008812074,-187.72974,0.7040862109125073,0.09957282685523514,-20.5018,0.6767808803446365,0.09571126997381876,0.5486055840000001,0.00440489181010954,0.0006229457738643084,-199.61719441599996,0.06476606341368628,0.009159304526115105
VAL   9,10.74634,0.008526687514437852,0.0012058557125035345,-2.26844,0.020549608268752823,0.002906153471512454,-30.281860000000005,0.0374283368549622,0.005293166159735629,-2.795059999999999,0.03501337458752345,0.004951638920612514,0.7227515520000002,0.008740933366209918,0.0012361546514293577,-23.876268447999998,0.024958646963371398,0.003529685703408189
VAL  10,11.0015,0.035138155898902235,0.004969285662900771,-4.722919999999999,0.051342707369290676,0.007260955309060392,-21.766899999999996,0.04348666462540507,0.006149943089561815,-1.5283199999999997,0.03008417524215518,0.004254544864026474,0.06558436799999995,0.003429328908195237,0.00048498034518078227,-16.951055632000006,0.04403272891328894,0.006227168241747113
ARG  11,12.00062,0.044711470564372455,0.006323156806578094,-4.74396,0.07085392296829028,0.010020257880909466,-188.27822,0.8614712134427415,0.12183042736447323,-18.17134,0.7781517489538388,0.11004727569548627,1.135627776,0.009520699347814805,0.0013464302140956377,-198.05727222399997,0.08837524785688153,0.012498147409728565
ILE  12,14.16452,0.09006625117072739,0.012737291391774432,-7.1897400000000005,0.1642605016429233,0.023229942918563017,-14.041399999999994,0.1461952119603381,0.020675125150831947,-2.4393000000000002,0.13214389883757963,0.018687969392096337,0.009959616000000001,0.002350400731055011,0.0003323968590869634,-9.495960383999998,0.2567707342146441,0.036312865474684694
VAL  13,11.36686,0.17313232049504218,0.0244846075729214,-2.86244,0.08342257727978858,0.011797734019719463,-20.693060000000006,0.1132145591331916,0.01601095649842503,-2.4424200000000003,0.11740410384649166,0.016603447593796776,0.63598032,0.02101556286595328,0.002972049402593552,-13.995079679999995,0.22248469844259514,0.03146408779580062
LYS  14,11.343499999999999,0.2905404791075179,0.04108862859722287,-6.102099999999998,0.2771494362253141,0.03919484915138964,3.97464,3.9888062813829404,0.5641023940810747,-43.62688,3.79218825819602,0.5362964065812815,0.6901603199999999,0.038434428732918295,0.005435449037615522,-33.72067968,0.14428944652110348,0.020405609217745195
SER  15,11.0824,0.1433952579410711,0.0202791518560251,-2.28846,0.09144008092734189,0.012931580259194027,-18.9513,0.3255202144261891,0.046035510206811465,-4.313760000000001,0.37935938422554644,0.053649518618527375,0.37516809599999995,0.012066620071603308,0.0017064777757264805,-14.095951904000005,0.1039764961850803,0.014704497107297492
GLU  16,15.917760000000001,0.023351710858377592,0.003302430620053266,0.46466000000000013,0.011302406823324625,0.0015984017017003894,-35.201460000000004,0.8505358830758258,0.12028393811308098,-47.523019999999995,0.8416271499900658,0.1190240529977366,1.344840336,0.006168056554012018,0.0008722949232168052,-64.997219664,0.02409134589610518,0.003407030810209335
SER  17,10.394419999999998,0.04133429084948502,0.005845551471041583,-1.1801400000000002,0.03305208616712425,0.004674270852227129,-7.44232,0.10022064457988782,0.014173339479465096,-10.288199999999996,0.16437834407278987,0.02324660835481705,0.570509136,0.012202905116763092,0.0017257513916478402,-7.945730864,0.01616931558718667,0.0022866865397690073
GLY  18,5.3437,0.06826338696548262,0.009653900766010828,-2.8050800000000016,0.12021261830602607,0.017000631517676227,-12.185680000000001,0.2996878002187843,0.04238225515471633,-0.12909999999999996,0.12877208548439373,0.018211122974709715,0.12988728,0.007908013697104763,0.0011183620221877756,-9.646272719999997,0.04876293840886239,0.00689612088389771
TYR  19,10.363780000000004,0.0545575989199749,0.007715609632314022,-9.485739999999998,0.12058952027459065,0.01705393350523914,-33.63525999999999,0.3838425619970633,0.054283535699228246,0.6992600000000002,0.29005915327739545,0.041020558845534905,0.045056592,0.006741327050480169,0.0009533676143181669,-32.01290340799999,0.19778368831385595,0.02797083744296281
GLY  20,6.488739999999998,0.049059885854302904,0.0069381155943631125,-2.9846000000000004,0.043757513640519594,0.006188246924614851,-15.829680000000002,0.34135837121700496,0.0482753638204678,1.9672399999999997,0.24920221186819771,0.03524251477973787,0.014413680000000002,0.0018284724273556685,0.000258585050519164,-10.343886320000001,0.10609082787597247,0.015003508762558989
PHE  21,9.404399999999999,0.11075703137958508,0.015663409590519168,-9.409719999999998,0.0523633612372465,0.007405297563315561,-4.73624,0.1878458474388093,0.026565414508343144,-3.58848,0.2934644264642632,0.04150213719798028,0.0013183200000000006,0.0007107625426258751,0.00010051700274082977,-8.32872168,0.15905951688917613,0.022494412600918525
ASN  22,20.329760000000004,0.020249009852086212,0.002863642435744674,-6.416099999999999,0.17005343277926324,0.02404918709645355,-101.64592000000005,1.2758829074770976,0.18043709117541282,2.4924599999999995,0.9433415120729097,0.13340863603230516,0.116312832,0.009733153676900958,0.0013764757934534892,-85.123487168,0.3255158673580682,0.04603489543854215
VAL  23,11.052700000000002,0.11192573430615675,0.015828689143433446,-7.597519999999999,0.10748288049737681,0.015200374732231691,-22.62815999999999,0.953654913687621,0.1348671712760777,-0.6620199999999998,0.09930870858087057,0.014044372253682451,0.0,0.0,0.0,-19.834999999999997,0.8335169104464394,0.11787709192206751
ARG  24,11.927700000000002,0.13834597934143034,0.01956507602844388,-8.129700000000001,0.18749935999885478,0.02651641378466558,-127.31808000000005,2.2213270073513263,0.3141430780261885,-76.87182000000003,2.206503702149073,0.3120467461005663,0.783463536,0.007196990763316746,0.0010178081945756436,-199.608436464,0.06809103571808815,0.00962952661885511
GLY  25,6.370180000000001,0.08245791411370837,0.011661310046460222,-3.9866000000000015,0.0826060530468996,0.011682260055303673,-18.96838,0.055197786188259455,0.007806145784040683,0.7901799999999999,0.16128021453358757,0.022808466673584188,0.055533167999999994,0.0018311129744978875,0.00025895848027722516,-15.739086832000007,0.3174120056311506,0.04488883632236183
GLN  26,19.622959999999996,0.12019100798340787,0.016997575356542834,-7.437279999999999,0.179806789638248,0.02542852005131764,-78.80207999999999,0.12891979522350194,0.01823201228634386,-4.9414,0.09191713659599815,0.012999046118856092,0.3220503840000001,0.008379606383864546,0.0011850552995409408,-71.235749616,0.07035334237479396,0.009949465094471139
VAL  27,12.197699999999998,0.03465616828284041,0.00490112232054772,-1.9467800000000002,0.0868652496686635,0.012284601418034892,-21.705020000000005,0.08628220905837995,0.012202147024187164,-6.657839999999998,0.08382872061535725,0.011855171361062329,0.6731049599999999,0.022548852084811864,0.0031888892434285775,-17.43883504,0.10905341388122941,0.015422481693392097
SER  28,11.175640000000003,0.02801411072919521,0.00396179353310495,-2.1608,0.10544761732728401,0.014912545054417322,-10.680159999999999,0.08547756664774618,0.012088353403189278,-6.817419999999999,0.063511287185818,0.008981852370195637,0.6679704960000001,0.01276024833526608,0.0018045716254982,-7.814769504000001,0.10174357540220101,0.01438871442181223
GLU  29,14.47436,0.1005241781859584,0.014216265613699198,-2.1018600000000007,0.07202277695282812,0.010185558796646189,-16.48912,2.143143174311967,0.30308621432193095,-62.76358000000001,1.664687887743112,0.23542241879645293,0.95674752,0.03718853152766276,0.00525925256511601,-65.92345248,0.38444518947393136,0.054368760094312796
GLY  30,4.914380000000001,0.07087845652931915,0.0100237274503835,-2.0810000000000004,0.10293667956563429,0.014557444830737344,-10.010819999999999,0.18369895916961607,0.025978955945149245,-1.997479999999999,0.1978139772614734,0.02797512094701387,0.2250810719999999,0.005623789393749469,0.0007953239232570466,-8.949838927999998,0.027609209255122804,0.0039045318174991445
GLY  31,5.365060000000001,0.037755216857833555,0.005339393973068552,-1.7257199999999997,0.045964786521875876,0.006500402449082091,0.28628,0.05413244498450056,0.007655483786149612,-11.100580000000003,0.06652731469055238,0.009408383070364202,0.39503289599999997,0.006963221725408265,0.0009847482601883352,-6.779927104,0.0365857058577271,0.005174000141299045
GLN  32,18.544719999999998,0.02065336776604162,0.0029208272803415373,-1.9838600000000002,0.03240556125109752,0.0045828384217614145,-67.44912000000002,0.08182020286258278,0.01157112405643825,-14.44644,0.08472453245667579,0.011981858286595037,1.1475352799999998,0.00612003494109715,0.0008655036415896814,-64.18716472000001,0.009766183824121937,0.001381146961670198
LEU  33,11.904179999999995,0.01170246128434636,0.001654977946146869,-3.2042599999999983,0.01650552634766309,0.0023342339214971596,-22.991359999999997,0.02788315620908779,0.003943273767265953,-0.6849999999999998,0.029608106997919704,0.0041872186472651785,0.7799564160000001,0.007086990837844163,0.001002251855929308,-14.196483584,0.02595245647801667,0.0036702315928108663
ARG  34,11.13876,0.014328377438462327,0.002026338570027409,-3.88988,0.014559725272012073,0.0020590560944105775,-134.57023999999998,0.5774794389471333,0.08166792545506416,-72.62708,0.5738243229408466,0.0811510139922504,1.2168165600000003,0.013122602613287418,0.0018558162589343685,-198.73162344,0.06560036380722761,0.009277292419279042
SER  35,10.44136,0.02340919477397012,0.003310560073358192,-3.33646,0.011296388803257978,0.0015975506251407008,-12.754159999999997,0.019617706289664055,0.0027743626297494876,-7.465839999999997,0.04761779499392616,0.006734173149071205,0.582894144,0.003076622003974262,0.00043510005643158917,-12.532205856000003,0.025375602133505825,0.003588652069058758
ILE  36,12.876560000000001,0.07592553193735782,0.0107374916996203,-4.426939999999999,0.06645281333405942,0.009397846987487447,-6.71338,0.35397253509275967,0.0500592759835767,-4.37608,0.2078092240493731,0.029388662303685257,0.219138624,0.005859375012219559,0.000828640760931092,-2.4207013760000002,0.15813243496465973,0.02236330341781032
ASN  37,19.75612,0.009298688080602916,0.0013150330795865686,-3.0848599999999995,0.058249810300156434,0.008237767173214124,-81.9233,0.48301462710908843,0.0683085836482256,-17.19298000000001,0.49368364323696984,0.06981741037874832,0.6570624960000001,0.011960896187578297,0.0016915261606609874,-81.78795750399999,0.05473648628311763,0.007740908125823383
GLY  38,6.00198,0.06383869986152886,0.009028155514843953,-1.07972,0.06430522218295981,0.009094131734255696,-8.25464,0.32579667033291404,0.04607460697608032,-7.021620000000001,0.23987679254149893,0.03392370133107451,0.5361310080000001,0.004111561814945221,0.0005814626481230869,-9.817868992,0.2113592666447498,0.02989071414222365
GLU  39,14.664719999999997,0.06496831227621483,0.009187906834551346,-2.248699999999999,0.49033100044766187,0.06934327508850516,3.5666599999999993,4.328694910062387,0.6121699049185612,-82.34508,3.709474905374089,0.524598972046269,0.7381025280000002,0.08109482015601702,0.011468539450284629,-65.624297472,0.2745329049098165,0.038824815744114574
LEU  40,11.208820000000001,0.05481010490771863,0.007751319371558782,-3.07792,0.09153138041129041,0.012944491956037795,-19.461940000000006,0.34050723399041755,0.04815499483953974,-11.17062,0.25426512855678596,0.035958519324354524,0.9271713599999998,0.010067678412044343,0.0014237847351923935,-21.57448864,0.06962334717522625,0.009846228183301548
TYR  41,10.09496,0.6573322435419878,0.09296081738022134,-7.318419999999999,0.3155044906178216,0.04461907296213382,-38.36452,4.086912121590135,0.5779766550579769,2.53054,2.302494223315228,0.3256218557898101,0.163362096,0.012636373548529698,0.0017870530851543333,-32.894077903999985,0.828590678357907,0.1171804174989675
ALA  42,10.432080000000003,0.056270361647596696,0.00795783086016701,-4.06146,0.033809590355389024,0.0047813981218869745,7.308579999999998,0.10357684876471208,0.014647978427092279,-1.9188000000000003,0.07501653151137509,0.010608939626557531,0.10611230399999999,0.00367208715849569,0.0005193115461760686,11.866512303999995,0.04641483432076283,0.006564048819172299
PRO  43,19.283720000000002,0.12102645000153028,0.017115724699803343,-6.412959999999998,0.05583617465428438,0.007896427546712183,1.7059400000000002,0.027228227999635965,0.003850652931647203,-9.1017,0.019650190839013332,0.00277895663877522,0.13501944000000005,0.010283472762213426,0.001454302664861654,5.610019440000001,0.07145919061972013,0.010105855653061246
LEU  44,11.874500000000005,0.03926079469269622,0.005552314832395663,-8.16342,0.03350288942757563,0.004738024060716363,-36.632940000000005,0.07958678533217553,0.011255271120243875,2.93426,0.0391932698303982,0.005542765374789738,0.0509616,0.001646400559766661,0.00023283620007206676,-29.936638399999996,0.08262595879727723,0.011685075153519
GLN  45,20.576179999999994,0.17969637614710648,0.025412905225653513,-8.312980000000003,0.13677857873204038,0.019343412108496768,-81.965,0.49886659539312195,0.07055039050198444,1.0473000000000001,0.2819280936692899,0.03987065336811021,0.0009576000000000008,5.144878968614994e-11,7.275957614183426e-12,-68.6535424,0.17985407973898151,0.025435207881499975
HIE  46,29.71432,0.059341196480874665,0.008392112487069952,-9.489,0.07199027712107577,0.010180962626362288,-13.37408,0.5342531175388999,0.07555480045636195,-11.579580000000005,0.4792679872471339,0.06777872875761523,0.34286673600000006,0.02069907451710537,0.0029272911910661736,-4.385473264000001,0.19079961440825358,0.02698314023917092
VAL  47,11.397639999999997,0.03624459132154483,0.005125759260959888,-7.090740000000002,0.1021576839986339,0.014447278221149296,-34.16522,0.08825447071229796,0.012481066942139088,2.0378800000000004,0.047214675684568046,0.006677163469616333,0.0,0.0,0.0,-27.820439999999994,0.10775308070010385,0.015238586811356945
SER  48,13.58908,0.2255189428850392,0.031893194760006585,-3.47218,0.26103162183918965,0.0369154459813227,-17.331200000000006,0.7327047154207218,0.10362009457627037,-2.41812,0.38957287585251493,0.05509392445633166,0.19034510400000001,0.007905192473429863,0.0011179630409094226,-9.442074896000001,0.1020493591327305,0.014431958771699014
ALA  49,6.687779999999999,0.008577388881612628,0.0012130259686124773,-3.419980000000001,0.010004978760198378,0.00141491766539273,-0.28102000000000005,0.03336374679198935,0.004718346320481318,-3.4278799999999996,0.05257324034146749,0.007434978950880365,0.31087224,0.00540693754356467,0.0007646564405013424,-0.13022776,0.02527231524019905,0.003574045096525776
VAL  50,10.839839999999997,0.04167030597541966,0.00589307118586751,-5.605360000000001,0.010146447653991725,0.001434924388218377,-26.128939999999993,0.042759050508891144,0.006047042914387004,-0.8127400000000005,0.05451011282321142,0.007708894084107315,0.16263316800000002,0.003585726188621141,0.0005070982606904404,-21.544566831999997,0.034754899678118685,0.004915085048371176
LEU  51,14.688220000000006,0.014318226138257678,0.002024902959384895,-2.446200000000001,0.029562137946969307,0.0041807176417348315,-22.72816,0.033701845646176266,0.004766160718982712,-1.7931799999999998,0.0519421562894807,0.007345730188348656,0.5695914240000001,0.004465890375480542,0.0006315722737076056,-11.709728576,0.024571286011096108,0.0034749045921840423
PRO  52,18.109799999999996,0.0069914233259153625,0.0009887365687801116,-2.14384,0.00567577307509805,0.0008026755259755709,-6.81942,0.05288594898439959,0.007479202631270951,-3.7545000000000006,0.054811403922888365,0.007751503080045859,0.9248556960000001,0.0031870390516862013,0.00045071538507073135,6.3168956960000004,0.006749866533917506,0.0009545752796474411
GLY  53,5.2886,0.007586830696417989,0.0010729398866302835,-1.2328199999999996,0.011578756409961774,0.0016374834350382347,-19.917860000000005,0.043063678427915295,0.006090123807843149,2.88096,0.032533035517784636,0.004600866005441664,0.3074605920000001,0.003894449320341261,0.0005507583046801293,-12.673659408000002,0.013497784022512466,0.0019088749226619998
GLY  54,4.331839999999999,0.006966663477723461,0.0009852349974685832,-2.1297999999999995,0.025478618486950783,0.003603220781477566,-10.97984,0.02530166792957774,0.003578196193666923,-2.48198,0.0446266691564545,0.006311164076459505,0.065074752,0.004454302996529919,0.0006299335708611728,-11.194705248000002,0.015879430855917403,0.0022456906479204194
ALA  55,9.3559,0.02296715045380372,0.0032480455660832603,-4.578060000000001,0.06544964782180568,0.009255977960214028,-5.3096,0.04609945769748348,0.006519447829382591,-1.3275600000000005,0.04464534018235652,0.006313804558264909,0.10811044800000001,0.015738623107377968,0.0022257774251532507,-1.751209552,0.06447926997132894,0.009118745808536962
ALA  56,9.349800000000002,0.013708391590105843,0.0019386593305048961,-6.22458,0.05150576278440605,0.007284014827007846,-7.830499999999998,0.030430412419517158,0.004303510195228784,-0.6769199999999997,0.015248396637037875,0.0021564489328543255,0.0,0.0,0.0,-5.382200000000001,0.057685006717415215,0.008157891884535168
ASP  57,17.07878,0.01583198029570303,0.002238980125340683,-5.3109199999999985,0.023183476875043112,0.0032786387419648988,-38.01226,0.3951787347517356,0.055886712624734436,-39.58438,0.3902441743313904,0.05518886039765428,0.4579889760000001,0.0016997680277191021,0.0002403834997688521,-65.37079102399998,0.011487104368768269,0.0016245218790707317
ARG  58,13.728039999999998,0.020486053793980455,0.0028971655114951957,-3.2547799999999993,0.014572974988152288,0.002060929887236886,-165.14102,0.5688446708904513,0.08044678484569359,-46.07774000000001,0.5663885878081916,0.0800994422451689,1.5659632799999994,0.007011205950371941,0.0009915342543606945,-199.1795367200001,0.021739952019126,0.003074493499078834
ALA  59,7.54054,0.017060140679198806,0.0024126682324515894,-3.4034199999999992,0.011864383675790586,0.0016778772303501,-9.008639999999998,0.02095114316748363,0.0029629390814675752,-3.2611799999999986,0.021069114836930945,0.002979622794958394,0.255952512,0.002791397178520262,0.00039476317478333463,-7.876747488000001,0.028794315393345416,0.004072131134851747
GLY  60,6.544120000000001,0.029914304270392825,0.0042305214808144925,-2.1882,0.02084034548653939,0.002947269923160492,-15.003899999999998,0.07168047153924083,0.010137149500809302,1.6539400000000004,0.04873537113840625,0.006892222283122042,0.207828144,0.005845848179079826,0.0008267277778428752,-8.786211856,0.035838341932143615,0.005068306921340189
VAL  61,11.13964,0.03102693023832806,0.004387870554184743,-5.675799999999999,0.08648653074340507,0.012231042473992107,-20.28232,0.06002647416014209,0.008489025385871108,-2.10844,0.12395808323784499,0.017530320248073338,0.0235044,0.002550634424608915,0.00036071417959376227,-16.903415600000002,0.01988491146210804,0.00281215114763014
ARG  62,11.216819999999998,0.01091730736127775,0.0015439404134914621,-4.9707799999999995,0.05452056125907822,0.0077103717160781566,-138.94587999999996,0.5568045488403449,0.07874405445610481,-60.031279999999995,0.5724010845547259,0.08094973768943621,1.2874003199999995,0.006032005650994513,0.0008530544199947589,-191.44371968000004,0.03388391441578525,0.004791909131309272
LYS  63,8.923539999999997,0.01725596708520226,0.002440362268375676,-3.61574,0.0447185912121141,0.006324163818239006,41.83501999999999,0.5580221676606726,0.07891625176105563,-80.83286000000003,0.597064351973051,0.08443765041697919,1.180719936,0.0037771009608813426,0.0005341627405330843,-32.50932006400001,0.028454898880712218,0.004024130391305822
GLY  64,6.258920000000002,0.01714390853846713,0.002424514796718412,-2.7734199999999998,0.00736774049494247,0.00104195585319931,-14.668680000000005,0.0347076014715841,0.004908396071855463,-3.6489000000000003,0.03231857051288625,0.004570536073583493,0.15227942400000002,0.0018477583983369922,0.0002613124986916962,-14.679800575999998,0.015217961198333893,0.0021521447118351307
ASP  65,14.558059999999994,0.05232605851909984,0.0074000221623239226,-6.63828,0.027079172808875795,0.003829573344415689,-72.02601999999999,1.072195774847775,0.1516313806308853,-0.6931999999999998,1.0223741976399838,0.14458554561227763,0.010865520000000007,0.00047579362921327194,6.728738033241248e-05,-64.78857448,0.0333034716180786,0.0047098221236394205
ARG  66,14.14562,0.04271528532034759,0.006040853582067194,-9.114740000000001,0.07474725680554585,0.010570858432458757,-156.01216,1.510879351372135,0.21367060698199383,-47.58915999999999,1.5274042079295174,0.21600757460796582,0.6034409279999998,0.015957574235200687,0.002256741790599628,-197.96699907199996,0.05493893031918627,0.007769538035966366
ILE  67,13.036040000000003,0.02653824410074842,0.0037530744728846194,-8.354700000000001,0.05681276265068247,0.008034537945647877,-12.696319999999996,0.020469919395347643,0.0028948837629584703,-0.78902,0.011927262888023706,0.0016867696938232413,0.0,0.0,0.0,-8.804000000000004,0.08326824124442396,0.011775907608281908
LEU  68,13.191740000000003,0.023724089022258407,0.0033550928450224496,-7.46988,0.05439986764661105,0.007693303061713869,-34.118140000000004,0.07808610887713317,0.011043043420698387,-1.7123999999999995,0.07184204896856436,0.010160000000001574,0.12574123199999998,0.00586489096906141,0.0008294208350286131,-29.982938768000004,0.043460622697398435,0.006146260204784083
GLU  69,15.444960000000004,0.010847967544475767,0.0015341342825580789,-6.150620000000001,0.022879589156948925,0.0032356625287281574,-7.066279999999997,0.7476753316781523,0.1057372594311045,-73.84914000000002,0.7714713218242657,0.10910252063057753,0.4008684960000001,0.0025067875902732547,0.0003545133008153006,-71.22021150399999,0.033443498396575996,0.004729624900564063
VAL  70,10.841880000000003,0.01414869604925126,0.002000927784274576,-6.405820000000001,0.038282471184401326,0.005413958995013755,-26.499959999999998,0.04207610248276376,0.005950459478292476,-1.88894,0.04093185067889629,0.0057886378363125515,0.0,0.0,0.0,-23.952840000000002,0.03201084815635157,0.004527017560577818
ASN  71,18.3054,0.05231825685236088,0.007398918840032786,-4.13212,0.04451365633151382,0.006295181649484184,-89.73935999999999,0.09694385179566536,0.013709930999811729,-8.215280000000002,0.10727964205742326,0.015171632476413904,0.347576976,0.008162110806663403,0.0011542967800375387,-83.43378302399998,0.04972944551341683,0.007032805629436794
GLY  72,6.160399999999999,0.01217866987873428,0.0017223240114170714,-1.1862200000000003,0.010241660021627462,0.001448389450379988,-5.308120000000002,0.031563041678207275,0.004463688161106798,-6.406059999999999,0.033399646705043314,0.004723423334874211,0.5153114879999998,0.003947290313571725,0.000558231149607708,-6.224688511999999,0.016199610268110107,0.002290970854631976
VAL  73,10.72858,0.01291524680405904,0.0018264917191696064,-2.3496799999999993,0.020932692134606065,0.002960329711374051,-30.329720000000002,0.058698906288837345,0.008301278937014113,-0.24997999999999998,0.04729756441932291,0.0066888857069021595,0.5157092160000001,0.002532732422279089,0.00035818245414491484,-21.685090784,0.017060867242868823,0.002412770984071196
ASN  74,20.473779999999998,0.011700068373153284,0.0016546395374005887,-4.37634,0.03730877108667778,0.005276257006625291,-92.32364000000001,0.11923401526566123,0.016862236148489876,-5.471,0.12517763378498184,0.017702790740449385,0.5888123999999999,0.004046630918689967,0.0005722800327129648,-81.10838759999999,0.03447693941028983,0.004875775530314733
VAL  75,13.471720000000005,0.03982965729069629,0.005632764152517512,-6.312080000000002,0.045709447600957,0.006464292072585572,-34.33298,0.04547856198079859,0.0064316399150470775,1.91632,0.06132354849485213,0.008672459397426408,0.024955056000000003,0.0020408943212385728,0.0002886260428465822,-25.232064943999994,0.023990465690341575,0.003392764194692747
GLU  76,15.320580000000001,0.02329728739472522,0.0032947339800124156,-5.919919999999999,0.0780394361846181,0.011036442905223659,5.249459999999999,0.6132332088202733,0.08672427208112028,-84.77336,0.6304275298572045,0.0891559162817428,0.507312288,0.003838366921946366,0.0005428270558380822,-69.61592771199999,0.12380482259571855,0.01750864592020602
GLY  77,6.13324,0.014526610065983808,0.002054372897061982,-3.7152599999999993,0.03532070780736229,0.004995102401378901,-12.29242,0.18624393574022835,0.026338869983357414,-2.5962400000000003,0.15587566327043412,0.022044147704094963,0.04553395199999999,0.004853471318313983,0.0006863844962948459,-12.425146048000002,0.051572399968813146,0.007293438748002533
ALA  78,7.131960000000001,0.02992989141313378,0.004232725835680783,-4.627020000000001,0.06661425973461839,0.00942067895641413,-12.70224,0.25863352914886123,0.03657630446067368,2.86584,0.14437719487509248,0.02041801870897391,0.06931209599999996,0.0008395217783890948,0.00011872630849054378,-7.262147903999997,0.06389400000918356,0.009035976136725405
THR  79,15.206160000000002,0.22642538373582835,0.03202138485447409,-6.781980000000001,0.12431114028911357,0.017580250055092887,-31.80038,0.168541495186255,0.02383536683150415,-5.016779999999998,0.3598533751405206,0.050890952358945744,0.11642659200000001,0.008752501213523485,0.0012377905920851885,-28.276553407999995,0.12761036264443099,0.018046830555110326
HIE  80,31.03276,0.21922404612667873,0.0310029619230654,-11.712400000000002,0.14226763511045828,0.02011968190599568,-10.370879999999998,4.792706978900338,0.677791121004104,-6.134179999999998,2.530613930966165,0.35788285423026417,0.06584399999999999,0.031112694351521548,0.0043999994313890555,2.881144,2.212120377467243,0.3128410639416065
LYS  81,11.612620000000001,0.02431615923593371,0.0034388242176281248,-3.4372999999999996,0.039041132155776426,0.0055212498585099365,-4.03144,0.6291822998146146,0.08897981416029228,-37.57974000000001,0.6032387192478013,0.08531083781088163,1.111836816,0.0147383916491168,0.0020843233357747343,-32.32402318400001,0.12964658289091222,0.01833479558396557
GLN  82,20.725320000000007,0.14927631292212454,0.02111085862755186,-6.1476999999999995,0.07086698808341309,0.01002210556720953,-78.48072000000002,1.539155080424589,0.21766939893319057,-8.78402,0.9721265039078089,0.13747944861687647,0.5767647840000002,0.038364446983275284,0.005425552123669148,-72.110355216,0.8035240360932373,0.11363545895358244
VAL  83,13.183980000000004,0.06766934017641772,0.009569889863432851,-7.3999600000000045,0.0859637039682346,0.012157103602370323,-26.091940000000005,0.24131244559619452,0.034126733333155794,-2.1926200000000002,0.07525367499331836,0.010642476779396786,0.0,0.0,0.0,-22.500539999999997,0.3365517618437973,0.04759560660400581
VAL  84,12.951100000000006,0.11174027921847622,0.015802461833412558,-6.07874,0.4278465056536285,0.060506633090929844,-33.29106000000001,0.20412892102644345,0.028868188858818276,-0.9264199999999999,0.12337829468751803,0.01744832576495524,0.08751239999999998,0.01316330853024437,0.0018615729449173038,-27.257607599999996,0.16253301612791085,0.02298563957414965
ASP  85,14.315660000000003,0.08174609715435363,0.011560643926675556,-4.269100000000002,0.2179817652923933,0.03082727688265314,-54.20354000000001,1.232636738215507,0.17432115926637043,-27.502359999999996,1.3765747311351886,0.19467706543914806,0.520466832,0.018675237662889553,0.002641077438339923,-71.13887316799998,0.05506460944692626,0.007787311748662077
LEU  86,12.591479999999997,0.052688230185425504,0.007451240970566424,-6.08384,0.12216715761612873,0.01727704511773008,-31.186560000000004,0.1348971697242346,0.019077340694975783,-1.6230200000000001,0.1926725190575963,0.02724800895478413,0.334449072,0.010788574642298097,0.0015257348577812431,-25.967490928000007,0.14415811124557984,0.020387035604958838
ILE  87,14.330540000000001,0.04579354102806907,0.006476184679098404,-7.72208,0.12185119449566169,0.017232361184712656,-9.008239999999999,0.6983882748156558,0.09876701700466486,-1.1657799999999998,0.29399389721557284,0.04157701566971848,2.376e-05,0.00016632000000000002,2.3521199969389318e-05,-3.5655362400000015,0.37014480133257477,0.05234637980864221
ARG  88,13.1622,0.3587710690676434,0.050737891166255565,-3.837060000000002,0.3483952588655401,0.04927053001541321,-157.89015999999995,2.6741187809086058,0.37817750473575573,-50.77928000000001,2.2010789267080617,0.31127956700041565,1.2494148479999996,0.034674759635889056,0.004903751534910146,-198.094885152,0.557533977050077,0.07884721118280288
ALA  89,8.492000000000003,0.14485137210247118,0.02048507749556665,-1.8202200000000002,0.3128067959619796,0.0442375613251905,-6.328860000000002,1.2284451474933562,0.17372837882165215,-6.109620000000001,0.8543562931236486,0.12082422568342673,0.39395995199999995,0.018560669037878934,0.002624874988008677,-5.372740048,0.25218061168916617,0.03566372412183619
GLY  90,6.684360000000001,1.0792172489355272,0.15262436701916032,-0.5456799999999997,0.1010757023225674,0.014294262905096056,-11.652379999999999,6.252440700686415,0.8842286436844264,-3.7091400000000014,4.916740879932558,0.6953321635074848,0.4989715200000001,0.06128878091051866,0.008667542518496874,-8.723868479999998,0.4625648186223576,0.06541654399723888
GLU  91,15.15078,0.6084490213650572,0.08604768580271009,-1.3785799999999997,0.17063927918272628,0.024132038289378044,0.68854,3.208188599256596,0.45370638277194203,-74.66471999999999,2.5448475478115355,0.35989579162869867,0.924122304,0.07168002471868194,0.01013708631083987,-59.27985769599999,1.0303480629828448,0.1457132204635187
LYS  92,10.889960000000006,0.13613610248521912,0.01925255224632105,-2.95612,0.27866048446093505,0.03940854364221114,15.462420000000002,1.1171421053742547,0.15798775165183043,-58.21814000000001,1.2642556388637711,0.17879274707878068,1.2561819840000001,0.036607878452323134,0.005177135819698116,-33.565698016,0.25967247536943094,0.03672323364424427
GLU  93,15.140500000000001,0.0656744242451263,0.009287766146850203,-4.09598,0.062112314398994846,0.008784007741344019,-30.212720000000008,1.5197405573319205,0.2149237707467248,-53.03166,1.5307452774384682,0.21648007318920479,0.546104592,0.026374046935178433,0.00372985348703939,-71.65375540799997,0.08100963674790829,0.011456492697180977
LEU  94,12.860699999999998,0.050942811073709744,0.007204401432585061,-8.30946,0.05526670245290884,0.007815892015654208,-32.27780000000001,0.07155193917394774,0.010118972279389165,0.21840000000000004,0.04466990038045732,0.006317277894789781,0.0,0.0,0.0,-27.508159999999993,0.06761401038600669,0.009562065049432597
ILE  95,13.074659999999996,0.08725333460747983,0.012339484916417572,-5.046679999999999,0.058245150871277844,0.008237108230462822,-12.545399999999999,0.0710402702697261,0.010046611369009683,-0.9469200000000002,0.057469240468266604,0.008127377928950335,0.36667771200000004,0.003097421325459178,0.0004380415246848018,-5.0976622879999995,0.09818120031365805,0.013884918505364479
LEU  96,11.54978,0.025853657381010156,0.0036562592905171835,-8.27276,0.018945775254238875,0.002679337231421719,-34.95104,0.023318627751790614,0.0032977519622511917,0.5568400000000001,0.04762619447320866,0.0067353610148230235,0.0,0.0,0.0,-31.117179999999998,0.0683285269883257,0.009663112956386626
THR  97,16.265739999999997,0.01201300961619821,0.0016988961124145918,-5.294959999999998,0.017262630159553736,0.002441304569387172,-45.031659999999995,0.11533024061621276,0.016310159043120047,2.27208,0.12054606422443118,0.01704778789168887,0.131915232,0.0014730490258574277,0.00020832059104080501,-31.65688476799999,0.024473114176977312,0.003461020998258658
VAL  98,11.903179999999999,0.015086006761983644,0.0021334835364849487,-6.66584,0.018456825295579293,0.0026101892651359043,-27.14076,0.06522348043684711,0.009223993061896543,-1.30316,0.06829007541363616,0.00965767508254457,0.0,0.0,0.0,-23.20658,0.014656179583644739,0.002072696793976605
LEU  99,11.549099999999996,0.02051170397883985,0.002900792995425749,-8.710880000000001,0.039083316133550365,0.005527215573858212,-33.80339999999999,0.19476662958812727,0.02754416090612265,0.2784,0.14319567032560734,0.020250925904758046,5.7312e-05,0.00029641958413033375,4.192005960301106e-05,-30.686722688000003,0.0688813819182912,0.009741298450384829
SER 100,11.999960000000002,0.010501352293924198,0.0014851154837325412,-4.884880000000001,0.009354442794536863,0.0013229179868477305,0.13834000000000002,0.1876371615645472,0.02653590186897743,-11.027539999999998,0.1618915945936147,0.022894928870849676,0.2642430239999999,0.0013438318017969816,0.00019004651596495645,-3.5098769760000006,0.04026000041812083,0.005693623861245295
VAL 101,7.882280000000001,0.007807790979843218,0.0011041883895868596,-2.03346,0.018593773151249687,0.002629556616618603,-62.76350000000003,0.8342000059913293,0.1179736962204655,-47.79048000000001,0.8148018468311963,0.1152303822435323,1.025431632,0.003189240600586067,0.00045102673110197306,-103.67972836799999,0.029746743371258853,0.004206824791206623
THR 102,8.579859999999998,0.03630427523079438,0.0051341998403515035,-1.5193599999999998,0.04535626086882441,0.006414343925922358,-60.924039999999984,0.5422071545088409,0.0766796711522127,-85.38946,0.5565527903090424,0.0787084504231637,1.0980846720000002,0.008839866501585237,0.0012501459096109448,-138.15491532800002,0.04049549661162794,0.005726928052319795
ASN 103,18.600260000000006,0.09780302858177663,0.013831436946151195,-3.676719999999999,0.4559942999643861,0.06448733233744601,-89.15218,2.595077807619982,0.3669994230949616,-7.909279999999996,2.3324680237036586,0.32986079129232837,0.5609681279999998,0.02699885222111215,0.0038182142979603763,-81.57695187199998,0.64888367380709,0.09176600919004661
ASP 104,15.562559999999998,0.1589423996299022,0.022477849719273208,-4.735220000000001,0.11828884816408972,0.016728569335114747,-52.700440000000015,1.1092323500502885,0.15686914332640983,-30.097679999999997,0.4535918182685146,0.06414757011768055,0.5102305919999999,0.030769757647794826,0.0043515008576444705,-71.46054940799999,0.8113772374615602,0.11474606934189537
SER 105,10.17716,0.06181985441578194,0.008742647653872908,-5.285839999999999,0.05778628210925856,0.00817221438780312,-8.962979999999998,0.34214742378108703,0.04838695270422281,-5.8575599999999985,0.3530859476105296,0.0499338935794167,0.29474136,0.011467535927268275,0.001621754483534352,-9.634478640000001,0.20341236769335802,0.02876685291463697
LEU 106,13.513779999999999,0.10949379708457435,0.015484761283273269,-4.077039999999998,0.07631198071083194,0.010792143809281254,-18.79346,0.1307533877191146,0.018491321423859956,-4.3744000000000005,0.10023173150251934,0.014174907407100144,0.889589088,0.014304992757271826,0.0020230314766982714,-12.841530912000003,0.08372038981537931,0.011839851072407176
LEU 107,9.566660000000002,0.17996706476460644,0.025451186377058357,-8.171819999999997,0.2869084655427233,0.04057498431301731,-72.37626000000002,1.0079286444974138,0.14254263589525723,-30.374859999999998,1.1582559649750954,0.16380212943673164,0.13850020799999993,0.0268338385220146,0.0037948778368362655,-101.21777979199996,0.5114644408104304,0.07233199488656818


