#Frame       SA_00001
       1    6599.8617
       2    6486.3630
       3    6450.0351
       4    6533.7769
       5    6567.3154
       6    6494.9131
       7    6585.4022
       8    6533.8226
       9    6528.4277
      10    6459.0101
      11    6400.8653
      12    6559.7634
      13    6447.4519
      14    6557.8346
      15    6372.8903
      16    6466.4209
      17    6479.4345
      18    6566.0428
      19    6539.9796
      20    6649.3342
      21    6469.0643
      22    6486.1294
      23    6569.8120
      24    6566.4968
      25    6469.0296
      26    6585.4080
      27    6632.5390
      28    6480.4726
      29    6391.3647
      30    6650.1637
      31    6538.8730
      32    6403.3892
      33    6599.5464
      34    6419.9929
      35    6459.8002
      36    6336.7099
      37    6550.3759
      38    6576.9368
      39    6520.2813
      40    6504.4330
      41    6499.6894
      42    6408.9251
      43    6569.6115
      44    6428.4155
      45    6537.1104
      46    6606.5867
      47    6448.4939
      48    6235.3653
      49    6482.6337
      50    6531.0605
