| Run on Mon Jun 20 15:46:04 2016
| GB non-polar solvation energies calculated with gbsa=2
idecomp = 2: Per-residue decomp adding 1-4 interactions to EEL and VDW.
Energy Decomposition Analysis (All units kcal/mol): Generalized Born Solvent

Total Energy Decomposition:
Residue,Internal,,,van der Waals,,,Electrostatic,,,Polar Solvation,,,Non-Polar Solv.,,,TOTAL,,
,Avg.,Std. Dev.,Std. Err. of Mean,Avg.,Std. Dev.,Std. Err. of Mean,Avg.,Std. Dev.,Std. Err. of Mean,Avg.,Std. Dev.,Std. Err. of Mean,Avg.,Std. Dev.,Std. Err. of Mean,Avg.,Std. Dev.,Std. Err. of Mean
ARG   1,8.08,0.5369046842783076,0.07592978862080273,-3.2236599999999997,0.2924613895884435,0.041360286362645826,-271.34725999999995,3.042181334577464,0.4302294102557732,-29.6966,2.9487787641666796,0.41702029207222924,1.5918936479999997,0.01639591724902381,0.002318732854111644,-294.59562635199995,0.4236515543688822,0.05991337739089158
MET   2,11.11018,0.008659538096463132,0.0012246436219904655,-5.549740000000002,0.04469622355385686,0.0063210005536724154,-7.264439999999999,0.08105483575968583,0.011462884802727143,-0.9677799999999999,0.08103932131996365,0.01146069072962037,0.4309596,0.005866625257370826,0.0008296661004334371,-2.2408204,0.05057979307893915,0.007153062935426055
LEU   3,12.277399999999998,0.012236012423352828,0.001730433471847125,0.1873,0.02498739682319867,0.003533751547576595,-14.62196,0.0829035487778179,0.01172433230504495,-6.617680000000002,0.0702986315654152,0.009941727817607953,1.199428848,0.006070510498559391,0.000858499827759095,-7.575511152000001,0.0207548133198026,0.00293517384813866
PRO   4,18.475379999999998,0.019256053592649845,0.002723217214850857,-4.681639999999999,0.02955994587275184,0.004180407635626025,-0.45236000000000004,0.060850886599949944,0.008605614911207643,-4.44328,0.06246344210818156,0.008833664698189704,0.47843452799999997,0.003845287670653696,0.0005438057975064504,9.376534528,0.026125506074535964,0.003694704501446944
ARG   5,13.042920000000004,0.03918205711668916,0.005541179657609905,-5.40314,0.04081421811077986,0.005772002078991847,-249.62483999999998,0.9218101184200902,0.13036363714024404,42.32636,0.9083748732764535,0.1284636065506502,0.6055705439999999,0.006186218126795222,0.0008748633574712086,-199.05312945599997,0.07291113312558226,0.010311191331418865
LEU   6,12.43034,0.007916084890323518,0.0011195034612792253,-3.4868799999999993,0.04586660658914105,0.006486517709839444,-31.3883,0.038494285286852184,0.005443914032652544,-6.0014199999999995,0.03435409145950015,0.004858402206503082,0.8729694720000001,0.006634084150887384,0.0009382011780109337,-27.573290528,0.05117587757871049,0.0072373620138157565
CYS   7,10.631580000000001,0.015091838853039887,0.0021343083187118222,-5.410759999999999,0.03921405870366204,0.005545705365441357,-4.451460000000001,0.09759614951419522,0.013802179827836722,-1.4793399999999999,0.11725691621392721,0.016582632119178153,0.046862208,0.0029761099659682045,0.0004208855076985965,-0.6631177920000002,0.025114577882362505,0.003551737665451242
CYS   8,10.02898,0.01765048441196715,0.0024961554437858842,-4.060379999999999,0.04791905257834788,0.0067767774052369,4.104479999999999,0.04135709854440694,0.005848776966190088,-7.18822,0.07132637380388909,0.0100870725188353,0.6238572479999999,0.014503888618355172,0.0020511595991226654,3.508717247999998,0.023169947745062664,0.003276725434054353
LEU   9,13.297179999999994,0.22868709539486295,0.032341239184712496,-7.439360000000004,0.25526713536982265,0.036100224486813194,-33.34780000000001,0.5932899796889469,0.08390387356961668,0.022980000000000014,0.23015755386256612,0.03254919341550571,0.01724198399999999,0.004969805315114895,0.0007028366078989378,-27.44975801599999,0.44802536069899174,0.06336035413876119
GLU  10,15.528980000000004,0.16407053239353292,0.023203077209670846,-4.02726,0.31253030637043344,0.04419845979216855,6.812099999999998,2.0804850131640023,0.2942250121930499,-80.66752000000001,2.421552231441316,0.3424592007699141,0.9380460959999999,0.06715019111709912,0.00949647109937469,-61.41565390400001,0.4704711995568847,0.06653467511192852
LYS  11,9.755320000000001,0.11084267048381134,0.015675520788785795,-6.394139999999998,0.44578241374017274,0.06304315353787666,-4.97346,3.5710661893053737,0.5050250237047665,-33.41435999999999,3.217873115957272,0.4550759802582545,0.7391244960000001,0.08461427927725643,0.011966266132432075,-34.28751550399999,0.5978698910203403,0.08455157084154895
GLY  12,6.91222,0.09680377885189363,0.013690121694131377,-1.34352,0.12817210929059314,0.018126273527672338,-3.1929399999999997,0.7532423357724927,0.10652455270030478,-3.7378200000000006,0.5842001605614255,0.08261837902065076,0.17462520000000004,0.009246050186495085,0.0013075889572123633,-1.1874348000000001,0.22944196924724009,0.03244799446870375
PRO  13,18.45452,0.05588174657304654,0.007902872389269863,-1.1462400000000001,0.05669940387693033,0.00801850659412245,-4.89612,0.6066556400463207,0.08579406338436371,-5.831100000000001,0.5173348335459254,0.07316219378886753,1.136299104,0.029022530341909387,0.004104405602391292,7.717359104,0.10535104851390031,0.014898888161858371
ASN  14,17.04538,0.9541834182168352,0.13494191310337672,-1.8964800000000002,0.3864315846304494,0.0546496787913708,-84.55368,4.980861240548914,0.7044001518682753,-11.862219999999997,3.6845769650802587,0.5210778715623999,0.6736520159999999,0.14014828459882597,0.019819960482298404,-80.59334798399998,0.886666166671935,0.12539353182048135
GLY  15,5.507279999999997,0.1389794286936945,0.019654659294948723,-3.1301199999999993,0.09947655804258962,0.014068109752202462,-11.739840000000001,0.6007721484888937,0.08496201202890163,-0.21276000000000006,0.4838160212312114,0.06842191789185685,0.09533030399999999,0.008102686970652785,0.0011458929805560937,-9.480109696000001,0.12950368746740618,0.018314587119373244
TYR  16,9.4384,0.23142177944184966,0.03272798191151789,-11.27084,0.40062418099760955,0.0566568150181433,-31.00694,0.991039583669556,0.14015416200740718,-0.5248400000000001,0.43094056945244763,0.06094419978964361,0.010591920000000001,0.008179321213890544,0.0011567306991689973,-33.35362807999999,1.355947029607262,0.19175986791301025
GLY  17,6.691560000000001,0.42779832444737004,0.060499819239395625,-4.069820000000002,0.08702820002729315,0.012307646078751653,-9.760500000000002,0.8711066123041239,0.12319307853933736,-3.018620000000001,0.32403943525440837,0.04582609640805027,0.006183936,0.009401714856806919,0.0013296032660060967,-10.151196063999999,0.6030311876923172,0.08528148841684305
PHE  18,9.745959999999998,0.2060208688459117,0.029135750685377697,-9.818179999999998,0.10545248977621563,0.014913234122753428,-7.775360000000001,0.6642634344896337,0.09394103580437718,-0.07225999999999999,0.13038800711721918,0.0184396488035971,0.0,0.0,0.0,-7.9198400000000015,0.4646129296521551,0.06570619063679745
HIE  19,29.453859999999995,0.36683429556180885,0.05187820359270905,-9.81088,0.2902493851845336,0.04104746169984198,-20.855120000000003,5.606755873551107,0.7929150197290985,-5.474000000000001,3.6410767308586047,0.5149260094421331,0.262295856,0.039976844669944174,0.005653579591311762,-6.423844144000002,1.5855804638117286,0.2242349396156369
LEU  20,11.337499999999999,0.06031591829741069,0.008529958968318572,-9.161160000000002,0.1654603710861601,0.023399630082533273,-34.801080000000006,0.6183866052883662,0.08745307239886653,2.373159999999999,0.34921725959637856,0.04938677847359644,0.0,0.0,0.0,-30.251580000000008,0.397704970549367,0.05624397631741071
HIE  21,29.015719999999998,0.28871051522291086,0.04082983262279644,-9.742240000000004,0.32312880156357976,0.0456973133564579,-34.03605999999999,2.9135249949846718,0.4120346562220326,3.074219999999999,1.0797612938052583,0.15270130658249165,0.19369944,0.016568615110358377,0.002343156019880861,-11.494660560000002,1.6300055022862343,0.23051758880759615
GLY  22,5.663979999999999,0.2215612321684896,0.031333489942877206,-2.81612,0.3573738457134191,0.05054029394453473,-13.5385,1.7167762842024523,0.24278883046795952,-1.5419599999999993,0.8606044610621083,0.12170785006728217,0.07195708800000002,0.024199836957472562,0.0034223737632475353,-12.160642912000004,0.7229458718370757,0.10223998568136337
GLU  23,15.629659999999996,0.1446968707337501,0.020463227702461596,-5.242140000000001,0.3915009072786363,0.055366589275481895,10.33692,3.7600369404568332,0.5317495236217891,-82.16572000000002,3.5271558969796524,0.49881517061128633,0.4406932800000002,0.03231999090811537,0.004570736947803187,-61.00058672,0.4652984460930046,0.06580313730158535
LYS  24,9.808520000000001,0.3908283633514345,0.05527147720116785,-2.7971799999999996,0.9666867887790771,0.13671015672582662,-28.495439999999988,16.267730027462363,2.3006044433861317,-9.970640000000001,15.268610115868436,2.1593075504448174,1.1173102559999997,0.20325221336403973,0.0287442036721775,-30.33742974399999,1.4610622364377972,0.20662540302414983
GLY  25,6.28446,0.12815337841820099,0.018123624582295134,-1.6087800000000008,0.6964754781038579,0.09849650669947614,-8.911280000000005,1.3573949468006283,0.19196463432621544,-2.63848,0.9172408678204446,0.12971744752345402,0.46010779199999996,0.11864112997609534,0.016778389506746316,-6.4139722080000015,0.6226451628405134,0.08805532338350583
LYS  26,9.945260000000001,0.15523425008668373,0.021953438181740493,-4.524720000000001,0.3683967991174507,0.05209917496467354,-12.93944,7.075476433880621,1.0006234733045196,-23.07904,7.001588316832122,0.9901741155816998,0.8820515520000002,0.06700217141740017,0.009475537952693425,-29.715888448000005,0.5260340528026158,0.0743924491743544
LEU  27,11.213819999999998,0.13638983686501938,0.019288435706436433,-2.74582,0.4418976664342099,0.06249376730522817,-26.911960000000004,0.6330974319958783,0.08953349746321493,-7.25664,0.4549690433425129,0.06434233915548943,0.8537929919999999,0.11582968357560217,0.016380790943800072,-24.846807008,0.6333939750043054,0.08957543497764939
GLY  28,4.97988,0.08517221143076638,0.012045169654269857,-3.5439600000000007,0.05293466161218647,0.007486091637158455,-4.93634,0.4795921855076453,0.06782457731530653,-5.279540000000001,0.4810111104745839,0.06802524360852996,0.03618806399999999,0.002745975656538918,0.0003883396015423702,-8.743771936,0.06281990252453311,0.008884075813715055
GLN  29,19.121639999999996,0.5828546906393137,0.0824281008394892,-8.92056,0.17962740993506285,0.02540315193041175,-79.39796000000003,1.1588670840072168,0.16388855471907668,-2.9581400000000007,0.8439613974584353,0.11935416544050693,0.08686396799999999,0.027195248361413737,0.0038459889064815997,-72.068156032,0.4032766439619295,0.05703192992792666
TYR  30,9.04172,0.07930473882436727,0.011215383720587634,-9.56692,0.15084228054489365,0.021332319892587586,-27.93106,0.4891499324339135,0.06917624684819236,-1.08338,0.36726807048802923,0.05193954863107688,0.20287310400000003,0.016511266917749606,0.00233504576070437,-29.336766896,0.2819095115317817,0.039868025457022005
ILE  31,12.651400000000002,0.05368910503910941,0.007592786049798221,-8.463439999999999,0.15715421216125905,0.022224961822251133,-4.62542,0.27017609738833537,0.0382086701155618,-2.8253399999999993,0.1919857921826538,0.027150891108765153,0.0022340160000000006,0.0014780462194884153,0.00020902730094147972,-3.2605659840000003,0.2619895999276003,0.037050924541831357
ARG  32,13.325120000000002,0.3850667287626347,0.054456659023475996,-7.670040000000001,0.32814472173109804,0.04640667158932641,-183.65197999999998,2.9928236465933504,0.4232491790803219,-19.674459999999996,2.4746155839645456,0.3499634920502477,0.885283632,0.07826400779494386,0.011068202126928323,-196.78607636799998,1.254289888854895,0.17738337719660344
LEU  33,11.765860000000002,0.21784912301841125,0.030808518432372197,-4.719899999999999,0.46245403014786995,0.06540087614092138,-35.374100000000006,0.37809597987755594,0.05347084626215844,-0.07538000000000002,0.15554316314129663,0.02199712508488326,0.6576570719999999,0.060245761434682014,0.008520037289642127,-27.745862927999998,0.6743148018705444,0.09536251381142503
VAL  34,11.066279999999999,0.10835737907504531,0.015324047507113168,-6.300160000000001,0.07868909962624696,0.011128319190236609,-28.441280000000006,0.3346052025887624,0.047320321554162485,-3.6819,0.26117023184122373,0.03693504839579841,0.13323657600000002,0.013352711725107365,0.001888358601610508,-27.223823424,0.16470886709485588,0.02329335136886528
GLU  35,17.35648,0.15464788908987628,0.021870514214327324,-3.2821800000000003,0.3984477225433673,0.0563490173117502,-34.73184,5.453462156685454,0.7712360143872997,-40.08094,3.9299207137549685,0.555774717244323,0.31275576000000005,0.024059153802575357,0.003402478160682229,-60.425724240000015,2.207350555878319,0.3121665093034909
PRO  36,17.70782,0.13730763853506006,0.019418232463370454,-1.8316200000000007,0.19762185000651347,0.027947950050047285,-8.900660000000002,0.48396101537206115,0.06844242315990227,-1.4662799999999996,0.39889953822986735,0.05641291369890433,0.97354512,0.034507707037583095,0.004880126729894751,6.482805120000002,0.07820491441440298,0.011059845060907585
GLY  37,6.064180000000001,0.12620945923336527,0.01784871289475994,-1.4924000000000002,0.16929028324153586,0.023941261453816268,-21.061500000000002,1.095430769149645,0.1549173050372219,4.741340000000001,0.5505706715763192,0.07786245107880937,0.29829844799999994,0.011495878471076072,0.001625762724518866,-11.450081551999997,0.4871261906102283,0.06889004653481264
SER  38,12.625939999999998,0.048826390405341695,0.006905094351295779,-4.45632,0.32104849727105905,0.045403113902023326,-5.27328,1.425243193844477,0.20155982544148054,-2.9527799999999997,0.7042894373764229,0.09960156741738538,0.029262672000000003,0.019378255427845294,0.002740499164118886,-0.027177328000000146,0.44587842960025187,0.06305673223102934
PRO  39,19.438240000000004,0.07228735989057015,0.01022297647453892,-7.814859999999999,0.170140413776411,0.024061488067037062,-6.97322,0.290296764708096,0.04105416217632206,-2.3808199999999995,0.28131453499597536,0.039783883068398904,0.148118688,0.022293019133214236,0.003152709000443447,2.417458688,0.12283889466383681,0.017372043082051803
ALA  40,9.684579999999997,0.14809592702054855,0.020943926852467588,-6.997819999999998,0.03392561863920291,0.004797806999145822,-7.1412400000000025,0.19976692018444311,0.028251308783834302,-1.8881799999999993,0.173921440886402,0.02459620604890202,0.0,0.0,0.0,-6.342659999999999,0.18518494647247988,0.026189106284871668
GLU  41,17.299199999999992,0.12456741146964387,0.01761649227300802,-5.82932,0.13248055555438465,0.018735579841573303,12.781580000000002,2.335707439642213,0.3303189138877755,-87.77408000000003,2.2990684447386864,0.3251373775373469,0.5926720320000001,0.025290789206481253,0.0035766577098924873,-62.929947967999986,0.06343640226339638,0.008971262042905047
LYS  42,12.003040000000004,0.47795602140773624,0.06759318876927059,-3.596120000000001,0.15924002511929108,0.022519940319633378,-22.30538000000001,1.6053370099762456,0.22702893716878791,-20.949320000000004,1.6006087396986104,0.22636025877346816,1.3000347359999997,0.011821756006928898,0.001671848767606445,-33.547745264,0.44724744795635135,0.06325034066366271
ALA  43,7.339160000000001,0.022806455226815733,0.003225319829141757,-3.9145600000000003,0.06236061577629641,0.008819122858877598,-8.177140000000001,0.1228047246647039,0.017367210714431796,-3.3586199999999997,0.1128373856485651,0.0159576161126924,0.17240918400000005,0.005773858814737672,0.0008165469443029459,-7.938750815999998,0.06327629193102136,0.008948619022552964
GLY  44,6.15374,0.049234869757152314,0.006962862055223773,-2.01194,0.029410481124931286,0.004159270128279574,-10.901879999999997,0.10010527258883731,0.014157023416018934,-1.9548999999999999,0.06653577984813641,0.009409580224430497,0.27876024000000005,0.005802254319967529,0.0008205626751635959,-8.436219760000002,0.040032229635360024,0.0056614122082360285
LEU  45,10.276899999999998,0.023963513933526064,0.0033889526406909194,-7.397520000000003,0.048530913858748304,0.006863307657340225,-28.12554,0.1567528258112025,0.02216819722025099,-1.3130800000000002,0.16221415967787545,0.02294054646254063,0.0043997759999999985,0.0015472482312234232,0.00021881394329539475,-26.554840224,0.05307085812146846,0.007505352732215901
LEU  46,10.754239999999998,0.018883389527430138,0.002670514557326577,-3.48284,0.026341875407788463,0.0037253037460036748,-31.390520000000002,0.07591685978606151,0.01073626527222248,-0.7167999999999999,0.06283565866608001,0.008886304068621686,0.8663643360000001,0.016556734189346032,0.002341475803917947,-23.969555663999998,0.05095163967298317,0.007205649985067984
ALA  47,6.986680000000002,0.018972021504681646,0.0026830490117554797,-3.366859999999999,0.01762726297543773,0.002492871436738115,2.9394400000000003,0.12435178486855442,0.017585998066641108,-8.739119999999994,0.12763050419109848,0.01804967899995676,0.42086980799999985,0.006458202058779386,0.0009133276940071652,-1.758990192,0.03261929753370943,0.004613065296725513
GLY  48,6.129860000000001,0.022627425836814607,0.0032000012500014597,-2.63936,0.025007007017980733,0.003536524847918752,-11.778360000000003,0.16147033907182276,0.0228353543436354,-2.2841599999999995,0.19380117233908467,0.027407624632573905,0.18206942400000006,0.005470124095502558,0.0007735923683723576,-10.389950575999999,0.060876179599463606,0.008609191881502175
ASP  49,11.94064,0.03402396802341625,0.0048117157024463765,-8.345,0.04160865294573596,0.005884352130793503,28.330499999999997,1.1774893842408833,0.16652214567438017,-94.66950000000001,1.1675542514166657,0.1651171057159815,0.024618671999999998,0.0026316419822643325,0.0003721703782628635,-62.718741328000014,0.1134512310630579,0.016044426963730027
ARG  50,13.132459999999998,0.09776424908958185,0.013825952697770816,-9.30862,0.06694262916858883,0.009467117407113106,-209.87794000000005,2.161332509443955,0.30565857476535163,5.704639999999999,2.0933075814127315,0.2960383971852307,0.41443718400000007,0.006284290509367285,0.000888732886823974,-199.93502281600001,0.16606337758102657,0.023484908078857194
LEU  51,12.8243,0.02573188683371962,0.0036390383345695962,-8.7318,0.04249988235286799,0.006010391002268687,-32.75692,0.1634185840109954,0.023110877785215672,-0.6954,0.15721704742170914,0.02223384807000351,0.0,0.0,0.0,-29.35982,0.0373998342209027,0.005289135278570599
VAL  52,12.463780000000003,0.015335305666426512,0.002168739725659735,-6.701859999999998,0.028586017561730077,0.004042673373003415,-31.79588,0.12445828859542601,0.017601059968139616,-0.93432,0.122608880591905,0.01733951418004554,0.058426848,0.0025020402409423603,0.00035384192423439326,-26.90985315200001,0.03015649859463014,0.004264772930621112
GLU  53,15.466620000000008,0.016159071747956704,0.0022852378421320285,-7.8651599999999995,0.02269833474060303,0.0032100292833445194,6.864439999999999,1.080370791163853,0.15278750252556716,-83.86726000000003,1.067327762403032,0.15094293970876962,0.318495456,0.0041970991168707875,0.0005935594493702807,-69.082864544,0.02568183139279994,0.0036319594262276787
VAL  54,11.36388,0.027598289801745737,0.0039029875735931896,-6.929960000000001,0.04124655621961024,0.005833143920695714,-25.407880000000006,0.10009548241388047,0.014155638876198738,-2.6958200000000003,0.08949741672248446,0.012656846052629414,0.0014267520000000003,0.00084882028492255,0.00012004131589548648,-23.668353248000003,0.04578448825439124,0.006474904423567176
ASN  55,17.440779999999997,0.06913647083852135,0.009777373471444889,-4.52466,0.06738593621811614,0.00952981049128682,-89.87772,0.26576508724538844,0.03758485907876972,-7.234780000000001,0.19511117753731558,0.027592887344385645,0.404930736,0.005986231530626733,0.0008465809818117778,-83.79144926399998,0.11033677615772268,0.015603976527077576
GLY  56,6.059819999999998,0.011387168217505215,0.0016103887730219736,-2.1210200000000006,0.01339177359415711,0.0018938827841086872,-7.910800000000002,0.04996438731717104,0.007066031417960554,-6.584040000000001,0.05596711891808992,0.007914945862091058,0.32529945600000004,0.003614100582335316,0.0005111110059319104,-10.230740544,0.028970869498622324,0.004097099655869272
GLU  57,13.842020000000002,0.010337291709914638,0.0014619138134368242,-3.4466200000000016,0.03188723255454406,0.0045095356745181074,4.401660000000001,1.3424296869482542,0.18984822698144893,-85.10326000000003,1.316713177724726,0.1862113633693683,0.7095575520000001,0.004736101245956562,0.0006697858614803883,-69.596642448,0.0315640992918683,0.004463837730265115
ASN  58,20.37878,0.011526126844196894,0.0016300404904695848,-4.90014,0.0357161084106232,0.005051020490949109,-91.41323999999999,0.27134572486282904,0.038374080419297116,-5.347079999999998,0.25506531242022396,0.03607168241156113,0.570964464,0.004232504647682347,0.0005985665475559533,-80.710715536,0.013178740804163327,0.0018637553980247485
VAL  59,12.868480000000007,0.030776770458306547,0.0043524926188180735,-6.732400000000002,0.046223370711843556,0.006536971775928846,-30.817459999999997,0.16219780639819834,0.022938233759549766,-0.4645600000000002,0.14437702864375576,0.02041799520031282,0.0,0.0,0.0,-25.145939999999996,0.05158232643179782,0.007294842561860465
GLU  60,16.67902,0.08267683835295345,0.011692270609287483,-4.95486,0.03460983097334135,0.004894569235393976,-20.131840000000004,2.289138146639423,0.3237330213123083,-57.40478000000002,2.2461067142050477,0.31764745777660475,0.42414623999999995,0.0058509758841419806,0.00082745294484715,-65.38831376,0.13042180796900593,0.01844442896589876
LYS  61,9.4854,0.09906482725969154,0.014009882226480367,-1.7051799999999997,0.11252958544312491,0.015914086590188926,-13.292639999999999,5.385372703016951,0.7616067115040426,-29.38849999999999,5.07558634346818,0.7177963043928366,1.340113968,0.029945165707559507,0.004234885947114037,-33.56080603199999,0.3793229719109573,0.05364436913961444
GLU  62,15.656159999999998,0.04186758173096638,0.005920970190769668,-4.375319999999999,0.10218462506659708,0.014451088263519131,-29.061439999999997,2.520871786981676,0.35650510701531857,-57.66594,2.4999671150636398,0.3535487399609739,0.3042878399999999,0.004844759249502422,0.0006851524237078822,-75.14225215999996,0.08155506678122382,0.01153362815222502
THR  63,14.671160000000002,0.04087951075922263,0.00578123585388695,-4.067419999999999,0.1668081640688118,0.023590236794067004,-30.400320000000008,0.669558733495077,0.09468990417140906,-5.223679999999999,0.6967067228038063,0.09852920963856553,0.53087328,0.03880052442433207,0.005487222786807894,-24.48938672,0.13999022412083598,0.019797607355133542
HIE  64,30.908019999999993,0.07545740255550758,0.010671288207544505,-11.146459999999998,0.36230336515141986,0.05123743326905497,-15.903359999999997,0.9222855904762235,0.13043087904327536,-5.7654400000000035,1.0592215473638855,0.14979654778398224,0.07746523200000001,0.032991883537800214,0.004665756914739071,-1.8297747680000007,0.3668452432439713,0.05187975182876812
GLN  65,21.035519999999998,0.20126820315235025,0.028463622257251704,-4.47286,0.22855345195382015,0.032322339148028,-75.92682000000002,0.7081012269433059,0.1001406358676252,-9.94618,0.45496358931237096,0.0643415678391498,0.690338304,0.04767477010153224,0.006742230646060623,-68.62000169599997,0.5612564567275705,0.07937364930735984
GLN  66,20.961799999999993,0.04167541241862423,0.005893793345991049,-6.259119999999999,0.03872551613610741,0.005476615012958124,-74.08388,0.3336414626538948,0.04718402814551345,-10.12282,0.18520655387960702,0.02619216203369236,0.6760186560000001,0.007583131775509026,0.0010724167802187233,-68.828001344,0.14006119202975545,0.01980764373306226
VAL  67,12.680600000000005,0.0370540146246261,0.005240229002251723,-7.04742,0.05003402442333741,0.007075879591959044,-29.033860000000008,0.3686294079420243,0.05213207082011751,0.30026,0.21856942238108237,0.03091038414513802,0.0,0.0,0.0,-23.10042,0.21853650404421998,0.030905728789293863
VAL  68,13.017120000000002,0.05817684762882806,0.008227448693280168,-5.533739999999997,0.16829994771249143,0.023801206860168813,-31.967060000000007,0.25612750027977,0.03622189845923694,-1.07806,0.27314182469918435,0.038628087294092096,0.04500849599999999,0.014462060707948393,0.002045244239304366,-25.516731504,0.2332526537772313,0.032986906643127645
SER  69,14.477599999999995,0.15790478143514347,0.02233110834691392,-4.33284,0.18873689199518906,0.02669142723797424,-8.456840000000001,0.679335362247531,0.09607252826900978,-4.39308,0.43768750678993845,0.061898360818359706,0.4025390400000001,0.012421984787492834,0.0017567339358064633,-2.30262096,0.20878482180192076,0.02952663266099262
ARG  70,14.127859999999998,0.07455709490100687,0.010543965478014184,-7.145280000000001,0.12682255950721313,0.017935418366996973,-220.04167999999999,1.9280054921082774,0.27266115152693393,11.024560000000001,1.7881582610048825,0.2528837664382593,0.67076208,0.007756620116720737,0.0010969517367242446,-201.36377792000002,0.21295843910720133,0.0301168712807209
ILE  71,14.158959999999995,0.09494018327425031,0.013426569480063207,-7.28808,0.10679247913601293,0.015102737235359527,-9.803840000000001,0.7406130530850785,0.1047385024143463,-0.6856599999999999,0.7485565205113105,0.10586187835099092,0.0004399199999999999,0.0006677506073377995,9.443419651799872e-05,-3.6181800799999997,0.16142575373116347,0.022829049024291063
ARG  72,12.707280000000003,0.23861207345800325,0.03374484304302734,-3.0632,0.2571731712290348,0.036369778663059925,-164.13518000000005,3.4544938250890365,0.48853920185750255,-45.440599999999996,3.0747150502120606,0.43483037244425676,1.3750725599999998,0.07330483589373751,0.010366869310845765,-198.55662744,0.41397915951344416,0.05854549419237276
ALA  73,8.459940000000001,0.039628479657403626,0.005604313338772651,-1.96274,0.29933925970376796,0.04233296408237907,-10.94052,0.24777475577636915,0.03504064200326226,-2.7516799999999995,0.4368903496302063,0.0617856257716961,0.5788221119999999,0.02306964263450243,0.0032625401492813915,-6.616177887999999,0.16145756325208885,0.02283354756988159
ALA  74,8.54524,0.9320035527829382,0.131805206452554,-3.4247800000000006,0.17866317919480648,0.025266789111398992,-1.48684,2.1302582506353542,0.3012640109405702,-2.86694,1.4526638759189956,0.20543769548941104,0.08907911999999998,0.01209310278874701,0.0017102229975017918,0.8557591199999998,0.4683423281445524,0.06623360722954165
LEU  75,12.6654,0.45523967313931485,0.06438061198839139,-1.3365599999999997,0.6355031757591776,0.08987372100898017,-24.66462000000001,1.3996633150866327,0.19794228429516025,-5.5322000000000005,0.8577263899402858,0.1213008293458866,1.0635102719999998,0.1159791241886849,0.016401925037979166,-17.804469728,0.8610676665934067,0.12177335722173502
ASN  76,19.4191,0.69175973430082,0.09782959981518284,-2.9255400000000007,0.36696998296863154,0.05189739268980624,-82.07780000000001,3.0239731348011403,0.4276543819487656,-17.026579999999996,1.5947967029060974,0.22553831264776986,0.8174400479999998,0.12647304352800304,0.017885989343190467,-81.79337995200001,1.2569366804408404,0.17775769005236533
ALA  77,7.604920000000001,0.6606475562658017,0.09342967340197392,-3.100340000000001,0.21237990582914143,0.030035054319909254,-3.5199200000000004,0.6959957999873255,0.09842866996967878,-1.8276999999999999,0.6095872456014808,0.0862086550179273,0.399443472,0.035347200216045704,0.0049988489937449025,-0.4435965279999998,0.9235854422980438,0.1306147058508247
VAL  78,11.008099999999999,0.10141484112333747,0.014342224374253653,-7.113520000000002,0.3931364261932386,0.055597886578536725,-20.979760000000002,0.36105454213994537,0.05106082302507189,-1.42838,0.15966964520534402,0.022580697774869773,0.0020066399999999996,0.0019327108207903229,0.0002733265854906911,-18.511553360000004,0.18243010065203613,0.02579951225271983
ARG  79,12.613120000000002,0.0905882199842024,0.012811108929289647,-7.02506,0.02716940190740019,0.0038423336659010785,-187.80649999999997,0.9513328597298417,0.13453878325611232,-16.768819999999998,0.9566951800860888,0.13529712987347173,0.8337827520000001,0.006771252448083311,0.000957599704633144,-198.15347724799997,0.0984163642817881,0.013918175712675578
LEU  80,11.26276,0.05795224240701452,0.008195684718193316,-7.805759999999999,0.16716465655168397,0.02364065244448319,-35.40151999999999,0.11642563978923151,0.016465071879789586,0.24624000000000001,0.09306676313271013,0.013161627862844302,0.0004893119999999999,0.0009317278058832418,0.00013176620995202068,-31.697790687999994,0.09110558755491523,0.012884275752813057
LEU  81,13.64058,0.022081748117754114,0.003122830766903443,-7.201219999999998,0.02742793466589983,0.00387889571923987,-35.37724,0.04568963121107738,0.006461489611853069,0.8424799999999998,0.04836744359587699,0.0068401894710604936,0.23600851199999995,0.00320456687624045,0.00045319419379108276,-27.859391488,0.028031469076575926,0.003964248374133569
VAL  82,11.874439999999998,0.01704718158773996,0.0024108355401618762,-6.720859999999998,0.01802776747221181,0.002549511325851047,-32.84066,0.05418509388925269,0.007662929465664067,0.88618,0.05442965735699824,0.0076975159629587425,0.0,0.0,0.0,-26.8009,0.017013230148389513,0.002406034081562727
VAL  83,11.657239999999994,0.02665600120341675,0.003769727842050551,-5.692479999999998,0.04923666926202882,0.006963116543643964,-30.914819999999995,0.07143099887386542,0.010101868738127776,-1.7075399999999998,0.051687990868292316,0.007309785769775568,0.12847233599999996,0.006589618092174373,0.0009319127276812119,-26.52912766399999,0.038106284395999224,0.005389042420446835
ASP  84,14.076880000000003,0.019090982162144516,0.0026998725892727607,-4.531179999999999,0.05263447159431231,0.007443638357701789,20.86508,1.0047830977877537,0.1420977884134693,-90.66638,0.9872607130843882,0.13961974900420748,0.32052902400000005,0.005309055586463026,0.0007508138413768657,-59.93507097599999,0.061366099070923566,0.008678476957603109
PRO  85,18.0135,0.025938581302166547,0.0036682693466241105,-3.9359200000000003,0.016436349959574527,0.0023244509028740768,-1.7992999999999995,0.146367790172569,0.020699531395662652,-9.93376,0.14173306741908512,0.020044082618081042,0.5833134720000003,0.005207111991512299,0.0007363968399192269,2.9278334720000005,0.024163091284206902,0.0034171771402984525
GLU  86,13.895019999999995,0.011590496113265986,0.00163914367980134,-2.96846,0.03567195537117735,0.005044776308228678,33.168479999999995,1.2777406503670834,0.1806998156944548,-112.65044000000006,1.2582814019093402,0.17794786238620203,0.754163136,0.004738417893175209,0.0006701134848719728,-67.80123686399999,0.07640019650022391,0.010804619405858612
THR  87,13.167699999999998,0.0516485236965033,0.0073042042688143145,-2.0053800000000006,0.05193299144087513,0.007344434083029147,-32.39382,0.22568692385707234,0.03191695085689357,-7.933520000000002,0.21468388295344004,0.0303608858895673,0.5720155199999998,0.013366254297517498,0.0018902738105676911,-28.593004480000005,0.1318964966879271,0.018652981444556453
ASP  88,12.879579999999999,0.5065544428786192,0.07163761631992904,0.19386,0.058288938916401675,0.008243300795191215,-6.856499999999999,2.6055982288142587,0.36848723532844396,-78.3219,2.355211296253686,0.33307717574162804,0.9786123360000002,0.013851477284129037,0.001958894703411813,-71.12634766400002,0.14586717190972293,0.02062873328197379
GLU  89,14.983159999999996,0.025511064268893095,0.003607809307964028,-1.6630199999999997,0.04905771702802587,0.006937808876009571,42.08342,2.2184484315845916,0.31373598593722507,-122.17582000000002,2.1216928683471377,0.30005268296067955,0.9848770559999999,0.007259295407709357,0.00102661940188553,-65.78738294400002,0.10113519195894745,0.014302676010154987
GLN  90,19.651279999999996,0.007025781100826873,0.0009935954919053937,-1.4827200000000003,0.012257308024181185,0.0017334451245981596,-66.29226000000001,0.07062373821364948,0.00998770484072301,-10.912180000000001,0.07434882379719975,0.01051451149604874,1.239046992,0.007646510237873575,0.001081379848322553,-57.796833008,0.016410053021302093,0.0023207319541987004
LEU  91,8.31436,0.006962068659328828,0.0009845851920195498,0.2750799999999999,0.021181916816002424,0.002995575403824935,7.933639999999998,1.246666751942973,0.17630530283573675,-114.97587999999998,1.227908248041351,0.1736524497729865,1.5259975199999998,0.00865676025390986,0.001224250775729168,-96.92680248,0.01905522187265275,0.0026948153206333963
ASP  92,6.787260000000001,0.4119179923236838,0.05825400113296501,1.3134000000000001,0.20313443824226238,0.028727547754724733,-94.83026,3.980861101872483,0.5629787760191568,-72.1275,4.241893078567769,0.59989427218471,1.5262931519999998,0.07075092018102745,0.010005691087038533,-157.33080684799998,0.328380074228164,0.04643995545865532
GLU  93,14.054839999999999,0.3054685816906375,0.043199781110577325,-0.2024,0.9084201450870627,0.12847000895150587,-2.9120600000000003,10.356697227224519,1.4646581680132742,-78.11667999999999,9.545624676133208,1.3499551878310865,1.0644446880000002,0.14400219792153623,0.020364986131217126,-66.11185531200002,0.7643314662472804,0.10809279257154175
ASP  94,14.539699999999998,0.6580690921172963,0.093065023505083,-0.6656800000000002,0.8068930149654288,0.1141119045148226,3.31768,9.193499212900385,1.3001571272550099,-86.4357,9.000506852950243,1.2728638859674217,0.9422357759999999,0.15508138503668673,0.02193181979904863,-68.301764224,0.6765221920986855,0.09567468593123372
GLN  95,19.002280000000006,0.574738098267186,0.08128024133819751,-3.0848799999999996,1.1267538442801086,0.15934705680369518,-70.32480000000001,4.240522576286724,0.5997004538933982,-13.05838,3.191009613836983,0.4512769073551194,0.694686528,0.16472757673852512,0.0232959973120477,-66.77109347200002,1.642527766808325,0.23228850443947255
HIE  96,28.86434,0.5849138948598561,0.08271931629312791,-3.6081199999999995,1.0322496914991108,0.14598215134734857,-13.175180000000001,3.2944631835247464,0.4659074514879539,-15.84298,2.839938453488049,0.40162794772276716,1.045111392,0.22605850026731023,0.031969499696775205,-2.7168286080000006,0.5021930738830082,0.07102082560151839
SER  97,10.276740000000002,0.3602957013342233,0.05095350672915846,-2.1669599999999996,0.3469647797687836,0.04906822972148078,-13.75208,2.7151078567158162,0.38397423542732534,-5.130719999999999,2.116718441739478,0.2993491928033214,0.4420326240000001,0.1186783248821489,0.01678364966080553,-10.330987375999998,1.071047832047579,0.1514690370031987
GLN  98,18.829819999999998,0.44186439956163576,0.06248906265899096,-3.4416200000000017,0.4942829104874934,0.06990215956606596,-66.99173999999998,1.6705971604200223,0.23625811615279765,-13.1973,1.255519593634434,0.17755728371429735,0.7063725599999999,0.10895681607356993,0.015408820700423343,-64.09446744,0.7180083448481275,0.10154171391812801
ILE  99,12.225700000000002,0.2013832416065227,0.028479891151460216,-2.27036,0.3918965557388825,0.05542254241732312,-11.45316,1.1304388592046688,0.15986819661208124,-2.3043799999999997,0.7136990091067813,0.10093228181310492,0.7330785120000001,0.06305180349862378,0.008916871563983712,-3.0691214880000013,0.5585646125142744,0.07899296504793593
THR 100,15.573820000000001,0.5997024825694736,0.0848107384238564,-3.574979999999999,0.37776545580559184,0.0534241030996322,-32.69878,1.5863161133897883,0.2243389761766815,-4.391220000000001,0.6291082669938391,0.08896934433837214,0.36137865599999996,0.02814920107686327,0.0039808981932867365,-24.729781344000003,0.1931595160977907,0.027316880736691977
LYS 101,11.277000000000001,0.3495958809826417,0.049440323623542226,-5.54836,0.17471230752295772,0.024708051481246572,-19.192179999999997,3.4935127576123377,0.4940573122138799,-10.3498,3.8771495354190275,0.5483117456338134,0.7695763199999999,0.022813071554003975,0.003226255519106028,-23.04376368,0.5829597763304795,0.08244296220045501
VAL 102,9.0302,0.19210736581404175,0.02716808421659873,-6.795780000000001,0.201163544411014,0.028448821276109842,-65.94385999999999,3.5295190437796142,0.4991493700367248,-47.76439999999999,3.5158703957913167,0.49721915972741415,0.152244144,0.02381736064406915,0.003368283444277379,-111.321595856,0.48053719932293626,0.06795822245072797


