#Frame       SA_00001
       1    6711.0304
       2    6582.4376
       3    6624.6780
       4    6859.8073
       5    6717.4147
       6    6953.9507
       7    6999.2147
       8    6892.7136
       9    6864.5396
      10    6992.5828
      11    6675.4567
      12    6920.4637
      13    6545.1103
      14    6647.7400
      15    6817.3960
      16    6861.8791
      17    7016.1591
      18    6858.2795
      19    6769.5756
      20    6524.4739
      21    6758.0095
      22    6872.5860
      23    6771.1220
      24    6857.8276
      25    6941.9330
      26    6689.6108
      27    6732.8080
      28    6805.6517
      29    6944.1606
      30    6896.1707
      31    6805.3561
      32    6741.3497
      33    6975.8336
      34    6965.9131
      35    6907.3144
      36    6734.2805
      37    6801.0635
      38    6893.8876
      39    6967.1130
      40    7012.9005
      41    7092.1380
      42    6898.5224
      43    7182.9101
      44    7007.5176
      45    7183.9981
      46    7039.0392
      47    6937.3521
      48    7080.4532
      49    7018.0936
      50    6970.9805
