| Run on Mon Jun 20 15:46:31 2016
| GB non-polar solvation energies calculated with gbsa=2
idecomp = 2: Per-residue decomp adding 1-4 interactions to EEL and VDW.
Energy Decomposition Analysis (All units kcal/mol): Generalized Born Solvent

Total Energy Decomposition:
Residue,Internal,,,van der Waals,,,Electrostatic,,,Polar Solvation,,,Non-Polar Solv.,,,TOTAL,,
,Avg.,Std. Dev.,Std. Err. of Mean,Avg.,Std. Dev.,Std. Err. of Mean,Avg.,Std. Dev.,Std. Err. of Mean,Avg.,Std. Dev.,Std. Err. of Mean,Avg.,Std. Dev.,Std. Err. of Mean,Avg.,Std. Dev.,Std. Err. of Mean
GLY   1,1.1853599999999997,0.05367634860905094,0.007590982018158605,-0.32341999999999993,0.12991029058546544,0.018372089483779504,-15.528160000000003,5.522814139041798,0.7810438657898798,-98.87178000000002,5.552952747106394,0.7853061086174797,0.9502269120000001,0.041744752878991265,0.005903599567938275,-112.58777308799999,0.1753923890069361,0.024804229527062675
THR   2,14.780779999999998,0.49090757948935304,0.06942481567855913,-1.2183400000000004,0.43878225169211127,0.062053181127158866,-29.357179999999993,1.9168255391663604,0.2710800674192187,-3.8305800000000003,1.586280102503967,0.22433388346836936,0.722156256,0.10494538554321763,0.014841518754369171,-18.903163743999993,1.1385452078432607,0.16101460743068335
ARG   3,11.746060000000002,0.3415841571267433,0.04830729477004227,-5.48658,0.4337196370929115,0.061337219304433234,-130.0426,5.626284208960513,0.7956767434077537,-76.71888000000001,5.980060175750693,0.8457082204353864,0.918944352,0.11522825795047635,0.016295736516218906,-199.58305564800006,0.42508503025110583,0.06011610149428912
GLU   4,14.934079999999996,0.1971264406420087,0.02787788858582636,-4.259960000000001,0.4513864845118721,0.06383568882686025,-55.49676,12.20404494347671,1.7259125874875554,-31.089459999999995,11.00626267396887,1.5565205944567542,0.4959321119999999,0.11096822912885468,0.015693277462655142,-75.41616788799998,1.3330226521631567,0.1885178713639689
PHE   5,8.964200000000002,0.3264602272865044,0.04616844810039777,-3.03954,0.3778352132874808,0.05343396829732864,0.28546000000000005,0.7634278802873263,0.10796500621960804,-7.3119000000000005,0.6336995265896821,0.08961864649725382,0.847001664,0.07252934968765547,0.010257198999838317,-0.2547783360000001,0.47646122601734764,0.06738179277786456
LEU   6,10.701480000000004,0.8119288451581963,0.11482407845046458,-4.441,0.48359971050446676,0.06839132693551193,-32.19332,0.31204361489999616,0.04412963122435017,-0.35339999999999994,0.23592236011027035,0.03336446013350136,0.38006668799999993,0.047628830206860345,0.006735733763850725,-25.906173311999993,0.5362513034514501,0.07583738661812908
THR   7,14.4821,0.09509453191398037,0.013448397674027215,-3.6684000000000014,0.170680520271029,0.024137870660018518,-32.15168,0.629849234023229,0.08907413290059558,-6.617379999999998,0.5367814784435233,0.07591236468455118,0.6164736479999998,0.023113220810083858,0.0032687030339744647,-27.33888635200001,0.20106948399562638,0.02843551912459748
PHE   8,8.71612,0.20144831992352252,0.02848909461531197,-6.037679999999998,1.0204316427865312,0.14431082687033697,-8.8836,0.8686746456528092,0.12284914651718452,-1.84028,0.5723260623106384,0.0809391279419294,0.18466171199999998,0.10845743445642936,0.015338197474847342,-7.860778287999999,0.5815707673425866,0.08224652666556138
GLU   9,15.923820000000001,0.7995711523060665,0.11307643676735228,-4.964919999999999,0.612084106638954,0.08656176449218285,-19.58026,7.054930598694784,0.9977178534275103,-57.40713999999999,6.504761548312111,0.9199122001625999,0.6198955200000001,0.055960845371168196,0.00791405864857697,-65.40860448000001,1.1294199583876905,0.15972410227667286
VAL  10,13.597079999999998,0.35314800523301354,0.049942669852553245,-5.751780000000001,0.3885646556237419,0.05495134058419269,-21.640100000000007,0.41213848400718245,0.05828518336588443,-0.16776000000000002,0.3330221950561254,0.04709645048196308,0.0006562079999999999,0.0011463404066576386,0.00016211701501915213,-13.961903791999998,0.6312102564640737,0.08926661054004925
PRO  11,19.573880000000003,0.4667421832231493,0.06600731256458058,-4.742860000000002,0.2447197589079896,0.034608600202835293,-4.908840000000002,0.7518600231425909,0.10632906417344011,-1.9323200000000003,0.4417678322377016,0.06247540597707198,0.494447328,0.031042019331165537,0.0043900044741582095,8.484307327999998,0.4027855941118145,0.05696248499214327
LEU  12,15.762179999999999,0.34210476114788213,0.048380919296774315,-6.823520000000001,0.636899026219996,0.09007112407425356,-33.86186,0.8052254593589443,0.11387607653935244,-0.48113999999999996,0.49267689249649216,0.06967503432363706,0.0038119679999999993,0.0064822300418741685,0.0009167257639640764,-25.400528032000008,0.7138922455862711,0.10095960957810889
ASN  13,18.396979999999996,0.48715100287298,0.06889355551866229,-2.6351600000000004,0.3525751188044849,0.04986165147686078,-84.12577999999999,1.5403305656901398,0.21783563765368172,-15.006940000000002,1.6312910152391538,0.23069938779285865,0.9084005279999998,0.06619996168789279,0.009362088364759727,-82.46249947200003,0.39766727638067717,0.05623864555695236
ASP  14,12.517580000000002,0.16929265666264395,0.023941597106248297,-0.5750600000000001,0.5020919999362664,0.07100653158688991,-47.056779999999996,8.936744154981692,1.2638464787433594,-35.4165,8.109859160922587,1.146907281431241,0.778585248,0.0924766699173673,0.013078176080024085,-69.75217475200002,0.7562854386999356,0.1069549124434735
SER  15,12.713259999999996,1.0296347665070569,0.14561234510851348,-3.1816799999999987,0.5620128980726433,0.07948062626829401,-18.157260000000004,3.766874581453424,0.5327165120849908,-2.17022,2.534039386355311,0.3583672867771276,0.141232464,0.03238611974330825,0.004580088977362559,-10.654667536000002,1.0964703202855917,0.1550643197687455
GLY  16,6.58888,0.34337324531768854,0.0485603100484339,-2.6984200000000005,0.46187457561549927,0.06531892889507566,-10.635759999999998,1.2480819133374508,0.17650543687943848,-2.5995600000000003,0.8621992614239467,0.1219333888973811,0.05480899199999998,0.048546527676989824,0.006865515784691983,-9.290051007999999,0.567642008762333,0.08027670273643984
SER  17,11.605420000000002,0.5005931717472526,0.07079456527163287,-0.29636,0.26339474254434164,0.03724964171639776,-9.522979999999999,0.8301137630469811,0.11739581420136065,-10.13406,0.6526131904888502,0.09229344249729081,0.9312871679999999,0.04758406234911018,0.006729402632691857,-7.416692831999999,0.5947478721197277,0.0841100506944258
ALA  18,7.777459999999999,0.3791786497154227,0.05362395889898679,-1.1816600000000004,0.5187349847465462,0.07336020507059662,-2.22392,0.8133358676463256,0.11502306147899222,-3.9060600000000005,1.0276397308395573,0.14533020445867387,0.5744391839999998,0.08893792117201754,0.012577721433073643,1.040259184,0.43538348067036264,0.06157252231972311
GLY  19,6.2046600000000005,0.3613570871036015,0.0511036093441549,-3.67604,0.43518212095627673,0.06154404575586552,-6.990459999999997,1.1392819880960257,0.16111880389327823,-1.3080999999999998,0.8046002796420098,0.1137876627758915,0.013339152000000005,0.019885781531237233,0.0028122741939864107,-5.756600848000001,0.6354640178333156,0.08986818324199733
LEU  20,12.837259999999999,0.347517125333481,0.04914634318035195,-7.571320000000002,0.44750876818222196,0.06328729692441756,-34.19582,0.7453962353004977,0.10541494653038105,0.62258,0.48161902329538436,0.06811121546412162,0.003879648,0.003629331778178456,0.0005132650223051634,-28.303420352,0.46516241067118574,0.06578389898773541
GLY  21,6.343219999999999,0.30744542865362684,0.04347934948915688,-3.060999999999999,0.27738889667757877,0.0392287139733141,-15.107360000000003,0.9608791133123495,0.13588882738473587,1.3612800000000005,0.4709900228242622,0.06660804780204851,0.05093927999999998,0.014336307856739143,0.0020274601005356454,-10.412920720000002,0.4589908119913747,0.06491110313228415
VAL  22,11.866119999999997,0.24661797501407307,0.03487704849898912,-5.993500000000001,0.2898684701722217,0.04099359218218969,-28.428559999999997,0.9071420431222227,0.12828925803822863,-2.397,0.4147737214433912,0.0586578622181204,0.012875760000000005,0.00725988096299105,0.0010267022119076188,-24.94006424,0.7920491212421067,0.11201266093262792
SER  23,10.509580000000001,0.9061871129076786,0.12815421051217582,-5.411299999999999,0.2373032026754363,0.033559740761817336,-12.318319999999998,1.5134878848540743,0.2140395093248001,-4.78008,1.3164626062292868,0.18617592720864887,0.08291088,0.0412457706606241,0.005833032825878489,-11.917209119999997,1.0294289941674806,0.14558324450517449
VAL  24,11.89614,0.20080547900890222,0.028398183181321535,-7.19958,0.35635134853115963,0.05039569100627076,-24.017859999999995,0.5545498358131737,0.07842518988187634,0.24187999999999998,0.424129350080845,0.059980947908481734,0.0017575200000000003,0.003515271315617046,0.0004971344369966739,-19.07766248,0.38648422662924087,0.05465712349423493
LYS  25,9.38396,0.6904070382028438,0.09763829969843012,-7.2333799999999995,0.6173420410113012,0.08730534870212696,19.086140000000004,14.65892471364799,2.0730850139847123,-58.26820000000001,14.193922072492851,2.007323709818622,0.314033328,0.09334141109616681,0.01320046895032416,-36.717446672,1.7904058445247037,0.2532016227478891
GLY  26,5.653019999999999,0.18238689536265162,0.025793402102098448,-3.5404399999999994,0.5382539980343949,0.07612061040217824,-16.297259999999998,2.646510652236305,0.37427312573574484,-0.3065,1.3988194772736047,0.1978229476071975,0.009213408,0.012066549642044988,0.0017064678154828236,-14.481966592,1.403602089949691,0.19849931117820738
ASN  27,18.10012,0.8307265167310064,0.1174824706583949,-6.691959999999998,0.6792525586260281,0.09606081806855547,-80.54076000000003,4.112838623431731,0.5816432161109044,-7.505679999999999,2.9806418331627915,0.4215264105035424,0.18232545600000002,0.06040404789438577,0.008542422375447434,-76.455954544,1.5227322968804449,0.21534686661118593
ARG  28,12.647139999999993,0.6736344115320735,0.09526629208698771,-8.756200000000002,0.8421751836761455,0.11910155666488574,-188.90640000000002,12.48909864802086,1.7662252689846585,-18.43204,11.249268091676015,1.5908867502019126,0.499205952,0.1290373312231067,0.018248634386814674,-202.94829404799998,1.799717610696637,0.2545185053488886
SER  29,10.689280000000002,0.2396558399036134,0.03389245390936052,-4.97752,0.7331359011806716,0.1036810734512327,-7.52622,2.9019785684253447,0.4104017449183181,-8.3997,2.367687827818526,0.33484162375666526,0.165125808,0.05939092440940053,0.008399145078164952,-10.049034191999997,0.8923774492090485,0.1262012291427344
LYS  30,11.191419999999999,0.7388803445755018,0.10449346042695803,-2.4110600000000004,0.6345651868799582,0.08974106934954544,7.4896400000000005,16.16322666643019,2.2858254363376047,-50.45751999999999,15.027745203110163,2.1252441078125615,1.207519056,0.15332148499682177,0.021682932348568836,-32.980000944,1.44979075939526,0.20503137545399652
GLU  31,15.6032,0.628108334604793,0.08882793254376763,-1.3293399999999997,0.6588693227036762,0.09317819319991141,-34.60092000000001,11.847360650946662,1.6754698110894108,-52.21746,11.16217939151666,1.5785705481124321,1.0868898240000002,0.12236036727252049,0.017304369089375146,-71.45763017599998,1.1534298146873212,0.16311960871762954
ASN  32,18.064999999999994,0.842982538372074,0.11921573386094851,-2.4899199999999997,0.43810482033413023,0.0619573778657555,-79.72031999999997,2.862062343417053,0.4047567382417719,-14.133079999999998,2.679812440003972,0.37898270972697534,0.7588460160000001,0.0763881085626876,0.010802909913338115,-77.51947398400002,0.9410418578925344,0.1330834158192397
HIE  33,29.95416,0.6243349536905934,0.08829429589728155,-3.8115599999999987,0.8559499321806217,0.12104960028021661,-15.432900000000007,3.931824407320312,0.5560439401701941,-14.281239999999999,3.5124719020086226,0.49673854012750146,1.066032288,0.14814805650890875,0.020951299075411444,-2.505507711999999,1.4984257451386815,0.2119094010984134
ALA  34,8.00432,0.36942103026222456,0.05224402312226795,-2.49396,0.41213623766904844,0.058284865685698954,-10.356380000000003,0.7664545098046818,0.10839303627078033,0.16444000000000003,0.7936925137608392,0.11224507173145731,0.4141431360000001,0.04720778707854695,0.006676189273610245,-4.267436863999999,0.6803026483195669,0.09620932317718656
ASP  35,12.798979999999997,0.8440947219359161,0.1193730203689319,-4.915739999999997,0.49701190368041737,0.07028809748457165,-47.42276000000002,11.756466189395445,1.6626153930623777,-26.516579999999994,11.447602746584124,1.618935506087876,0.33476241600000006,0.0510866855200736,0.00722474835191773,-65.72133758399997,1.198339944272208,0.16947086015231755
LEU  36,10.38224,0.33544743612088423,0.047439431362543694,-3.665519999999999,0.29644960718476693,0.04192430550408739,-32.89027999999999,1.7341964714532152,0.24525241697487027,-0.3272,1.463540815966538,0.2069759271026464,0.5520074400000001,0.07864303866523921,0.0111218051866613,-25.948752559999992,0.7928403548304197,0.11212455825978765
GLY  37,4.89272,0.17730493958150256,0.02507470502319031,-3.3351599999999992,0.2632940075277221,0.03723539563372683,-9.58554,1.4904874801218468,0.21078676089356146,-0.75548,1.2825787810501155,0.18138403069730255,0.031133375999999994,0.01931463705676668,0.0027315021677993398,-8.752326623999998,0.5337819187107946,0.07548816287903387
ILE  38,14.43152,0.5682004660328643,0.08035568052103899,-8.128900000000003,0.4980110540941441,0.07042939869116596,-11.20764,0.5219819445153204,0.07381939452474465,-1.0715999999999999,0.35640505046926585,0.05040328560719032,0.003626064,0.007182162352210092,0.0010157111405660962,-5.972993936,0.8251175564726614,0.11668924389157859
PHE  39,8.804120000000001,0.2786946458043269,0.03941337478572451,-6.991200000000004,0.5006754238026329,0.07080619746885805,-12.294960000000001,0.7188832995695243,0.10166545120147419,0.6736399999999999,0.32746876247972134,0.04631107651523556,0.31517510400000004,0.0780403650154276,0.011036574261736452,-9.493224896,0.545336616249988,0.0771222438759385
VAL  40,11.747639999999999,0.15418336615877326,0.021804820751407404,-7.158019999999999,0.3333587550973081,0.04714404725944243,-24.361539999999994,0.9257832621085084,0.13092552450918585,-0.018779999999999998,0.8379056579353071,0.11849775454412627,0.010277136,0.01396802084955145,0.001975376452494582,-19.780422864000002,0.5015181664794199,0.07092537928116834
LYS  41,11.9273,0.4527409524220249,0.06402723951569397,-5.67206,0.5142107509572323,0.07272038179217719,53.58336,7.451831119288813,1.053848063341212,-90.21261999999999,6.9031665049890485,0.976255169467519,0.7718237279999998,0.0427705373504337,0.006048667399096836,-29.602196272000004,0.793015801440471,0.11214937015732834
SER  42,9.82558,0.44367447932017706,0.06274504659334157,-3.9041799999999993,0.1730151080108275,0.02446803122443582,-13.557360000000001,0.8029688352607223,0.11355694169886409,-7.0238999999999985,0.4408970061136951,0.062352252565568096,0.36838785600000007,0.0293516281071838,0.004150947054691067,-14.291472143999997,1.0568299505449588,0.1494583249182768
ILE  43,12.1833,0.13317706258952605,0.018834080811111827,-5.188300000000001,0.21088918891210126,0.02982423511173553,-8.87586,0.30708344208046845,0.04342815685704113,-2.2752,0.292225529343348,0.04132693068690196,0.3074358239999999,0.028002141329910326,0.003960100804424735,-3.848624176,0.25209623002722936,0.03565179075276352
ILE  44,12.913519999999997,0.17140481206805333,0.024240300988265257,-2.0845800000000003,0.4068038392149185,0.05753075066431816,-12.15722,0.7363170319909406,0.10413095328478922,-2.53052,0.2982843770632318,0.04218378114868326,0.569020176,0.07502311199138186,0.010609870246964779,-3.2897798240000005,0.40260831168577627,0.0569374134710159
ASN  45,20.44488,0.7679918395399833,0.10861044752693061,-1.0831600000000006,0.32893253776420334,0.04651808560119366,-83.77911999999998,0.7796170762648678,0.11025450427114356,-16.113940000000003,0.5053099013475189,0.07146161156870719,1.126922256,0.01726885533554258,0.00244218494221833,-79.40441774400001,0.2125873211672788,0.030064387278333063
GLY  46,5.711900000000001,0.13844309300210417,0.019578809974045545,-1.3764800000000001,0.4794912820896736,0.06781030741708799,-7.089299999999998,1.2963759832702921,0.18333524974756035,-4.616900000000001,1.2076705883642216,0.17079041249437774,0.342707904,0.06699182819459967,0.009474075200097114,-7.028072096000001,1.2503452657050735,0.1768255232409106
GLY  47,4.520919999999999,0.06321323911969934,0.008939702008461229,-2.478179999999999,0.3826685087644441,0.054117499498776436,-11.91318,1.3509722823211539,0.19105633240487097,-1.4115599999999997,0.9220133873214647,0.13039238370395728,0.06472886400000001,0.011885857404592278,0.0016809140742007074,-11.217271136,0.4079738297565302,0.05769621231349771
ALA  48,9.446499999999999,0.289087962392143,0.040883211713377186,-5.623899999999999,0.21081226245167767,0.029813356067371892,-6.071319999999999,0.9121210761735601,0.12899339964509915,-1.5007000000000006,0.652802673095016,0.09232023938443816,0.004239503999999999,0.004238775617602801,0.0005994533966270272,-3.745180496000001,0.5232512904542939,0.07399890714896859
ALA  49,9.466320000000003,0.12421005434314131,0.01756595434351696,-5.272040000000001,0.17833653131085397,0.02522059412463838,-4.77716,0.6552523288016544,0.09266667301678543,-2.43934,0.5585642527050945,0.07899291416323373,0.0011266560000000008,0.0008762861332144867,0.00012392557341114036,-3.0210933439999996,0.29647563667531096,0.04192798662994229
SER  50,11.82256,0.6301913728384566,0.0891225186358665,-4.29648,0.2807275718557044,0.039700873945040474,-0.08257999999999996,1.7149308684608833,0.24252784927096513,-9.48298,1.5163830055760947,0.21444894122377897,0.280816272,0.023253155706139766,0.003288492816759618,-1.7586637279999997,0.8772769840223873,0.12406570087622251
LYS  51,12.128980000000006,0.4718720373150307,0.06673278348755396,-3.4929400000000004,0.6437101027636541,0.09103435575649384,-1.11856,7.859627528477415,1.1115191845973689,-42.74787999999999,6.606057788545327,0.9342376518381217,1.0595907359999999,0.042473907335317876,0.006006717580058462,-34.170809264,0.7332295033786381,0.10369431080101592
ASP  52,18.214299999999998,0.4763015116500087,0.06735920575542491,-5.5393,0.2729052033215949,0.03859462397795865,-60.32273999999998,9.56754657539762,1.3530554125563572,-25.022980000000004,9.067936355069989,1.2823998576076028,0.2781125280000001,0.037128400946116295,0.0052507488167223716,-72.392607472,0.8063272152310932,0.11403188834903416
GLY  53,6.7623799999999985,0.11416459871620376,0.016145312384733736,-1.9057,0.1410174811858431,0.019942883442471207,-9.28836,0.575164420318224,0.08134053238084918,0.7393400000000001,0.5984033292019687,0.08462701039266361,0.21566347199999997,0.020780756888535586,0.0029388428228145145,-3.476676528,0.11298883524410386,0.015979034319895082
ARG  54,13.56516,0.5431598055821999,0.07681439635902806,-5.359,0.46208739433142093,0.06534902600651399,-176.84005999999997,13.11735754549731,1.8550744943339348,-31.367200000000004,11.075304669398474,1.5662846070877388,0.9704237760000002,0.16343302740831478,0.023112920390053252,-199.030676224,2.703778023069332,0.3823719549870964
LEU  55,10.85408,0.5655397365349438,0.07997939654686245,-5.62714,0.5676795930804592,0.08028201796168252,-31.74688,1.0555796254190821,0.14928150224323775,2.1974000000000005,0.726234287265479,0.10270503785111987,0.030055535999999997,0.015838552792143096,0.002239909616701102,-24.292484464000005,0.5753356315796629,0.08136474530964496
ARG  56,11.888239999999998,0.07500468252132032,0.010607263926313943,-5.062260000000001,0.5166912350717761,0.07307117521978107,-150.46113999999997,2.7825703154482806,0.39351486783637396,-55.337839999999986,2.7763161445341757,0.3926303945035613,1.07030808,0.04155493637749099,0.005876755460859885,-197.90269192,0.9850308653977606,0.13930440092016197
VAL  57,11.31544,0.33156761964941767,0.04689074245519704,-3.7573199999999995,0.38735030347219834,0.054779605255971704,-24.740120000000005,0.9073263280648434,0.12831531986474817,-6.533380000000002,0.8125641609128262,0.11491392566612328,0.5267996640000001,0.03630446026366293,0.005134226007950722,-23.188580335999994,0.280394650555114,0.039653791763190685
ASN  58,19.15054,0.3850456705378327,0.05445368094076454,-2.8080200000000004,0.26575270384325195,0.03758310780124474,-90.53291999999999,2.3600036427093745,0.33375491587695055,-9.569860000000004,1.8842411842436564,0.2664719437539321,0.828384624,0.07310777450816641,0.010339000622436296,-82.931875376,0.6775594562563974,0.0958213772351937
ASP  59,13.366700000000002,1.0601150739424183,0.14992291152455245,-7.110519999999999,0.32195560190811395,0.04553139787004479,-72.15011999999997,14.103109207036667,1.994480831222012,-3.2591,14.516999603568228,2.0530137724331032,0.045138960000000006,0.024829672520949603,0.0035114459628409487,-69.10790104000003,1.2846207734794028,0.1816728120360787
GLN  60,20.21548,0.609849333524263,0.08624571984742056,-7.566440000000001,0.6310037134597366,0.08923740094825458,-81.22746000000001,3.3163913533233336,0.4690085630006721,-2.2527600000000003,2.2588072920016877,0.31944359071360307,0.177013296,0.06951469682417664,0.009830862703300452,-70.654166704,1.5979149371463386,0.22597929756309038
LEU  61,13.026899999999998,0.8160422599351562,0.11540580314698884,-8.436100000000003,0.2724505276191672,0.038530323123473174,-26.619300000000003,0.7245274666980825,0.10246365697162493,-1.3378599999999998,0.4318562728501237,0.06107369980605407,0.022269024000000012,0.021833140332279816,0.003087672316710514,-23.344090975999997,0.8549588209417359,0.12090943598463134
ILE  62,14.61032,0.16728017694866823,0.023656989495697778,-7.356959999999999,0.5825621669830818,0.0823867317472934,-13.650119999999998,0.7668313932019446,0.10844633563196455,-1.1803400000000002,0.3015645609152373,0.0426476691977416,0.12528417599999997,0.0267799807857927,0.003787261202735893,-7.451815823999999,0.7359371091595573,0.10407722408270949
ALA  63,6.965519999999999,0.056776840348977974,0.008029457765021663,-5.37618,0.32885320068384594,0.04650686564368961,-6.948480000000002,0.5129472191170992,0.07254169140569654,1.26606,0.3990642259085626,0.05643620405378099,0.06307992000000001,0.017898500737748898,0.0025312302489469336,-4.030000080000001,0.4092327405424143,0.057874249184219226
VAL  64,10.805060000000001,0.22286071075894867,0.03151726396754127,-6.44296,0.35156000682672217,0.04971809296423284,-25.234540000000006,0.6080203684085503,0.08598706512024576,-2.5817600000000005,0.48425487338796924,0.06848398095905321,0.0006089759999999999,0.0009595005272661398,0.00013569386587639106,-23.453591023999998,0.44254056245258794,0.06258468653206675
ASN  65,19.180840000000003,1.580228734835527,0.22347809084560796,-4.61884,0.8433866339941605,0.11927288161187354,-92.77046,1.5271762859602276,0.2159753415739526,-6.4724200000000005,1.6529522932014662,0.2337627551001222,0.19000065599999996,0.08780646672242806,0.01241770961029196,-84.490879344,0.9269162660687293,0.13108575546586254
GLY  66,6.177460000000001,0.1254999936254264,0.0177483793062815,-0.8805199999999997,0.14002788865079888,0.019802933924042934,-8.48358,0.42859165134189525,0.060612012604758916,-6.354540000000001,0.48150219978728054,0.06809469412516517,0.5270584320000001,0.03828778260429822,0.00541471014321912,-9.014121568,0.24205262684859954,0.034231410769732344
GLU  67,14.614200000000004,0.3543757328033855,0.05011629675064519,-2.5988399999999996,0.3470509103863583,0.04908041043023176,-44.07202,7.808148222184295,1.10423891128324,-38.490899999999996,7.381536019691311,1.0439068350192966,0.6110344800000002,0.06526657310960775,0.009230087286122242,-69.93652551999998,0.9315777032589606,0.13174498223532008
SER  68,11.091600000000003,0.4878726473168092,0.06899561145462973,-4.2603800000000005,0.3807763590350631,0.05384990911784332,-5.868139999999999,3.4329567373329977,0.4854933976976416,-7.268279999999997,2.453881684515379,0.34703127587005855,0.43921569600000004,0.07221653801946738,0.010212960749476302,-5.865984304000001,1.6361801930257869,0.23139082194632962
LEU  69,12.316759999999999,1.5004600302574187,0.2121970924588786,-8.97674,0.6105675985507651,0.08634729786160633,-25.502540000000007,1.123208212398501,0.15884562873428001,-3.1518200000000003,0.820480510188997,0.1160334665172076,0.0025469279999999995,0.00441895031766776,0.0006249339470698642,-25.311793072000004,1.7624681449038493,0.24925063537735728
LEU  70,10.737199999999998,0.8919728471203842,0.12614400976661905,-2.7710199999999996,0.48056847545381537,0.06796264556357474,-25.968019999999996,1.964057539788536,0.27775968100500825,-6.671380000000002,1.2946337689091796,0.18308886342975572,0.6244326720000001,0.07014683998107649,0.009920261245885362,-24.048787328000003,0.6315679053646863,0.08931718973263068
GLY  71,6.153180000000001,0.39162883908105983,0.05538468156448652,-1.0988399999999998,0.21121016642198054,0.029869628186504335,-1.3498999999999999,0.5134254084090504,0.07260931758390243,-7.006920000000001,0.5829350509276258,0.08243946550044992,0.6010724159999999,0.06427064913237898,0.009089242366553296,-2.7014075840000005,0.3645977143582461,0.05156190324556634
LYS  72,10.326240000000002,0.5905491193795529,0.08351625738740516,-4.70718,0.5692522706147097,0.08050442815150018,-19.22392,10.77912587335355,1.5243986000623322,-21.32146,10.629931006756358,1.503299259684513,0.583596864,0.1357287577412148,0.019194945000167815,-34.342723136000004,1.1591564780541408,0.16392948121767967
ALA  73,7.861319999999999,0.1636214460270568,0.02313956680665611,-2.527439999999999,0.22890252597995797,0.03237170567023163,-14.787340000000002,1.1547363094663656,0.16330437498119896,2.24942,0.8524876325202602,0.1205599571665483,0.30465648000000006,0.02112154055835808,0.002987036911584339,-6.8993835200000015,0.8596509492171451,0.12157300312897915
PHE  74,12.718119999999997,0.5291924655549125,0.07483911618934141,-7.42096,0.9983704915511137,0.14119090894246783,-11.61632,1.5116530744850203,0.2137800279539702,0.40327999999999986,0.8219441353279433,0.1162404543693804,0.12687019200000005,0.06660098213518413,0.009418801220294561,-5.7890098079999985,1.0736762147571817,0.15184074645070142
GLN  75,20.689919999999997,0.746854546481411,0.10562118287540186,-4.668839999999999,0.6293374725852613,0.08900175890396823,-76.22394,3.9684462370554847,0.5612230489992341,-10.043579999999999,3.8251744958367615,0.5409613650456014,0.7265640960000002,0.11022492500347801,0.015588158385147587,-69.519875904,0.8260313982018135,0.11681848062830152
GLU  76,16.66256,0.1378349970076816,0.019492812213791826,-3.6567199999999995,0.22917286401318046,0.03240993724153248,-41.073379999999986,3.8627437548458166,0.5462744606074927,-41.64027999999999,3.825447869413537,0.5410000259075884,0.7082130240000001,0.016226947305493063,0.002294836895534184,-68.99960697600001,0.5189573227541113,0.07339164841316959
ALA  77,9.463600000000001,0.10622391444480804,0.015022330045620685,-6.747460000000002,0.28606154652447735,0.0404552118768338,-6.553920000000001,0.7891798487036988,0.1116068845188318,-0.54482,0.5444307371925284,0.07699413323104559,0.0007708319999999999,0.002294434929775957,0.0003244820995671718,-4.381829168000002,0.5007876785605099,0.07082207268896111
MET  78,12.985240000000006,0.3830213863478141,0.05416740392520237,-10.906419999999999,1.2613851289752995,0.17838679567726043,-12.70574,1.1273463320559363,0.15943084722850676,-0.248,0.8555423776762903,0.12099196336947343,0.06809976,0.08767913620614656,0.012399702355989034,-10.806820240000004,1.6550029918873805,0.2340527676895183
GLU  79,15.78458,0.460389143660046,0.06510885709333723,-5.300979999999999,0.37653469906504183,0.05325004781218541,-80.50485999999998,15.939166603069362,2.2541385582984987,-3.0525999999999995,15.382357778962236,2.1753938992283675,0.39254990399999995,0.11305139862755023,0.015987882118432863,-72.681310096,1.5221490663734183,0.21526438536188325
THR  80,15.288159999999994,0.13421942631444278,0.018981493302782124,-4.3706,0.5820815063202104,0.0823187560644602,-39.78395999999999,2.737553067686547,0.38714846760383864,-2.0287,1.1986822139332844,0.16951926439198586,0.132806592,0.042972987504114,0.006077298174400755,-30.762293408,1.6961823293446563,0.23987640544168007
LEU  81,16.567779999999996,0.6619707634028741,0.09361680314988158,-8.33846,0.44489410919904676,0.06291752830491887,-24.875960000000006,0.4655221567227436,0.06583477476224775,-1.2432399999999995,0.3672109235847995,0.05193146683851737,0.003931776,0.005548714246257775,0.0007847066940790551,-17.885948223999996,0.8631105860616829,0.12206226966362224
ARG  82,13.922339999999998,0.380660037829088,0.05383345881513517,-6.018600000000001,0.8400134760823748,0.11879584504518619,-160.28346,6.267121180287143,0.8863047770197756,-44.57354000000001,5.554437509631282,0.7855160857474398,0.8825703840000001,0.11280988154124655,0.015953726444533314,-196.07068961599998,1.3614104514743472,0.19253251244315003
ARG  83,14.479799999999997,0.431996111093641,0.06109347592010613,-5.120379999999999,0.5190470456519446,0.0734043371470667,-177.35588000000007,10.072272858971548,1.424434488107999,-37.67936000000001,10.81533421168293,1.5295192323759728,1.087040304,0.14672569929082327,0.020750147388575866,-204.588779696,1.3635422231289218,0.1928339904817282
SER  84,13.042039999999993,0.8500656435830072,0.12021743620625022,-5.043460000000001,0.9723562353376424,0.13751193754725388,-24.799040000000005,5.343699968972777,0.7557132969373987,-1.31428,3.1815047700105685,0.44993271945036406,0.05474620799999999,0.03577252445320483,0.005058998924204545,-18.059993792,2.427565060975618,0.3433095432774788
MET  85,13.32462,0.6703964764226503,0.09480837891240469,-10.485839999999998,0.7656248522612488,0.10827570497577552,-7.835739999999999,1.0587186748140611,0.14972543086597156,-2.801239999999999,0.6913979334652401,0.09777843345032734,0.006401664000000004,0.005890200199441779,0.0008330001007143273,-7.791798336000002,1.0169031383037272,0.14381182098088943
SER  86,12.313159999999998,0.6623704510317936,0.09367332751643465,-3.2177399999999996,0.5013052088299126,0.0708952625215539,-15.73926,1.5518722216729208,0.21946787429599107,-5.700900000000001,1.1281471224977693,0.15954409609885267,0.321401088,0.06462738445898787,0.009139692360260084,-12.023338912000002,0.548487465147748,0.07756784120035855
THR  87,15.675659999999995,0.7426090387277768,0.1050207774109669,-2.6736800000000005,0.36160328759566973,0.05113842735164949,-35.866620000000005,0.9336983215147925,0.1320448829451214,-5.399539999999999,0.7394163430706779,0.104569262061087,0.6469335359999999,0.04594347828722601,0.0064973890096388836,-27.617246464000004,0.77101612740968,0.10903814641911516
GLU  88,16.240139999999997,0.6834715798042693,0.09665747776557627,-4.330559999999998,0.5208986911099088,0.07366619935900266,-42.59918,7.990620751080581,1.1300444237958045,-38.10813999999999,7.472569598230655,1.0567809271594661,0.531589536,0.09142046427504448,0.012928806045621292,-68.26615046399999,0.7399386659305516,0.10464312966832408
GLY  89,6.9443600000000005,0.3125000966399589,0.04419418749111328,-4.315039999999999,0.5408903016324186,0.07649344003246406,-11.269779999999999,1.0846142224773203,0.15338761433701759,-1.0092400000000004,0.5590845932414872,0.07906650142759564,0.00038232,0.0010468951030547426,0.0001480533253121996,-9.649317680000003,0.685553057591661,0.09695184317724705
ASN  90,21.214379999999995,0.6998396927871049,0.0989722785026544,-5.595459999999999,0.3880215566176823,0.054874534786184606,-81.95970000000001,3.23213577839706,0.4570930253240443,-10.612819999999997,3.714943594134374,0.5253723614275883,0.4415372640000001,0.06031323395985871,0.008529579345661372,-76.512062736,0.8901459483351819,0.12588564726270746
LYS  91,10.891720000000003,0.17814455254065328,0.025193444226587827,-2.6962399999999995,0.49784325083303366,0.07040566772639868,30.32172000000001,4.715401166560454,0.6668584281779708,-61.695420000000006,4.522194768428088,0.6395349173203659,1.4574532319999998,0.031575153209724954,0.004465400990320139,-21.720766768000004,0.470899638303173,0.06659526550049322
ARG  92,11.782719999999998,0.48412940584110875,0.06846623716841242,-4.522059999999999,0.6518280573893815,0.09218240790953715,-167.72031999999996,9.595166527872893,1.3569614636946206,-41.99183999999998,9.54501493421573,1.349868957302162,1.2613173119999999,0.1483296936231475,0.020976986442450118,-201.19018268800005,0.5702765903752828,0.08064928884126109
GLY  93,5.659659999999998,0.14028109067165234,0.01983874209723406,-2.7004799999999993,0.17478629694573525,0.024718515165762987,-16.631700000000002,1.172570820888824,0.1658265557743928,-0.4173200000000001,0.6506285404130377,0.09201277059191293,0.08991172799999997,0.029251599200256065,0.004136800831010411,-13.999928272,0.6588267916218611,0.0931721783966389
MET  94,9.788740000000002,0.2917208809803731,0.041255562630987105,-7.198679999999999,0.7604790974116401,0.10754798534607915,-4.039639999999999,1.3779376293577341,0.19486980835419385,-3.9098999999999995,0.698044332403037,0.09871837620220478,0.57552552,0.054829050674633104,0.007753998707610783,-4.78395448,1.096340382728413,0.15504594382318315
ILE  95,14.010720000000001,0.58774443561807,0.0831196152060395,-7.6626400000000015,0.6512280632773526,0.09209755592847961,-12.190919999999997,0.4942315991517415,0.06989490304737359,-1.4410000000000005,0.7339435673129094,0.10379529469104071,0.0012110400000000005,0.0024615775468589244,0.0003481196351600984,-7.2826289599999985,0.7930395838943002,0.11215273350420352
GLN  96,18.82508,0.35292649886353994,0.049911344121367086,-5.892480000000001,0.40185311943544466,0.0568306131587541,-73.84284,3.661527912552367,0.5178182432939206,-9.42722,2.303447054221135,0.3257566064287883,0.47005934399999993,0.04207017381476912,0.005949621038023994,-69.867400656,0.9463216584435201,0.1338300923738226
LEU  97,11.450199999999997,0.5451767419838027,0.07709963424038713,-7.365299999999999,0.20749392762205193,0.02934407265531672,-30.00934,0.437731909277875,0.061904640278424,-1.30802,0.26209727125630167,0.037066151567164175,0.010369295999999998,0.007852956485629094,0.001110575756670242,-27.222090703999992,0.42567091535865387,0.06019895816079781
ILE  98,12.681299999999998,0.35005578126929593,0.0495053633458148,-5.14474,0.2462110322467298,0.03481949810092047,-16.0812,0.23801840264980165,0.03366088531217297,0.46051999999999993,0.13377761247682685,0.018919011390662068,0.39374380800000003,0.03811686037876503,0.005390538090273117,-7.6903761919999996,0.63476266674645,0.08976899722009428
VAL  99,11.641879999999997,0.21066681181443817,0.0297927862409879,-6.10426,0.3779435836206311,0.05344929417681864,-31.161559999999994,0.794786063290112,0.11239972298899975,-0.79222,0.5926719932644025,0.08381647709132135,0.0024513119999999998,0.003930153938188173,0.0005558077001599744,-26.413708687999993,0.40841245865695824,0.05775824380748113
ALA 100,7.322599999999999,0.47049178526305946,0.06653758637041486,-5.135999999999999,0.1931938922430525,0.02732174225777711,0.8909600000000001,1.5147162633311888,0.21421322827500636,-1.9976999999999996,1.1088811523332882,0.15681947646896421,0.01023768,0.005679803638859357,0.0008032455337690958,1.0900976800000002,0.4358844479352007,0.061643369789747
ARG 101,12.12942,0.43347175640407565,0.06130216368123303,-5.910060000000002,0.8381361323794436,0.11853034855259409,-160.64912000000007,4.113445639069789,0.5817290610856958,-40.1611,3.34414042916863,0.47293287494104586,0.6539076,0.16939837911541872,0.02395654851890444,-193.9369524,1.6426904759706302,0.232311514989878
ARG 102,11.729239999999997,0.16256857752986334,0.02299066871584347,-3.92288,0.5505923951527131,0.07786552325644532,-118.67020000000002,4.40361242617854,0.6227648416536381,-88.21553999999998,3.8630788405631216,0.5463218488840897,1.40097528,0.06710894322436478,0.009490637766442269,-197.67840472000006,0.9075796752443415,0.12835114856647167
ILE 103,12.998399999999997,0.5480559095567525,0.07750681002338818,-1.70944,0.6455126694341482,0.09128927717974328,-7.4651999999999985,4.176845604041408,0.5906951701173802,-5.001799999999999,4.371537244494207,0.6182287259582816,0.723892752,0.07642584842942521,0.010808247136476363,-0.4541472480000001,0.8226767153531923,0.11634405683010347
SER 104,8.734,1.6988277016813695,0.2402505175852907,-1.0451799999999998,0.30725668031793973,0.04345265644353648,-31.5955,3.601358422873244,0.5093089924593921,-63.80498000000002,3.1877460720074042,0.4508153728434432,1.215362304,0.12453355052172076,0.01761170361182925,-86.496297696,2.7607745936079704,0.3904324872935461
ASP 105,5.8144599999999995,1.0657458085303455,0.15071921764658944,-2.05838,1.1311124593072075,0.15996345805214385,-102.05038,7.6304389333507645,1.0791070226404345,-60.044699999999985,7.258725715303058,1.0265388352127929,0.8562096000000002,0.13240135809768575,0.018724379629836398,-157.48279040000003,1.5340501658548351,0.21694745499126036
GLU 106,14.625239999999998,0.5177007073590695,0.07321393615973408,-3.4727200000000007,1.2200459670028827,0.17254055532540744,-64.98569999999997,13.402354530827978,1.8953791545229426,-14.550199999999997,12.241058009829054,1.7311470255296055,0.532333872,0.13898107382279495,0.019654891951337294,-67.851046128,1.3062931418520427,0.184737747764212
ASP 107,16.26722,1.8574088003452864,0.26267727163194443,-2.84334,0.9327009083302115,0.13190382741982898,-32.812819999999995,18.338371725635852,2.593437400623352,-49.099280000000014,18.039460273566895,2.5511649376768966,0.45834494400000003,0.1218442718324205,0.017231382172288316,-68.029875056,1.9668571967608899,0.27815561229103775
GLN 108,21.180639999999997,1.3563377715009157,0.1918151271615495,-2.2379200000000004,1.0798001637340116,0.15270680362053277,-68.75758,5.085270168201674,0.7191658040202118,-15.265320000000004,4.165224538677335,0.5890517032926705,1.0810998720000002,0.24506920670228138,0.03465801958383817,-63.999080128000024,1.545485206340445,0.21856461392536383
HIE 109,29.368679999999998,0.834643143864568,0.11803636537949902,-3.2086000000000006,1.0540127513460131,0.14905991278677125,-14.151199999999996,3.898246221058926,0.55129526752912,-15.525240000000002,3.8603338900152036,0.5459336542547989,1.1488080960000004,0.17739987906994575,0.025088131494406425,-2.3675519040000004,1.079293361541315,0.15263513096709758
SER 110,11.146839999999996,0.9298673961377998,0.13150310828266318,-2.3698600000000005,0.7159707818060722,0.10125355898930152,-14.42786,3.566520960319723,0.5043822312572067,-5.2008,2.757973756220315,0.3900363890715838,0.215771472,0.11402756780437806,0.016125933287336913,-10.635908528,1.4442820119067015,0.20425232091299572
GLN 111,19.203219999999998,0.620716820780742,0.08778261463412351,-4.09694,0.9076315862727571,0.1283584898945139,-71.39498000000002,2.858582687206529,0.40426464054124006,-10.047580000000004,2.0478500344507493,0.28960972924264594,0.6943911839999999,0.1540457169812128,0.021785354218031853,-65.641888816,1.5459081060606716,0.2186244209773507
ILE 112,12.359020000000003,0.28999617169867387,0.041011651905254125,-3.05248,0.33152334699082886,0.04688448135577518,-8.1369,1.4406526750053215,0.20373905516616042,-5.356460000000001,1.124646277013354,0.15904900178246942,0.6216408000000001,0.06194436929761986,0.008760256717334155,-3.5651792000000007,0.6790710105840757,0.09603514329824034
THR 113,14.632000000000005,0.7114559157107656,0.10061506050287343,-4.810300000000002,0.42766268249636474,0.06048063657072179,-30.56028,1.4739981145170986,0.2084548124462451,-3.0601000000000003,0.9801358936392435,0.13861214737532915,0.17520336000000003,0.03701678102517272,0.0052349633761194295,-23.623476640000003,1.0733933451438282,0.15180074264634263
LYS 114,10.260900000000003,0.3893202923043237,0.05505820374838322,-3.9084200000000004,0.2963333319085084,0.04190786169682204,57.40778000000001,4.968594711948052,0.7026654027572177,-84.54788,4.950420239292313,0.7000951441853451,1.201407552,0.05315059708495259,0.007516629524576783,-19.586212447999994,0.46745707885034876,0.06610841407374725
VAL 115,9.588880000000001,0.8393467612375464,0.11870155732760701,-6.115400000000001,0.7611564096820023,0.10764377176594994,-102.34461999999999,6.449218113508257,0.9120571722825603,-7.40356,5.936899477538761,0.8396043759581058,0.12366158400000002,0.0656821593514932,0.009288860056083249,-106.151038416,2.836660170197341,0.4011643284536651


