#Frame       SA_00001
       1    6171.1550
       2    6160.2863
       3    6119.1112
       4    6082.9168
       5    6099.5494
       6    6221.5571
       7    6106.9044
       8    6033.9247
       9    6057.7709
      10    6118.7805
      11    6053.4254
      12    6114.6756
      13    6061.3233
      14    6193.2291
      15    6119.2166
      16    6080.6243
      17    6219.1536
      18    6218.0104
      19    6169.6678
      20    6214.2275
      21    6167.4415
      22    6186.4171
      23    6158.3117
      24    6215.3766
      25    6158.9853
      26    6176.1479
      27    6114.4253
      28    6157.9122
      29    6190.5626
      30    6227.9963
      31    6117.2962
      32    6163.5824
      33    6162.9082
      34    6174.7612
      35    6193.5449
      36    6208.3571
      37    6225.5774
      38    6219.9713
      39    6234.2441
      40    6198.1286
      41    6179.7231
      42    6090.3573
      43    6115.4951
      44    6150.3023
      45    6213.2440
      46    6233.2631
      47    6195.5228
      48    6222.7507
      49    6277.4986
      50    6213.7771
