| Run on Mon Jun 20 15:46:11 2016
| GB non-polar solvation energies calculated with gbsa=2
idecomp = 2: Per-residue decomp adding 1-4 interactions to EEL and VDW.
Energy Decomposition Analysis (All units kcal/mol): Generalized Born Solvent

Total Energy Decomposition:
Residue,Internal,,,van der Waals,,,Electrostatic,,,Polar Solvation,,,Non-Polar Solv.,,,TOTAL,,
,Avg.,Std. Dev.,Std. Err. of Mean,Avg.,Std. Dev.,Std. Err. of Mean,Avg.,Std. Dev.,Std. Err. of Mean,Avg.,Std. Dev.,Std. Err. of Mean,Avg.,Std. Dev.,Std. Err. of Mean,Avg.,Std. Dev.,Std. Err. of Mean
GLY   1,1.1649599999999998,0.0030721979102202633,0.00043447439509277763,0.05273999999999998,0.031118361139365967,0.004400800836211523,-22.673860000000005,0.4705584771309355,0.06654701802481988,-92.22115999999998,0.45349078756583144,0.0641332822186855,0.998988048,0.006087600742568634,0.0008609167532453086,-112.67833195200001,0.008383904471849992,0.00118566314097307
SER   2,11.237860000000001,0.01429826562701255,0.0020220801168134195,-0.51216,0.020470818254285962,0.002895010880808593,-4.2903199999999995,0.1214652938085569,0.01717778658616939,-12.139759999999999,0.09358665716869101,0.013235151982512405,0.838811808,0.009619815080217486,0.001360447295396479,-4.865568192000001,0.010795212653913935,0.001526673614386674
HIE   3,27.207820000000005,0.026901814059988257,0.0038044910296074607,-1.7648599999999999,0.02255926417238115,0.003190361734973888,-5.5880600000000005,0.13231922158173026,0.018712763772353366,-22.404700000000002,0.10620757976708682,0.01502001997334365,1.3201303680000003,0.008640662993721628,0.0012219742793616434,-1.2296696319999996,0.07644946554274995,0.010811587100673158
GLY   4,3.9196000000000013,0.008513518660997909,0.0012039933553899674,-2.10342,0.03266930669605937,0.0046201376602893335,-5.889839999999998,0.07686517026598637,0.010870376626427508,-5.593819999999999,0.08505778976679348,0.01202898798736788,0.16975483199999997,0.002598425399926948,0.0003674728441391423,-9.497725167999999,0.04974421877234334,0.0070348948837502265
GLY   5,5.68104,0.01396991052240305,0.0019756436925921,-4.026540000000001,0.01722696723148964,0.0024362610697329537,-8.20984,0.4774739515408317,0.06752501379489181,-2.7429400000000004,0.47513115705033876,0.06719369262066101,0.023738976,0.0012962614456290132,0.00018331905167899047,-9.274541024,0.020539900884201743,0.002904780640023723
SER   6,11.457540000000002,0.005488934317514336,0.0007762525354803882,-3.0828599999999993,0.023110179575311265,0.0032682729384282882,-2.7681799999999996,0.04300450674059478,0.006081755667571432,-5.983860000000002,0.029017932386505574,0.004103755353302165,0.4396265280000001,0.002564929261131583,0.00036273577476198866,0.06226652799999997,0.009551313746015146,0.001350759743809519
PRO   7,18.862339999999996,0.012604142188383634,0.0017824948824891036,-3.4901200000000006,0.012581955332842046,0.001779357187287771,0.28842,0.18038759269971963,0.02551065800797774,-3.3225599999999993,0.17105989126620155,0.02419152182067292,0.602876016,0.01328980090239619,0.001879461667740689,12.940956015999998,0.0372122817030608,0.005262611347131675
ARG   8,13.761759999999997,0.015389035059712446,0.002176338209328039,-5.6444399999999995,0.01851935204054513,0.002619031882210077,-183.05215999999996,0.6667071729210057,0.09428663260763105,-25.13724,0.6703461959314584,0.09480126817714805,0.549414576,0.0038338220145688645,0.000542184308872783,-199.52266542399994,0.042149355074655254,0.00596081895918567
VAL   9,10.733860000000002,0.01222130925832359,0.0017283541303077092,-2.2815400000000006,0.025882202379224846,0.0036602961628784962,-30.264400000000002,0.02940272096144198,0.0041581726754342935,-2.84146,0.0250616918822168,0.0035442584555846696,0.717381936,0.006394706967428463,0.0009043481320739058,-23.936158063999994,0.055979395212699436,0.007916681992324304
VAL  10,11.04018,0.028961830052724364,0.0040958212851707485,-4.79008,0.03766634572138618,0.005326825696421813,-21.94914000000001,0.03807676981313602,0.005384868428109542,-1.3531800000000005,0.029640303642153493,0.0041917719403590115,0.06899587199999997,0.001922263308399447,0.00027184908411906735,-16.983224128000003,0.04288910891773853,0.006065435950956269
ARG  11,12.042180000000004,0.025290069196203364,0.0035765558850624837,-4.718639999999998,0.049758520878456856,0.00703691750699385,-185.29667999999995,0.8071541473631658,0.11414883421266808,-21.201339999999995,0.7944879510730664,0.11235756355495424,1.1418115679999998,0.010028542677238201,0.0014182501064987651,-198.03266843200004,0.06052262150676612,0.008559191216524221
ILE  12,14.272780000000003,0.10439967241299587,0.014764343263376702,-7.1214200000000005,0.10868727432394688,0.015370701740629074,-14.267020000000004,0.2171552891362399,0.030710395503752128,-2.21694,0.09178941333291356,0.012980983321767614,0.012501072,0.00183145516167225,0.0002590068728515105,-9.320098928,0.18450560601357152,0.026093033035825972
VAL  13,11.24796,0.0695102754991424,0.009830237433517745,-2.87282,0.07898827507928344,0.011170628988557939,-20.611499999999996,0.17115901962837143,0.024205540688092567,-2.4903199999999996,0.21167583140264193,0.02993548315962169,0.6253274880000002,0.010113039722187384,0.0014301997931935235,-14.101352511999997,0.14608335301536204,0.020659305907126158
LYS  14,11.271559999999996,0.30473451790054185,0.0430959688138173,-6.530960000000001,0.2446671175290355,0.0346011555876294,5.327140000000001,5.655678799260086,0.7998337662339594,-44.58354,5.562540974087359,0.7866620886810389,0.6509409119999999,0.05139863709446256,0.00726886496664818,-33.86485908799998,0.35955244025260913,0.05084839373895818
SER  15,11.24268,0.11199525704256955,0.015838521143106275,-2.2011000000000003,0.053889980515846723,0.007621194132153227,-19.06416,0.2958468090074885,0.0418390569683193,-4.304299999999999,0.3021935307050915,0.04273661895845507,0.40087828799999997,0.01505447125076941,0.002129023741719395,-13.926001711999998,0.12467904168541508,0.017632279169519448
GLU  16,15.988499999999997,0.03539449109688944,0.005005536934251481,0.48795999999999995,0.025919074057535973,0.003665510605632002,-33.71248,0.4570373393934309,0.06463484038811051,-49.008839999999985,0.45976952313307873,0.06502122951806104,1.348926048,0.004395513931716143,0.0006216195415832855,-64.895933952,0.03286370328868608,0.004647629490066515
SER  17,10.38418,0.018560915925805426,0.0026249099032340803,-1.13864,0.028827597888128918,0.00407683799040299,-6.463179999999999,0.10395204471309363,0.01470103914696714,-11.374639999999998,0.10914627982685514,0.015435614921370747,0.5897928960000001,0.02087870254153681,0.0029526944298994967,-8.002487103999997,0.02273245964809808,0.0032148552740439416
GLY  18,5.177560000000001,0.056302809876480425,0.007962419732703245,-2.7520000000000007,0.05465784481659052,0.007729786542970628,-11.256680000000001,0.20407512734284314,0.02886058128312652,-0.8106400000000002,0.16185397863506318,0.02288960917097515,0.13191192000000002,0.006109953301817573,0.0008640778824896685,-9.509848079999996,0.10593161680941286,0.01498099291759814
TYR  19,10.44888,0.3433138878636175,0.048551915636776376,-9.796780000000002,0.2349716825492114,0.033230014023472025,-33.68206,1.1985992726513277,0.16950753472340346,0.8186999999999999,0.582729619978254,0.08241041317697664,0.03427833599999999,0.010456549230979792,0.0014787793738073578,-32.176981663999996,0.2909557738713702,0.041147360145965116
GLY  20,6.753679999999999,0.11720417057425098,0.016575172759279534,-3.0282400000000003,0.08720838491797557,0.012333128070365433,-17.399000000000004,0.8325066726458208,0.11773422272218183,3.6060199999999996,0.3297394419841251,0.046632199090328605,0.02270044799999999,0.0036778015421303403,0.0005201196820597411,-10.044839552000001,0.33799288234523206,0.0477994118198201
PHE  21,9.932780000000001,0.049119564330204674,0.006946555405363316,-9.543599999999998,0.10402172849970738,0.014710893922577808,-5.868839999999998,0.35262146049272924,0.04986820518126262,-4.077820000000001,0.2582621683483531,0.03652378611261244,0.011356560000000002,0.0014925655571531287,0.00021108064536569095,-9.546123439999999,0.2525246677881837,0.035712381001980965
ASN  22,17.943019999999997,0.06865609659777328,0.009709438294816826,-7.126739999999999,0.17657925246190198,0.02497207736653245,-83.92420000000004,0.24868566503137257,0.03516946402551396,-10.916040000000004,0.23516810668093616,0.033257792590578275,0.23735318399999997,0.012497077482090576,0.0017673536465199903,-83.786606816,0.19179119759214477,0.027123371277858924
VAL  23,10.643660000000002,0.02825711237735743,0.003996159155755952,-7.54626,0.06622954325680128,0.009366271830354392,-23.601279999999992,0.1644164274035279,0.023251994151100058,-0.07808000000000001,0.09250964057869861,0.013082838835665599,0.0,0.0,0.0,-20.58196,0.12887528234682924,0.018225717214954782
ARG  24,12.322099999999995,0.10071429888625921,0.014243152740984527,-8.560580000000002,0.14343515468656812,0.020284794107882743,-115.82852000000003,2.445153314128601,0.3457968978922188,-89.92216,2.124238822354187,0.3004127352292743,0.6852555359999998,0.014701516502435516,0.0020791084025196175,-201.303904464,0.3885420503791598,0.05494814371984581
GLY  25,6.486459999999999,0.07219451779753384,0.010209846619825814,-4.16268,0.05426912197558706,0.007674812831595499,-19.549920000000007,0.25332973295653427,0.03582623440994852,1.5515399999999997,0.20168998091130033,0.028523270639953156,0.029695247999999994,0.006126829008557093,0.0008664644678242344,-15.644904752,0.08235437248405299,0.011646667048767337
GLN  26,19.81214,0.056400003547752105,0.00797616499351217,-7.788400000000001,0.15612943348384725,0.02208003623184848,-79.20928,0.17104128623814302,0.024188890672372048,-4.343659999999999,0.13043643816053627,0.01844649798742699,0.3234083040000001,0.007045525142579298,0.0009963877210676278,-71.20579169599999,0.2718253055392594,0.0384419033689831
VAL  27,12.23974,0.02135116858653288,0.0030195112187589184,-1.9674600000000007,0.1611433163367256,0.02278910634491753,-21.03232,0.27988900943050704,0.039582283309579414,-7.349820000000001,0.2666971083457338,0.037716666766822345,0.6066997919999999,0.03025247886557628,0.00427834659071034,-17.503160208,0.1785186819796063,0.025246354119252867
SER  28,11.12096,0.021709868723095774,0.003070239078554151,-2.1404200000000007,0.035208004771582174,0.004979163785206815,-12.050620000000002,0.12637909479029222,0.01787270298528662,-5.490519999999999,0.15336312985854117,0.02168882182139351,0.6646881599999999,0.007283223766241719,0.001030003382801709,-7.895911839999999,0.09460131147317463,0.013378645770364505
GLU  29,14.4985,0.07221696476606963,0.010213021100559562,-2.145639999999999,0.0679228267963414,0.00960573828501047,-31.888480000000005,1.1317007950866296,0.16004666129599265,-47.98596,0.9386809033957436,0.13274952643228896,0.9267089759999998,0.013883245079372337,0.0019633873480997895,-66.59487102399997,0.26156484384095224,0.03699085495998754
GLY  30,4.833180000000001,0.03000512622849346,0.004243365645305213,-1.9347,0.04415710588342402,0.006244757801548303,-10.570620000000003,0.23243148581871612,0.0328707759567358,-1.456,0.17682680792232897,0.025007086995489987,0.235752192,0.0066772268592242764,0.0009443024783356876,-8.892387808000002,0.05981800709021873,0.008459543690111728
GLY  31,5.345339999999998,0.021889367282258685,0.003095624008233613,-1.6655200000000001,0.028818910458238405,0.004075609402285658,0.8241999999999998,0.09338822195544974,0.013207089005530586,-11.675919999999996,0.08869021141077779,0.012542689982685897,0.39914985599999997,0.005219416666114973,0.000738136983689596,-6.772750144000002,0.028212054216231432,0.003989786969499955
GLN  32,18.54884,0.016195505552524032,0.002290390360186825,-2.0292600000000003,0.018812559634399154,0.0026604976977919917,-67.97017999999998,0.11201244396602407,0.01584095174113076,-13.90874,0.10993631065259325,0.015547342152215914,1.1361002400000002,0.004413698484933245,0.0006241912257618177,-64.22323976000001,0.016196635205273455,0.0022905501172107256
LEU  33,11.900920000000001,0.00854830977400285,0.0012089135617761317,-3.209579999999999,0.015884697038618903,0.002246435398620259,-23.20728,0.02449574657003456,0.00346422170197971,-0.43844,0.027355555194511612,0.003868659716232409,0.7811418239999999,0.004514863173958492,0.0006384980732870937,-14.173238176,0.01727438194892498,0.002442966523378268
ARG  34,11.142700000000001,0.015081445553487552,0.0021328384841933505,-4.017579999999999,0.03347482038809006,0.004734054499084036,-116.83834000000003,1.0446358716760564,0.1477338217465719,-90.01763999999997,1.0123590619952496,0.14316919154649868,1.217701296,0.005968378353493485,0.0008440561612884489,-198.513158704,0.06928516529330134,0.00979840204290484
SER  35,10.434940000000001,0.026302402931913223,0.0037197214949313538,-3.3355999999999995,0.014328991590697567,0.0020264254242694526,-13.172059999999998,0.03271477342290723,0.0046265676264638286,-7.0323199999999995,0.05562065803301664,0.007865948893840817,0.5849107200000001,0.0032401958340553517,0.00045823288932658805,-12.52012928,0.0259407870081646,0.0036685812805578163
ILE  36,12.843480000000005,0.0733741752923405,0.010376675382636879,-4.399380000000001,0.06390176523376524,0.009037074305317234,-6.789459999999999,0.3568513533672184,0.05046640236831141,-4.371700000000001,0.20856608065550014,0.02949569799140091,0.22157409599999994,0.005748591405935364,0.000812973593081521,-2.4954859039999997,0.15838452271189682,0.0223989540089154
ASN  37,19.761779999999995,0.006747710739331764,0.0009542704042533564,-3.07442,0.05293584418897976,0.007486258878772417,-81.56324000000002,0.44951398465045395,0.06357087735690432,-17.527359999999998,0.4515716448139921,0.06386187444790738,0.6659290079999998,0.008969186086520125,0.0012684344607004825,-81.73731099200005,0.059588850690638746,0.008427136081292669
GLY  38,6.045100000000002,0.06417016440658664,0.009075031680350608,-1.0458200000000004,0.06489119817047012,0.009177001253131901,-7.88262,0.3175402267429974,0.04490696952589747,-7.338299999999999,0.2338932448789406,0.03307749990552492,0.5378238719999998,0.003977636219839635,0.0005625227088283661,-9.683816127999997,0.2102257355561209,0.029730408638332595
GLU  39,14.702660000000002,0.07399259692672422,0.010464133408897918,-2.5383,0.49184531104809814,0.06955743094738338,-1.31218,4.371916004179402,0.61828229066665,-77.20349999999999,3.7489793984497646,0.5301857510344984,0.7832773440000003,0.08002778273965337,0.011317637571706528,-65.568042656,0.2855046131270367,0.040376449600433885
LEU  40,11.18394,0.05400570710556313,0.00763756034342364,-3.1481600000000003,0.08796871261987455,0.012440654645152783,-19.0336,0.33452724851657123,0.04730929718354899,-11.5351,0.249689346989377,0.035311406089245864,0.9228388320000004,0.011242344535760819,0.0015899076115344006,-21.610081167999997,0.0680167539471807,0.009619021590069669
TYR  41,9.722999999999999,0.6394710001243441,0.09043485611201345,-7.544880000000001,0.3238398147232416,0.045797865801799856,-36.392019999999995,4.057684721562329,0.5738432765067542,1.54316,2.2842182326564155,0.32303724040426046,0.171759024,0.013476861534504548,0.0019059160360320611,-32.498980975999984,0.8243890545135764,0.11658621815650325
ALA  42,10.475180000000002,0.05145588013064288,0.007276960354459942,-4.06498,0.04731067110065947,0.006690739271552547,7.54952,0.11850624287342848,0.016759313589748248,-2.2319600000000004,0.07256857722180816,0.010262746610920036,0.103409136,0.0029547269749845744,0.00041786149611328137,11.831169135999998,0.06602741137387788,0.009337686065332565
PRO  43,19.32817999999999,0.08203893953717833,0.011602058093618393,-6.374020000000001,0.05534527622124236,0.007827004024536609,2.4510399999999994,0.17306356751205976,0.024474884432822665,-9.8885,0.15870667912843858,0.022444513806263285,0.151119504,0.00854277056156794,0.0012081301988411,5.6678195040000015,0.06353808451036186,0.008985642084176161
LEU  44,11.916060000000002,0.07421493380687377,0.01049557659203024,-8.1453,0.06601946682624872,0.009336562536632157,-38.18386,0.5297398233092416,0.07491652426530565,4.40072,0.3946551933016959,0.05581267268282338,0.051918624,0.006068800489406664,0.000858257995945538,-29.960461375999998,0.15455154003160437,0.021856888399834323
GLN  45,20.48568,0.07169558982315179,0.01013928754902397,-8.1675,0.07674275210075518,0.01085306408347243,-81.98104,0.43911469845738393,0.06210019619958043,1.35456,0.2331303635307953,0.03296961219062207,0.0009381600000000007,0.00030128451403946667,4.260806458876009e-05,-68.30736183999998,0.2140563541246409,0.03027213991152052
HIE  46,29.79716000000001,0.05350938608866165,0.007567369952084353,-10.016839999999997,0.09616243757364415,0.013599422340750365,-13.3926,1.3327727788336727,0.18848253393882575,-11.019619999999998,1.548041470891536,0.2189261243250805,0.25688116800000005,0.027883137406119436,0.003943271108124666,-4.375018832,0.16899983180466455,0.023900185417692853
VAL  47,11.476680000000002,0.06520810992475837,0.00922181934323089,-7.340139999999998,0.07078107374167032,0.010009955444480032,-35.63508,0.5715166433266248,0.08082465881144596,3.005300000000001,0.44736675111142904,0.06326721267765718,4.752e-05,0.00033264000000000004,4.7042399938778636e-05,-28.493192479999998,0.2061458660720545,0.029153427962624715
SER  48,13.365139999999997,0.04093165523287501,0.00578861019607115,-4.4798,0.10021357193514778,0.014172339256453776,-19.374620000000004,0.12921979569635356,0.01827443876008637,-1.52228,0.10526557651958478,0.014886800596501961,0.12810599999999997,0.00678944565254124,0.0009601726122818869,-11.883453999999999,0.1486120134992335,0.02101691250221895
ALA  49,6.641619999999998,0.011215863766123402,0.0015861626651780694,-3.4746599999999987,0.025154411144092535,0.003557370939348458,-0.24565999999999996,0.057878358649844294,0.008185235977050393,-3.417400000000002,0.06341104004810448,0.008967675284021284,0.25137892799999995,0.0055262455093887984,0.0007815291348381052,-0.24472107200000004,0.02715560831633159,0.003840382957544774
VAL  50,10.89922,0.01968379028626672,0.002783708318174618,-5.74478,0.018626099967309778,0.0026341283187886547,-27.095660000000006,0.1023106270106489,0.014468907629335477,0.10382000000000001,0.07359937227993187,0.010408523046042607,0.15225638399999997,0.004696797041022524,0.0006642274075127875,-21.685143616000005,0.03815246237577791,0.005395572972975435
LEU  51,14.689960000000003,0.01119278338258848,0.0015828986060360834,-2.50114,0.02793063551010246,0.003949988354408646,-23.862980000000004,0.08287086098123139,0.011719709552519277,-0.6677599999999999,0.07850160762685049,0.011101803817398316,0.579143664,0.01668309039579524,0.0023593452700029958,-11.762776336,0.03703357642595774,0.0052373386044769965
PRO  52,18.142120000000002,0.0065593902074471515,0.0009276378592269031,-2.16434,0.009054523731284882,0.0012805030261612122,-6.1100400000000015,0.049335569318561555,0.006977103123770771,-4.439500000000001,0.043922317789442944,0.006211553750869127,0.9278274239999998,0.002481642222965118,0.00035095720886749865,6.356067424,0.012380962507139263,0.0017509325092829144
GLY  53,5.3152800000000004,0.008609390221947165,0.001217551641563999,-1.2452799999999997,0.009510078864087118,0.001344928250882972,-19.93338,0.033996405692303715,0.0048078178001993805,2.90942,0.024372189068796554,0.003446748032581338,0.30570883200000004,0.0019178952126996172,0.00027123134210102305,-12.648251168000002,0.009971549098622592,0.001410189997314128
GLY  54,4.34774,0.004255866540022954,0.000601870418055032,-2.1364200000000007,0.019580694573876754,0.0027691283827061776,-11.801219999999995,0.20554583819718517,0.0290685712067805,-1.67882,0.12894955447770934,0.01823622088043448,0.073194336,0.005616799630457221,0.000794335421452479,-11.195525663999996,0.07789317152347146,0.011015757958474709
ALA  55,9.312960000000002,0.06365091044100817,0.009001598080306898,-4.535299999999999,0.044659265556002324,0.006315773903492011,-5.769860000000001,0.07389208617965377,0.01044991904273079,-0.8883600000000001,0.08804856841539095,0.012451947960058121,0.12686227199999997,0.007375976816207382,0.0010431206449230002,-1.7536977280000001,0.07587096853628686,0.010729775269439924
ALA  56,9.414259999999999,0.02823388744090025,0.0039928746537436525,-6.274899999999999,0.05490655698551723,0.007764959755212967,-8.59176,0.14803763845726728,0.020935683604795224,0.04300000000000001,0.10593167609360289,0.014981001301648696,0.0,0.0,0.0,-5.409400000000001,0.11397490951956596,0.016118486281281656
ASP  57,17.12646,0.014684971906252108,0.0020767686432889613,-5.360059999999999,0.019670699022047215,0.0027818569338338346,-38.9691,0.7637014141665099,0.10800368975177904,-38.62184,0.7516451120044739,0.10629867114881711,0.458993088,0.002151718986902249,0.00030429901736928565,-65.36554691200001,0.018846024839063922,0.0026652303924224424
ARG  58,13.720339999999998,0.031558586788293014,0.004463058144533235,-3.272959999999999,0.013143758975666314,0.0018588082203950399,-165.38214000000005,0.7472725877314232,0.10568030283594172,-45.88214,0.7444196131205076,0.10527683129715543,1.573377696,0.00909135175323477,0.0012857112949729028,-199.243522304,0.04011596432193003,0.0056732540811748645
ALA  59,7.531259999999999,0.018564277524345855,0.0026253853050587934,-3.3942600000000005,0.024841747120425705,0.003513153569074881,-9.2857,0.025950915205044795,0.0036700136238968515,-3.0113200000000004,0.03740023529338286,0.0052891919987846925,0.25724361600000006,0.00203919255700133,0.00028838537704015517,-7.902776383999999,0.054302225395784984,0.007679494362175983
GLY  60,6.52818,0.037197682723367514,0.00526054673962377,-2.1852399999999994,0.02102718240760064,0.002973692653932177,-15.418960000000002,0.08692892729065863,0.012293606793699409,2.0317600000000002,0.07541526635900173,0.010665329249487966,0.20014804799999997,0.008863140763279449,0.001253437387265162,-8.844111951999997,0.0377159036111552,0.005333834240405207
VAL  61,11.150419999999997,0.039764853828123475,0.005623599558951591,-5.689940000000002,0.07169809202471367,0.01013964141376243,-20.0144,0.05181466973820467,0.007327700867365183,-2.2799000000000005,0.06754413372008633,0.009552182996568797,0.018872639999999996,0.003124828534431943,0.0004419174893484096,-16.81494736,0.03930153812335167,0.005558076823616717
ARG  62,11.238800000000001,0.02290589443816302,0.0032393826572736585,-5.1368800000000014,0.06340808781205699,0.008967257774795515,-135.7318,0.6037205976254444,0.08537898570458936,-63.013340000000014,0.6038586791609291,0.08539851338260893,1.2873906719999997,0.007387915307164967,0.0010448090025056487,-191.3558293279999,0.03235576501530429,0.004575796170560024
LYS  63,8.95026,0.0073152170166683765,0.0010345279116674869,-3.585060000000001,0.03661989076980585,0.005178834617928075,44.85306,1.355488744475848,0.1916950566081823,-83.80282000000001,1.287434296419699,0.18207070426610017,1.1783757599999998,0.005004232311216986,0.0007077053203788721,-32.40618424000001,0.05504396577079715,0.007784392291986174
GLY  64,6.27952,0.013612112253074928,0.001925043376084355,-2.80176,0.05487314826031782,0.007760235047985106,-15.268659999999997,0.3852966446780717,0.054489174044057634,-3.1355999999999993,0.26045905628333094,0.03683447298387839,0.15291086399999998,0.0053374067449190234,0.0007548233006566118,-14.773589135999996,0.07061140966477572,0.009985961320620846
ASP  65,14.557220000000003,0.053283126784413694,0.007535372054416296,-6.65856,0.03067582761739537,0.004338217145353968,-78.07236,1.0150561316492799,0.14355061479483813,5.386979999999999,0.9533702007090519,0.13482690678051007,0.010699200000000006,0.0003360171424197875,4.751999999999153e-05,-64.77602080000001,0.05907285624054586,0.008354163446349608
ARG  66,14.024020000000005,0.06555836788611197,0.009271353299158432,-9.13978,0.07942047343084256,0.01123175106559896,-137.56600000000003,1.5840311486811764,0.22401583336863523,-65.82188000000002,1.3877327212390507,0.1962550435325187,0.6151498560000003,0.0076676875528233525,0.0010843747729242152,-197.888490144,0.22352947858289623,0.03161184202021181
ILE  67,13.067999999999998,0.02638787600508638,0.0037318092128612724,-8.470780000000003,0.04287903450347813,0.006064011213628266,-13.160420000000002,0.1015269599662736,0.01435808037308144,-0.28342,0.07250464536841744,0.010253705281506756,0.0,0.0,0.0,-8.846619999999998,0.04688961078985504,0.006631192351340881
LEU  68,13.232780000000002,0.023456589690032777,0.0033172627266665265,-7.530160000000003,0.04912203578801948,0.006946904922279369,-34.385419999999996,0.07012790885580066,0.009917583980473757,-1.4248199999999998,0.06618419448781937,0.009359858545941279,0.12217507200000002,0.005344784503757391,0.0007558666733175254,-29.985444927999996,0.041982126710102464,0.005937169297069267
GLU  69,15.499740000000001,0.041177571564907395,0.005823388017268075,-6.115500000000002,0.07199118001514446,0.01018109031486602,-13.335799999999999,0.5333932508009886,0.07543319693610319,-67.65258,0.49715784576000877,0.07030873681139957,0.40384339200000013,0.006169677901074621,0.00087252421631733,-71.20029660799999,0.07625840494744521,0.010784567052161654
VAL  70,10.806219999999996,0.04127434554318208,0.00583707392452416,-6.396560000000001,0.09959561436119879,0.014084946858248792,-26.66264,0.0684563393682583,0.009681188356500612,-1.7455399999999996,0.0451279115404463,0.006382050454207247,0.0,0.0,0.0,-23.99852,0.044986326813978815,0.0063620273501677265
ASN  71,18.260440000000003,0.06623780189516544,0.009367439778192526,-4.17746,0.03874078471058755,0.0054787743154689145,-89.50186000000004,0.26488858109011126,0.03746090238954007,-8.4968,0.3027881107308848,0.042820705272094375,0.34267247999999983,0.005724813768580979,0.0008096109273587449,-83.57300751999999,0.10124619484689346,0.01431837418911457
GLY  72,6.164100000000001,0.015601602481438942,0.0022063997824004686,-1.1820000000000002,0.038995897220081545,0.005514852672554659,-5.297580000000003,0.04494712004095098,0.006356482675152442,-6.407859999999997,0.03239012812622284,0.004580655848310658,0.518414832,0.01066915361886556,0.001508846174684166,-6.204925167999999,0.04243221131072861,0.006000820871711344
VAL  73,10.736560000000004,0.028265993700883826,0.003997415164574238,-2.3427200000000004,0.02155554684985428,0.0030484146699432564,-30.36882,0.05138470200661587,0.007266894247625616,-0.23111999999999994,0.04432815809392533,0.006268948237144789,0.515264544,0.004153903392438984,0.000587450651437482,-21.690835455999995,0.03300990636977011,0.004668305728079491
ASN  74,20.468259999999997,0.01886564072997912,0.0026680044983194724,-4.39984,0.036167034713837566,0.005114791100312761,-92.77254,0.06620791794160058,0.00936321354894965,-5.008559999999999,0.07477891681486737,0.010575335833915492,0.593162496,0.003860114785899324,0.000545902668253574,-81.119517504,0.03745391634491249,0.005296783645896259
VAL  75,13.429139999999997,0.03670313883187771,0.005190607671770405,-6.282539999999999,0.04305541080983585,0.0060889545900815025,-34.92188,0.06170498845111636,0.008726403153364395,2.4073200000000003,0.06876261775118998,0.009724502660800981,0.022913279999999994,0.0023805290652290853,0.00033665764896703183,-25.345046719999996,0.03519227824673037,0.004976939718733374
GLU  76,15.300100000000002,0.029075247204581184,0.004111860892606913,-5.9528,0.08547093073088761,0.012087414942827262,-3.9050000000000007,0.34531104818699,0.04883435675833106,-75.6777,0.3410873348544347,0.048237033490483486,0.5007360959999999,0.004368863755315012,0.0006178506374926741,-69.73466390399999,0.1309368296296608,0.018517264027640163
GLY  77,6.157659999999998,0.01380378209141222,0.0019521495845718007,-3.68624,0.04395659677445519,0.006216401531419996,-12.462179999999991,0.10078862832792554,0.014253664511433341,-2.4931399999999995,0.10282509615849396,0.014541664553965978,0.04179153599999999,0.003385619425615379,0.0004787988908739077,-12.442108463999999,0.029832181276921346,0.004218907535699488
ALA  78,7.136799999999999,0.03888701582818917,0.005499454518444234,-4.5389800000000005,0.0985211632086904,0.013932996519050314,-13.746340000000002,0.27775461184284594,0.03928043390798274,3.82476,0.20378170280964594,0.028819084787688472,0.06904497600000002,0.004169312073834362,0.000589629768058245,-7.254715023999999,0.13980260486377308,0.01977107398534347
THR  79,15.372360000000004,0.1248851888728791,0.017661432784355117,-6.7190199999999995,0.047174353201734506,0.006671461009407157,-29.98585999999999,0.18982381410315927,0.0268451412366077,-6.889019999999999,0.14323553888625323,0.020256564170675815,0.11532412799999994,0.004795061956933624,0.0006781241651914805,-28.106215872000003,0.11051214668539251,0.015628777664944696
HIE  80,30.875639999999997,0.0690778575255709,0.009769084297233874,-12.080139999999997,0.21033069295770546,0.029745251856411827,-4.15,2.4018579808140195,0.33967401313612433,-10.272780000000003,1.0621127866662554,0.15020543076733,0.041104368,0.015092519535365058,0.0021344045817294145,4.413824368,1.1803812555611033,0.16693111803854946
LYS  81,11.59172,0.03561518777097116,0.005036748157217182,-3.6399199999999996,0.05288812343053116,0.007479510144391943,16.445799999999995,1.1673761518894155,0.16509191863929254,-57.80917999999999,1.154452557535322,0.1632642463982758,1.0282557600000002,0.0234611830302137,0.003317912323064572,-32.383324239999986,0.1133821134388936,0.016034652255580806
GLN  82,20.59274,0.06564078305501017,0.009283008564118542,-6.09644,0.08476677651064111,0.011987832497999775,-79.28884000000002,0.9231629186642081,0.13055495198548533,-8.52684,0.519110869082915,0.07341336314323427,0.5470630560000002,0.018451016611424974,0.0026093677931448463,-72.772316944,0.42813157702687193,0.06054694827115837
VAL  83,13.307499999999997,0.05976328304328255,0.00845180454117522,-7.31068,0.12699644719441128,0.017960009799553502,-25.08126,0.20015861810044347,0.028306703234350403,-3.30356,0.13748413144795418,0.019443192330478216,0.0,0.0,0.0,-22.387999999999998,0.1154589104399219,0.01632835570409581
VAL  84,12.91938,0.03582674420074291,0.005066666754436225,-6.269199999999999,0.25262858112260556,0.035727076566666044,-31.82894,0.16930781553079274,0.023943740893940923,-2.39386,0.22211213474279037,0.031411399332089446,0.06975835199999998,0.016762050959500677,0.002370511980011481,-27.50286164799999,0.39011694066965635,0.0551708668406528
ASP  85,14.332060000000002,0.07214774008929646,0.010203231252885211,-4.3167800000000005,0.1148799878133862,0.016246483681094662,-68.49758000000001,1.4729976386936863,0.20831332379841552,-13.31122,1.569177762906431,0.22191524740765475,0.5208942240000001,0.004970831420615895,0.0007029817211305317,-71.272625776,0.15505145970916637,0.021927587718644857
LEU  86,12.598379999999999,0.047561703082157146,0.006726240554834887,-6.016859999999999,0.13342218855945864,0.01886874685822868,-30.841599999999993,0.2075890170522661,0.02935752033150144,-2.1162199999999998,0.2583432050586973,0.03653524643409433,0.340372656,0.016302989841672662,0.0023055909341324274,-26.03592734400001,0.17419205708263455,0.024634476958393013
ILE  87,13.882640000000002,0.3254806144764231,0.04602990992820863,-7.365799999999999,0.2633285400407759,0.037240279268557185,-8.13272,0.7551361742096435,0.106792381900581,-1.8624000000000007,0.22011178977964274,0.031128507834458637,0.000312336,0.0011013815218642448,0.00015575886855675344,-3.4779676640000003,0.9803351646520768,0.13864032855222283
ARG  88,13.096179999999997,0.3136405388340496,0.04435547037291183,-4.192919999999999,0.7375954403329866,0.10431174752634646,-153.18478,4.028750611740672,0.5697513754542561,-55.307839999999985,4.874936636962873,0.689420150770238,1.1670816960000001,0.11736064672995544,0.01659730182943806,-198.42227830399995,0.5427123221727552,0.0767511126483707
ALA  89,8.61274,0.35729101919863,0.05052858050648084,-1.6616600000000006,0.24231554716938505,0.03426859331808018,-6.531039999999999,1.4377182194018463,0.20332406047489882,-5.96302,0.865136555463925,0.1223487850041826,0.39304756799999985,0.026630682637392118,0.0037661472561053635,-5.149932431999998,0.7114803900902873,0.10061852170281844
GLY  90,7.0349,0.6318126383667875,0.08935180020570385,-0.6373599999999999,0.27150136353248744,0.03839609105104318,-12.706359999999995,4.178727570732531,0.5909613203992322,-2.81192,3.7353699888498326,0.528261089871287,0.48864383999999994,0.051060391980821684,0.007221029883936444,-8.632096160000001,0.4317678761376138,0.061061198623084005
GLU  91,15.220559999999995,0.49998568619532335,0.07070865384098446,-1.515,0.25521081481786756,0.03609225955797168,-2.6790799999999995,2.934455069276067,0.4149946157144694,-71.14128000000001,2.308220942977317,0.32643173625121363,0.9373259520000004,0.05705377514206717,0.008068622259049635,-59.177474048000015,0.9224621775731878,0.13045585223002204
LYS  92,10.808019999999999,0.17959816146055663,0.025399015571479208,-2.965760000000001,0.20295463138346204,0.02870211922489242,17.042980000000004,1.2172365503877507,0.17214324381745982,-59.674479999999996,1.1285579513706927,0.15960219607524295,1.2574509120000001,0.022336349808574612,0.00315883688331959,-33.53178908799999,0.26085537467559344,0.03689052086841394
GLU  93,15.116419999999998,0.11426549610499157,0.016159581430296912,-4.165260000000001,0.1529934390749849,0.021636539649394545,-32.30574,1.4152228631561568,0.20014273668559196,-50.838860000000004,1.321969092074342,0.18695466190495813,0.5382894239999999,0.028982407404345534,0.004098731362144787,-71.65515057600001,0.1364179926181768,0.01929241753123384
LEU  94,12.911419999999998,0.09290125725759975,0.013138221797520949,-8.247499999999997,0.05441406068350497,0.007695310260240533,-31.99006,0.09897583745593992,0.01399729716774252,-0.014839999999999994,0.0864315590510781,0.012223268302708569,0.0,0.0,0.0,-27.34098,0.14522127805549492,0.020537390097123524
ILE  95,13.117139999999992,0.12833970702890526,0.018149975427126746,-5.0624400000000005,0.04628700033479443,0.006545970363503427,-12.6741,0.03990852039381844,0.005643917079518129,-0.8006599999999999,0.04543637749645308,0.006425674128058763,0.36217958399999994,0.006564477356422792,0.0009283572907344194,-5.057880416000001,0.14066463291472717,0.019892983161424002
LEU  96,11.60366,0.032266149444925535,0.00456312261505708,-8.256079999999999,0.03848264024231656,0.005442267174660872,-34.739340000000006,0.05439103234088936,0.007692053560795936,0.3598799999999999,0.038745652659363895,0.00547946274738696,0.0,0.0,0.0,-31.03187999999999,0.033397987973642344,0.004723188754829853
THR  97,16.28752,0.016910635706145018,0.0023915250363981005,-5.304140000000001,0.014170405780500672,0.0020039980039114154,-45.067699999999995,0.08640746495459427,0.012219860882906513,2.365,0.08048155068087708,0.011381810049371395,0.136064448,0.002776972464409683,0.00039272321215048103,-31.583255552,0.03133964171463854,0.0044320946352755415
VAL  98,11.89738,0.009055142187016444,0.0012805904890095423,-6.672039999999999,0.013222647238448076,0.001869964705508842,-26.867459999999998,0.03552532054757702,0.0050240390126035,-1.56714,0.040678254633156524,0.005752773939587614,0.0004979519999999999,0.00047841680666130466,6.765835364476439e-05,-23.20876204799999,0.015535476636817189,0.0021970481757717228
LEU  99,11.562740000000002,0.016229368440343495,0.0022951792957083654,-8.695979999999999,0.03216363785432579,0.0045486252868844205,-33.8275,0.1673746994012126,0.02367035698913148,0.27698000000000006,0.12686457188671693,0.017941359814685157,0.0,0.0,0.0,-30.683759999999985,0.06388695015906502,0.009034979137360372
SER 100,12.007100000000001,0.01339589489322423,0.0018944656238122188,-4.887279999999999,0.01213266664882336,0.0017158181722517723,-0.7172399999999998,0.1809147379292256,0.025585207601268502,-10.218939999999998,0.16299722819741747,0.023051289074601005,0.261026784,0.001365621204187206,0.00019312800280258242,-3.555333216,0.03560339239102127,0.005035080038587333
VAL 101,7.88806,0.00538297315446332,0.0007612673640932308,-2.0620600000000002,0.01057810947192256,0.0014959705879460184,-71.52683999999998,0.8777766084843095,0.12413635844523688,-39.14919999999999,0.8514222924025701,0.12040929532225056,1.021151952,0.003120033950162259,0.0004412394327383968,-103.82888804800001,0.03194858590494938,0.0045182123485421315
ARG 102,6.067700000000002,0.12687257386829495,0.017942491465772505,-3.2184799999999982,0.06920180344480034,0.009786612897231381,-49.55275999999999,2.395803953248363,0.3388178443470911,-240.00653999999997,2.336219332256145,0.33039130643548564,1.7719345439999998,0.035192769854077204,0.004977009242511099,-284.938145456,0.20032371079348713,0.028330050866905505
ARG 103,10.575339999999999,0.16522271151387488,0.023366019943497917,-4.6720999999999995,0.18476939681668947,0.026130338688965842,-112.88866,1.5516190590485879,0.2194320716943093,-92.66554000000002,1.6312250882065251,0.2306900643024916,1.0833700320000001,0.053445582684495625,0.007558346788134636,-198.567589968,0.13399933922893445,0.01895036828865922
GLU 104,14.676079999999997,0.08234654576942606,0.011645560184169915,-3.89734,0.2138378460422847,0.03024123820216489,-106.45970000000003,1.736747917803378,0.24561324597807704,16.70706,1.5644296393254775,0.22124376133125398,0.5071786559999999,0.007322629835687062,0.0010355762425866511,-78.466721344,0.2587427061899007,0.03659174442588745
SER 105,10.686560000000002,0.687082328691379,0.09716811477022369,-4.0496799999999995,0.11954956127060838,0.016906861092464767,-13.9214,3.0699946644904865,0.43416280909354854,-5.370080000000001,2.578106334812432,0.3645992943931733,0.285183936,0.04998228542714574,0.00706856259294726,-12.369416063999997,0.47405887372329897,0.06704204885828038
GLU 106,15.522820000000001,0.11141304950500854,0.01575618456353281,-3.66314,0.17862911408838925,0.025261971577849096,-16.47062,5.1460651759961165,0.7277635164749596,-56.47074,4.415489960627299,0.6244445786841369,0.8928601919999997,0.041951019082834835,0.005932770014231754,-60.188819808000005,0.9156873399882643,0.12949774551047466
ILE 107,12.533999999999999,0.5981801400916571,0.08459544668598594,-6.687660000000001,0.435672014708275,0.0616133271946853,-52.64409999999998,2.94384548677443,0.41632262129272246,-33.81664,3.7646550533083154,0.5324026234045026,0.127376496,0.016061751201073525,0.002271474638402053,-80.48702350399999,1.829594733265774,0.2587437685430843


