#Frame       SA_00001
       1    5076.3114
       2    4967.9391
       3    4856.8809
       4    4914.9365
       5    4862.3370
       6    4820.9921
       7    4845.7197
       8    4891.7205
       9    4980.4246
      10    5028.1974
      11    4982.4161
      12    5136.9252
      13    5056.8585
      14    4973.6742
      15    4893.6970
      16    4957.8946
      17    4952.5699
      18    4972.7086
      19    4890.2546
      20    5118.9368
      21    4991.2357
      22    4826.9452
      23    4985.6144
      24    4929.8529
      25    5051.3158
      26    4980.8634
      27    5016.6526
      28    5032.5133
      29    4909.9317
      30    4920.1122
      31    4981.8858
      32    4864.5973
      33    4979.1103
      34    5056.8368
      35    4986.7506
      36    4963.9001
      37    5137.5237
      38    4802.8123
      39    4893.6861
      40    5063.6430
      41    4975.0032
      42    5013.4918
      43    5046.1938
      44    4883.7291
      45    4979.1428
      46    5036.8537
      47    5005.9912
      48    5071.3050
      49    4998.7916
      50    5026.5441
