| Run on Mon Jun 20 15:45:42 2016
| GB non-polar solvation energies calculated with gbsa=2
idecomp = 2: Per-residue decomp adding 1-4 interactions to EEL and VDW.
Energy Decomposition Analysis (All units kcal/mol): Generalized Born Solvent

Total Energy Decomposition:
Residue,Internal,,,van der Waals,,,Electrostatic,,,Polar Solvation,,,Non-Polar Solv.,,,TOTAL,,
,Avg.,Std. Dev.,Std. Err. of Mean,Avg.,Std. Dev.,Std. Err. of Mean,Avg.,Std. Dev.,Std. Err. of Mean,Avg.,Std. Dev.,Std. Err. of Mean,Avg.,Std. Dev.,Std. Err. of Mean,Avg.,Std. Dev.,Std. Err. of Mean
SER   1,4.3718200000000005,0.01893852158933782,0.002678311408293721,-1.2485800000000002,0.07412613304361279,0.010483018267654964,-103.87765999999998,0.8212089773044532,0.11613648732464969,-10.832479999999999,0.7776190388615964,0.10997193911176005,0.9670656959999997,0.005306991488574738,0.0007505219338540974,-110.61983430399994,0.06308932645606866,0.0089221781115156
ILE   2,11.846959999999997,0.04291338252842419,0.006068868757900211,-2.885,0.038550745777536304,0.005451898751818916,-5.215079999999998,0.05074163576416023,0.007175950947467108,-2.47492,0.04375561221146167,0.00618797802193869,0.349110144,0.006042710356522438,0.0008545682939686392,1.621070144,0.06874140661910334,0.00972150295373396
HIE   3,29.4113,0.22779554429363122,0.03221515481882144,-6.015420000000001,0.13496800954296506,0.01908735895821625,-29.820899999999998,2.826939810112728,0.39978966194738413,-1.53064,1.6569489884724882,0.23432797316581738,0.7957964159999997,0.03512354595465639,0.004967219504770972,-7.159863584,0.9980715602789032,0.1411486336765301
THR   4,14.401300000000003,0.0466168424491802,0.006592617082664044,-4.272859999999998,0.15412566431330393,0.021796660478163737,-25.041220000000003,0.43885402083141223,0.062063330816174794,-7.151100000000001,0.6196630455336065,0.08763358830950431,0.08612625600000001,0.0083455914642439,0.0011802448634758858,-21.977753744000005,0.08907835599693885,0.012597581916476964
LYS   5,9.208219999999997,0.04188378683952866,0.0059232619392005185,-4.67644,0.08327860709688392,0.011777373561195353,-13.118679999999998,1.2843055312502658,0.18162823005249087,-22.332919999999998,1.2408804267937756,0.1754869928855072,1.0604841120000001,0.01908152857809417,0.0026985356505950576,-29.85933588799999,0.14846944457683398,0.020996750211855916
LEU   6,11.01832,0.07025366609707606,0.009935368740091587,-7.54898,0.07577743463597181,0.010716547578403204,-28.565399999999997,0.15558740308887803,0.02200338155827009,-1.68832,0.09963441975542348,0.014090434769729371,0.038196576,0.004280427513721499,0.0006053438642659891,-26.746183424000005,0.141003045247045,0.01994084189242782
ARG   7,12.2983,0.08224554699197992,0.011631276800085171,-6.261,0.10225125916094324,0.01446051174751321,-148.23400000000004,1.647223421396284,0.23295257027972366,-48.18968000000001,1.6167657769754507,0.2286452088979357,1.2147487200000002,0.019982089123191958,0.0028258941442565974,-189.17163128000004,0.1861661227828695,0.026327865569394888
LYS   8,12.94374,0.4687234498081758,0.06628750597210269,-9.326939999999999,0.561790829757873,0.07944922106604185,-36.8621,12.638801486296078,1.7873964474061144,-4.983140000000001,10.300168410293104,1.456663786056343,0.16128993599999994,0.04539717134986192,0.006420129541635003,-38.06715006399999,1.8747755677453894,0.2651333034311249
SER   9,11.622240000000001,0.21272889413515353,0.030084408719456446,-3.8339599999999994,0.22682160038233523,0.03207741834998689,-16.027300000000004,1.9032512944957993,0.2691603793280109,-4.624219999999999,1.335681223795561,0.18889385016987756,0.260338176,0.04678066588585723,0.006615785215262367,-12.602901824000003,0.7418861549328808,0.10491854620429072
SER  10,11.959780000000002,0.06558850204084549,0.00927561491218991,-1.4330800000000001,0.16594274193226896,0.023467847621799327,-1.1813999999999998,0.14081178927916582,0.019913794214061867,-10.61236,0.13965654442235653,0.019750417919625722,0.7956491040000002,0.02976616736562485,0.004209571758833408,-0.4714108960000001,0.351765019073982,0.04974708607428558
ARG  11,11.885460000000002,0.47540699237599404,0.06723270162651333,-4.29338,0.6259677272831243,0.08852520495316572,-175.62909999999997,2.995217823467565,0.4235877668209453,-31.02938,2.947927997017536,0.4168999754281552,0.930439152,0.07697540016135443,0.010885965487728355,-198.135960848,1.0591186368931058,0.14978199404563355
GLY  12,5.482479999999999,0.32033384085982064,0.045302046223102306,-3.4814800000000004,0.3986336282854153,0.05637530835392294,-19.15818,2.1700271859126605,0.3068881877036006,1.9553800000000001,0.526387913615046,0.07444249265036752,0.06221808000000001,0.012209923631407283,0.0017267439595075932,-15.139581919999998,2.055392372957315,0.2906763769834454
PHE  13,8.79828,0.39022480905245127,0.05518612173364279,-10.62762,0.31883575019125115,0.04509018420898675,-10.24366,0.7955569271899762,0.11250873960719292,-0.7471199999999998,0.44974030906735524,0.06360288446289213,1.9152000000000002e-05,0.000134064,1.895951270259866e-05,-12.820100847999997,0.8506049673648067,0.12029370810692336
GLY  14,5.9491,0.29516729154839644,0.041742958687667565,-4.514739999999999,0.12833235133827148,0.018148935175381253,-10.291219999999996,0.7966628719854424,0.11266514382009134,-1.5759800000000002,0.4457740005877414,0.0630419637384496,6.998399999999999e-05,0.0003428501803178759,4.8486337486760126e-05,-10.432770016000005,0.3045742587404203,0.043073304746043456
PHE  15,9.152639999999998,0.08977098863228206,0.012695534963141422,-10.54968,0.19412835341596238,0.027453895024201133,-9.49676,0.36525599570710404,0.05165499828670755,0.06985999999999999,0.3857548967932876,0.05455398067969009,0.0,0.0,0.0,-10.82394,0.3419122934321015,0.048353700251376724
THR  16,14.94538,0.2771439979505525,0.03919408006319726,-5.254479999999998,0.5821253555721646,0.08232495728514155,-39.87431999999999,2.8488429050407285,0.40288722733789656,-1.7657399999999996,0.5355417373090549,0.07573703881193147,0.08507937599999998,0.015614425252804818,0.0022082131961177515,-31.864080623999985,2.2019605122847135,0.31140424202830497
VAL  17,11.763079999999997,0.17432496551006865,0.02465327304845611,-7.3107000000000015,0.36513598836593597,0.051638026685761125,-30.73552,0.3508952687060325,0.04962408479766226,1.85942,0.48295813855861225,0.06830059496080539,0.0,0.0,0.0,-24.423720000000007,0.28942888867491856,0.04093142597066425
VAL  18,9.95708,0.16124017365410348,0.022802804038102614,-5.217899999999998,0.3603916341981495,0.05096707368488264,-26.2629,0.8653080896421446,0.12237304360030747,-3.8130800000000007,0.7000539076385445,0.09900257305747116,0.15536160000000002,0.04947557440127387,0.006996902832448063,-25.18143840000001,0.5156128958954265,0.07291867503097789
GLY  19,5.307060000000002,0.18810458899236948,0.026602006089762573,-3.9084799999999995,0.3920318987021346,0.05544168280274341,-8.3337,1.1759331826256083,0.16630206553136928,-0.6259800000000001,0.9542724451643775,0.1349545034150398,0.044532143999999996,0.03525714036683157,0.004986112607726512,-7.516567856000002,0.5832932151085168,0.08249011756466716
GLY  20,7.322659999999998,0.32346997449538045,0.04574556249518462,-4.095720000000001,0.1704027042038694,0.024098581535016293,-18.32956,0.6072235884744671,0.08587438342134504,3.12282,0.6889237023067218,0.09742852432424506,0.003480912,0.0014225569048217348,0.00020117992680463895,-11.976319087999999,0.29426486851023276,0.041615336797710664
ASP  21,14.873619999999999,0.858697383016867,0.12143814850367375,-3.6339399999999995,0.5142502274185232,0.0727259646068724,-34.9537,8.179051256105451,1.1566925213729027,-47.89623999999999,8.24974855025292,1.1666906285935459,0.5495725439999999,0.06969121439794936,0.00985582605798311,-71.06068745600003,0.8545846574026691,0.12085652126948196
GLU  22,16.093279999999996,0.3251507982461813,0.045983266869618754,-2.08144,0.2709389717261063,0.038316556839048006,47.01554,6.035109355131884,0.8534933500432254,-116.57266,6.156344066440557,0.8706385273395366,0.7595789759999999,0.020265928536757457,0.0028660350990766326,-54.785701024,0.3985315438130074,0.05636087142938424
PRO  23,18.74122,0.031943882044176856,0.004517547122172129,-3.6422599999999994,0.1433049629287353,0.020266382212919105,-6.329620000000001,0.2389511992017964,0.03379280266564955,-6.440139999999999,0.24253041128903866,0.03429897969328832,0.61632504,0.025506213285770334,0.003607123275351723,2.945525040000001,0.15130736189680938,0.02139809232813619
ASP  24,12.423020000000001,0.06041870240206941,0.008544494835799046,-1.2371000000000003,0.03098790086467256,0.004382350967229289,41.246280000000006,2.395727463965604,0.33880702712898575,-123.6432,2.3757466699976644,0.33598131614734145,1.0041026399999997,0.017339253424491972,0.0024521407354340676,-70.20689736,0.06514798990119397,0.009213317087961394
GLU  25,13.936580000000003,0.4145577928347003,0.058627325301428904,-4.656799999999999,0.28308154302252786,0.04003377573999617,37.107940000000006,9.263783266916347,1.3100967934958034,-116.31880000000001,9.641711489149523,1.3635439152443747,0.5103741600000002,0.06983380331973149,0.009875991176685955,-69.42070584,0.8217530416464388,0.11621342964177366
PHE  26,9.6953,0.11039134929875247,0.01561169433469614,-2.6531000000000002,0.19752359352745266,0.027934054485519402,-3.8780800000000006,0.8330991259147923,0.117818008266987,-2.87172,0.6968516926864726,0.09854971147598576,0.749262672,0.04475954163057178,0.006329955081955777,1.0416626720000002,0.22080994049493932,0.031227241255473926
LEU  27,12.56518,0.14278721091197066,0.02019316102051365,-7.895440000000001,0.1681436481107641,0.023779102758513183,-28.35648,0.21937823410677626,0.031024767396326286,-3.245859999999999,0.14568116007227724,0.02060242723564603,0.009803375999999999,0.005997603300071117,0.0008481891928694205,-26.922796623999997,0.1851693336189983,0.026186898293957567
GLN  28,20.8079,0.12294685843952885,0.017387311465634672,-6.932220000000001,0.15084061654600328,0.021332084567607733,-88.26133999999998,3.5401510567209264,0.5006529637264178,0.7401400000000001,2.7674673982542233,0.39137899280365057,0.357123888,0.06833641172566386,0.009664228026634563,-73.288396112,1.0482763575303304,0.14824866419344607
ILE  29,13.62252,0.11517000303899934,0.016287498027630343,-8.519680000000001,0.1846082815043588,0.02610755354298544,-8.250499999999999,0.35737746151659905,0.05054080529632432,-0.46546,0.3940398056034442,0.05572564371992487,0.005161967999999999,0.0014781965852267416,0.00020904856586812545,-3.6079580320000004,0.269093541924474,0.03805557365366041
LYS  30,12.346680000000001,0.39986514926906047,0.05654947172166474,-5.206619999999999,0.5694992498678204,0.08053935629243757,-18.89268,5.62669579927689,0.7957349510685099,-22.72714,4.827239443035762,0.682674748916352,0.8028740160000001,0.019896623824390405,0.002813807525788855,-33.676885984,0.904992000486289,0.12798519609268685
SER  31,10.636260000000002,0.1543850782941555,0.02183334715516268,-3.15146,0.37521349709199,0.05306320163729301,-15.401719999999997,1.7632489448742354,0.24936105716811935,-5.429639999999999,0.9538818744477799,0.134899268374592,0.33069311999999995,0.04121782837248971,0.00582908118959415,-13.015866879999999,0.9459655572282711,0.13377973205700433
LEU  32,10.68134,0.07972944499993494,0.011275446243938773,-5.5275,0.06646510362584071,0.00939958509721971,-26.729400000000005,0.3656441986408815,0.05170989847209766,-3.49442,0.344428807738258,0.04870958911754397,0.4333893119999999,0.007848459328067114,0.001109939762548614,-24.636590688000005,0.12378385745053734,0.017505681000940777
VAL  33,11.109580000000003,0.038787673298932304,0.0054854053632246835,-3.6713400000000003,0.14358727102357718,0.020306306606568417,-25.0245,0.4298759472221741,0.06079363946995794,-3.7190800000000013,0.4001948945201446,0.05659610474228587,0.27592156800000006,0.02813955886094407,0.00397953457803431,-21.029418432000003,0.16260693687172756,0.02299609354599428
LEU  34,12.728140000000003,0.14766922631309473,0.020883582259712048,-0.7478400000000001,0.15504287923023116,0.021926374255676676,-35.34667999999999,2.4484251709212628,0.3462596083172513,1.4568,1.6725046726392125,0.2365278791178748,1.156916592,0.06484515701793082,0.009170490050897066,-20.752663407999993,0.8625354782567781,0.12198093713786994
ASP  35,12.306740000000001,0.14911268356494647,0.0210877179419395,-3.144219999999998,0.3488778749075586,0.04933878223061735,-15.891259999999997,2.7909527391914053,0.39470032157068247,-65.73057999999999,2.2745245489115478,0.32166634650212567,0.6437141280000002,0.02701153446332357,0.0038200078378540455,-71.81560587199999,0.97400939320617,0.13774572937509544
GLY  36,6.47304,0.09316844100866595,0.013176007285961302,-2.4300000000000006,0.16612031784220932,0.023492960647818164,1.6196800000000002,0.45071238900212013,0.06374035732563765,-4.4901800000000005,0.37231936237590263,0.052653909180610456,9.547200000000001e-05,0.0003935017311473991,5.564954850059432e-05,1.172635472,0.2999378534127568,0.0424176180165394
PRO  37,20.188879999999994,0.17460568604791069,0.024692972927641398,-7.615440000000003,0.2554283586447605,0.03612302490101193,-5.674120000000001,0.27496789921734166,0.03888633322904029,-5.211300000000001,0.28520611844767,0.04033423607804823,0.12948264,0.013676012153489587,0.0019340801866644252,1.8175026399999994,0.360039684216648,0.050917300441170994
ALA  38,9.542819999999999,0.038667138503557706,0.005468359168989021,-6.06976,0.056308280030614465,0.007963193329319709,-3.8192999999999997,0.1905947795717566,0.02695417221878887,-3.9309000000000007,0.14445154897055923,0.020428533965996615,0.0,0.0,0.0,-4.27714,0.09625902762857058,0.013613082237317097
ALA  39,8.75926,0.02358881938583553,0.0033359628295817987,-4.09056,0.04679194802533922,0.006617380750729168,2.024479999999999,0.1843690039025118,0.026073714580015027,-6.799819999999999,0.1477279513159974,0.020891887229267582,0.28957492799999995,0.008339245990066411,0.0011793474779117367,0.1829349280000001,0.06933308396085378,0.009805178765859192
LEU  40,12.094980000000003,0.03126499000384866,0.004421537289090201,-3.252800000000001,0.14388898498494068,0.020348975404180174,-27.824599999999986,0.3002466319560312,0.04246128589690624,-6.9266200000000016,0.30269772975690434,0.04280792347217601,0.9165886560000003,0.030288847467346745,0.004283489887697173,-24.992451344000003,0.1611284781197104,0.022787007904143095
ASP  41,16.892,0.04249376424967201,0.006009525771817112,-4.733420000000001,0.055597514332840825,0.007862675880373603,-7.774499999999998,0.8876813223224024,0.12553709650936243,-74.73672000000002,0.8720418806444299,0.12332534545646925,0.39006575999999993,0.007751371664940352,0.0010962094935553163,-69.96257424000001,0.09940834024897922,0.014058462299310563
GLY  42,7.1148,0.046290387771282006,0.006546449419365668,-2.198940000000001,0.047058436013097824,0.006655067843378942,-0.9875999999999996,0.07651535793552122,0.010820905692224592,-6.858220000000001,0.05017580691911285,0.007095930664802318,0.353015712,0.0049240569881625045,0.0006963668174557429,-2.5769442879999995,0.04225419146385464,0.0059756450635292694
LYS  43,10.419799999999999,0.02971531591623659,0.004202380277894288,-2.4307,0.08916753893653515,0.012610194288747902,-29.44396,0.6806778374531027,0.0962623829332967,-12.449599999999998,0.6952642087725303,0.09832520734787113,1.1034298080000002,0.01599006546601665,0.002261336744527441,-32.801030192,0.029499118920446713,0.004171805405535252
MET  44,10.73568,0.037247518038267514,0.005267594517445442,-9.60204,0.07270239610865507,0.010281671459388093,-11.527740000000001,0.20136869766675866,0.02847783432777375,-2.5043599999999997,0.13335212934184304,0.01885883898865656,0.011721455999999998,0.0017307646823482787,0.0002447670887053297,-12.886738543999998,0.13588401279736115,0.019216901380770732
GLU  45,15.120460000000005,0.018923223824347808,0.0026761479776214337,-5.03928,0.03632742214928691,0.005137473308957431,24.527599999999993,0.9026977345715226,0.12766073789545154,-103.27764000000003,0.9427776781375908,0.13332889787247976,0.6875595359999999,0.005527031382790936,0.0007816402741204663,-67.98130046399999,0.0662545633592437,0.009369810207174997
THR  46,13.438779999999998,0.03057403473608619,0.004323821458023919,-3.1201800000000013,0.16961706164178658,0.023987474898368784,-19.491319999999995,0.250352346903957,0.03540516843635099,-17.08237999999999,0.23260833089212302,0.03289578562686089,0.6520246559999999,0.01434004755334672,0.0020279889735018053,-25.603075344,0.16234075438734122,0.02295844965804575
GLY  47,6.19218,0.026669600671989743,0.0037716510973402504,-1.7933599999999998,0.09035015439942373,0.01277744137141682,-12.805880000000002,0.15801818123215527,0.022347145500004367,-3.2271200000000007,0.17929613938954367,0.025356303200582953,0.316565712,0.004975416976806769,0.0007036302167061475,-11.317614288,0.048909940895803264,0.006916910174971146
ASP  48,12.858300000000002,0.07757892755106897,0.01097131714970815,-6.512579999999997,0.06250794829485666,0.008839958823470247,-5.49676,1.3353235497062095,0.18884326741507051,-69.0688,1.3286021978011244,0.18789272471290516,0.006669647999999999,0.0014016309440419842,0.00019822054905059786,-68.21317035199998,0.08336233786648913,0.011789214880191714
VAL  49,11.55374,0.057167406797749475,0.008084692201907717,-5.609040000000001,0.0586057881099425,0.008288110037864456,-28.469320000000007,0.19058199705009277,0.026952364497239038,-0.29048000000000007,0.1740798943014385,0.02461861474575692,0.23689843199999994,0.007179851286634815,0.001015384306538087,-22.578201568,0.09667994496654632,0.013672608938117425
ILE  50,13.36182,0.06980306297021181,0.009871643834765673,-7.574620000000001,0.09227153190441172,0.013049165184016078,-8.703599999999998,0.15104224574612815,0.021360599242546435,-1.83156,0.13073884809038067,0.018489265209845215,0.0,0.0,0.0,-4.74796,0.10328639019738031,0.014606901382569473
VAL  51,12.6846,0.04067923303160734,0.0057529123060234685,-6.0358600000000004,0.0383577945144728,0.005424611322508774,-31.620279999999998,0.11823181297730823,0.016720503341646858,0.7528400000000002,0.0920283347670683,0.013014771915019941,0.19063108799999995,0.011087865369469327,0.001568060958327049,-24.028068912000002,0.0937232455773266,0.013254468500507948
SER  52,11.486960000000002,0.05410506815421722,0.007651612117681463,-5.987559999999999,0.07696262989279971,0.010884159499029834,-16.467339999999997,0.17896654547740792,0.02530969158252116,-0.47536,0.18512036732893558,0.02617997341480699,0.028581696,0.010654072019748306,0.0015067133144827766,-11.414718303999997,0.10909401074426106,0.015428222956821013
VAL  53,11.186919999999997,0.07781383938662974,0.011004538700089349,-5.81718,0.133317019168643,0.01885387366034488,-27.013019999999997,0.10954149716096434,0.015491507092768966,-1.3418,0.08860248303518194,0.012530283316828636,0.019246176000000004,0.0065156973288377894,0.000921458753076055,-22.965833824,0.11348090730987857,0.016048623818803436
ASN  54,18.52478,0.3730432838158949,0.05275628713246343,-3.1836599999999993,0.10028910409413147,0.01418302111681678,-88.51666000000002,0.301838142718856,0.0426863595074512,-10.586019999999998,0.12184358661849223,0.017231285268405266,0.5960204639999998,0.023107369953730174,0.0032678755979337767,-83.16553953600001,0.12019464370756536,0.01699808952558409
ASP  55,13.794099999999997,0.1042675884451228,0.014745663769502886,-2.2174200000000006,0.1853677523195339,0.026214958935690157,25.445640000000004,2.0715994666922564,0.29296840616010594,-107.29903999999999,1.7241148100985446,0.2438266547529675,0.8067900959999998,0.0565475948661213,0.007997037557924793,-69.46992990399998,0.5852413134303164,0.08276562027141968
THR  56,15.068960000000002,0.055605381033859605,0.007863788399900793,-2.296960000000001,0.0988501815880673,0.013979526744488798,-31.692479999999996,0.377521985585283,0.05338967121087273,-9.226740000000001,0.2467732408506847,0.03489900640418006,0.627831504,0.04054488018741024,0.005733911944582775,-27.519388495999998,0.23977615995593798,0.03390946973434281
CYS  57,10.499420000000008,0.03766807135792127,0.005327069738280979,-4.4877199999999995,0.03850508537846223,0.005445441396255524,3.606099999999999,0.17905677870443806,0.025322452487865427,-6.158819999999997,0.1413425187267953,0.019988850692340705,0.5670259200000001,0.004915306428519132,0.0006951293014431417,4.026005919999999,0.06402528358463032,0.00905454243801677
VAL  58,13.09112,0.05211933997964593,0.007370787746114954,-5.987420000000001,0.07690229905527514,0.010875627430164176,-27.43176000000001,0.15049166887073614,0.021282735914115596,-1.8702799999999997,0.11267316273186065,0.01593439148508681,0.01162512,0.004836581443953982,0.0006839959073561768,-22.186714879999997,0.07701103205319931,0.01089100459819836
LEU  59,11.60638,0.044774050520462426,0.00633200694884161,-3.3822999999999994,0.15986910270594454,0.0226089053251164,-27.971319999999995,0.0972418510739203,0.013752074461900281,-4.52162,0.09791177457281415,0.013846815951689092,0.654848064,0.02580366652314108,0.003649189515597872,-23.614011936000008,0.1730059425219724,0.02446673502857135
GLY  60,6.7832799999999995,0.044034095880435345,0.00622736156009489,-1.6698400000000004,0.06763766997760236,0.009565411020964077,-9.39188,0.1489372539024803,0.021062908441149282,-2.7668400000000006,0.14528776410971336,0.020546792645081965,0.2690616959999999,0.014712192718818165,0.002080618247519935,-6.7762183039999995,0.0773824409822347,0.01094352975266119
HIE  61,28.097900000000013,0.14214615717393222,0.020102502331459257,-7.448059999999998,0.11896039845272766,0.01682354088771548,-4.12462,0.47778103311035464,0.06756844168692923,-21.79018,0.3684683264541535,0.0521092904576381,0.46474531199999997,0.01348215224385907,0.0019066642553244352,-4.800214688,0.11375076602893379,0.01608678760484469
THR  62,14.359539999999997,0.030396848522296852,0.004298763543363278,-5.51338,0.0931705726074895,0.013176308739557883,-37.501419999999996,0.5299321877379344,0.0749437287037032,-0.9989200000000003,0.4898562989285728,0.06927614215586766,0.203933952,0.006704772116223749,0.0009481979659384582,-29.450246048,0.1594978203232385,0.022556398067007096
HIE  63,31.36002,0.17392003794846014,0.02459600764351557,-10.080340000000001,0.5184843916647852,0.0733247658571103,-17.014199999999995,0.9966537212092329,0.14094812095237108,-7.031499999999998,0.5932197990627285,0.08389394853027528,0.13059849599999998,0.06632377995860293,0.009379598912530514,-2.6354215040000004,0.31461984573105944,0.04449396528245952
ALA  64,9.122999999999998,0.024928698322333968,0.0035254503259752115,-3.2564599999999997,0.14299471458764518,0.020222506471751767,-6.07976,0.4060802167059987,0.05742841498770288,-1.1970400000000005,0.39498257986903546,0.055858972135190414,0.4600179359999999,0.054320134133111445,0.007682027040097189,-0.9502420640000004,0.21853601510725582,0.030905659643165277
GLN  65,20.570319999999995,0.056451905196321664,0.00798350499504383,-6.036419999999997,0.03321330456377796,0.0046970705765323004,-71.37714,0.29466910323399725,0.041672504220583655,-11.097780000000002,0.2725744881678283,0.03854785379238475,0.6380678879999998,0.009669764393428728,0.0013675111950139352,-67.30295211199999,0.07053729910260897,0.009975480504407715
VAL  66,12.58488,0.03458186808119655,0.00489061468526254,-6.295900000000001,0.11827480712296741,0.016726583632036246,-28.591720000000006,0.3058655940107308,0.043255927131327844,0.9996600000000001,0.18110180672759602,0.02561166312444373,0.000764928,0.001391557588178082,0.00019679596140246376,-21.302315072000006,0.29243133321298415,0.04135603574926479
VAL  67,13.153200000000002,0.044035440272291324,0.006227551685814477,-5.0968399999999985,0.2266400988351689,0.03205175015502745,-24.854139999999997,0.5887925274660776,0.083267837776646,-1.1318199999999998,0.5079258091493289,0.07183155679783093,0.12559219200000002,0.03911897378729573,0.005532258327611122,-17.804007808000005,0.408926071289597,0.05783087960256952
LYS  68,11.41742,0.05810028915598416,0.008216621690219127,-4.4129000000000005,0.10585088568361073,0.014969575812296637,10.651719999999997,1.9944070501279463,0.28205174991834586,-50.276319999999984,2.024515205574318,0.2863096860953755,1.1977028639999998,0.014602213967461624,0.0020650649033458067,-31.422377136000005,0.11078201394827114,0.01566694265926504
ILE  69,14.493560000000002,0.06929218137624046,0.009799394266869566,-4.4794,0.1818439990761246,0.025716624972961597,-15.745519999999999,0.16914209884023004,0.02392030501481039,-1.56924,0.22525306302023998,0.03185559366893048,0.38935843200000003,0.03421698302855637,0.004839012146247444,-6.9112415679999994,0.16928161080865659,0.023940034986596605
PHE  70,10.5793,0.26938865974644155,0.03809730961629287,-8.41514,0.24831794216289999,0.0351174601587351,-11.896519999999995,1.0734274868849292,0.15180557101767345,0.21122,0.6873282269774753,0.09720289003933985,0.0008961119999999999,0.002123911748132676,0.00030036647994927796,-9.520243888,0.8788040294903694,0.12428165771734058
GLN  71,20.8563,0.6317008231749766,0.08933598714963002,-3.6109799999999996,0.1658099502442483,0.0234490680411824,-74.71626,1.701320508427798,0.24060305369620813,-12.54404,1.1334854733961028,0.16029905292296565,0.8411244479999997,0.05838167233993422,0.008256415281715716,-69.17385555199999,0.8384098453915401,0.11856905741798457
SER  72,11.311179999999997,0.07555678394465888,0.01068534285838303,-2.1007400000000005,0.11327520646636244,0.016019533326534226,-8.245,0.16468952607866708,0.02329061613612485,-9.37822,0.2469876345082551,0.03492932624600234,0.6704647200000001,0.007206547474944515,0.0010191597176952116,-7.742315280000001,0.11500897263126493,0.016264724888973098
ILE  73,13.604619999999993,0.10138972137319166,0.01433867190511969,-3.679819999999999,0.2675899616951426,0.037842935298416765,-1.7128199999999998,2.8882960422366684,0.408466743507963,-1.0375,1.3999265873609232,0.1979795166172501,0.21164227200000002,0.016717019884740517,0.0023641436243460752,7.386122271999999,1.348457989591347,0.1907007577170441
PRO  74,18.2981,0.047772062965126566,0.006755989934782344,-3.3817000000000004,0.09270043149842666,0.013109820746291303,-5.96528,0.29728471470964346,0.042042407542859414,-2.12984,0.2430982813596188,0.03437928864883635,0.691126704,0.009392908477895624,0.0013283578559569217,7.512406703999997,0.10200583606580738,0.014425803680547139
ILE  75,11.694360000000001,0.11965061805106542,0.01692115267941398,-2.1833399999999994,0.09384148549549694,0.013271190150096986,-5.469880000000002,0.12059280907240003,0.017054398611485732,-5.978919999999999,0.22630862466996857,0.032004872629027195,0.9105986879999997,0.014861619044423655,0.0021017503211446208,-1.027181312,0.24572940596090845,0.03475138585838008
GLY  76,6.531839999999999,0.055894672375910004,0.007904700373841271,-1.8282199999999997,0.08318901129357241,0.011764702801177867,-16.50854,0.21618429267651418,0.030573075867516092,-0.048839999999999995,0.21536437588422094,0.03045712212274824,0.24800270400000002,0.005300304867644184,0.0007495763028534537,-11.605757296000002,0.06271384789448015,0.008869077424097718
ALA  77,7.335920000000002,0.10203780475868493,0.014430324736451016,-2.2801600000000004,0.1137003711515355,0.01607966069293561,-8.72982,0.31897283207193416,0.045109570514468504,-0.01786,0.2569528369175947,0.03633861868591045,0.26558251199999994,0.004968422217190713,0.0007026410083146909,-3.426337488000001,0.1286991673065528,0.018200810787105098
SER  78,10.40486,0.13786805431292035,0.019497487222732243,-4.04496,0.19415426443939107,0.027457559396275918,-5.785960000000001,0.17356082046359816,0.024545206619622232,-8.59832,0.2076802773496091,0.029370426486522307,0.315058896,0.02501037508204097,0.003537001164106045,-7.709321104,0.08687864634484045,0.012286495994148909
VAL  79,13.107979999999998,0.5169304591529311,0.07310500661378264,-5.924759999999999,0.3318457810489919,0.04693008041757769,-35.33736,0.19321229360486025,0.027324344603320578,2.8081799999999997,0.10975694784386693,0.015521976420547303,0.0034708319999999983,0.003232990308518727,0.00045721387413279603,-25.342489168,0.30473145801475626,0.04309553608061957
ASP  80,13.23808,0.28130779157360103,0.03978292940446104,-5.65212,0.1427004751218542,0.020180894727441064,2.8291599999999995,1.4218426264534352,0.20107891258906305,-79.64644,1.4016835328999595,0.1982279862382157,0.29856585599999996,0.009117882855228696,0.001289463359399354,-68.93275414399999,0.3613698763563398,0.051105418017622424
LEU  81,10.541999999999998,0.0711853917600136,0.01006713464698532,-7.267920000000001,0.09144262463412682,0.012931939993657422,-33.859060000000014,0.17378635274091564,0.02457710170015576,-1.3053999999999997,0.19599806121490126,0.027718311636894546,0.00366336,0.002777240386858869,0.00039276110210661135,-31.88671664000001,0.08801523441514118,0.012447233820533985
GLU  82,14.713680000000002,0.03521274769076794,0.00497983453527059,-5.2987400000000004,0.10468463306520336,0.014804642785286154,4.905399999999999,0.9980736245387972,0.14114892560696393,-87.06578000000002,0.9799925160921517,0.13859187072816545,0.30523867200000004,0.016145990339635468,0.002283387851625745,-72.44020132800001,0.18398646070198996,0.026019614801777866
LEU  83,10.915499999999998,0.03282697061970381,0.004642434706200825,-8.04644,0.04740006751056474,0.006703381833084096,-33.81098,0.10204714400624243,0.014431645505506834,0.8755400000000002,0.09362696406484365,0.013240852238432028,0.0,0.0,0.0,-30.06638,0.052446120924157555,0.007417001550480297
CYS  84,10.169139999999999,0.044527748652711766,0.006297174604660529,-3.79852,0.018255125307720697,0.002581664579299893,5.371840000000001,0.09153914135494297,0.012945589519214819,-6.236839999999998,0.0725474630845936,0.010259760620999371,0.4996298879999999,0.004462698923692301,0.0006311209342673465,6.005249888,0.06690635327508353,0.009461987221054867
ARG  85,8.85464,0.025972108116060065,0.0036730107541152477,-4.05704,0.06594451000654324,0.009325962041530172,-240.20381999999998,0.360512673284832,0.050984191196679,-57.234280000000005,0.37054041830671947,0.05240232849767625,1.266561936,0.006658515449842367,0.0009416562854437865,-291.3739380639999,0.046065861357915155,0.0065146965894762295
ARG  86,7.000699999999998,0.885825044802871,0.12527457922499746,-3.82954,1.0350688326869861,0.14638083811756236,-252.61616000000006,15.819692471548597,2.2372423645835573,-41.093999999999994,15.719215058011033,2.223032712489858,1.464220656,0.2011132824409841,0.028441713160141054,-289.07477934400004,1.4826582016739764,0.2096795337171041
ARG  87,11.01152,0.5163721619141695,0.07302605146109342,-3.8518399999999997,0.9417151662790654,0.13317863600442886,-158.62080000000003,9.407769765464314,1.3304595594003183,-46.843900000000005,8.783085708906599,1.2421158929021021,1.3327367039999998,0.16829397656743675,0.02380036241273689,-196.97228329600003,1.5238813509472637,0.21550936739570545
GLU  88,15.011499999999998,0.23413895446932112,0.03311224848903705,-2.20342,0.3924698250821334,0.055503614945334935,-52.65409999999999,6.580187013299796,0.9305789717159881,-36.480760000000004,6.158246008596915,0.8709075025787737,0.624473712,0.08591369784336088,0.012150031668370507,-75.70230628799999,0.8839941114140781,0.12501564614197422
THR  89,15.35144,0.26596715285923805,0.03761343547192925,-3.358539999999999,0.3060445856407319,0.04328124037039772,-40.58707999999999,1.1606786263219373,0.16414474549010574,-2.6315,0.688894658129962,0.09742441685737689,0.284397984,0.03365667576264359,0.004759772732792439,-30.941282016,0.26123337696698196,0.036943978465122915
GLN  90,20.31092,0.43634765222240823,0.06170887676825883,-5.7204,0.765267979207286,0.10822523550447954,-66.1055,2.752763536884073,0.38929955278675854,-7.612900000000001,2.7932804316788507,0.3950295069991604,0.6336771839999998,0.0787754666257958,0.011140533328446955,-58.494202816,0.7197321448666164,0.10178549605462461
VAL  91,8.805079999999998,0.2789217696774831,0.03944549495190013,-6.721240000000003,0.47423578776802205,0.06706706828242255,-82.42504000000001,7.900892992466174,1.117355002480421,-24.745719999999995,8.818994586776912,1.2471941751114817,0.025050383999999995,0.020889721128012798,0.0029542526933427488,-105.06186961600001,1.6848474756186052,0.2382734150549904


