#Frame       SA_00001
       1    6095.2866
       2    6100.8767
       3    6016.3627
       4    6049.4658
       5    6088.0200
       6    6114.7788
       7    6112.9001
       8    6116.8149
       9    6088.8785
      10    6008.5243
      11    6095.5914
      12    6112.7504
      13    6121.1331
      14    6087.7321
      15    6006.8282
      16    6157.8553
      17    6155.4989
      18    6116.5562
      19    6143.1758
      20    5992.1992
      21    6136.2517
      22    6101.4747
      23    6149.9086
      24    6056.4112
      25    6119.9725
      26    6126.9625
      27    6161.0970
      28    6134.4243
      29    6149.0587
      30    6024.4627
      31    6189.6770
      32    6044.0550
      33    6125.6313
      34    6134.4601
      35    6124.3608
      36    6187.9133
      37    6143.2978
      38    6100.3347
      39    6147.1578
      40    6115.2790
      41    6124.2094
      42    6087.0396
      43    6093.6080
      44    5997.7767
      45    6111.0197
      46    6159.5028
      47    6127.5143
      48    6024.0531
      49    6069.1702
      50    6099.5493
