| Run on Mon Jun 20 15:45:51 2016
| GB non-polar solvation energies calculated with gbsa=2
idecomp = 2: Per-residue decomp adding 1-4 interactions to EEL and VDW.
Energy Decomposition Analysis (All units kcal/mol): Generalized Born Solvent

Total Energy Decomposition:
Residue,Internal,,,van der Waals,,,Electrostatic,,,Polar Solvation,,,Non-Polar Solv.,,,TOTAL,,
,Avg.,Std. Dev.,Std. Err. of Mean,Avg.,Std. Dev.,Std. Err. of Mean,Avg.,Std. Dev.,Std. Err. of Mean,Avg.,Std. Dev.,Std. Err. of Mean,Avg.,Std. Dev.,Std. Err. of Mean,Avg.,Std. Dev.,Std. Err. of Mean
ARG   1,7.761859999999998,0.026663840684645144,0.003770836512118067,-1.9027199999999993,0.03984070280509046,0.005634326224143473,-293.52684,0.7966172069538698,0.11265868580939373,-11.6318,0.7806917957811291,0.11040649256270794,1.5546670559999998,0.004209305843587761,0.0005952857412178133,-297.744832944,0.015079050035711666,0.002132499706820594
MET   2,9.78058,0.01721753757053583,0.0024349275142920078,-4.220560000000001,0.02362808498377388,0.003341515823695709,-4.421599999999999,0.03913412832819571,0.005534401503338351,-3.7915600000000014,0.03950248599757407,0.005586495144522253,0.518993424,0.0047406237113057454,0.0006704254346636061,-2.1341465760000005,0.022190971314683502,0.0031382772595457717
LEU   3,12.251199999999999,0.012809371570021875,0.0018115186999801281,0.5064800000000002,0.00799059447098755,0.0011300407072294058,-15.23702,0.032969373667789535,0.0046625735383934355,-6.882500000000001,0.03384154251762187,0.004785916840004658,1.22395824,0.0031372094605780624,0.0004436684167154677,-8.13788176,0.012741052639803201,0.001801856944211921
PRO   4,18.307560000000002,0.012701432981795826,0.0017962538784428597,-4.55536,0.01992963622350091,0.00281847618404371,-0.8054800000000004,0.020803115151321952,0.0029420047586608726,-4.0376199999999995,0.021278994337248714,0.0030093042385397418,0.45473932800000016,0.0033013951275602774,0.00046688777641481984,9.363839328000001,0.01949763309113192,0.002757381715165321
ARG   5,12.933119999999999,0.031500882526764126,0.004454897529607147,-5.075919999999999,0.03288150848133544,0.004650147524559053,-255.96578000000005,0.37471617470493435,0.05299286963082842,48.1763,0.35782807324219934,0.05060453141769515,0.667718496,0.00399526006727922,0.0005650150972353917,-199.26456150399994,0.044654357945940366,0.006315079862621165
LEU   6,12.399359999999996,0.007027830396297209,0.0009938853060501396,-3.44956,0.031614022205341506,0.004470897896395814,-31.441879999999998,0.030383311214904778,0.004296849078992089,-5.934460000000001,0.030900621352734206,0.004370007780279237,0.8795134079999998,0.006678150054885533,0.000944433037918175,-27.547026592,0.03950224652920176,0.005586461278580265
CYS   7,10.658199999999999,0.01022741414183732,0.0014463747787392728,-5.49452,0.023661986391863742,0.003346310206806132,-5.05022,0.07987171965088746,0.011295566918034669,-0.7929999999999999,0.07970821789502049,0.01127244427797278,0.04448707199999999,0.0013342519376854278,0.00018869171858973137,-0.6350529279999999,0.022339656801152488,0.00315930456269502
CYS   8,10.04438,0.025654543458221612,0.0036281003295106965,-4.1001199999999995,0.04366263391057086,0.0061748289045260715,4.24444,0.037726998290317885,0.005335403264979412,-7.302239999999999,0.06568730775443785,0.009289588150210137,0.611418384,0.011018907314234057,0.0015583088166321898,3.4978783840000007,0.033885011629213695,0.004792064300720405
LEU   9,13.249139999999997,0.1938434430154682,0.02741360260895713,-7.246659999999997,0.15128312662043708,0.021394664942482832,-33.97644,0.12948376886740426,0.01831177020394662,0.7121000000000001,0.09963719185123482,0.01409082680327863,0.02112552,0.003270708632207993,0.0004625480506239299,-27.240734479999997,0.0693237536595474,0.009803859261994341
GLU  10,15.530000000000003,0.12691398662070935,0.017948348113384468,-4.201359999999999,0.252535285455336,0.03571388256686971,17.23366,1.7017705557448086,0.24066669999815074,-90.78552000000002,1.9002642999316959,0.2687379545056819,0.8865704160000003,0.059203165561737624,0.00837259196728291,-61.33664958400001,0.1838679793818309,0.026002859012792184
LYS  11,9.948739999999999,0.10766853022116454,0.015226629567954834,-5.911379999999999,0.4414756568600548,0.06243408613890602,-25.112740000000002,2.0780512679911887,0.2938808286499746,-13.789819999999995,2.101806638965666,0.2972403454311056,0.8656548479999998,0.06453229602385292,0.009126244824800815,-33.999545152,0.4856043204761188,0.0686748215964298
GLY  12,6.979,0.11910751445648658,0.01684434623249128,-1.41642,0.04295909216917788,0.0060753330772887176,-3.9199,0.17242148937994287,0.024384080872568378,-3.1439000000000004,0.25681863250160925,0.03631963931538875,0.161236368,0.010810407856384301,0.0015288225405283337,-1.339983632,0.1421881001207236,0.020108433959879084
PRO  13,18.451079999999997,0.1368134262418282,0.019348340290592455,-1.0265,0.06741728265066695,0.009534243546291355,-4.861960000000001,0.5433271191464575,0.07683805807020226,-5.974480000000001,0.4944072912083574,0.06991974965630034,1.1680850879999998,0.008112747468177568,0.0011473157497604706,7.756225087999996,0.08092409025059852,0.011444394595510077
ASN  14,18.68695999999999,0.21443208342128073,0.03032527605822941,-2.1004199999999993,0.5374871938939599,0.07601216792066955,-87.35089999999998,3.4306558163133314,0.48516799832644547,-10.176099999999998,2.6615831322729844,0.3764046963043918,0.582201792,0.07527027065843213,0.010644823760864834,-80.358258208,0.9275064392227007,0.131169218553712
GLY  15,5.683180000000001,0.12040360293606966,0.01702764082307747,-3.1139799999999993,0.11439291761296397,0.016177601552768175,-12.274619999999997,0.9549328539745892,0.13504789932465103,0.22529999999999994,0.6826034646850249,0.09653470774804261,0.09366739200000002,0.017432337435603195,0.002465304802529426,-9.386452608,0.3093934697736111,0.0437548441063511
TYR  16,9.409280000000003,0.16001462933106528,0.022629485897809616,-11.033700000000001,0.24642485670066694,0.034849737445192965,-32.89361999999999,1.1704580281243475,0.16552776175619216,2.174459999999999,0.826989533428327,0.11695398141149381,0.029605391999999998,0.008972971280547823,0.0012689697679735008,-32.313974607999995,0.8742907798237938,0.12364338782845587
GLY  17,7.064799999999998,0.08056500480983834,0.011393612245472702,-4.0701,0.17159315254403712,0.024266936353813263,-16.3738,0.9264169039908533,0.13101513500355583,1.89072,0.7766262689350669,0.10983154024231863,0.005324112,0.006884034759256812,0.0009735495320388788,-11.483055887999999,0.39834376316410997,0.05633431523534204
PHE  18,10.002239999999999,0.10634445166570733,0.015039376582877339,-10.083340000000002,0.186997926191605,0.026445500335581077,-2.1451400000000005,0.8189303757951583,0.11581424440888081,-4.21586,0.4269291749224892,0.06037690293481397,4.9248e-05,0.00024126494170517192,3.4120015268460824e-05,-6.442050752000001,0.3983096034121739,0.05632948431689452
HIE  19,28.99892000000001,0.2789118742536612,0.03944409552764269,-9.537059999999999,0.3351771119871495,0.04740120175692725,-24.45346000000001,3.892416453618459,0.5504708139111409,-2.805659999999999,2.8419200453918485,0.4019081871373114,0.22207363200000002,0.051001872088610165,0.007212753921413031,-7.575186368,1.066888871819928,0.1508808712072673
LEU  20,11.421479999999999,0.11184726013645974,0.0158175912199253,-9.054439999999998,0.2712907045956959,0.03836629937849861,-32.11506,1.0096526414564764,0.14278644588335687,-0.34474000000000016,0.46932989719386087,0.06637327058387284,0.0,0.0,0.0,-30.09276,0.7141566091552807,0.10099699623257795
HIE  21,28.58896000000001,0.23248741557173938,0.03287868561826237,-9.963639999999996,0.602437441067588,0.0851975199639125,-25.0506,5.033915835609479,0.7119032046563616,-3.8812000000000006,2.2747215829635055,0.3216942113249785,0.27673876799999997,0.02584253698565528,0.003654686629124202,-10.029741232,2.1323900186033486,0.3015654884577872
GLY  22,5.20788,0.37370531920217015,0.05284991307466756,-2.52498,0.20000804883804932,0.02828540952505497,-8.471879999999999,4.199776273279332,0.5939380564604364,-5.323040000000002,2.8064276007764697,0.39688879748362693,0.12621614400000003,0.026871179274487615,0.003800158616693921,-10.985803856000002,1.077707711428911,0.15241088617768359
GLU  23,15.409880000000001,0.3146888393317281,0.04450372245103777,-4.671259999999998,0.24963299541528727,0.03530343677321199,0.47350000000000003,1.2553123953821217,0.17752798145644536,-72.21917999999998,1.4956993105580156,0.21152382502232334,0.6435509760000001,0.05220004730824916,0.007382201485984313,-60.363509024,0.38390780434772737,0.05429276236094327
LYS  24,9.599680000000001,0.05634090521051912,0.007967807226509312,-1.08614,0.07270873675150338,0.010282568161699118,21.130420000000004,1.8076288677711565,0.25563732605390915,-58.283699999999996,1.7880595767480574,0.2528698103768199,1.589292432,0.020600758896275526,0.002913387262629104,-27.050447568,0.0927131087305318,0.013111613577648947
GLY  25,6.38526,0.01630436751292942,0.0023057857662700074,-1.1817999999999995,0.005291502622247224,0.000748331477371482,-5.5758,0.08558808328263978,0.012103982815582715,-5.571240000000002,0.08692630441920657,0.012293235863661423,0.631098576,0.0035461563761969373,0.0005015022441513536,-5.312481424000001,0.017303146222245082,0.002447034405922378
LYS  26,9.764360000000002,0.04768469775485259,0.00674363462825744,-4.497159999999998,0.10410021325635496,0.014721993343306863,-6.7116999999999996,0.7954667623477492,0.11249598837292026,-29.776819999999994,0.7615218365879446,0.1076954509345939,0.8966802240000001,0.012111358978042086,0.0017128048125516265,-30.324639775999994,0.11473621437052746,0.016226151045814673
LEU  27,11.058780000000002,0.03735306680813953,0.005282521367629922,-2.67702,0.023384174135423447,0.0033070216207209983,-26.57873999999999,0.15630634152402115,0.022105054806819156,-7.512439999999999,0.11700806126080959,0.016547438714201886,0.8715564000000002,0.006371823983961353,0.0009011119895172312,-24.837863600000002,0.09599518761225048,0.013575769624379435
GLY  28,4.98478,0.02869724028546673,0.00405840264143866,-3.5783799999999997,0.020390085826307233,0.0028835935913515106,-6.581299999999999,0.2513471105861581,0.03554584926542349,-3.7290599999999987,0.16253681552193702,0.022986176889605713,0.005229503999999999,0.0019394551887537905,0.0002742803831550481,-8.898730495999995,0.10837969177925896,0.015327203000004386
GLN  29,18.936159999999994,0.10678958001762677,0.015102327238105463,-8.837460000000002,0.1890221373277632,0.02673176701976724,-79.13144,0.27026040479921776,0.03822059298394964,-3.44956,0.21490036388987638,0.03039150091719765,0.10650542400000002,0.006154430467705704,0.0008703679036111597,-72.375794576,0.13677923303087453,0.019343504640325276
TYR  30,8.92332,0.04824414575876033,0.0068227525237143285,-8.619100000000001,0.29790248404466896,0.042129773320060536,-25.720080000000003,0.41030314841577076,0.05802562771739639,-3.528899999999999,0.15279964005193572,0.021609132328717466,0.20176315199999997,0.007103811702748876,0.001004630685457217,-28.742996848000004,0.16156880462299414,0.022849279475424714
ILE  31,12.64096,0.08392185889266314,0.011868343102556534,-8.864160000000002,0.14460779508712993,0.020450630503708857,-7.980419999999998,0.44048183118039413,0.06229353796342494,0.68094,0.5820661615314878,0.08231658598362787,0.0008791200000000007,0.0005210974818591991,7.369431261637473e-05,-3.5218008800000002,0.14456359633663624,0.020444379856470043
ARG  32,14.653439999999996,0.515612379991012,0.0729186020710759,-7.3722199999999996,0.7388134619780694,0.10448400179932048,-214.9281,2.4315770787691924,0.34387692827509436,9.090839999999998,3.213004291064676,0.45438742443866165,0.681503328,0.12906263835476942,0.01825221335569689,-197.87453667199992,0.8293924971974206,0.11729381180670814
LEU  33,11.821660000000001,0.2926698214712351,0.04138976308219331,-4.462680000000001,0.2939015780835492,0.04156395977286105,-35.40141999999999,0.47503334998778624,0.06717986061322524,-0.1418,0.3697218954836189,0.052286571889922175,0.6782391360000001,0.050059344279993964,0.007079460360427148,-27.506000863999997,0.4908728177105066,0.06941989962064944
VAL  34,10.897439999999996,0.08181055188715568,0.011569759202404335,-6.39512,0.08263404625206244,0.011686218892343232,-29.26933999999999,0.35892136241849004,0.05075914585576575,-3.1543200000000007,0.41561700831414494,0.05877712099107952,0.12258259199999998,0.009485059172653819,0.0013413899321878357,-27.798757408,0.16596135800297743,0.023470480331766727
GLU  35,16.208619999999996,0.5291091339223902,0.07482733131685265,-4.117760000000001,0.16633010070335902,0.0235226284245573,34.06125999999999,4.159109014248216,0.5881868375338021,-104.46332000000001,3.9721783869305822,0.5617508546962513,0.40598136,0.059005550070670265,0.008344644916522662,-57.905218639999994,0.9002885418868964,0.1273200265985547
PRO  36,17.813399999999998,0.03641593058128719,0.005149990291449349,-1.9253200000000006,0.1390391944740662,0.01966311145266547,-7.948779999999999,0.8399731255224854,0.1187901386142817,-2.5273400000000006,0.7874845677218043,0.11136713558316896,0.933779952,0.022239352336132983,0.0031451193692153038,6.345739951999999,0.10281398763063715,0.014540093570890669
GLY  37,6.23364,0.022575880935184048,0.0031927117001057472,-1.6610600000000004,0.07657294822584967,0.010829050189188944,-20.04614,0.6243872199204925,0.08830168745839928,4.30954,0.3276517791802785,0.046336958985242434,0.29929176,0.0075526134771992685,0.0010681008410817025,-10.86472824,0.2923023634948967,0.04133779667681932
SER  38,12.533219999999998,0.03337621308665687,0.004720109320780453,-4.7965,0.09472956243961679,0.0133967831959775,-7.938019999999999,0.7172881566009702,0.10143986391946885,0.24678000000000008,0.6321143975579103,0.08939447539976952,0.010358784000000003,0.01597293671442243,0.0022589143732463348,0.055838783999999954,0.13234748421727907,0.01871676071260352
PRO  39,19.367039999999996,0.019541709246533086,0.0027636150248398807,-7.89086,0.09099780436903357,0.012869032908486094,-8.56248,0.18272845864822823,0.02584170644518556,-0.73322,0.1932887260033548,0.027335153776776148,0.13339411199999998,0.008799273261279071,0.0012444051585127796,2.313874112,0.08382959113825465,0.011855294471591114
ALA  40,9.55006,0.05221165004103334,0.007383842360190711,-6.971559999999998,0.016379450540691898,0.0023164041098865805,-9.08326,0.2253012924952836,0.03186241434670177,-0.06414,0.2123158034626721,0.03002598887630514,0.0,0.0,0.0,-6.568900000000001,0.06285515094226223,0.008889060692755526
GLU  41,17.50774,0.028792922743855923,0.00407193418447218,-5.996919999999999,0.0437871396647198,0.006192436677137164,30.768800000000002,1.4743972870294675,0.208511263964317,-105.59564,1.4065765640024552,0.19891996533284198,0.5677083360000003,0.008311853248485846,0.001175473559246355,-62.748311663999985,0.07607867501796557,0.010759149401778207
LYS  42,11.568280000000001,0.3258767889862439,0.04608593746469414,-3.63586,0.08589319181400751,0.012147131677888312,-37.66302000000001,2.350829670477849,0.33245752028188474,-5.748140000000001,2.2756551584983153,0.3218262388432613,1.3083168959999998,0.006279768584029548,0.0008880933900099074,-34.17042310400001,0.2756318238285588,0.03898022634799794
ALA  43,7.326180000000002,0.014873721793373103,0.0021034619083152516,-3.996020000000001,0.04484929876811212,0.00634264865807871,-8.997759999999998,0.09269143649779774,0.013108548661103005,-2.5118599999999995,0.10092115932748191,0.01427240722513409,0.17187796800000002,0.004400228244871035,0.0006222862461433777,-8.007582032,0.044871780298681135,0.006345828026622071
GLY  44,6.166920000000001,0.02567087065107287,0.00363040934326727,-2.1000799999999997,0.0146066286322785,0.0020656892312315425,-11.6868,0.1351958579247261,0.019119581585381372,-1.07656,0.10394847954636151,0.01470053495625267,0.26528875199999996,0.004430596532760605,0.0006265809706033259,-8.431231248,0.030558227038550958,0.004321585911999499
LEU  45,10.308479999999998,0.018463195824109595,0.0026110901939206082,-7.414300000000001,0.024138144088137116,0.003413649073995945,-27.92348000000001,0.103011696421973,0.014568053816301423,-1.70864,0.11260457539549823,0.015924691770957733,0.003731616000000002,0.0005343118787225194,7.556311054264353e-05,-26.734208384,0.033023465343106385,0.004670223256477892
LEU  46,10.783200000000004,0.0311698572327684,0.004408083483581418,-3.4542799999999994,0.028760417243275292,0.004067337212494894,-31.676600000000004,0.18629363918181044,0.026345899111475612,-0.5765399999999999,0.14926556334265506,0.021109338407444306,0.8448678720000001,0.005113033969534277,0.0007230921984589716,-24.079352128000004,0.02288989095727254,0.003237119423301609
ALA  47,6.995760000000002,0.014929916274678708,0.002111409008074542,-3.38212,0.022579317970213657,0.00319319777026107,2.627099999999999,0.29117652721331405,0.041178579382976734,-8.205440000000003,0.15181477661924672,0.021469851606358056,0.41660568000000003,0.005597922211675698,0.0007916657512861364,-1.54809432,0.15459102648306797,0.021862472627353302
GLY  48,6.1339799999999975,0.029124209861043786,0.004118785257888836,-2.735140000000001,0.061867927070465116,0.008749446153896131,-11.19096,0.28057718795361375,0.03967960644965055,-2.6749400000000003,0.18965921121842663,0.02682186287340824,0.21551731199999996,0.004533442012453146,0.0006411255178243216,-10.251542687999999,0.04666472875648911,0.006599389229188867
ASP  49,12.100019999999999,0.030887207708764734,0.004368110804556989,-8.426639999999997,0.04121541459288526,0.005828739829608831,33.56976,0.6399172934058025,0.0904979715131569,-99.29696,0.681067543199937,0.09631749564854747,0.018169920000000003,0.002446729081856022,0.0003460197451013457,-62.035650079999996,0.11907417405738681,0.016839631188033097
ARG  50,13.271319999999994,0.024139130061439317,0.0034137885116775563,-8.76454,0.04603442624819113,0.006510250993625589,-208.55131999999998,0.7679844123547485,0.10860939716432168,3.4826799999999998,0.7145037561832709,0.10104609023609008,0.4293897119999999,0.0031798908077319984,0.0004497044707160128,-200.132470288,0.06571196081413132,0.009293074619347388
LEU  51,12.824419999999998,0.03476785296886783,0.004916916920316656,-8.768999999999998,0.039446672863822176,0.005578601975451206,-33.08872000000001,0.08332107536162313,0.011783379480791816,-0.43998,0.06784820999849579,0.009595185876261058,0.0,0.0,0.0,-29.473280000000013,0.03317953584796325,0.004692294958943392
VAL  52,12.553040000000001,0.01399851420734702,0.001979688864510261,-6.48566,0.024981280991836146,0.003532886638410788,-32.34694,0.04141565404620944,0.005857057964670154,-0.41904,0.03476662767655216,0.004916743637815587,0.05931806400000001,0.0014509533822639506,0.00020519579515687925,-26.639281935999996,0.02565411839412915,0.003628040216370253
GLU  53,15.432799999999995,0.019785853536326958,0.0027981422414201248,-7.899840000000001,0.016226348941502964,0.0022947522740871806,9.458579999999998,0.2636512916714784,0.03728592324189894,-86.39493999999999,0.26048342826682863,0.036837919702838826,0.31282660799999995,0.0031881804909925713,0.0004508768089655007,-69.09057339199998,0.014016936823236684,0.0019822942158348165
VAL  54,11.384859999999998,0.02042744232854247,0.0028888765985619,-6.923900000000002,0.035087462147583626,0.004962116483836537,-26.045900000000003,0.08689539688416671,0.012288864878138135,-2.08034,0.06848112440665566,0.00968469349024516,0.00026136,0.0004921246086104616,6.959692958744661e-05,-23.66501864,0.03629804055692075,0.005133318124316597
ASN  55,17.328660000000003,0.05344777263767291,0.007558656494283064,-4.569599999999999,0.07972427484777798,0.011274715074008785,-90.24626000000002,0.2729261299269644,0.038597583446871454,-6.841519999999999,0.1697361764622064,0.02400432027782052,0.39593318400000016,0.007742360977352624,0.0010949351898960292,-83.93278681600005,0.10528805406463491,0.014889979401407837
GLY  56,6.05678,0.009964517048440192,0.0014091955152402043,-2.1107799999999997,0.010796832868968936,0.0015269027473971482,-8.18398,0.04165116565016026,0.005890364335110503,-6.3271999999999995,0.04602390683118164,0.006508763323405281,0.328302,0.003745130852294614,0.0005296414844176952,-10.236878,0.01624346333384227,0.0022971726146629825
GLU  57,13.829279999999999,0.013055328415388678,0.0018463022506277516,-3.48226,0.02376872735342213,0.0033614056583557935,6.689639999999998,0.4957327812441012,0.07010720225483426,-87.37592,0.48326356535847037,0.06834378883307254,0.7067560319999998,0.0044014308828761025,0.000622456324841117,-69.63250396800001,0.02633976795525387,0.0037250057072080265
ASN  58,20.380219999999998,0.01153653327933558,0.0016315121826404936,-4.994260000000001,0.02982201200440513,0.004217469383388298,-92.22694000000001,0.09228334843169528,0.013050836293330535,-4.52218,0.09880924855500066,0.013973737939437608,0.5616950400000001,0.004283572576979963,0.0006057886433774532,-80.80146495999999,0.010778493447303075,0.0015243091615125544
VAL  59,12.828319999999998,0.017551569731022593,0.0024821667954549246,-6.727200000000002,0.03769031705870184,0.005330215755455816,-31.325640000000003,0.09596848649289018,0.013571993515866448,0.028520000000000004,0.07281847018442505,0.010298086812607476,0.0,0.0,0.0,-25.19600000000001,0.036514654587122046,0.005163951974247695
GLU  60,16.71566,0.028472871299007656,0.004026672075076027,-5.2369200000000005,0.02613873753639737,0.003696575712728386,-25.319239999999994,0.46420933036771217,0.06564911307861512,-52.80312,0.4652989851689882,0.06580321353844207,0.389170368,0.003853814015930908,0.0005450116048193013,-66.25444963199998,0.03574516277926694,0.005055129399167326
LYS  61,9.4615,0.016313491349621834,0.0023070760716291366,-1.8150600000000006,0.054581099292690075,0.007718933086895485,-4.744860000000001,0.4416100999750749,0.06245309926656893,-37.76262,0.4331444050204848,0.061255869204599446,1.325202192,0.0063663748475465,0.0009003413652551206,-33.535837808000004,0.07284180793983552,0.01030138726962916
GLU  62,15.735599999999994,0.033213852534511694,0.004697148071296643,-4.543739999999999,0.07053447667640685,0.00997508135306633,-29.71691999999999,0.6849901558420374,0.09687223684838692,-56.87026,0.6856704400804526,0.09696844356801047,0.293224752,0.0036723036890913925,0.0005193421682265797,-75.10209524800001,0.043188417966950075,0.006107764642629865
THR  63,14.702699999999995,0.027762024423383477,0.0039261431458482016,-3.957599999999999,0.034045263987982445,0.00481472740663771,-28.22488,0.3843538286525898,0.05435583972305172,-7.699200000000001,0.26474062778495555,0.037439978632465155,0.5463259200000001,0.011452305424353227,0.0016196005651559298,-24.632654080000005,0.19871028125979626,0.028101877474057613
HIE  64,30.856039999999997,0.08909162923815496,0.012599459036251412,-10.63454,0.3914746076056581,0.055362869940060726,-13.7741,2.049591727637477,0.28985604185526226,-7.387800000000003,1.006589211148208,0.14235321141442306,0.09990072,0.034512862671554796,0.004880855846643292,-0.84049928,1.0465964609732759,0.14801109094400902
GLN  65,20.55768,0.4430131573664532,0.06265152154573643,-3.27764,0.8816631728727259,0.12468600165215035,-74.18530000000001,0.41756931161180666,0.059053218371221405,-13.30772,1.7609734698739803,0.2490392564074992,0.857071296,0.09994953207974698,0.014134998382002292,-69.35590870400002,0.9775762525337179,0.13825015945870495
GLN  66,20.99738,0.024484190818576744,0.003462587471936204,-6.180480000000001,0.04335999999983832,0.006132030006426875,-73.84667999999999,0.4332414772391903,0.06126959728942175,-10.43898,0.4073317807389717,0.05760541287066376,0.6739732800000001,0.005727201881819755,0.0008099486575718209,-68.79478671999999,0.04089448202962373,0.005783353111251669
VAL  67,12.788940000000002,0.0738448129519949,0.010443233598761557,-7.029239999999998,0.057219073743183156,0.008091999011403587,-28.08542,0.35596241880316953,0.050340688036657394,-0.6395200000000003,0.21907096932272824,0.03098131359384225,1.9152000000000002e-05,0.000134064,1.895951270259866e-05,-22.965220847999994,0.15385468280923237,0.02175833790634271
VAL  68,12.902880000000003,0.111939204928143,0.015830594177064103,-4.9876000000000005,0.33894123384443625,0.04793352897502724,-30.865339999999996,0.37607225954605844,0.05318464898823305,-1.9908200000000007,0.3661761701694917,0.051785130607153354,0.09964108800000003,0.03579753656767246,0.005062536171354921,-24.841238911999998,0.4231985724397703,0.05984931607212559
SER  69,14.246600000000003,0.21213288288237836,0.030000119999756283,-3.61352,0.6165338349190621,0.08719105110044324,-8.769540000000005,1.946718327956034,0.27530754615156977,-5.3074,0.8237232544975213,0.1164920598152499,0.424314288,0.02189227345592531,0.0030960350032550083,-3.0195457119999993,0.7140079967538402,0.10097597926521255
ARG  70,13.991200000000006,0.12275178206381811,0.0173597235000118,-7.2145600000000005,0.13498091124295925,0.019089183534127193,-223.05338000000006,0.7685842540444267,0.10869422758960365,13.988900000000001,0.687314374940569,0.09720093106549392,0.6583511519999999,0.007697335113151168,0.0010885675711149023,-201.62948884800005,0.1486109373298558,0.021016760308886016
ILE  71,14.197819999999995,0.12130897576102087,0.017155679875882474,-7.340020000000004,0.15263046746940387,0.021585207712657643,-9.65256,0.5417767865090118,0.07661880792599574,-0.8061,0.5923758688535513,0.08377459877552382,0.0009331200000000001,0.0014361406683190896,0.00020310096106124171,-3.5999268800000004,0.16849543707297712,0.023828853230658663
ARG  72,12.7117,0.053475695413943675,0.007562605371173186,-2.8331999999999997,0.12682081848024276,0.017935172148601575,-180.89395999999996,2.1068203052030032,0.297949384910111,-29.158499999999993,2.0025009388263824,0.28319639863531254,1.4616826559999998,0.04972546840157034,0.007032243180885556,-198.712277344,0.14185525626859674,0.02006136273089605
ALA  73,8.467600000000001,0.04147288270655571,0.005865151319431968,-1.7640200000000001,0.23001065105772844,0.032528418221610504,-10.943220000000002,0.20572839279003824,0.029094388324889132,-2.8678000000000003,0.3503281318992215,0.04954387954127096,0.5908157280000002,0.01725931689037897,0.002440836002366897,-6.516624271999999,0.13947277344399295,0.019724428778628487
ALA  74,7.97646,0.678602570286906,0.09596889583609838,-3.3950999999999993,0.10277086162917852,0.014533994633275297,0.9532799999999996,1.5035762972327014,0.21263779916092063,-4.690660000000001,0.9931483999886364,0.14045239367130688,0.10020023999999998,0.010912713840874074,0.0015432907916060705,0.9441802400000003,0.08462531661962658,0.011967827048359319
LEU  75,12.278300000000002,0.38501081802977155,0.054448752051806264,-0.8251600000000003,0.516027377568283,0.07297729159128877,-23.27696,1.0104565099003746,0.14290013004892932,-6.60318,0.6366034461106838,0.09002932273431787,1.1436462719999998,0.09096589344923567,0.012864520022929496,-17.283353727999994,0.61326837610557,0.0867292454863021
ASN  76,19.84836,0.5193094168219232,0.07344144203376266,-3.04868,0.23158371618056564,0.03275088322473175,-82.93956,1.9336384270077591,0.2734577688200151,-17.320299999999996,0.8518156901584408,0.12046493016642651,0.7342649279999998,0.0926491746412879,0.013102571932038277,-82.72591507200002,0.8658435403542569,0.12244876776621264
ALA  77,8.120719999999997,0.4953899490301043,0.07005871845816898,-2.9798,0.15714108310686617,0.022223105093572778,-3.398580000000001,0.5306330215883609,0.07504284157732753,-2.07522,0.515996406576634,0.07297291163164575,0.41067849599999995,0.024048619038547634,0.0034009883200657883,0.0777984960000002,0.689818954606657,0.09755513211867647
VAL  78,10.98078,0.10177981921774962,0.014393840071362329,-6.957040000000001,0.31928889488984225,0.04515426854683325,-20.9179,0.19451542355313334,0.027508635007958814,-1.5558800000000002,0.08536032802185783,0.01207177335771275,0.0017949599999999993,0.000591987572842542,8.371968542702535e-05,-18.448245040000003,0.1048154603768758,0.01482314456113575
ARG  79,12.554560000000004,0.0528890007458407,0.007479634215512865,-7.052740000000001,0.024530642061981696,0.003469156669777442,-193.51407999999992,0.44217190507008414,0.06253255050504616,-11.113419999999996,0.43020516454378105,0.06084019783007641,0.8453131199999997,0.0043199760000124775,0.0006109368648343919,-198.28036688,0.06286077985173322,0.00888985674076705
LEU  80,11.171460000000002,0.041509618162313335,0.005870346497407207,-7.631300000000001,0.11451275038170504,0.016194548465445206,-35.47892,0.07681844569673034,0.010863768774473715,0.29318,0.060001563312967555,0.008485502460078665,0.0014405759999999998,0.0009167178886789552,0.00012964348710398077,-31.644139423999995,0.07188657910840267,0.010166297512770945
LEU  81,13.656160000000002,0.02378264913791169,0.0033633744959995506,-7.1270999999999995,0.021085777196683742,0.0029819792084727487,-35.14616,0.03578734971526705,0.005061095532871958,0.62068,0.04108451776521135,0.005810228222712025,0.24699110399999996,0.0020239211218858167,0.00028622566997442916,-27.74942889599999,0.04258574936249921,0.006022534431226777
VAL  82,11.99278,0.00862389703052676,0.0012196032141080005,-6.585959999999997,0.020604814972098484,0.0029139608783729882,-33.1277,0.03983880019081662,0.005634057153852471,1.0947400000000003,0.03774112345968589,0.005337400865588517,0.0,0.0,0.0,-26.62614,0.019452516555356833,0.002751001273487279
VAL  83,11.36064,0.025513729637768757,0.0036081862480452967,-4.993899999999999,0.01752740711028477,0.0024787496848599337,-31.55154,0.03816029874078924,0.005396681202343308,-1.15604,0.03926675947923209,0.005553158380597231,0.21886675200000003,0.0014305907985403756,0.00020231609095019553,-26.121973248000014,0.030509062469264613,0.0043146329919322
ASP  84,13.967459999999999,0.016979057690072265,0.0024012013661615394,-3.8355200000000007,0.02379347809798398,0.0033649059422196136,26.738780000000002,0.27938434387039907,0.03951091282162268,-96.90328000000001,0.28378759944589443,0.04013362719696873,0.384263712,0.002619756963429058,0.000370489582780273,-59.64829628799999,0.03556229402560765,0.005029267852011403
PRO  85,18.03346,0.007113958105809086,0.0010060656035389224,-3.7073399999999985,0.018872848221840342,0.0026690237915935563,-4.859440000000001,0.08438155248624472,0.011933353594014444,-7.19354,0.0835538652605255,0.011816300944012936,0.629230176,0.004220933502166565,0.0005969301404638921,2.9023701759999994,0.02103343106468984,0.002974576347492394
GLU  86,14.632419999999998,0.011050954713453222,0.0015628410032936426,-2.22574,0.011028707993311664,0.0015596948419593917,9.1806,0.537370821686462,0.07599571040525686,-89.05536000000001,0.5329897845162659,0.07537613818692167,0.7352824319999999,0.00396416311903635,0.0005606173246400436,-66.73279756800001,0.024064544562122314,0.003403240529208509
THR  87,13.225399999999995,0.006526867553221166,0.0009230384613578272,-1.9365200000000005,0.009871656395904392,0.0013960630358175099,-31.529099999999993,0.06602703991820844,0.00933763353356801,-8.41206,0.0618483338498522,0.008746675254063996,0.5737550399999999,0.003256976007043485,0.0004606059641484666,-28.078524959999996,0.007803834658390332,0.0011036288812412815
ASP  88,12.785659999999998,0.011987677007886388,0.0016953135405901054,0.16227999999999995,0.007766698140138057,0.0010983769844641134,-3.026979999999999,0.5242538503435219,0.07414069052821236,-82.03275999999998,0.5110583747514598,0.0722745684737866,0.950284656,0.0030502057055734172,0.0004313642276849722,-71.16151534400001,0.013840385102255489,0.001957326032007625
GLU  89,14.980839999999999,0.008038308281682146,0.001136788459049086,-1.4721199999999997,0.012913001200395112,0.0018261741428538824,35.84997999999999,0.8122175691285459,0.11486491018592965,-115.93960000000001,0.8064996218205208,0.11405627032273527,1.006458192,0.00454493041128452,0.0006427502227680498,-65.57444180799999,0.01710131044448016,0.00241849051649365
GLN  90,19.66118,0.005904879332908151,0.00083507604367753,-1.3970000000000002,0.005283937925340235,0.0007472616676753714,-66.62790000000001,0.03823100834194143,0.00540668105003725,-10.653739999999996,0.043503935455111976,0.00615238555372231,1.247965632,0.002382504330479066,0.00033693699365761255,-57.769494368,0.011254768464901097,0.001591664620443215
LEU  91,8.344320000000002,0.006259201227113112,0.0008851847265005682,0.06884,0.0051821231170243506,0.0007328628793982974,6.251619999999999,0.5312424640406643,0.07512902975548087,-113.23946,0.5200269689172858,0.07354291922425975,1.5019848000000002,0.006324223273407174,0.0008943802324727995,-97.07269519999998,0.013952533004718196,0.0019731861404730703
SER  92,5.318220000000002,0.420935875876588,0.05952932245540685,-0.7278000000000003,0.277301857188154,0.03921640473067345,-56.547259999999994,6.714015873707759,0.9495052306585758,-57.49905999999997,6.73515854723579,0.9524952562233926,0.9836723519999998,0.08394176409261568,0.011871158122929997,-108.47222764799999,0.87958816700988,0.12439255150882632
ILE  93,12.162020000000002,0.6305359463186753,0.08917124868476244,-0.9920799999999999,0.6193222372884736,0.08758539074526074,-7.8565,1.692086596483763,0.23929718134570682,-2.1062800000000004,0.7590555194450522,0.10734666101933474,0.8385678719999996,0.08020654224605964,0.011342917983542814,2.0457278719999996,0.6756154782981438,0.09554645723584204
GLU  94,15.433559999999995,0.34401396250762456,0.04865092114239921,-3.2420600000000004,0.6108118993601854,0.08638184721340442,-4.675620000000001,4.374063231778891,0.6185859545059198,-76.19184,4.437343287869346,0.627535105861005,0.6864583679999997,0.031268268532340854,0.004422000943036031,-67.98950163199999,0.7960922833032359,0.11258445039480004
SER  95,12.11012,1.5719302992181288,0.2223045148259475,-3.7531600000000007,0.5594034093567835,0.07911158883501114,-15.922520000000006,5.5389293703386295,0.7833229036559557,-4.13652,3.5115770772688455,0.4966119927992075,0.28225166399999996,0.03318735328171707,0.004693400511027152,-11.419828336000002,0.20462564667236294,0.028938436473342065
ASP  96,16.744999999999997,0.14269926418924508,0.02018072347570917,-4.364019999999999,0.24569326323693166,0.03474627450533717,40.40319999999999,5.04691838253811,0.7137420424775479,-113.59564000000002,4.660551648721085,0.6591015349761646,0.6726623039999999,0.034610816223700686,0.004894708570836025,-60.13879769599999,0.34670640317309787,0.04903168975289893
VAL  97,8.9925,0.32335208364876783,0.045728890211768694,-6.5586800000000025,0.27416217390438036,0.03877238646252657,-13.76836,2.8947321379360966,0.40937694489064924,-97.99788000000002,2.9243760540662325,0.41356922771395815,0.195875136,0.032800675624588896,0.004638716032329421,-109.136544864,0.9599702950539165,0.13576030107405504


