#Frame       SA_00001
       1    6111.8339
       2    6150.2765
       3    6237.7337
       4    6123.0156
       5    6149.6138
       6    6187.4781
       7    6132.7110
       8    6159.2819
       9    6086.2469
      10    6192.2175
      11    6087.4545
      12    6112.1102
      13    6092.4217
      14    6180.0779
      15    6178.1710
      16    6232.7956
      17    6179.0600
      18    6127.6361
      19    6117.6870
      20    6153.5842
      21    6094.1656
      22    6180.3834
      23    6105.7248
      24    6093.3863
      25    6129.4654
      26    6196.3707
      27    6151.9410
      28    6149.8300
      29    6092.4294
      30    6045.5546
      31    6106.5851
      32    6165.4504
      33    6106.8228
      34    6125.0174
      35    6130.2647
      36    6087.8728
      37    6183.1348
      38    6080.9339
      39    6193.7178
      40    6151.8321
      41    6093.0543
      42    6128.3523
      43    6110.2422
      44    6213.2411
      45    6133.8095
      46    6187.6665
      47    6145.8143
      48    6122.8764
      49    6161.6466
      50    6122.4384
