| Run on Mon Jun 20 15:46:16 2016
| GB non-polar solvation energies calculated with gbsa=2
idecomp = 2: Per-residue decomp adding 1-4 interactions to EEL and VDW.
Energy Decomposition Analysis (All units kcal/mol): Generalized Born Solvent

Total Energy Decomposition:
Residue,Internal,,,van der Waals,,,Electrostatic,,,Polar Solvation,,,Non-Polar Solv.,,,TOTAL,,
,Avg.,Std. Dev.,Std. Err. of Mean,Avg.,Std. Dev.,Std. Err. of Mean,Avg.,Std. Dev.,Std. Err. of Mean,Avg.,Std. Dev.,Std. Err. of Mean,Avg.,Std. Dev.,Std. Err. of Mean,Avg.,Std. Dev.,Std. Err. of Mean
GLY   1,1.1655799999999996,0.0022723556060278956,0.00032135961165791834,0.06252000000000002,0.02457172358626872,0.003474966474658409,-10.489420000000003,0.8128590551872701,0.11495563001436175,-104.25954,0.80065486222173,0.11322969649339323,0.9978736320000003,0.00700676406253571,0.0009909060765586405,-112.522986368,0.013625295181231276,0.0019269077236634046
SER   2,11.23902,0.011920553680711932,0.001685820868625933,-0.5071200000000002,0.014349411137733938,0.0020293131843050877,-4.42008,0.08059201945606723,0.011397432693380661,-12.015620000000004,0.06298345496934227,0.008907205622275894,0.8391497759999997,0.004510635848567706,0.0006379002391970725,-4.864650224000001,0.008553418342558853,0.0012096360224697529
HIE   3,27.2133,0.021005951532054524,0.00297069015471834,-1.7619799999999999,0.015222995762982418,0.0021528567067957897,-5.875299999999999,0.09671302911191842,0.0136772877428259,-22.131539999999994,0.08467755546982757,0.01197521473740302,1.32492816,0.01192298251976021,0.0016861643583382226,-1.2305918400000002,0.05049255325853223,0.00714072536170621
GLY   4,3.9161599999999983,0.006655403820678212,0.0009412162346272841,-2.1001000000000003,0.025010597753747574,0.0035370326546407885,-5.703060000000002,0.052909511432207776,0.007482534864596256,-5.77718,0.057114863214351864,0.008077261417082059,0.17237447999999997,0.0020231458071058132,0.00028611602390673027,-9.491805520000003,0.03817123204371628,0.005398227404871404
GLY   5,5.677520000000002,0.010008476405907865,0.0014154123071926032,-4.0298,0.011039927536075361,0.001561281524913396,-8.282800000000002,0.30192760721730705,0.042699011698157235,-2.6669799999999997,0.29598016757884743,0.041857916718346745,0.022345056,0.0014452580929590873,0.00020439035961922165,-9.279714944000004,0.017508919372878122,0.0024761351239621266
SER   6,11.46698,0.004989949904494653,0.0007056854830498669,-3.10186,0.014085467688443487,0.0019919859437364787,-3.06028,0.04589424364773787,0.006490426180148616,-5.696279999999999,0.039599515148570436,0.0056002171386507135,0.43822166400000007,0.0022731300335481377,0.0003214691322481385,0.0467816639999998,0.006336780923269003,0.0008961561523474126
PRO   7,18.878299999999996,0.008132035422145127,0.0011500434783696055,-3.50156,0.012045181609326586,0.001703445919315664,0.5265399999999999,0.10979767028493902,0.015527735443393012,-3.5552599999999996,0.10521041963605716,0.014879000235227664,0.609538896,0.009002009288789312,0.0012730763624814424,12.957558895999998,0.025508945713861125,0.0036075096990381434
ARG   8,13.779619999999998,0.013228590250652417,0.001870805174354915,-5.677579999999999,0.016648231137586674,0.0023544154264297135,-167.7929,0.9513733283983782,0.13454450639010188,-40.165980000000005,0.9268171662201092,0.13107174063086777,0.545478912,0.0035986020530517767,0.0005089191829009487,-199.31136108799993,0.03568173197840892,0.0050461589292827656
VAL   9,10.732380000000001,0.0076782550070928915,0.0010858692366389892,-2.2588200000000005,0.024321751581624283,0.0034396150947402335,-30.18306,0.025800317822590766,0.003648715937824414,-2.9114399999999994,0.023190653289799055,0.0032796536402726058,0.7253533439999998,0.004564633111384683,0.0006455366053377517,-23.895586656,0.037007979492523914,0.005233718651435269
VAL  10,11.013119999999999,0.04818242003081459,0.006814023187553507,-4.6869000000000005,0.06667330800249682,0.009429029642540962,-21.854119999999998,0.02075152042665115,0.002934708162723237,-1.4412799999999997,0.03377693887848513,0.004776780505740075,0.06921633599999996,0.00348496716987534,0.0004928487836062688,-16.899963663999998,0.033026439063749406,0.0046706438040842995
ARG  11,11.9871,0.040592240637860294,0.005740609723717432,-4.68732,0.062284649794315826,0.008808379646678004,-173.06065999999998,0.7249647608041323,0.10252549969717707,-33.219240000000006,0.6873340544446802,0.0972037141676554,1.13487408,0.007085476943247875,0.0010020377589023005,-197.84524592000005,0.09102074935708473,0.012872277819815139
ILE  12,14.237580000000001,0.04504135433139009,0.006369809416310401,-7.35888,0.12055814198956845,0.0170494959456149,-14.092940000000004,0.10807319926713539,0.01528385841326329,-2.46674,0.08606249124910013,0.012171074233609322,0.012576671999999994,0.001533158174102092,0.00021682130830783495,-9.668403328000004,0.15364449002499275,0.021728612157724245
VAL  13,11.32142,0.07770201799176313,0.010988724766770966,-2.98362,0.038756104035361054,0.0054809407951550235,-20.79,0.06371499038647188,0.00901066035310199,-2.3096599999999996,0.060960843170027056,0.008621165118475152,0.630224064,0.007520446238414888,0.001063551706546406,-14.131635936,0.06739704508142678,0.009531381521802466
LYS  14,11.490679999999996,0.1952207407018229,0.027608381915703924,-6.597719999999999,0.28184421512605445,0.03985879115076664,15.764139999999996,4.652378239180488,0.6579456403138505,-54.75469999999999,4.62721085860601,0.6543864352200673,0.6072923520000001,0.04084648722530745,0.005776565620932916,-33.49030764799999,0.12306030172800451,0.01740335476934692
SER  15,11.229720000000002,0.08990418010316362,0.012714371081592735,-2.2208799999999997,0.029925667912385493,0.004232128542476891,-19.50518,0.23205074358882824,0.03281693087420824,-3.84402,0.21867048177565707,0.03092467610177929,0.39600115200000013,0.009824198546732367,0.0013893514824234964,-13.944358848,0.034296415592453514,0.004850245607163185
GLU  16,15.957079999999998,0.026614161643767124,0.003763810834780529,0.47241999999999995,0.015252658784618461,0.0021570516915456555,-51.75171999999998,0.4622579383872169,0.06537314457818287,-31.167040000000007,0.46325780986331616,0.06551454775839582,1.3459106879999996,0.004409265411991173,0.0006235642945740509,-65.143349312,0.026251396218884754,0.00371250805639766
SER  17,10.373259999999998,0.03200488087807494,0.004526173659990891,-1.1439000000000001,0.035644494666070774,0.005040892778069273,-7.854500000000001,0.15363778832046293,0.021727664393580537,-9.916879999999999,0.18511235939298215,0.026178840921643794,0.5828166720000002,0.01018407181416985,0.0014402452479780573,-7.959203328000004,0.027128688311921563,0.0038365758940111937
GLY  18,5.169600000000002,0.037084228453397684,0.005244501882893723,-2.7634200000000004,0.09938633507679397,0.014055350298015887,-10.868939999999998,0.1943281153102653,0.02748214562221799,-1.23158,0.22869255256785243,0.03234201094551789,0.136503072,0.007641540362178706,0.0010806770017614538,-9.557836928,0.051785051859400334,0.007323512266775801
TYR  19,10.30754,0.10191687004629756,0.014413221985409024,-10.007080000000002,0.19666365602212205,0.027812440957236218,-32.59854,0.4335972421500963,0.06131991004562372,-0.43971999999999994,0.18630759941559033,0.026347873386670155,0.03568032000000001,0.006155304887070971,0.0008704915651837158,-32.70211968,0.4044398068271205,0.05719642599784685
GLY  20,6.7605,0.09193916466886419,0.013002161358796102,-3.0932199999999996,0.08507274299092799,0.012031102692605102,-15.614940000000004,0.17004427776274406,0.024047892381601033,1.7515000000000003,0.14264210458345727,0.02017263988673667,0.042001920000000005,0.005149265030584425,0.0007282160442506003,-10.15415808,0.07990763343246618,0.011300645893733143
PHE  21,9.742080000000001,0.39189497776824483,0.055422319258575437,-9.268559999999999,0.1409341917351006,0.019931104535386945,-5.49572,0.9165641502917223,0.12962174521275255,-3.5209999999999995,0.3328563654190834,0.04707299862978826,0.006756479999999998,0.007981791014653294,0.0011287957104950397,-8.536443519999995,0.5812602356086854,0.08220261084659836
ASN  22,17.858759999999997,0.542363514997193,0.0767017838645374,-6.570839999999999,0.2798038856056513,0.039570244982820205,-79.90794,3.7401068562810513,0.5289309840877263,-14.198379999999997,2.1014030064697473,0.2971832631761113,0.3303567360000001,0.018419976670795046,0.0026049780826434363,-82.48804326399997,1.191704203945366,0.16853242475565694
VAL  23,10.963980000000001,0.37020180928787305,0.05235444195099681,-7.167780000000004,0.19970501145426817,0.028242553567250032,-26.962600000000005,0.19621253782526857,0.02774864321001387,2.4943999999999997,0.15098158828149544,0.02135202098163216,0.0,0.0,0.0,-20.671999999999993,0.33466126157702464,0.04732824949231182
ARG  24,12.350719999999999,0.06486201970348146,0.00917287479475744,-9.76638,0.10191523732995268,0.014412991084449182,-84.38969999999999,2.4795823700779924,0.35066590167855194,-118.93117999999998,2.066698552668885,0.29227531225211834,0.645657552,0.01216330133649905,0.001720150571330775,-200.09088244799997,0.5158170733754465,0.07294755008711543
GLY  25,6.127660000000002,0.05042999504238994,0.007131878293935579,-3.6516,0.049128403189959695,0.006947805408897462,-16.613180000000003,0.1280833619172594,0.01811372275377298,-0.3638999999999999,0.11941243653824367,0.01688746872684007,0.07901251199999998,0.0041999695168726,0.0005939653852314806,-14.422007487999998,0.06195060048577091,0.008761137940413447
GLN  26,19.914140000000003,0.05948378266358485,0.008412277218409528,-8.781859999999998,0.12461861979668805,0.01762373422406925,-82.31675999999999,0.3479731346022788,0.049210832629602116,-1.5110000000000001,0.25619211541341474,0.03623103641907044,0.27547977599999995,0.009467204061571432,0.001338864838162797,-72.42000022400002,0.2397150717115497,0.03390083055197127
VAL  27,12.170960000000003,0.039153523467365,0.005537144390224084,-2.8593800000000003,0.12704721799392993,0.01796718987487868,-24.161460000000005,0.3314042974976713,0.046867645214993474,-5.3157000000000005,0.141997640825482,0.020081498948038012,0.49165387200000005,0.012651873009652368,0.0017892450399672488,-19.673926128,0.2859059425443762,0.04043320615093197
SER  28,11.115299999999998,0.0819922557322571,0.011595456006612114,-2.6615999999999995,0.08574940233028622,0.012126796774087784,-19.554499999999997,1.7839292951235894,0.2522857003478456,0.15094,1.3694839525894416,0.1936742779204301,0.4845316319999998,0.02791381487213674,0.0039476095569747575,-10.465328368,0.45978126583382917,0.06502289018672705
GLU  29,14.629939999999998,0.1088138612501416,0.015388603835413444,-2.35568,0.0662713935269252,0.009372190352314215,-45.714700000000015,1.3270282626978755,0.18767013667597418,-34.20731999999999,1.009088964165589,0.1427067298763994,0.9159615359999997,0.019274910886093632,0.0027258840388646424,-66.73179846399998,0.3689415061913307,0.05217620817781371
GLY  30,4.816159999999999,0.040337754027836965,0.005704619882183698,-1.9960399999999998,0.07490713183669995,0.010593468176193051,-10.62058,0.2087683970335353,0.029524309847971664,-1.45276,0.20334400015736895,0.028757184284974792,0.22759099199999988,0.0049774934705709315,0.0007039238772704937,-9.025629008000003,0.06186147290270645,0.008748533396738317
GLY  31,5.34722,0.02871674772675543,0.0040611614102424275,-1.7349999999999992,0.036966471294986154,0.005227848505844512,1.7806,0.35154578649160545,0.04971608190515448,-12.58072,0.3430322457145728,0.048512085422084884,0.397355184,0.007975862491078664,0.0011279572906506305,-6.790544815999999,0.031430177118541396,0.004444898274882977
GLN  32,18.554219999999997,0.029224161237155842,0.004132920517056388,-2.0919000000000003,0.13196336612862522,0.018662438211550808,-67.3443,0.6480664549249179,0.09165043698738709,-14.493020000000001,0.6545780469890388,0.09257131516835916,1.1325261600000005,0.03465946835578912,0.004901589021339809,-64.24247383999999,0.10241632555373384,0.014483855660650857
LEU  33,11.918120000000004,0.014892467889778712,0.002106113006693088,-3.2093999999999996,0.019059905561389062,0.002695477694246679,-24.100739999999995,1.6200994143570788,0.22911665641764895,0.3463199999999999,1.254084533673867,0.17735433558839211,0.7798335839999999,0.01831800891991437,0.002590557665021423,-14.265866416000003,0.3773219551368492,0.05336138263356646
ARG  34,11.202999999999996,0.18753485009480117,0.026521432842167313,-4.0515599999999985,0.18000535103160914,0.025456600872863142,-96.80608000000002,3.4865450167171184,0.4930719248465678,-109.78072,3.331147292090052,0.4710953678736161,1.191305664,0.021143973514230113,0.0029902094106281736,-198.24405433599998,0.07585882423565998,0.010728057805974718
SER  35,10.423200000000001,0.019798989871915473,0.0027999999998150407,-3.3168800000000003,0.01402089868736103,0.0019828545080325093,-13.334320000000002,0.20753471420463065,0.02934984074914129,-6.864979999999999,0.18910309251834476,0.02674321581261373,0.5865184800000002,0.006199099358051106,0.0008766850386654221,-12.50646152,0.017009687052863598,0.002405533012188174
ILE  36,12.772639999999999,0.05162664428406276,0.0073011100526332974,-4.271459999999999,0.04237981123136765,0.005993410381421174,-6.915899999999999,0.22413489241975262,0.031697460466104874,-4.34832,0.13297374778503668,0.01880532775571782,0.2404732319999999,0.004124063062832474,0.0005832305915539611,-2.5225667680000003,0.10748944727137674,0.015201303414316867
ASN  37,19.742299999999997,0.007189575792600159,0.001016759559360444,-3.0567400000000005,0.037745362629052065,0.005338000374669601,-81.08847999999999,0.3041555023393322,0.043014083647868524,-17.99904,0.31033162649012036,0.043887519501562985,0.6616497600000001,0.005672068971083697,0.000802151686562217,-81.74031023999997,0.03509839341551433,0.00496366239857269
GLY  38,6.081959999999999,0.04023180831160406,0.005689636895306507,-0.9955999999999997,0.042960446925053464,0.006075524668702014,-7.519740000000001,0.20580775592770034,0.029105611967452556,-7.65076,0.15607915427764235,0.02207292567831645,0.5360978880000001,0.00226510258807666,0.00032033388002244105,-9.548042111999997,0.13316979249974392,0.01883305266515487
GLU  39,14.726560000000005,0.04228104066609889,0.005979442114124541,-2.7821,0.30126149770589783,0.04260480958765118,-9.687319999999998,2.8482655314418994,0.4028055743804945,-68.65101999999997,2.475267181457813,0.35005564185146637,0.824983344,0.051261806046110796,0.007249514134214901,-65.56889665600002,0.16929877018729103,0.02394246168919528
LEU  40,11.152239999999997,0.034932826968545806,0.004940247767095009,-3.1866000000000003,0.0558952591907219,0.007904783361987829,-18.675679999999993,0.21596364879354127,0.030541872110340595,-11.852620000000003,0.16679842805005635,0.023588859913090256,0.916709328,0.007076887260799021,0.0010008229943607358,-21.645950671999994,0.041051365755759656,0.005805539820573374
TYR  41,9.41112,0.39847497487298683,0.05635287137316562,-7.71742,0.1901299650239081,0.026888437515033305,-34.42656000000001,2.5529015504714727,0.3610347996080059,0.47157999999999994,1.4519484851743194,0.2053365239600593,0.16999344,0.007174378139128536,0.0010146102865948624,-32.09128656,0.5230973483658463,0.07397713645003834
ALA  42,10.55636,0.026631379987409384,0.0037662458762905775,-4.083080000000001,0.01694678730600141,0.0023966376446799397,7.5417000000000005,0.19536153664426262,0.027628293468836457,-2.3180599999999996,0.18182303594430152,0.025713660338428194,0.10536595200000005,0.003025175552077699,0.00042782442943077966,11.802285952000002,0.03164927701226143,0.0044758836790043145
PRO  43,19.4435,0.053789683025708974,0.007607009925070749,-6.391140000000003,0.0636817116599859,0.009005954030468492,2.13172,0.22251157632806484,0.03146788890281654,-9.65582,0.20480016503900866,0.028963117097441423,0.17024615999999995,0.023804191569183918,0.0033664210558467184,5.698506159999999,0.07660912110886774,0.010834165807364371
LEU  44,11.77134,0.03662436893620478,0.005179467926293668,-8.06536,0.014864400425390823,0.0021021436678132104,-37.500420000000005,0.23703232606463057,0.03352143302414422,3.7953599999999996,0.21600173703006173,0.030547258600406007,0.057549024,0.0036012041685279956,0.0005092871776006816,-29.941530976,0.04791652077443636,0.0067764193540940055
GLN  45,20.06632,0.021016602961095466,0.0029721964942591756,-8.174479999999999,0.0297659133913842,0.004209535841451846,-82.01619999999998,0.1966442473166299,0.02780969615178271,1.9399999999999997,0.18935722853907938,0.026779156073334774,0.0,0.0,0.0,-68.18436,0.07213425262414207,0.010201323837270872
HIE  46,29.98702000000001,0.061551438644804786,0.008704687931505837,-10.56772,0.16498764074929737,0.023332775917159623,-13.181700000000001,0.1549921610920088,0.02191920162778344,-10.698520000000004,0.19209323153076013,0.027166085327087603,0.305291376,0.020892252348950105,0.0029546106620406388,-4.155628624,0.1682816759723124,0.023798622845891876
VAL  47,11.653020000000001,0.18903920122543244,0.026734180219318317,-7.2583199999999986,0.0837141421745334,0.011838967522565464,-33.27268,0.7738991003999394,0.10944586036939317,1.5690999999999995,0.19385884039682674,0.02741578012751136,0.0,0.0,0.0,-27.308880000000002,0.7878545967371731,0.11141946558836957
SER  48,12.413020000000001,0.1799079197810153,0.025442822013264265,-4.63398,0.26292550199628895,0.03718328108169061,-14.811960000000001,1.6710647140071957,0.23632423821520934,-4.199699999999999,2.161892025518387,0.3057377022874344,0.145046304,0.011966747296621205,0.0016923536324373277,-11.087573696,0.5574826452346353,0.07883995176784499
ALA  49,6.646699999999999,0.022291029586090583,0.003152427635990922,-3.39894,0.08136028761010519,0.011506082217678645,-0.9375199999999999,0.3608155340336673,0.05102702217453033,-2.89872,0.15349423963133135,0.02170736354327746,0.254840112,0.015945575233381994,0.0022550448754889347,-0.333639888,0.27803145676171875,0.03931958569187714
VAL  50,10.825420000000001,0.035102757725776666,0.00496427960524903,-5.680319999999999,0.028738434195503492,0.004064228340064776,-26.814280000000004,0.10898129013730694,0.015412281855709668,-0.12144000000000002,0.07646572042425284,0.010813885888060775,0.15121008000000002,0.006137553668228706,0.0008679811637401775,-21.639409919999995,0.059602898723777185,0.008429122773191572
LEU  51,14.670499999999997,0.017174690682967994,0.002428868049341617,-2.4474199999999993,0.03096842908517543,0.004379597241764451,-22.551379999999995,0.047796606576741195,0.006759460925623847,-1.95642,0.05177840862754161,0.007322572771916541,0.6500407679999999,0.012941811569723276,0.001830248544357969,-11.634679231999996,0.04871159903647911,0.006888860400226895
PRO  52,18.135559999999998,0.00676212985485063,0.0009563095751257769,-2.145620000000001,0.005237900342086554,0.0007407509702137478,-6.753939999999999,0.040218607633752464,0.005687770037541482,-3.80538,0.03928607386842415,0.005555889847711667,0.9272744640000002,0.0020347901337116727,0.0002877627803678011,6.357894464000001,0.012408733194990178,0.0017548598776224336
GLY  53,5.2867999999999995,0.007383765977447877,0.001044222198669582,-1.2340599999999993,0.006771735375899564,0.0009576680009398832,-19.761200000000002,0.04230082741276669,0.005982240382673825,2.7305599999999997,0.04015677277872538,0.005679025268480816,0.30617222399999994,0.004138112503574178,0.0005852174825180285,-12.671727776,0.011402297763784238,0.0016125284139760082
GLY  54,4.33236,0.003963634695527719,0.0005605425942707854,-2.1085599999999998,0.021630681912568686,0.003059040372413303,-10.65926,0.05883359924395609,0.008320327397402617,-2.7804999999999995,0.04976635409593237,0.007038025291232939,0.07695288,0.003673340437694276,0.0005194887866200766,-11.139007120000004,0.02336569963686567,0.0033044089320791534
ALA  55,9.36782,0.01513101450640487,0.0021398485927421806,-4.459880000000001,0.047328908713300415,0.006693318459466759,-5.1481400000000015,0.038419271205628346,0.005433305439548974,-1.5409800000000002,0.04129382036091607,0.005839828079660576,0.12993206399999999,0.00643189111716821,0.000909606764960632,-1.6512479359999994,0.052180443677545076,0.007379429113942966
ALA  56,9.392300000000004,0.011218288634624167,0.0015865055933701447,-6.27416,0.05763310159960479,0.00815055139237876,-7.5424,0.12057893680061006,0.017052436775995102,-0.89638,0.0720002472217972,0.010182372611528134,0.0,0.0,0.0,-5.32064,0.08167441704716699,0.011550506828701988
ASP  57,17.074279999999998,0.01623827576757999,0.0022964389820066,-5.328600000000002,0.018568791020938138,0.0026260236098682465,-56.86904,0.947685938695184,0.13402303073730068,-20.96026000000001,0.9221217448902949,0.13040770777829983,0.45762825600000007,0.002155712339603364,0.0003048637627242112,-65.62599174400002,0.026027607564758408,0.0036808595614205904
ARG  58,13.719379999999996,0.01968947942707235,0.0027845128841831753,-3.2497,0.0107298648641467,0.001517432041330681,-148.28850000000003,0.5465169073258997,0.07728916224064873,-62.73962,0.5411185042110777,0.07652571275063487,1.565336736,0.0047096642818249745,0.0006660471101581022,-198.9931032639999,0.022315406628954832,0.003155875070453839
ALA  59,7.52622,0.027609628754896365,0.0039045911437260625,-3.386139999999999,0.01731359003806321,0.00244851138451967,-8.84406,0.020656630897282636,0.0029212887567872216,-3.4497799999999996,0.02261618004882963,0.003198410855412667,0.26169955199999995,0.002275939638770592,0.0003218664704291894,-7.892060447999999,0.04300160206663681,0.006081344884640868
GLY  60,6.532280000000001,0.05031740851814596,0.007115956154982951,-2.1671200000000006,0.013312610562816808,0.0018826874408526852,-15.130720000000005,0.0905048153411492,0.012799313731552573,1.7283000000000002,0.05121415819868608,0.007242775711010309,0.20768817599999995,0.003749547392132816,0.0005302660774714898,-8.829571823999997,0.021800847993774772,0.0030831054904030563
VAL  61,11.1457,0.03957890852517911,0.005597302922023241,-5.6607400000000005,0.04998632212914106,0.007069133468818165,-19.833240000000004,0.07548551119273753,0.010675263369143546,-2.526760000000001,0.11212592206975654,0.015856999968463844,0.023663231999999992,0.0009248053558324283,0.00013078722767734962,-16.851376768000005,0.053034070891932045,0.007500150232322648
ARG  62,11.2376,0.011394735626577899,0.001611458966276235,-5.04546,0.08396361354784368,0.011874248102521388,-120.25010000000003,0.77340484223633,0.10937596170956418,-78.44686000000002,0.8318009379640714,0.11763441676634512,1.2837127679999998,0.005011505196247341,0.0007087338616436228,-191.22110723200004,0.0228440985502597,0.0032306433989964826
LYS  63,8.958960000000001,0.011516874575576472,0.0016287320220930129,-3.4377599999999995,0.04312426695032231,0.006098692318854364,68.5091,1.618359839466765,0.22887064337738441,-107.27170000000004,1.6276403318890467,0.23018310320229354,1.1875844160000002,0.005044266156860041,0.000713366961125108,-32.053815584000006,0.03769930664634826,0.005331487075132787
GLY  64,6.288599999999997,0.020757649193289294,0.0029355749012132653,-2.721379999999999,0.02739845981082334,0.003874727345260055,-14.419239999999997,0.2803376935056523,0.03964573682000854,-3.9744799999999993,0.20789470796536577,0.029400751555021417,0.16144675199999997,0.004245123018724749,0.0006003510547022754,-14.665053248,0.08824011059243217,0.012479036114511937
ASP  65,14.512680000000003,0.0486495385378488,0.006880083720341833,-6.560439999999999,0.02163715323261548,0.003059955555270967,-96.23122,1.5778607072875785,0.22314320117816977,23.23714,1.3849149289396958,0.1958565475239489,0.009891360000000002,0.0005541736680861438,7.837199173174706e-05,-65.03194864000001,0.1661870844967948,0.023502402878661073
ARG  66,13.702680000000004,0.026636396150214393,0.0037669552688375687,-8.958979999999999,0.029211292337209333,0.00413110057977267,-124.88951999999999,1.8950396960503104,0.26799908393897365,-78.7399,1.8236317857505457,0.2579004804183088,0.640958832,0.03142426727226792,0.0044440624964078275,-198.24476116799997,0.08354735604655109,0.011815380402144636
ILE  67,13.245519999999999,0.03610165647138075,0.005105545220596107,-8.611059999999998,0.050468766579303805,0.007137361417269343,-12.79194,0.07418474506248493,0.010491307258855668,-0.5344199999999999,0.042665250497332344,0.006033777589537283,0.0,0.0,0.0,-8.691899999999999,0.04122778189537703,0.005830488830300214
LEU  68,13.285300000000005,0.02186892772571531,0.0030927334184263594,-7.5507399999999985,0.032109693241072386,0.004540996366516427,-34.264660000000006,0.053925730403942766,0.007626249929813102,-1.5268199999999998,0.049318836158211914,0.006974736697539988,0.12789748799999998,0.0047418601366409,0.0006706002916113898,-29.929022512000003,0.022624156448801235,0.0031995388887145425
GLU  69,15.442700000000002,0.026096934683665408,0.0036906638966004435,-6.147540000000003,0.03316275621778911,0.004689921960887004,-25.76136,0.5264064878019833,0.0744451194370752,-55.38055999999999,0.522659168485217,0.07391516845704384,0.4000399200000001,0.0038359570892089793,0.0005424862540240559,-71.44672008000002,0.041954225822697866,0.005933223515732284
VAL  70,10.9241,0.03187742147686936,0.004508148178607203,-6.672600000000001,0.07308460850266987,0.010335724454520375,-26.308759999999996,0.037058634621762405,0.005240882368512553,-1.9781799999999998,0.03771508451535742,0.005333718402766597,0.0,0.0,0.0,-24.035439999999994,0.05415908419171042,0.007659251138962317
ASN  71,18.435599999999997,0.11009722975656161,0.015570099550143612,-4.0672799999999985,0.0493059996350516,0.006972921339025284,-89.17104,0.10488697918062198,0.014833258847358005,-8.91452,0.13629853117321086,0.019275523131668686,0.3378274560000001,0.007572983170297859,0.001070981550705843,-83.37941254399998,0.13123321784429026,0.018559179650925815
GLY  72,6.120560000000001,0.017373727291292464,0.002457016076431738,-1.25072,0.02438937473572153,0.003449178452905711,-5.0478,0.031235236512802547,0.004417329510033666,-6.64742,0.028546166117492496,0.00403703752771132,0.506683296,0.00739994695875775,0.001046510534991675,-6.318696703999999,0.03708347610402587,0.0052443954846251965
VAL  73,10.726540000000002,0.017547888759616864,0.0024816462274864556,-2.39774,0.022157445701119955,0.003133536021806927,-30.511899999999997,0.057438401789263106,0.008123016681141093,-0.024879999999999996,0.03513553187301994,0.004968914569601695,0.5216371199999998,0.006322860612367528,0.0008941875231004811,-21.68634288,0.011561521410404299,0.0016350460380260673
ASN  74,20.4419,0.015302614157576335,0.002164116448140699,-4.400639999999999,0.021651568072611194,0.0030619941214931044,-92.93869999999997,0.10545866491553241,0.014914107419330561,-4.83022,0.1025556024798118,0.014503552392429366,0.5993557920000001,0.0021380377923045503,0.00030236420427433254,-81.12830420800002,0.02720835752916816,0.0038478428227645724
VAL  75,13.462960000000002,0.03276092794669845,0.00463309486181487,-6.339599999999999,0.020421557237963156,0.002888044321070594,-34.88318,0.054125664889567084,0.007654524935928702,2.4250400000000005,0.043157831270800855,0.006103439030577623,0.024477552,0.001472285471536075,0.00020821260815311846,-25.310302447999995,0.0490852102976536,0.006941697011487722
GLU  76,15.290220000000001,0.016117431555835695,0.0022793490296882934,-6.0558,0.03913566148667805,0.005534618324690249,-15.8842,0.5998052683996536,0.08482527453536245,-63.84404000000001,0.6112237874958324,0.08644009699216568,0.4929713279999999,0.0037873107524570592,0.0005356066231046225,-70.000848672,0.06420013865878692,0.00907927067974897
GLY  77,6.117460000000002,0.01857655511610855,0.0026271216187372017,-3.6827799999999997,0.029571804138391968,0.004182084647635474,-12.514679999999997,0.16517523301044965,0.023359305469151402,-2.4609199999999998,0.1609914084664165,0.02276762332787529,0.046991952000000003,0.0056652428702127205,0.0008011863301192308,-12.493928047999997,0.028100439436112328,0.003974002255919382
ALA  78,7.097579999999998,0.02555863063635721,0.003614536208162085,-4.321399999999999,0.0679708761162687,0.009612533485000869,-13.331779999999998,0.1812488113064793,0.025632452711362497,3.4132800000000008,0.20029179114480172,0.028325536746897795,0.07305422400000003,0.0019547643789007674,0.0002764454295885285,-7.069265775999997,0.06518999088180537,0.009219256923602755
THR  79,15.251979999999998,0.17523669592876773,0.024782211200791344,-6.684819999999999,0.12510710451449,0.017692816395362004,-31.19356,0.17065534389520423,0.02413431018280424,-5.850779999999998,0.181575140369025,0.025678602609967363,0.10609228800000003,0.0024628529941193283,0.0003483000106414738,-28.37108771200001,0.18057203106864989,0.025536741532254055
HIE  80,30.91418,0.08031430507564848,0.011358157949055238,-12.4925,0.10051572016356078,0.014215069468700643,-6.731780000000001,0.37453775724217225,0.052967637591268185,-8.714960000000001,0.39603949096017393,0.05600844193512147,0.019052496000000002,0.00252214620424427,0.00035668533683300683,2.9939924959999997,0.1526210376619083,0.021583874136492563
LYS  81,11.574219999999999,0.14885540500765096,0.021051333259435992,-3.651560000000001,0.16453585141235955,0.02326888325639632,31.693579999999983,0.8765477531777578,0.12396257206116493,-72.78006,0.8879589722501225,0.1255763621386998,1.0134043199999998,0.021603713920719,0.0030552265224309243,-32.150415679999995,0.04707452853368949,0.006657343669466293
GLN  82,20.672140000000002,0.0682243387652541,0.009648378516575885,-6.14582,0.12092554568830136,0.017101454674976313,-79.43385999999998,1.124775977873572,0.15906734425402658,-8.269120000000001,0.5397763107065594,0.076335897924893,0.5417055359999999,0.019193320758782415,0.002714345452404715,-72.634954464,0.5777171609447103,0.08170154442236893
VAL  83,13.45182,0.07574686528173571,0.010712224418867837,-7.6135199999999985,0.10971841048803896,0.015516526415420312,-25.024200000000004,0.18768026001623658,0.026541996910467068,-3.2589599999999996,0.0870036688881855,0.012304176851789004,0.0,0.0,0.0,-22.44486,0.08543488982799045,0.012082317989459527
VAL  84,12.86256,0.024325427025247363,0.0034401348809621835,-6.9941,0.39079371796383977,0.05526657760346684,-31.5663,0.2417786797880118,0.0341926688048868,-2.4521999999999995,0.16851160197447337,0.023831139292951706,0.048355488000000016,0.008717313878773334,0.001232814351482446,-28.101684512,0.34377734678241684,0.048617458625633256
ASP  85,14.451100000000002,0.09829226826127577,0.01390062588515107,-4.429679999999999,0.06827164565179093,0.009655068720629288,-86.29644000000002,1.0647108182012293,0.1505728479105533,4.412019999999999,1.1215895949945363,0.158616721665782,0.5026751999999999,0.009279935065986584,0.0013123810028259888,-71.36032479999999,0.12782187836509784,0.018076743395192545
LEU  86,12.67162,0.06527905942944891,0.009231853118408592,-6.10612,0.16945473023793634,0.023964517771076378,-30.84272,0.12545677183954282,0.017742266822702843,-2.34142,0.12421354032472194,0.017566447335759912,0.33932073599999996,0.017162670711957463,0.002427168168739375,-26.279319263999987,0.1148804972165288,0.016246555721577963
ILE  87,14.401580000000001,0.10223660596824788,0.014458439473129026,-7.616799999999995,0.2025390826484854,0.02864335175920933,-7.575199999999999,0.3871131617499308,0.054746068351988184,-2.3407600000000004,0.14742490427331906,0.020849029905488307,0.0,0.0,0.0,-3.13118,0.30346391482348845,0.042916278403421104
ARG  88,13.08908,0.1657933460666828,0.023446719855871885,-4.6292,0.8188431107361127,0.11580190326587847,-130.29727999999994,1.8472179951535508,0.261236074140579,-77.41506,2.378772426357823,0.33640922271543877,1.1028702240000003,0.10874206559954003,0.015378450397133429,-198.149589776,0.49465607362315545,0.06995493280280907
ALA  89,8.505880000000001,0.2000155633944408,0.028286472243811374,-1.4517600000000002,0.14688737998888793,0.020773012492173566,-7.0533800000000015,0.532319073113097,0.07528128527064169,-5.7342,0.30633269495760845,0.04332198518073501,0.39419208,0.014887817945581897,0.002105455405278347,-5.339267920000001,0.36847342991967813,0.0521100121966541
GLY  90,7.421460000000001,0.32153029157452995,0.04547124990584759,-0.7852000000000001,0.08873894297319437,0.012549581666334414,-15.234019999999997,1.4295694245471682,0.20217164685485062,-0.4926399999999999,1.2245118335075411,0.173172124223271,0.473465232,0.01849230498400447,0.00261520685079187,-8.616934767999998,0.3125587070251659,0.04420247625127884
GLU  91,15.62988,0.15982385804359864,0.022602506763604945,-1.1679999999999995,0.2381243372694205,0.03367586672975195,-19.997340000000005,3.1415447767618723,0.4442815230098997,-55.1944,2.2393170298108145,0.316687251401149,0.946886256,0.023624371918068106,0.0033409907169078003,-59.78297374400001,0.7280495831660374,0.10296175945934886
LYS  92,10.753460000000002,0.10406079184753722,0.014716418314207074,-3.181260000000001,0.08150038282115625,0.011525894672427837,29.223260000000003,0.8813792557122717,0.12464584970225988,-71.67562,0.9321637171659738,0.1318278571168238,1.2464563679999998,0.01170820285681901,0.0016557899271128862,-33.633703632,0.07348383432880512,0.010392183512297383
GLU  93,15.090840000000005,0.06752728633518097,0.00954980041654643,-4.2376000000000005,0.06966606060343894,0.009852268774248931,-45.48866,1.0399638572565015,0.1470730991309982,-37.791500000000006,0.9679847157883731,0.1368937113237783,0.5270378399999999,0.016510946577444414,0.0023350004577439524,-71.89988216,0.05879234798088169,0.008314493587832133
LEU  94,12.982199999999995,0.10651516324027425,0.015063518845277998,-8.190600000000002,0.10116639758314243,0.014307089151850872,-31.895139999999998,0.09714237180520244,0.013738005968800704,-0.13544000000000003,0.0692956448847977,0.009799884080947069,0.0,0.0,0.0,-27.238980000000005,0.231082278852412,0.03267996927771625
ILE  95,13.146239999999999,0.08757980589175292,0.012385654928212007,-5.03498,0.03896228432726478,0.005510099091665453,-12.916120000000008,0.05945910863613691,0.008408787783984004,-0.551,0.03720322566659911,0.005261330630173129,0.37348776000000006,0.004820319557207677,0.0006816961292775368,-4.982372239999998,0.0832254936654532,0.011769862187688003
LEU  96,11.560620000000002,0.030145573472635044,0.004263227885051507,-8.119040000000002,0.03660161745061031,0.0051762503803444845,-34.423539999999996,0.054328706965177456,0.007683239421634759,0.05848000000000003,0.04445862795903622,0.0062873994624168695,0.0009635040000000003,0.0006473063327235402,9.154293947476217e-05,-30.922516495999993,0.0445618531233826,0.006301997705156554
THR  97,16.211859999999998,0.015181580950226519,0.0021469997678075364,-5.315120000000002,0.015794480048072226,0.0022336767894614996,-45.16728,0.0598531670001044,0.008464516052252942,2.5723999999999996,0.057847039682256775,0.008180806806178215,0.13004639999999998,0.0013066577773863334,0.00018478931501600372,-31.5680936,0.019551507620306576,0.0027650007241478477
VAL  98,11.868819999999998,0.008157671239778563,0.0011536689304675785,-6.65148,0.019609426304663224,0.0027731916630410456,-26.609540000000003,0.054040433007149315,0.007642471327522522,-1.8373200000000005,0.06796924010166225,0.0096123021175964,0.0,0.0,0.0,-23.229519999999997,0.007261515004215971,0.001026933300233795
LEU  99,11.568560000000002,0.013009473469867467,0.001839817382041954,-8.637500000000001,0.024153881675125638,0.003415874704891765,-34.11380000000001,0.13327655457390597,0.018848151102477576,0.5257799999999999,0.11086375241709992,0.01567850222438357,0.0,0.0,0.0,-30.65695999999999,0.04777947677304627,0.006757038405553231
SER 100,11.95464,0.010608977328740006,0.0015003359621212804,-4.861000000000001,0.007491328319182252,0.0010594338109177182,-0.6407600000000001,0.14362862667309687,0.020312155178611565,-10.31546,0.12831854269757334,0.01814698233868593,0.2662404480000002,0.0017325673798132503,0.00024502202862571157,-3.5963395519999994,0.030643756777059335,0.004333681643617976
VAL 101,7.888320000000002,0.0064169774786045205,0.000907497657968522,-2.04972,0.009383048545055443,0.0013269634508822545,-85.06821999999998,1.039294208394508,0.1469783964807323,-25.79021999999999,1.023921916749773,0.1448044261478584,1.0291515839999998,0.0031160152779079707,0.0004406711066579221,-103.99068841599997,0.02391556740293715,0.0033821719773081617
LYS 102,3.7086599999999983,0.030430649023903352,0.004303543656141971,-0.09972000000000004,0.18065481338729947,0.025548448720029947,149.83578,2.7650685220429225,0.391039740476403,-269.05184000000014,2.713764310753645,0.3837842293351879,2.0678618880000004,0.039705807326244756,0.005615249122574833,-113.53925811200001,0.08765262402985044,0.012395952968060434
ASN 103,18.487760000000005,0.29041780661627237,0.04107128008713792,-3.076179999999999,0.14397203756288296,0.020360720812391774,-88.82686000000001,1.1454227692864234,0.16198724149758084,-7.140539999999999,0.9553427701092457,0.13510587022035772,0.5340052800000001,0.06276650260217359,0.008876523924272005,-80.02181472000001,0.19877651972754284,0.028111245008001415
TYR 104,9.826640000000001,0.08389821452177487,0.011864999283558136,-2.5371799999999998,0.05675903099947784,0.008026939142661648,-14.937359999999996,0.1992813849813805,0.028182643736916233,-10.965519999999996,0.18698259170328183,0.026443331711445212,1.2038086080000001,0.024364405007856624,0.003445647200126179,-17.409611392000002,0.09188174620681346,0.012994041162019826
LYS 105,9.548639999999999,0.03718588979708566,0.005258878967994984,-5.02584,0.06397573289933056,0.009047534912899188,77.72478000000001,1.1720395947227045,0.16575142904951143,-114.0901,1.1395567778759965,0.1611576650366419,0.9012146399999998,0.007181199329826158,0.0010155749486344733,-30.941305360000005,0.09984066787073068,0.014119602657917504
GLN 106,19.22572,0.321868174257787,0.04551903373316291,-5.23376,0.13274706173773743,0.01877326950746868,-83.1252,4.674817001766076,0.6611189605509914,-6.8991999999999996,3.355067611837354,0.4744782119339097,0.6503846400000001,0.029859429580508405,0.004222761027747936,-75.38205536000001,0.9304142737943077,0.1315804484625424
THR 107,14.59106,0.14848601415611679,0.020999093504230373,-4.24912,0.17898319921154413,0.025312046776189114,-37.783139999999996,0.6801241360221337,0.09618407772597852,-3.0947999999999998,0.5088713000356792,0.07196526940128858,0.27179524800000004,0.032188392493059874,0.00455212612146736,-30.264204752000005,0.21851686449146077,0.03090295133710676
SER 108,10.952079999999997,0.573999123344354,0.08117573450238524,-3.6597599999999995,0.21969520340691456,0.031069593624637435,-1.72782,2.594620409154295,0.36693473718360325,-6.556640000000001,2.0657406784008505,0.29213984837402807,0.5985218879999998,0.025931674449300536,0.0036672925701244675,-0.39361811200000024,0.9193029508907191,0.13000907010792623
VAL 109,10.44914,0.4767011227173568,0.06741571929453671,-7.099579999999999,0.5683690382137422,0.08037952022748261,-108.74344000000006,2.2813019980670775,0.3226248225535301,0.9014600000000003,2.5410826291956736,0.3593633517319204,0.09855403200000001,0.02118197741354129,0.0029955839736110663,-104.39386596800001,1.2736643979567976,0.1801233465502266


