#Frame       SA_00001
       1    5429.2606
       2    5544.5242
       3    5582.9939
       4    5603.2551
       5    5501.8179
       6    5457.4298
       7    5483.2399
       8    6048.8566
       9    6041.4541
      10    6069.1881
      11    5800.5325
      12    5888.4656
      13    5838.8874
      14    5872.3335
      15    5845.1582
      16    5828.1080
      17    5955.7661
      18    5835.6235
      19    5863.2983
      20    5595.4315
      21    5860.1353
      22    5604.7612
      23    5599.0001
      24    5778.1426
      25    5616.4157
      26    5955.2087
      27    5938.5934
      28    5923.3540
      29    5954.6157
      30    5709.0425
      31    5679.8386
      32    5661.0828
      33    5592.8919
      34    5417.6474
      35    5410.8795
      36    5584.3302
      37    5378.9000
      38    5384.8642
      39    5877.3680
      40    5834.3313
      41    5868.4628
      42    5777.8128
      43    5719.6734
      44    5798.1838
      45    5823.5115
      46    5824.9390
      47    5870.9642
      48    5832.6136
      49    5884.9230
      50    5875.0972
