| Run on Mon Jun 20 15:45:57 2016
| GB non-polar solvation energies calculated with gbsa=2
idecomp = 2: Per-residue decomp adding 1-4 interactions to EEL and VDW.
Energy Decomposition Analysis (All units kcal/mol): Generalized Born Solvent

Total Energy Decomposition:
Residue,Internal,,,van der Waals,,,Electrostatic,,,Polar Solvation,,,Non-Polar Solv.,,,TOTAL,,
,Avg.,Std. Dev.,Std. Err. of Mean,Avg.,Std. Dev.,Std. Err. of Mean,Avg.,Std. Dev.,Std. Err. of Mean,Avg.,Std. Dev.,Std. Err. of Mean,Avg.,Std. Dev.,Std. Err. of Mean,Avg.,Std. Dev.,Std. Err. of Mean
MET   1,5.893440000000001,0.4043377874995054,0.0571819982861731,-2.7310599999999994,0.8425821362929569,0.11915910845587951,-20.337539999999997,8.790604748730326,1.243179245711576,-72.34909999999999,8.083383349192403,1.1431630362288747,1.440953424,0.2568824273754525,0.03632866127296866,-88.08330657600001,2.221317009720859,0.3141416641477287
LYS   2,10.72348,0.3555827464880886,0.050286994262932885,-2.8797999999999995,0.8418587529983893,0.11905680660928236,26.559520000000003,4.58892954942651,0.6489726405573626,-50.70860000000003,4.987450992240188,0.7053320834897223,1.1153265119999995,0.0751944087155494,0.010634095262015562,-15.190073488000003,0.8672121273273348,0.12264231519207401
PRO   3,17.53938,0.20858560736563647,0.029498459485231245,-4.57116,0.4339661903881422,0.06137208720582954,-7.654260000000002,1.3191512242347212,0.18655615521338145,-2.8135400000000006,1.573502249251648,0.22252682213162506,0.44389252800000006,0.05259313888188458,0.007437793029453292,2.9443125279999998,0.3976997528864337,0.0562432384284423
GLY   4,6.2799000000000005,0.20949503574069564,0.029627072079432805,-2.43458,0.3707494080912331,0.05243188411644191,-9.85622,1.208758938581221,0.17094432845812696,-5.483279999999999,0.9702335191076511,0.13721174013910156,0.28976918400000007,0.037927184972044246,0.0053637139370098005,-11.204410816,0.43933997313481843,0.06213205484998914
ASP   5,15.15926,0.5840262600260333,0.0825937857710852,-4.2029000000000005,0.41128400163390333,0.05816434130977442,-51.719180000000016,10.691688161726297,1.5120330402977193,-32.69734,10.014382568306457,1.41624756468917,0.31832121599999996,0.0896232264793169,0.012674638239068546,-73.141838784,1.0364138972480668,0.14657105897201714
THR   6,14.722900000000003,0.3302506472360585,0.04670449443037266,-3.2475599999999996,0.20008909615469198,0.028296871346493967,-28.540860000000002,0.9782173789092192,0.13834082842024786,-10.50652,1.1801830237721467,0.16690308383010585,0.6063868800000002,0.04031656753674995,0.005701623659880262,-26.965653120000006,0.498489196633595,0.07049701825756986
PHE   7,9.608139999999999,0.3326842953913319,0.04704866425309585,-5.31992,0.9751498723785992,0.13790701748642076,-10.15002,1.158871045285044,0.16388911492835942,-1.3426,0.8730741778337049,0.12347133432501649,0.31843972800000003,0.11723545021063024,0.0165795963678789,-6.885960272,0.9716361630365968,0.1374101039458511
GLU   8,14.827219999999995,0.26009139086128663,0.03678247724125132,-3.7868199999999996,0.4476578018978375,0.063308373474605,2.52646,5.824087084548101,0.8236502943409904,-80.87889999999999,5.320386313981449,0.7524162482296765,0.804393216,0.04014818459154297,0.0056778107154018586,-66.50764678400002,0.39463556756600243,0.055809897184664455
VAL   9,10.912939999999999,0.1459496365190399,0.020640395538864976,-5.281619999999998,0.686186094000759,0.09704136804476929,-30.924860000000002,0.9050439770529289,0.12799254668923363,-0.8243800000000003,0.8028286215625348,0.11353711248750337,0.032546879999999986,0.04724233929760889,0.006681075695290993,-26.085373120000007,0.6400084587575378,0.09051086424084115
GLU  10,15.761280000000001,0.21315318810650394,0.030144412948328137,-4.175159999999999,0.3808426635764614,0.053859285996012564,10.4782,7.3222333860646645,1.0355201761433719,-88.28404,7.23518777354127,1.023210067565806,0.7969174560000003,0.06733640547639243,0.009522805786616812,-65.422802544,0.6516535680619905,0.09215773139220856
LEU  11,12.13382,0.9999920337682962,0.14142022964201784,-6.5911,0.44211601418633073,0.06252464634046447,-31.096880000000002,1.8568307692409722,0.26259552568922495,-1.5445200000000003,1.2192019724393488,0.17242119646957554,0.043104672,0.027527882079775332,0.0038930304180625555,-27.05557532800001,1.0080727211173586,0.1425630114062519
ALA  12,8.177059999999999,0.6182538769793492,0.08743430178139426,-3.268339999999999,0.3702851123121317,0.05236622277766613,3.4719800000000003,0.9566787860091835,0.13529481140088154,-3.8729,0.7563279777979927,0.10696092838041384,0.35955,0.07999325244348036,0.011312754250390465,4.86735,0.9878005834157455,0.1396960981986603
LYS  13,11.33568,0.47516655774583744,0.06719869903503017,-7.68486,0.46911951611504,0.06634351820637932,-20.736299999999996,6.254945947808023,0.884582939130074,-16.925060000000002,6.976298890987963,0.986597650680356,0.28305820800000003,0.09695540080162184,0.013711564275897285,-33.727481792000006,1.2658595578410134,0.17901957547583705
THR  14,14.581080000000002,0.21370679352780678,0.03022270457782911,-2.1938999999999997,0.3515864189641013,0.04972182820452212,-37.71746,0.9994531546800582,0.14134402063051132,-6.3143600000000015,0.7490284843715774,0.10592862412020486,0.5759769600000001,0.07815624053468197,0.011052961534824107,-31.068663039999993,0.42001848682582943,0.059399584051651313
ASP  15,11.969159999999999,0.5545618219820337,0.07842688498213261,-0.42992000000000014,0.25821392991083936,0.03651696416735648,-17.898120000000002,9.130971012197996,1.2913143043085993,-62.614360000000005,9.108106358096604,1.2880807539156836,1.1025865439999998,0.09421311594651194,0.01332374663249861,-67.87065345600001,0.30014392310736054,0.04244676067222967
GLY  16,6.102040000000001,0.06679849100086549,0.00944673319194811,-1.4893000000000003,0.28120051564675136,0.039767758297394346,-6.333100000000002,1.9258356030564974,0.2723542828743467,-6.036700000000001,1.6603854883731046,0.23481396764247195,0.36680846400000006,0.04528532199906564,0.00640431165475113,-7.390251536000003,0.4717060972217438,0.06670931601450718
SER  17,10.168560000000001,0.20214560692711603,0.028587705889046813,-3.6572800000000005,1.0819173913012017,0.15300622481454781,-16.98402,4.530533635191328,0.6407142111675056,-1.0830200000000003,2.4322645455624268,0.3439741507613617,0.180199728,0.052524685112000535,0.007428112204476735,-11.375560272,1.352259836624855,0.19123842008072958
LEU  18,10.849539999999998,0.4270388371096996,0.06039241151005721,-7.546760000000002,0.49975092035929186,0.0706754529380547,-32.256879999999995,1.3076211934655024,0.18492556262454063,0.43255999999999994,0.5953006017131179,0.08418821846315555,0.006987024000000003,0.007868736359710105,0.0011128073678640326,-28.514552976,0.9853332570566344,0.13934716555867474
GLY  19,5.69776,0.250053399097072,0.035362890832057146,-3.5028200000000003,0.40863263158979046,0.05778938096224901,-12.944680000000004,1.146123631027629,0.162086358315557,0.23736000000000013,0.7408096586843342,0.1047663066448369,0.0038844000000000005,0.006943198627030627,0.0009819165664596966,-10.508495600000002,0.5950905433017524,0.08415851171773117
ILE  20,14.316379999999999,0.320674407460264,0.04535020961362613,-7.056700000000003,0.6095651974973207,0.08620553694513451,-10.170959999999997,1.1854079291113593,0.16764199702938887,-2.9592800000000006,0.7571608030002593,0.107078707650027,0.002338992,0.0028766078859545656,0.0004068137885946344,-5.868221008000002,0.7218414456041915,0.10208379622564483
SER  21,12.484280000000004,0.7802461929415957,0.11034347480479792,-5.56702,0.3377661019107628,0.047767340223209366,-9.84584,2.2625115987326994,0.3199674587954217,-6.8701399999999975,1.9546746124099688,0.27643273468965507,0.12799872,0.035039325300901605,0.004955308905693778,-9.67072128,0.9901889554596935,0.1400338650123147
VAL  22,12.206339999999997,0.43568955048296965,0.06161580712772529,-7.093680000000001,0.5075176623527348,0.07177383612431266,-32.02853999999999,0.6084113480208415,0.08604235798727712,1.3436000000000001,0.47922141020617925,0.0677721417693139,2.7215999999999998e-05,0.000190512,2.6942465419482306e-05,-25.572252783999996,0.7676118526964062,0.1085567092721596
THR  23,12.847199999999996,0.32469505693823536,0.04591881531575567,-4.9947799999999996,0.44695620769825184,0.06320915307137137,-34.11338,0.9193796797842887,0.13001992121211742,-5.163099999999999,0.559242174732929,0.07908878681583324,0.193331664,0.03485991193768455,0.004929936024540524,-31.230728336,0.7060665446457844,0.09985288833759767
GLY  24,5.869339999999999,0.5764245175216076,0.08151873703634252,-3.8652200000000017,0.35281900685760464,0.04989614245610305,-8.485159999999999,2.949934083060169,0.41718367883703306,-0.9760600000000003,2.5675266106508023,0.36310309545361896,0.02407435200000001,0.023176121754549334,0.00327759857084938,-7.433025648000001,1.2020370555694124,0.16999371064612848
GLY  25,5.278739999999999,0.5354446679163064,0.07572331112675985,-4.2031,0.3381710957488888,0.047824615001064906,-8.817060000000003,1.93701430464515,0.2739351900139861,0.10045999999999987,0.9876612012223625,0.13967638657983675,0.0016538399999999997,0.007114598784133929,0.0010061562091365334,-7.6393061599999985,1.570984991752843,0.22217082816214553
VAL  26,12.932260000000001,0.5815540838133451,0.08224416725822922,-3.5042400000000002,0.7581124602590281,0.10721329231023516,-26.742379999999994,1.5427650357718758,0.21817992371435999,-3.6690400000000007,1.4886267894942613,0.21052361950147028,0.518053392,0.12083972024699147,0.017089317124666603,-20.465346607999997,0.7074963806996731,0.10005509769153562
ASN  27,19.597099999999998,1.4011487608386939,0.1981523580480337,-2.62386,0.7459257070245014,0.10548982513967897,-83.47381999999999,5.998148106507902,0.8482662401345974,-15.523619999999994,5.186171304112519,0.7334353795066085,0.7704411840000001,0.1552898173153967,0.02196129657458743,-81.25375881599999,1.2268618088228946,0.17350446091949248
THR  28,14.502260000000001,0.8477095920183854,0.11988424019861638,-1.8594600000000006,0.6934304063134221,0.09806586851703274,-31.56205999999999,3.444892616091318,0.4871813858595273,-7.8790200000000015,2.710867731852657,0.3833745912185618,0.5209620480000001,0.1088775609016619,0.015397612326523287,-26.277317951999994,1.6937855258605987,0.23953744624233034
SER  29,12.099919999999997,1.208146859284956,0.17085776737392439,-1.4063000000000003,0.9369685426950036,0.13250736205962285,-7.040079999999998,1.8968915608436963,0.26826097716962244,-8.814819999999997,1.3854471002532252,0.1959318079128588,0.7841286720000002,0.15277397369856685,0.021605502558214376,-4.377151328,0.918726842673041,0.12992759610244273
VAL  30,12.874920000000005,0.9290648166839132,0.13138960640780634,-4.07678,0.8576115738491424,0.12128459189855924,-15.74918,2.5898857634266346,0.36626515716349434,-6.123960000000002,2.178044664004843,0.308022030329,0.239976288,0.07567457889822882,0.010702001580474801,-12.835023712000003,1.0071931122576747,0.14243861592835708
ARG  31,14.287579999999997,1.133981183089094,0.16036915686004846,-2.35432,0.8442477228870681,0.1193946579709494,-154.04286000000002,11.111383411636629,1.571386911746395,-51.773700000000005,10.93573485093706,1.5465464540711307,1.4004362879999994,0.2962466885581328,0.04189560847670298,-192.48286371199995,1.1342324935273,0.16040469752305614
HIE  32,29.87296,0.8506261919317185,0.12029670971396157,-4.132459999999999,1.334965755515852,0.18879266767541633,-22.368180000000002,4.971143927467786,0.7030259162733596,-11.07176,5.320923023536428,0.7524921504228472,0.8946842400000002,0.27649620313364354,0.039102468041626495,-6.804755760000002,1.2591200012066002,0.17806645823616016
GLY  33,4.619160000000001,0.6644716806606559,0.09397048626031437,-3.2422999999999997,0.5500214268553544,0.07778477614546433,-12.433740000000002,3.9211829378900376,0.5545390091310068,-0.6114800000000001,2.1820258223953264,0.3085850511479777,0.02304576,0.04778929798535233,0.006758427334717449,-11.645314239999998,2.2944982458875933,0.3244910538175511
GLY  34,4.971719999999999,0.5606080998344711,0.07928195779621192,-3.9283399999999995,0.2931153772834131,0.04145277418943094,-9.517980000000001,1.366917649165439,0.19331134780969117,-0.10174000000000007,1.2087874554279587,0.17094836134926822,0.0033111360000000005,0.004437197699709131,0.0006275145165859353,-8.573028864,0.6974856070829557,0.09863936050967476
ILE  35,14.238719999999999,0.6359788059362248,0.08994098527368558,-7.672580000000002,0.5770757000602158,0.08161082815411054,-11.296659999999997,0.7943924120987398,0.11234405230363145,-2.6891000000000003,0.41324091036585364,0.05844108999667947,0.000275904,0.0006000022963156058,8.485313849045303e-05,-7.419344096000002,1.1842304086737903,0.1674754704921107
TYR  36,9.63,0.6559669808763195,0.09276774008242238,-6.194619999999999,0.7859299177407703,0.11114727487437683,-32.60614000000001,3.164518636443638,0.44753051740410066,-0.7525400000000002,1.9384454927595973,0.27413759057816195,0.42377803199999997,0.09852687380768653,0.013933804119705276,-29.499521968000007,1.1766946798899196,0.1664097575072592
VAL  37,11.926680000000001,0.21976291224850322,0.031079169100844163,-6.576799999999999,0.48060270494454754,0.0679674863445774,-23.693719999999995,1.3421821342874118,0.18981321774841245,0.12472,0.8320402644103229,0.11766826263695745,0.005350175999999999,0.0048868032814329675,0.0006910983477251847,-18.213769824,0.6074775793924865,0.0859103031614433
LYS  38,11.489659999999999,0.27251404440877364,0.038539305754003154,-4.6302200000000004,0.5050187438105599,0.07142043567495174,47.516859999999994,3.77053587708705,0.5332342974790839,-85.27186,3.5681266738162525,0.5046093134376145,0.93749472,0.03704817137097023,0.005239402641394872,-29.95806528,0.3338067904887652,0.047207409032144605
ALA  39,6.9754200000000015,0.11319736569371967,0.016008524978896526,-3.8264999999999985,0.1571719122490263,0.022227464992668696,-6.510879999999999,0.5239573127650867,0.07409875378169473,-2.44264,0.42649341190691514,0.06031527673815342,0.252607536,0.023140326322519188,0.003272536332304576,-5.551992464,0.17260737755241276,0.024410369430027543
ILE  40,13.3213,0.5604431193260743,0.0792586260289617,-5.572760000000001,0.3632824553979963,0.05137589753960454,-11.183580000000001,0.47819352107701707,0.0676267762946062,-0.49870000000000003,0.4396201655975303,0.06217168004807333,0.26633260799999997,0.034814153790961824,0.0049234648453720916,-3.6674073920000008,0.5043740860076107,0.07132926729414969
ILE  41,15.87334,0.9411332660149586,0.13309634287988403,-2.4576799999999994,0.6117820016966875,0.08651904040152153,-1.4641399999999998,1.742807539689911,0.2464702059235558,-3.5371800000000007,1.1723950817024067,0.16580170250030563,0.46902096,0.08762727698588842,0.012392368354726718,8.883360960000001,0.9163810331314908,0.12959584853560227
PRO  42,19.034999999999997,0.4499049677432698,0.0636261707161562,-2.0079,0.3421451884799793,0.048386636584908556,1.0189200000000007,2.0271510238756267,0.2866824470943417,-5.330059999999999,1.9283760567897579,0.2727135572867625,0.91900152,0.0566701938068441,0.00801437566639507,13.63496152,0.6709156090803747,0.09488179535692716
LYS  43,10.53344,1.2575667800956007,0.17784679960010621,-1.2482199999999997,0.6366232886095206,0.0900321288874145,0.8695200000000003,8.85389955045798,1.2521304824146724,-41.79898,9.337061742304178,1.3204599348681527,1.3395172319999997,0.17721207340743736,0.02506157176290544,-30.304722768000005,2.0327917606131045,0.2874801677339334
GLY  44,5.1158399999999995,0.34814613942997136,0.04923529920697,-2.2646999999999995,0.5834552339297356,0.0825130304860999,-13.070060000000003,1.7347665250401574,0.24533303472626358,-3.915339999999999,0.7950237131054685,0.112433331748197,0.054144432,0.0260284211382361,0.003680974618085204,-14.080115567999997,1.2129859764282995,0.17154212188332726
ALA  45,9.64232,0.3513076395412181,0.04968240284044692,-4.610399999999999,0.5229889482579974,0.07396180635977007,-3.3040400000000005,1.7957186078002305,0.25395296093568187,-3.51466,0.9545570618878675,0.1349947542980836,0.083659824,0.04682764840849717,0.006622429547333558,-1.703120176,0.8996123846618114,0.12722440352675354
ALA  46,9.14062,0.40280724372831084,0.0569655467102702,-5.36034,0.36013423108613873,0.05093067138768237,-5.343080000000001,1.228384904498578,0.1737198591756268,-2.94824,0.9667242535490668,0.13671545504440968,0.00012744,0.00041693968484662143,5.8964175700165605e-05,-4.510912560000001,0.5860715976208775,0.08288304018771123
GLU  47,16.42386,0.8209095202273664,0.11609413769867322,-5.008019999999999,0.6678512256483494,0.094448426095939,-25.040440000000004,12.51317616460342,1.7696303440345904,-54.394760000000026,11.777777529839705,1.66562927173124,0.54229104,0.08174008664784355,0.011559793912693227,-67.47706896000001,1.6764066913972202,0.23707970790269564
SER  48,12.768120000000003,0.6628292884294745,0.09373821692350709,-2.12656,0.6870976396408303,0.09717028006546037,-10.677559999999998,1.861453627249426,0.263249296538473,-9.85922,1.2234836213043425,0.1730267130589949,0.7014055679999999,0.09102741588640158,0.012873220609432523,-9.193814432,0.8548234631389519,0.12089029350058432
ASP  49,17.00336,1.1693700656335915,0.16537390062521412,-3.5028600000000005,0.7367598797437284,0.10419358141459512,-21.108239999999995,15.892795221181213,2.247580654581278,-59.6171,15.862836824792728,2.243343897533324,0.4389690240000001,0.06701736465890666,0.009477686601512915,-66.78587097600001,0.9534231595692987,0.13483439629435096
GLY  50,6.5045199999999985,0.5360563119673333,0.07580981065799056,-1.9658000000000013,0.3747285951191803,0.05299462614265611,-5.9313199999999995,3.127032973538976,0.4422292441166687,-1.3585800000000001,1.9488542591994915,0.2756096124448492,0.29777760000000003,0.09756145484612672,0.013797273260824272,-2.453402399999999,0.7981951900529715,0.11288184631938823
ARG  51,12.762900000000002,0.552429841699373,0.07812537743908753,-4.09668,0.9150157253293544,0.12940276485454277,-195.73348000000001,17.8751011882335,2.5279210529191243,-11.906019999999998,15.629315681103895,2.2103190206827614,1.082922336,0.18740018117106078,0.026502387780328925,-197.89035766400005,3.0117296951076855,0.42592289810230755
ILE  52,12.171199999999997,0.39209998724822165,0.055451311977275264,-5.86572,0.6401254264595412,0.09052740597189443,-12.358739999999997,1.1358299134994136,0.160630606821993,-2.36298,0.6621283105259903,0.09363908367770396,0.020397455999999994,0.0204195641344683,0.00288776245367123,-8.395842544,0.7193738724212273,0.10173482867949522
HIE  53,29.36096,0.5942115771339539,0.08403420713019441,-6.328520000000001,0.5590422610143106,0.07906051474661578,-10.148620000000001,5.005988844933634,0.7079537317593569,-12.370059999999999,3.9695376728782916,0.5613774013335414,0.6828193440000001,0.10287890292425084,0.014549273979754059,1.1965793440000005,1.020940309761553,0.1443827632438177
LYS  54,9.795380000000002,0.963985184325974,0.13632809216005204,-3.4805599999999988,0.36552894057791435,0.05169359852051556,40.46508,5.113454260438812,0.7231516365687052,-78.23838,4.505609383379693,0.637189389673104,1.213266816,0.04474983343207089,0.00632858213535716,-30.245213183999994,0.6234668552600757,0.08817152823989025
GLY  55,6.380019999999999,0.12107096927011417,0.017122020675145167,-2.0185600000000004,0.2250424990973906,0.03182581543338648,-15.453420000000003,0.5177598705963288,0.07322230310498667,-3.65034,1.1446224462240824,0.16187405872467658,0.2959822079999999,0.03667060427555556,0.005186006590690748,-14.446317792,0.9402186779503652,0.13296700059539077
ASP  56,12.161060000000003,0.4706816932917335,0.06656444342139028,-6.8719399999999995,0.41093475929886447,0.058114950985097745,-49.73266,14.214246958048783,2.01019808269931,-19.728600000000004,13.577808832061226,1.920192139761018,0.029111183999999995,0.032339430786625545,0.004573486161787185,-64.14302881600001,1.6308130482017242,0.23063179304618864
ARG  57,13.438519999999997,0.5556470908770046,0.07858036518114155,-9.40322,0.8374336580291035,0.11843100367724707,-175.19880000000003,6.6514031542226935,0.9406504549512916,-30.43578,6.6486059329456735,0.9402548681245996,0.25890883200000003,0.11957988734078212,0.016911149846438083,-201.34037116800005,1.1488211413859257,0.16246784388889152
VAL  58,12.259699999999999,0.2945833837812587,0.04166038165932145,-6.762200000000002,0.23446517865128838,0.033158383555288266,-34.127839999999985,0.5077575153564501,0.07180775646139567,1.9115199999999999,0.3242335109145868,0.045853542851125355,0.0015161760000000002,0.0018579879167055955,0.00026275917105303854,-26.717303824000005,0.5071183887094385,0.07171737030416789
LEU  59,12.570600000000002,0.49607184963469086,0.07015515376648865,-5.97966,0.9490081476994785,0.13421001932791718,-34.140519999999995,1.185682035623558,0.1676807615440975,0.14809999999999998,0.6416985663066422,0.09074988154262242,0.26783755200000003,0.08784331786978483,0.012422921149530057,-27.133642448,1.3440980457691454,0.19008416854858984
ALA  60,6.976779999999999,0.11178681317596037,0.015809042728791054,-5.5559400000000005,0.12073879409703446,0.017075044011659872,-5.39838,0.34550895154830163,0.04886234452009167,-0.22184000000000004,0.2601928792261617,0.036796829863454256,0.053303183999999997,0.02785149822945515,0.003938796652850572,-4.146076815999999,0.17195362669474917,0.024317915097095456
VAL  61,11.193940000000003,0.19317747384190373,0.027319420345219406,-5.53176,0.2423723218521396,0.03427662247071527,-28.426099999999998,0.4496877249825035,0.06359544795029588,-0.27078,0.2729570141982066,0.03860195114239692,0.009430416000000002,0.005423221295110867,0.0007669593107296369,-23.025269583999997,0.43178427118165286,0.06106351723244758
ASN  62,18.355379999999997,0.8829786608973418,0.12487203975270547,-2.829099999999999,0.48627754420701497,0.06877002980950428,-86.67774000000001,2.5302815875699824,0.3578358537764395,-11.808060000000005,3.4525435169451395,0.48826338663471197,0.586585152,0.09830959802252866,0.013903076683490723,-82.372934848,0.4589101370377357,0.06489969397092614
GLY  63,6.2212,0.0879920450949986,0.012443954355429198,-1.1391799999999999,0.10900306234230395,0.015415360910468622,-6.4914,0.4214871765546436,0.05960728814499202,-5.161819999999999,0.44565034230887207,0.06302447581694191,0.5407313760000002,0.03599334189248941,0.00509022722594902,-6.030468623999999,0.14257648062352365,0.020163359257321194
VAL  64,11.031760000000002,0.1534397028149402,0.02169965087273856,-1.3575400000000002,0.16066800677172835,0.02272188742160305,-30.617719999999995,0.505491880845225,0.07148734735608017,-0.35610000000000014,0.35620377594854313,0.050374821091493695,0.6795518399999999,0.0341586588060843,0.004830763855603957,-20.62004816,0.32207217032727753,0.04554788313397734
SER  65,11.559520000000003,0.7522934331761618,0.10639035760819457,-3.447560000000001,0.3147223639972159,0.044508463554698466,-7.9757599999999975,4.673330313855426,0.6609087111303656,-7.052860000000001,3.048654962503955,0.4311449194969133,0.479794896,0.05808270384491737,0.008214134751678205,-6.436865104,1.255042760248694,0.17748984929018677
LEU  66,11.72592,0.5302574031543974,0.07498972110896868,-7.41004,0.18670286125279972,0.026403771851757157,-36.66586,2.301470521297122,0.3254770824620267,1.03956,1.4841467738737972,0.2098900496164599,0.017095968000000003,0.022795265366627692,0.003223737343937858,-31.293324031999997,1.1493206470538793,0.16253848465790172
GLU  67,14.8924,0.9010513858821442,0.12742790903096013,-2.257040000000001,0.6145922863167063,0.08691647466389743,-17.179299999999998,6.4438881903707825,0.9113034073238181,-64.05496000000001,5.441682585230355,0.7695701314162253,0.860830704,0.10077966377741293,0.01425239673254179,-67.73806929599999,0.7743023488293339,0.10950288830917872
GLY  68,6.41322,0.1515617748642548,0.021434071755036678,-1.9251600000000002,0.3285166272808712,0.04645926697656752,-8.979420000000001,1.3219028268371162,0.18694529058523826,-3.9412200000000013,0.6803566502945283,0.09621696020972509,0.34609680000000004,0.056285632860970526,0.007959990535873727,-8.086483199999998,1.026508646893247,0.14517024503296844
ALA  69,7.876619999999997,0.35308213718626896,0.04993335470404993,-4.685259999999999,0.24029630126159995,0.03398302882322457,-7.724679999999999,1.2524735915778813,0.17712651397235804,-0.29370000000000007,0.8242216267485342,0.1165625402948992,0.05608079999999999,0.018554040583247656,0.0026239375829649643,-4.770939199999998,0.6857158166748022,0.09697486078752482
THR  70,14.712160000000004,0.2195500271005463,0.031049062594497315,-4.456979999999999,0.7153264007430522,0.1011624297454356,-30.99824,2.6311532115025726,0.3721012556388463,-6.139579999999999,1.8902492543577458,0.2673216131778354,0.34720531200000004,0.1130854964490008,0.01599270427858714,-26.535434688000006,1.7122503555035937,0.24214876749313355
PHE  71,12.453419999999996,0.6466146948532205,0.09144512710911648,-7.6176400000000015,0.7836941178801685,0.11083108502581533,1.7644200000000003,1.5065708757307101,0.2130612965134681,-4.84352,0.8869481662419727,0.12543341258213442,0.121671216,0.07034975745463624,0.009948958110200431,1.8783512159999993,1.3179055024455153,0.18637998354845758
LYS  72,11.789699999999996,0.5912649913533801,0.08361749697283609,-4.0569,0.4892276055171071,0.06918723148096072,31.22515999999999,16.429232241781744,2.323444305570507,-70.40765999999999,14.99339929250205,2.1203868625531563,1.068922512,0.09122134854538425,0.01290064682908456,-30.380777488,1.171551550331132,0.16568240914975124
GLN  73,20.747839999999997,0.27296441965971935,0.038602998432807616,-4.8324799999999986,0.7640656840874477,0.10805520529803452,-79.46516000000001,1.01652498955921,0.14375834267258034,-11.992659999999999,0.877770758455798,0.12413553112627075,0.704472912,0.062221542762693975,0.008799454964677931,-74.83798708799999,1.327048199525582,0.18767295616918753
ALA  74,9.289100000000001,0.09392001916495389,0.01328229648814188,-6.260179999999999,0.1624782680852798,0.022977897031709427,-2.261859999999999,0.6942407078240255,0.09818046245562341,-3.6629199999999993,0.3766362616636974,0.05326441093263026,5.7312e-05,0.00040118400000000007,5.673598538070878e-05,-2.895802688,0.41431238813876,0.05859261983650202
VAL  75,13.047800000000002,0.16270746756042706,0.023010310732333634,-5.7809599999999985,0.41011305563225076,0.057998744538140065,-28.756059999999994,0.69281164568744,0.0979783625501201,-3.7878599999999993,0.5550753826283451,0.07849951342524407,0.10806840000000001,0.03444600968862422,0.0048714014071287405,-25.169011600000005,0.38891544249009763,0.055000949338582954
GLU  76,16.98298,0.5713825510111072,0.08080569529432446,-4.797059999999999,0.46124025886733616,0.0652292229602664,-67.20154000000002,12.587487729026686,1.780139586259445,-17.23984,11.658820434949662,1.64880619803784,0.4814056800000002,0.09795903467757833,0.01385349953980076,-71.77405431999999,1.5172626227376458,0.21457333787573513
THR  77,15.505600000000005,0.7235953288958066,0.10233183277942699,-4.97108,0.5264812946344913,0.07445569872078431,-30.462220000000006,0.7076505151552819,0.1000768955952907,-6.128739999999999,0.9506526980974789,0.134442593875603,0.23199854399999997,0.046337991679485636,0.006553181628626022,-25.82444145600001,1.4749247825049199,0.20858586308986451
LEU  78,13.266040000000007,0.2189943341730442,0.030970475747038487,-7.989820000000001,0.29502689301149604,0.04172310333616538,-24.4428,0.9233513524114821,0.1305816005415857,-2.700819999999999,0.7296032809685035,0.10318148550975655,0.004146767999999999,0.0047754400240162176,0.0006753492048263034,-21.863253232000005,0.4556208188061314,0.06443451412551655
ARG  79,13.81934,0.6686041462629876,0.09455490515040016,-4.65204,0.4105254174834854,0.0580570613104022,-165.4064400000001,12.196824414837431,1.7248914505346384,-45.52298,10.53208232305467,1.4894613661293847,1.11375,0.1241479425504407,0.017557170409554908,-200.64837000000003,1.651176709171622,0.23351164959850834
ASN  80,20.42026,1.241854787163059,0.17562478825039513,-2.2569800000000004,0.43237199215490146,0.06114663352957351,-93.98117999999997,2.811648069656579,0.3976270832728467,-12.223760000000002,3.218863281097838,0.4552160107553323,0.921875328,0.09949456931985466,0.01407065693146085,-87.11978467199998,1.1248709679489604,0.15908077787931707
THR  81,15.071940000000001,0.5038822247311069,0.0712597076053459,-3.3743399999999983,0.4489029565507596,0.06348446493434645,-41.810280000000006,1.9320724524717459,0.27323630657729897,-0.6823399999999998,1.4554367400886925,0.20582983770095142,0.14606683199999998,0.03417816097220823,0.004833521878386768,-30.648953168000002,1.2342333372001588,0.174546952460147
GLY  82,6.945799999999999,1.2770447290522047,0.18060139755827023,-1.3075400000000001,0.39721561953175916,0.056174771632824506,-4.37236,1.4865451726738756,0.21022923442756494,-6.391919999999998,0.5899580947830201,0.08343267388739388,0.471345984,0.08303914403123232,0.011743508369682158,-4.654674015999999,0.3525032392486807,0.04985148617259322
GLN  83,21.224019999999996,1.5375875583524181,0.21744771783581224,-3.418280000000001,1.1363321880506543,0.16070163917023295,-74.55912,3.551981169094398,0.502325994262714,-9.36376,3.3384220737348365,0.47212417736015183,0.8868031199999997,0.13358337465258044,0.01889154201412456,-65.23033688,0.713517918480682,0.1009066717311601
VAL  84,11.007640000000002,0.3927265083998901,0.05553991544825558,-2.47564,0.36572266869856584,0.0517209958140794,-28.24676,1.806942329572266,0.2555402348907133,0.014139999999999955,1.385441821369631,0.19593106136598148,0.560177568,0.05663504080819785,0.00800940428165071,-19.140442432,0.5449032463544569,0.07706095611756006
VAL  85,11.54382,0.4758313436502092,0.06729271395923388,-5.650740000000001,0.37663923375025943,0.05326483124914272,-27.977800000000002,1.535195492437439,0.21710942862990684,-1.6821999999999997,0.8827536236119343,0.12484021467459919,0.000390096,0.0007681677131876868,0.00010863531981671524,-23.766529904,1.2124360640570646,0.17146435252997552
HIE  86,29.82474,0.44613615903673437,0.06309318067747897,-7.05288,0.29466717767674866,0.041672231905666046,-25.281719999999996,3.835517237818164,0.542424049643824,-3.4062199999999994,3.0873854199953734,0.4366222333230411,0.513772704,0.05373692249882997,0.007599548459803725,-5.402307296,0.8684884778465892,0.12282281841354117
LEU  87,11.393320000000001,0.16230113246660632,0.02295284627227869,-8.084240000000001,0.33276535636988747,0.047060128006621106,-29.109859999999994,0.6273309496592739,0.08871799371045386,-2.3795000000000006,0.4514355435718331,0.06384262682565565,0.002785103999999999,0.0029039376076603293,0.0004106787949038517,-28.177494896,0.3050678129990928,0.04314310385868162
LEU  88,13.14202,0.15553205328788142,0.021995553914345684,-6.0404599999999995,0.28236941831580276,0.03993306609816101,-34.7724,0.3387002214346959,0.04789944467317174,1.4117999999999997,0.35805692284886803,0.05063689563944461,0.462953664,0.05120418758496083,0.007241365653294766,-25.796086335999995,0.3891402346297168,0.055032739747839385
LEU  89,11.574520000000001,0.6872602488140704,0.09719327647527662,-8.376020000000002,0.5227407958060784,0.07392671230346606,-35.76100000000001,0.8200535348375398,0.11597308308392462,-1.2786199999999996,0.72831259470093,0.10299895490731943,0.008763264000000003,0.020225824565062955,0.0028603635410090937,-33.83235673599999,0.7836005458060499,0.11081785193618754
GLU  90,15.583000000000002,0.44838635126415133,0.06341140591407493,-6.27828,0.7241679374288792,0.10241281185476718,-50.18008,13.458689102345785,1.9033460660300385,-26.387519999999995,12.729187280011255,1.8001789289379004,0.19950667199999997,0.09896110318267691,0.013995213426834494,-67.06337332799998,1.377850797324704,0.1948575284503179
LYS  91,11.0767,0.9052525448735054,0.128022042633287,-6.665000000000001,0.8154460129278783,0.11532148108656717,-8.328240000000001,7.3221168511844965,1.0355036956225696,-30.58376,6.672101937350751,0.9435777049337235,0.409048416,0.08707758401943685,0.012314630029897028,-34.091251584,1.4959829227102155,0.21156393383753283
GLY  92,7.552579999999999,0.40670146741806107,0.05751627310596614,-2.40934,0.2624875318943734,0.03712134275588632,-15.938999999999998,1.2219801471382694,0.17281408970336107,-2.812320000000001,1.0695843013058837,0.15126206250081314,0.2829204,0.057874999571531305,0.008184760931639664,-13.325159599999997,0.4730242319961361,0.0668957284220053
GLN  93,18.98522,0.43418237136011206,0.061402659812078215,-4.25494,0.951132281231165,0.13451041717279744,-74.43864000000002,4.721389942633243,0.6677053690123861,-8.68966,4.862162126502981,0.6876135621757323,0.5939861759999999,0.16741418794382604,0.023675941512383707,-67.804033824,1.1711913401844767,0.16563146774228082
VAL  94,13.305079999999998,0.3080793300436152,0.043568996683449754,-0.22938000000000006,0.46955276125266265,0.06640478832132514,-13.32528,1.7331854954389752,0.24510944337581306,-4.884600000000002,1.7963872522371094,0.2540475215387858,0.8982701280000001,0.08155864405418992,0.011534134055019516,-4.235909871999999,0.44942266198540476,0.06355796238175786
PRO  95,15.60326,0.1196026437833581,0.016914368093410317,-2.49282,0.4419788542453117,0.06250524899558411,-19.39064,4.972623942185835,0.7032352219620372,-60.67155999999998,5.036101151327537,0.7122122549690161,1.1924112959999995,0.07841168667617636,0.011089087074599832,-65.75934870400002,0.4110930826942656,0.058137341294399465
TYR  96,3.895639999999999,0.4495540350169391,0.06357654133405045,-0.22644000000000006,1.2790415342747865,0.1808837884609895,-19.004939999999998,5.589923317577811,0.7905345368344145,-98.41531999999998,5.182862909396866,0.7329675018389525,1.7298158399999999,0.2303191099643507,0.0325720408985285,-112.02124415999998,0.8831284217012937,0.12489321912871154
LEU  97,11.558780000000002,1.5758897460165056,0.2228644651621234,-3.3854799999999994,0.8348525915393744,0.11806598575373091,-22.179219999999997,0.4381261138073322,0.06196038921761473,-4.273079999999999,0.4933136868160104,0.06976509063994754,0.6210046079999999,0.139383620069465,0.01971182058748961,-17.657995391999997,2.3288842561415186,0.32935397002325123
VAL  98,13.550699999999996,0.4736172822017195,0.06697959838639572,-3.31298,0.4412263586867847,0.06239883005313468,-23.820820000000005,0.8927195458820255,0.1262496089181911,-5.644499999999999,0.7758367418471552,0.10971988425076007,0.45410169599999994,0.06773739222580416,0.00957951387655181,-18.773498304000007,0.6011844884929104,0.08502032571150057
THR  99,14.89874,0.6830265824987826,0.0965945456431124,-4.29262,0.41531245538749567,0.05873405070314673,-35.020160000000004,1.3399830948186242,0.18950222660431712,-4.708479999999999,0.8764511906546831,0.12394891605819001,0.34720084799999995,0.08399277059883242,0.011878371532216096,-28.775319151999998,1.8120028144953448,0.2562558955317536
SER 100,11.050559999999997,0.8280053661662303,0.11709764185499835,-3.4466399999999995,0.36570987189301135,0.05171918607248238,0.9824199999999998,2.504060055909203,0.3541275692063525,-8.795040000000002,1.7985535405986566,0.2543538809768769,0.513151776,0.03832707399926239,0.005420266785583409,0.3044517760000001,0.6359518359245022,0.08993717113805003
VAL 101,9.044959999999998,0.9319487530975281,0.13179745660672193,-6.6397200000000005,1.3498503923027867,0.19089767319692438,-68.54033999999999,9.96737293294489,1.4095993983001158,-39.28421999999998,8.349797119188073,1.180839632901957,0.08922772799999999,0.03268400019683661,0.004622215635097124,-105.330092272,4.30579088980946,0.6089307873111055


