#Frame       SA_00001
       1    6036.7725
       2    6026.4804
       3    6093.2162
       4    5935.9662
       5    6050.5125
       6    6080.2679
       7    6059.5697
       8    6072.5913
       9    6053.0692
      10    6081.1847
      11    6076.4590
      12    6106.6149
      13    6182.2859
      14    6050.9060
      15    6039.0232
      16    6069.9542
      17    6131.5019
      18    6072.2649
      19    6081.2662
      20    6076.0683
      21    6082.9417
      22    6013.6415
      23    6086.5661
      24    6176.4803
      25    6068.3713
      26    6108.8454
      27    6055.0314
      28    6036.9285
      29    6038.0291
      30    6050.2648
      31    6120.2798
      32    6151.1148
      33    6111.0590
      34    6176.1450
      35    6085.6576
      36    6084.4712
      37    6082.2193
      38    6074.7191
      39    6080.1654
      40    6060.1063
      41    6112.2554
      42    6124.2973
      43    6019.2607
      44    6046.0623
      45    6048.6683
      46    6141.0611
      47    6156.5583
      48    6017.0032
      49    6120.6615
      50    6133.1343
