| Run on Mon Jun 20 15:45:54 2016
| GB non-polar solvation energies calculated with gbsa=2
idecomp = 2: Per-residue decomp adding 1-4 interactions to EEL and VDW.
Energy Decomposition Analysis (All units kcal/mol): Generalized Born Solvent

Total Energy Decomposition:
Residue,Internal,,,van der Waals,,,Electrostatic,,,Polar Solvation,,,Non-Polar Solv.,,,TOTAL,,
,Avg.,Std. Dev.,Std. Err. of Mean,Avg.,Std. Dev.,Std. Err. of Mean,Avg.,Std. Dev.,Std. Err. of Mean,Avg.,Std. Dev.,Std. Err. of Mean,Avg.,Std. Dev.,Std. Err. of Mean,Avg.,Std. Dev.,Std. Err. of Mean
ARG   1,8.587380000000001,0.01999688975734623,0.0028279872700118667,-3.509419999999999,0.07329013303308121,0.010364790012351183,-257.19413999999995,1.6481072660484126,0.23307756478913078,-43.518280000000004,1.62390935756864,0.22965546375381507,1.608122592,0.011895196485094905,0.0016822348196313985,-294.026337408,0.02499944412229981,0.0035354552929544743
MET   2,11.112520000000002,0.00986354905445248,0.0013949164845939014,-5.51094,0.018215828282095586,0.0025761071406398975,-7.508559999999999,0.08507083166409943,0.012030832390172793,-0.7221200000000002,0.07791704306504331,0.011019133904259275,0.43775812800000014,0.004615393825305124,0.0006527152543439546,-2.1913418719999997,0.02145873951947551,0.0030347240459873775
LEU   3,12.30138,0.011108357214885983,0.0015709589428976778,0.21074,0.007506823562600552,0.0010616251692571615,-14.601460000000005,0.06204908057210678,0.008775065127785432,-6.657779999999998,0.056473459253173215,0.007986553198996191,1.1989117440000003,0.004190877805219342,0.0005926796230389582,-7.548208255999999,0.014997843157081081,0.002121015319908858
PRO   4,18.488919999999997,0.020889078488381264,0.0029541618103744853,-4.684139999999999,0.02845769491723311,0.004024525810582696,-0.3190999999999999,0.04301406746635392,0.006083107758374902,-4.5742,0.04780209200435885,0.006760236682237077,0.47679753599999997,0.005947845112909634,0.0008411523225571337,9.388277536,0.0271962890658379,0.003846136084312707
ARG   5,13.089420000000004,0.0491597762390714,0.006952242228052139,-5.391180000000002,0.03758121339164151,0.005314786166889681,-246.36527999999996,0.694539301725799,0.09822269001017642,39.14815999999998,0.6727007465442533,0.09513425191813889,0.6114268799999998,0.005024428058217443,0.0007105614303099023,-198.90745312,0.04168644289631187,0.0058953532911055805
LEU   6,12.428600000000003,0.010023971263971504,0.0014176036110346677,-3.46138,0.04599212541292043,0.006504268752131635,-31.356379999999998,0.03425719778824866,0.004844699372103884,-6.039340000000002,0.03354197966706544,0.004743552255400653,0.8749290239999997,0.007034160021479923,0.0009947804502279528,-27.553570976,0.05068752745289464,0.007168298876704218
CYS   7,10.616900000000003,0.01882790482216023,0.0026626678350568796,-5.370199999999999,0.025381883302994797,0.003589540360566645,-4.606039999999999,0.12408415853768061,0.01754814998796412,-1.37218,0.12610022838995835,0.01783326532074239,0.05191776,0.002490684709713314,0.0003522360096071864,-0.6796022399999999,0.02649459108427942,0.0037469010040917243
CYS   8,10.015539999999998,0.019640987756494806,0.0027776551263638863,-4.07262,0.046890037321326856,0.006631252672000103,4.132940000000001,0.05100996373249297,0.007213898252665126,-7.2265,0.08517258948745358,0.012045223119559295,0.6232682879999999,0.017407468810107102,0.0024617878477840105,3.4726282879999992,0.030216885130947304,0.004273312876485559
LEU   9,13.292999999999997,0.23268949267218977,0.03290726363587257,-7.418459999999998,0.23313954705292514,0.032970910936776704,-33.44062000000001,0.40787012099338665,0.05768154567956026,0.12710000000000002,0.1620264484582687,0.022914000087282883,0.018489168000000004,0.005407870950436565,0.000764788444167087,-27.420490831999995,0.30676330901454957,0.04338288320468247
GLU  10,15.562359999999996,0.17412165402407567,0.02462452046236836,-4.053599999999999,0.3219088069624787,0.045524780065368,4.723600000000001,2.369352890558936,0.3350770991876343,-78.70245999999999,2.672481327980671,0.37794593392191245,0.929551104,0.06858634135252419,0.009699573413429035,-61.54054889600001,0.3095849716359074,0.04378192655943902
LYS  11,9.740799999999998,0.16039226914053709,0.02268289223183432,-6.2982,0.48667520997066493,0.06882626824112881,-1.2698599999999998,2.883607289559381,0.4078036537452797,-37.13112,2.6706123465602576,0.3776816200346552,0.767773296,0.07928320750450413,0.011212338732131007,-34.190606704,0.5790865308681034,0.08189520257412577
GLY  12,6.9557400000000005,0.06613798001130018,0.009353322831994137,-1.3214000000000001,0.11659193797171134,0.016488589994295682,-3.5444999999999998,0.7356461717429142,0.10403607931866764,-3.4795399999999996,0.5900315316997934,0.08344305943576186,0.17889955199999996,0.010232887970427118,0.0014471488950022525,-1.2108004479999999,0.2714852450815978,0.03839381155785792
PRO  13,18.46536,0.07196687015537419,0.010177652381527371,-1.1305000000000003,0.05522218756984058,0.00780959666051795,-4.96088,0.5502953621465453,0.07782351644586583,-5.758680000000001,0.49793736312914477,0.07041897721495333,1.1442451679999999,0.03307129276117864,0.004676987074807,7.759545168000001,0.08245002981235809,0.011660195037870281
ASN  14,17.357999999999997,1.0929354601256618,0.154564415050819,-2.1512000000000002,0.39319003039242917,0.055605467357086276,-85.46384000000002,5.448572328087251,0.770544488195174,-11.095920000000001,4.168021961746363,0.589447318657062,0.6075522720000002,0.14428879063119804,0.020405516460905222,-80.74540772799999,0.841248763840384,0.1189705411152672
GLY  15,5.598499999999998,0.1688429151608821,0.02387799405311293,-3.0745399999999994,0.15280395413734285,0.021609742432526665,-11.101339999999999,1.2393709147789398,0.1752735156491126,-0.6678200000000001,0.9323915420036797,0.1318600764143567,0.10160611200000001,0.00953578372205722,0.0013485634667589914,-9.143593887999998,0.3712603088293174,0.05250413639172443
TYR  16,9.513939999999998,0.16779861858802084,0.02373030821546492,-11.241799999999998,0.365237018934367,0.05165231456577007,-30.305999999999997,1.86196952714052,0.2633222558007542,-0.73726,0.8224935941391885,0.11631815957966324,0.017550864,0.012858114140133612,0.001818411940351822,-32.753569135999996,1.6447682841138274,0.23260536143548985
GLY  17,6.522879999999999,0.502613236594521,0.07108024558202088,-4.07912,0.09856016233754931,0.013938511828745616,-9.543840000000001,0.8589381668082621,0.1214722004740128,-2.9049200000000006,0.3384291264060985,0.047861106046558306,0.0019624319999999996,0.0033722682235812727,0.00047691074577484605,-10.003037568000003,0.5403806602616971,0.07642136585862198
PHE  18,9.815680000000004,0.28513417473171815,0.040324061700165566,-9.8825,0.158265378399563,0.022382104458677186,-7.3805999999999985,0.5909065239105273,0.08356680202090093,-0.24599999999999997,0.20007138725964796,0.02829436693053938,0.0,0.0,0.0,-7.693419999999998,0.43787162913348054,0.06192439964989702
HIE  19,29.309880000000003,0.2598931041786899,0.036754435269674694,-10.14932,0.3429465521040006,0.04849996651545689,-19.995700000000003,4.058875599226942,0.5740116920411965,-5.89626,2.7227696399805854,0.3850577752078253,0.25321536,0.04776435032890508,0.006754899203307737,-6.4781846399999985,1.4779449422202238,0.20901297817285608
LEU  20,11.28232,0.07840087754603108,0.01108755843275494,-9.07498,0.20908720573009149,0.029569396206218887,-33.242459999999994,1.101440388037573,0.15576719349082202,0.4614400000000001,0.5908619520666396,0.08356049861028833,0.0,0.0,0.0,-30.57368,0.6442185480098855,0.0911062607727883
HIE  21,28.9135,0.38619462709894053,0.05461616793589417,-9.901700000000002,0.7095967939611646,0.10035214098363457,-30.835480000000004,2.978124028578986,0.4211703391645601,0.9854600000000002,1.0338258501314423,0.14620505383877805,0.20172988800000002,0.029935392298164786,0.0042335037783023735,-10.636490111999997,1.6616073646775835,0.23498676704660557
GLY  22,5.439020000000002,0.08385165233906736,0.011858414396530272,-3.102839999999999,0.1789528831843941,0.02530775944251383,-8.30808,0.9716666267810184,0.13741441216990327,-4.76618,0.8178957314963733,0.11566792360892345,0.08163561599999998,0.01382221496275272,0.0019547563862361223,-10.656444383999998,0.3542369196301518,0.05009666560342287
GLU  23,15.343179999999997,0.16747414009337058,0.023684420026681637,-4.803819999999999,0.3046096314958118,0.04307830720908477,4.9492,3.4192968692408097,0.4835616006260216,-77.38189999999997,3.2908793794368334,0.46540062505335245,0.476748576,0.03952251030312001,0.0055893270089702705,-61.41659142400002,0.39609343832154953,0.05601607124413263
LYS  24,9.680659999999996,0.7168452722869105,0.1013772306191183,-1.8454999999999993,0.5534358228376636,0.07826764465601373,5.622640000000001,9.594306788424062,1.356839878175756,-43.909040000000005,8.39842915540757,1.1877172414207002,1.3915484639999998,0.12327551368284147,0.017433790335878444,-29.059691536,0.8387265256234424,0.11861384276587374
GLY  25,6.289939999999999,0.10301988351776757,0.014569211646492337,-1.39626,0.2967666295256252,0.04196913923348909,-9.908619999999999,2.741413853397554,0.38769446515523087,-2.2665799999999994,1.7524756670493327,0.24783748560700028,0.436675392,0.045295383433332705,0.006405734556430872,-6.844844608000002,0.888125775862878,0.12559995173184096
LYS  26,9.808420000000003,0.1480251451610409,0.020933916785899016,-4.2575199999999995,0.28057072120946946,0.03967869191392323,1.0347999999999997,2.5312618908362685,0.35797448959388156,-36.83394,2.6362748749703644,0.37282556823265245,0.926014176,0.048900836812614715,0.006915622663179324,-29.322225823999997,0.31177710564693034,0.04409194112433182
LEU  27,11.156839999999999,0.07353702740800637,0.010399706149700462,-2.6769400000000005,0.23571995333445206,0.03333583549275351,-26.754060000000003,0.18970223087755805,0.026827946771947473,-7.370159999999999,0.15384906369565,0.021757543243679036,0.8797232160000001,0.07199846576862608,0.010182120676004602,-24.764596784000002,0.3203076433358302,0.04529834133372952
GLY  28,4.948259999999999,0.026985040300408093,0.003816260997402166,-3.4860600000000006,0.05046123660788014,0.0071362965184981805,-5.262720000000001,0.44418838526011983,0.06281772386834668,-4.995280000000001,0.4577438165611748,0.06473475134732355,0.036285696,0.0040494176067657215,0.0005726741299200484,-8.759514304,0.0819660365795715,0.011591748058479921
GLN  29,18.969820000000006,0.03914878797467333,0.005536474690425176,-8.969000000000001,0.1890037036673704,0.02672916010651407,-79.08633999999998,0.3870105740188633,0.054731560255927306,-3.297759999999999,0.2362904619319437,0.03341651759235583,0.08562830399999999,0.02796036666901896,0.003954192975225125,-72.29765169599999,0.3493999213783129,0.049412610750530314
TYR  30,8.968580000000003,0.08689029635076961,0.012288143553787583,-9.350060000000001,0.3170614710115409,0.044839263241048505,-27.14726000000001,0.4489785210891367,0.06349515137384718,-1.9748999999999994,0.49328017393769347,0.06976035120324454,0.21162153599999997,0.022810388924538717,0.0032258761380087693,-29.292018464000012,0.3891992719009178,0.05504108887880118
ILE  31,12.64756,0.05936132073985064,0.008394958487067606,-8.446700000000002,0.16897742452752298,0.023897016550169906,-5.271020000000001,0.5352785626194985,0.07569982029040707,-2.128040000000001,0.4753652894353939,0.06722680394009459,0.0022813920000000006,0.0012088197569265643,0.00017095292947100953,-3.195918607999999,0.22860620683176947,0.03232979981441573
ARG  32,13.752040000000001,0.747798822144071,0.10575472362027712,-7.537059999999997,0.7453147901390774,0.10540342844519404,-204.69424000000004,5.865221211719099,0.8294675383931508,-0.22318000000000005,4.424111837148785,0.6256638961551161,0.8761098240000001,0.10376559182872572,0.01467467072718547,-197.82633017600006,1.0154790178015314,0.14361041992802354
LEU  33,11.74518,0.22954674382354115,0.032462811831383435,-4.732179999999999,0.44543949937114097,0.06299465812273493,-35.10720000000001,0.32473269006868877,0.04592413744410385,-0.28439999999999993,0.15474520994202054,0.021884277461227734,0.6505764479999998,0.058872422240457724,0.008325817798221075,-27.728023551999996,0.6116138363760105,0.0864952582337993
VAL  34,11.05722,0.1066340077086895,0.015080325991182584,-6.266680000000001,0.07610031274561742,0.010762209438568626,-28.31685999999999,0.24053207769548635,0.03401637264627358,-3.81486,0.21841263791274218,0.030888211472988404,0.13708339200000003,0.013459870475510954,0.001903513137425279,-27.204096607999997,0.14432079979817442,0.020410043240711048
GLU  35,17.34082,0.11866839343275389,0.016782245141762686,-3.2162599999999997,0.4475727788862979,0.06329634940500169,-34.719820000000006,5.116756623838951,0.7236186612795413,-41.019079999999995,3.983827610929046,0.5633983037532262,0.30019924800000003,0.02896121611961882,0.004095734461918323,-61.314140752,2.161339251118263,0.3056595281820756
PRO  36,17.665059999999997,0.13770568761002916,0.019474525103401592,-1.8246600000000004,0.17963247033874064,0.02540386757956297,-8.812680000000002,0.40376539921092547,0.05710105035810777,-1.5163200000000001,0.3622398343639208,0.051228448658924036,0.9655780320000001,0.031586963305444964,0.004467071190074156,6.476978032000001,0.07094948355875494,0.010033772189215815
GLY  37,6.0310000000000015,0.1276789724269013,0.018056533443598425,-1.46946,0.1394094989590049,0.019715480415146258,-21.302720000000004,0.9432417514082678,0.13339452774381239,4.846179999999999,0.48371114066146154,0.06840708553943987,0.29662776,0.011733202024750524,0.001659325343346565,-11.598372239999996,0.4414747345498226,0.06243395570454211
SER  38,12.642999999999997,0.05567189596292549,0.007873195031379319,-4.367000000000001,0.3481464059846004,0.04923533690348715,-6.125960000000003,1.2829707394948542,0.18143946199214617,-2.45562,0.6657458641253429,0.09415068301398556,0.01705608,0.01588625087834131,0.0022466551447411776,-0.28852391999999993,0.3157739233625377,0.04465717650630631
PRO  39,19.461999999999993,0.0808596314628847,0.011435278746330177,-7.9007600000000044,0.16322616947021093,0.02308366625989815,-7.063719999999998,0.33649291463570924,0.04758728435202721,-2.2938600000000005,0.3339396957535842,0.04722620467494638,0.13821681599999996,0.016598187424503637,0.0023473381766543596,2.341876815999999,0.17463929036922093,0.02469772529633653
ALA  40,9.7157,0.13200321965769474,0.018668074351682662,-7.0255399999999995,0.042090478733639886,0.005952492587188986,-7.2743199999999995,0.20719917374358132,0.0293023881620672,-1.7000199999999999,0.1882519046384397,0.026622839668224797,0.0,0.0,0.0,-6.284180000000001,0.19161291083845602,0.02709815772335311
GLU  41,17.257580000000004,0.13893740892876014,0.019648716802802932,-5.762419999999999,0.1454276576171742,0.020566576574635866,11.091039999999996,2.3200553696841104,0.32810537692637937,-86.0951,2.288676685336255,0.3236677608289632,0.6010388640000001,0.028349795698098285,0.004009266556675702,-62.907861135999994,0.04265496501964025,0.006032323003332519
LYS  42,12.117419999999997,0.39521427555196126,0.05589173885290411,-3.6006400000000007,0.08234312600332494,0.01164507655620988,-21.177279999999996,1.750662846352873,0.24758111404549188,-22.05906,1.7605808519917543,0.24898373185411177,1.2893055840000003,0.017985260939061276,0.0025434999942839523,-33.430254416,0.37124193188999516,0.052501537500041995
ALA  43,7.349920000000002,0.026365765681339602,0.003728682340890157,-3.8976800000000003,0.05159435628051535,0.007296543839381428,-8.287500000000001,0.133168201910134,0.01883282772181502,-3.258059999999999,0.12171662335115062,0.017213329950945495,0.17271244799999994,0.005245297668056456,0.0007417971100849408,-7.9206075520000025,0.06512677012025078,0.00921031615776135
GLY  44,6.149879999999999,0.043736319003912824,0.006185249550360965,-1.9750999999999999,0.01791563562927886,0.00253365348854608,-10.989460000000003,0.11974242523013434,0.016934136175190226,-1.87814,0.07868951899713335,0.011128378498236129,0.288998928,0.004667987791200121,0.0006601531643307239,-8.403821071999998,0.05043297762345268,0.007132300094594561
LEU  45,10.280739999999998,0.016619037278529588,0.0023502867912880594,-7.387400000000001,0.04315275193982889,0.00610272070470279,-27.94204,0.16582062115446647,0.023450577135777743,-1.4366200000000005,0.1536960493961994,0.021735903753927033,0.005304383999999998,0.0014710528886970804,0.000208038294616353,-26.480015615999996,0.07488752047332672,0.010590694710587148
LEU  46,10.732619999999999,0.028925345287458035,0.004090661560184785,-3.481,0.027924899283520776,0.003949177129465781,-31.34480000000001,0.1590090563439467,0.022487276402175703,-0.7055000000000002,0.09960687727260498,0.014086539674455036,0.8768004479999998,0.018454282364225992,0.0026098296403351024,-23.921879552,0.06019350977355388,0.008512647788859734
ALA  47,6.981300000000001,0.0186957214353162,0.0026439742812173557,-3.379760000000001,0.02189571647597333,0.0030965219198197513,2.48956,0.1050887548693965,0.014861794238920216,-8.3333,0.1554235825093425,0.02198021382973259,0.4200890400000001,0.0056019729901426625,0.0007922386178707513,-1.8221109599999996,0.07871152874505641,0.01113149114663785
GLY  48,6.154260000000001,0.03174322604887047,0.004489170079178753,-2.6329400000000005,0.02442245687883391,0.0034538569744519,-12.193880000000002,0.1732200496477687,0.024497014348681533,-1.8757200000000005,0.23286975243684593,0.03293275621626526,0.187513344,0.008731210939981754,0.0012347796927262534,-10.360766656000003,0.05559072394816906,0.00786171557496395
ASP  49,11.9332,0.04470704642466698,0.006322531138740763,-8.298879999999999,0.0652679523197147,0.009230282335886105,25.33924,0.6064092862085166,0.0857592236905072,-91.90738000000002,0.623974547234566,0.08824332672747347,0.02512584,0.0036964093877166738,0.0005227512288192148,-62.90869416000001,0.10519889495354236,0.014877370398996214
ARG  50,13.0712,0.12043471260409562,0.017032040394521795,-9.26662,0.0764161998532335,0.010806882621745574,-202.24311999999992,1.568184920738912,0.22177483832179465,-1.9049599999999995,1.4078003119760987,0.1990930294309673,0.4307711039999999,0.008808845517479466,0.0012457588799668906,-199.91272889599998,0.25419355673972266,0.03594839754091706
LEU  51,12.830799999999996,0.02547469332786345,0.0036026656801559885,-8.73032,0.05014636178231257,0.007091766493621429,-33.14612,0.09207119853759929,0.013020833767581879,-0.33054,0.10156676818723745,0.014363710105679542,0.0,0.0,0.0,-29.376179999999994,0.03791764233918077,0.005362364404928173
VAL  52,12.460799999999999,0.01691153452662725,0.0023916521488097117,-6.66774,0.04402944923565172,0.006226704425287636,-32.05712000000001,0.06256952612304863,0.008848667243447303,-0.67156,0.06389684186248848,0.009036378035474014,0.05867395199999999,0.0023445045745525855,0.00033156301663780295,-26.876946047999994,0.03562780266080872,0.0050385321720467936
GLU  53,15.46224,0.018457042015549943,0.0026102199139680774,-7.871039999999999,0.01708093674255196,0.0024156092399353897,1.6861600000000003,0.7464225441397119,0.10556008851834106,-78.75827999999998,0.7328409388132627,0.10363935947319476,0.32196225600000006,0.0025864979563897917,0.0003657860488976737,-69.15895774399999,0.0197635854276865,0.0027949930552953516
VAL  54,11.37242,0.021520306688921464,0.0030434309585901168,-6.943200000000003,0.04539118857185842,0.006419283449055681,-25.569559999999996,0.08756327084014066,0.012383316518787548,-2.54316,0.06633320737006632,0.009380932149845473,0.001984175999999999,0.0012065860364781319,0.0001706370336957372,-23.681515824,0.0497829121866288,0.0070403669588759285
ASN  55,17.41502,0.08336509821246954,0.011789605252063948,-4.563540000000001,0.07561619138780049,0.010693744339562708,-89.85524000000001,0.29766508427775695,0.04209619992305342,-7.193700000000002,0.20496236239848814,0.02898605526799712,0.39900830400000004,0.00716662765414378,0.0010135142024968213,-83.79845169600001,0.12721172931836078,0.01799045528949609
GLY  56,6.05508,0.014774085420500762,0.0020893711973330787,-2.11198,0.009281142171068743,0.0013125517132638288,-7.981279999999998,0.03790411059569683,0.005360450727412419,-6.516719999999999,0.04433465461692777,0.00626986698423862,0.327823056,0.0028329629444905995,0.0004006414617799023,-10.227076944000002,0.03140277535222139,0.004441023079926704
GLU  57,13.840739999999998,0.01999880996642773,0.0028282588285844313,-3.4317200000000003,0.03139875156745564,0.004440454030827924,-1.16828,0.89747421222005,0.12692202028017038,-79.60852000000001,0.8755583187866541,0.12382264490766721,0.7107814080000001,0.004260180742228922,0.0006024805383820819,-69.65699859199998,0.03408639790232614,0.004820544620591545
ASN  58,20.36756,0.010759479540015729,0.0015216201889566073,-4.8738,0.025790695996753266,0.003647355206164996,-91.93548000000001,0.16876187246886162,0.023866532885694274,-4.865,0.16314705023383633,0.023072477110185594,0.576404208,0.0038267056497027045,0.0005411779029019311,-80.730315792,0.011252723490133943,0.001591375417338173
VAL  59,12.864300000000004,0.023099999997956564,0.003266833328792864,-6.704640000000001,0.042160056925794276,0.005962332429488,-31.06924,0.15674342857084372,0.022166868249774565,-0.22185999999999997,0.11802389758010869,0.016691099664192282,0.0,0.0,0.0,-25.131439999999994,0.04084711005593512,0.005776653702484987
GLU  60,16.66748,0.0731989726688915,0.010351897990012387,-4.940599999999998,0.017314733610850824,0.0024486731101342504,-28.571019999999994,1.5308684004839719,0.21649748541728397,-49.08380000000001,1.476061990568267,0.20874668859650708,0.42752404799999993,0.003516503472160464,0.0004973086902461408,-65.500415952,0.030413222121080007,0.004301079119909677
LYS  61,9.461600000000002,0.021089333796141405,0.0029824821875916443,-1.74336,0.11890059041064502,0.016815082753290255,-0.9150400000000003,1.8256617097370476,0.25818755502153856,-41.578459999999986,1.822973452467458,0.2578073780325584,1.3412818079999997,0.024658053842469562,0.003487175416574646,-33.43397819200001,0.09127016387905136,0.012907550359776941
GLU  62,15.613420000000005,0.04071023949539665,0.005757297282184676,-4.372459999999999,0.1165966054394874,0.016489250073918767,-37.6389,1.6929734581497984,0.23942260252531242,-49.19396,1.669040250683027,0.2360379358662527,0.310328496,0.005051410129019633,0.000714377271356839,-75.28157150400001,0.04937222137697005,0.006982286507579789
THR  63,14.676079999999997,0.0278659936146129,0.0039408466098787625,-4.04802,0.25904845029453494,0.03663498317182639,-29.178220000000007,0.3246123404916505,0.045907117443696514,-6.519859999999999,0.30282787256131144,0.04282632844407979,0.530044848,0.0664134527053622,0.009392280553994733,-24.539975151999997,0.3545166961347513,0.05013623197614667
HIE  64,30.960999999999995,0.07439569880202469,0.010521140622804714,-11.213099999999999,0.39883145563009226,0.056403285365307976,-13.23884,1.6999418620646924,0.24040808365776611,-7.2551999999999985,0.5650546876188561,0.0799108002713079,0.109401264,0.028621771775134867,0.004047729782354318,-0.6367387360000005,1.1940134988908069,0.16885900837879314
GLN  65,21.078359999999996,0.029929757770372347,0.004232706935740209,-4.204059999999999,0.040376929056194964,0.005710160067824721,-75.18896,0.19261609071501287,0.027240028782045757,-10.643699999999999,0.20721556408734765,0.02930470610671183,0.7665194879999997,0.007363146095897765,0.0010413061070553124,-68.191840512,0.06134959312292834,0.008676142664051641
GLN  66,20.958959999999994,0.019856444806049225,0.0028081253545227613,-6.224700000000001,0.02884180992916702,0.0040788478765214995,-73.80164,0.09107398310242684,0.012879806208279013,-10.419459999999999,0.0992586943295026,0.0140372991704228,0.6729577920000003,0.004530155036431153,0.000640660669217372,-68.81388220800001,0.044004052548901045,0.006223112791403421
VAL  67,12.674579999999997,0.026187088423010135,0.0037034135606884397,-7.040700000000002,0.03979409503908554,0.005627734890663867,-28.921639999999993,0.3165043291966247,0.044760471489966536,0.08936,0.2561525920228019,0.03622544696756687,0.0,0.0,0.0,-23.198399999999996,0.14309241768924996,0.020236323776889307
VAL  68,12.94666,0.054441752360183705,0.007699226454712925,-5.342079999999999,0.1474314539031971,0.02084995616302851,-31.62592,0.31497090913191184,0.044543613144733346,-1.4038,0.3134389254703368,0.04432695793758,0.059335200000000005,0.01018022052099071,0.0014397005928733957,-25.365804800000006,0.21442965513583406,0.03032493264680821
SER  69,14.531680000000001,0.027283284258222455,0.0038584390624058565,-4.340080000000001,0.04119069797883633,0.005825244372528437,-7.977640000000003,0.3301757568325753,0.046693903327942904,-4.854160000000002,0.2809124675054073,0.03972702213858384,0.4034684159999999,0.0032901258655256144,0.00046529406209408415,-2.2367315839999997,0.0845907204757876,0.011962934414777028
ARG  70,14.12362,0.05225510118706377,0.0073899872801924,-7.1753800000000005,0.1147074348068114,0.01622208100088203,-213.36194000000003,1.3128585363168843,0.18566623475366284,4.4456,1.2195587398727474,0.17247165100386808,0.6722196479999997,0.00867903247573419,0.001227400543545983,-201.295880352,0.1959247489307012,0.02770794371423412
ILE  71,14.206679999999995,0.05682268561174846,0.00803594126425972,-7.4282,0.13984977654607103,0.019777745068630042,-9.924059999999995,0.7477113456408829,0.10574235257455736,-0.5455199999999999,0.7356625650391627,0.1040383976808563,0.000739008,0.0011017334130977424,0.0001558086334922427,-3.6903609919999996,0.09695652849660906,0.0137117237560518
ARG  72,12.67384,0.05441520375777614,0.007695471915354243,-3.00854,0.12307107052429365,0.017404877707123175,-160.64446,1.4784763401538847,0.2090881291893361,-48.93118,1.296874962207273,0.18340581602556205,1.3693086719999998,0.030586664847921528,0.004325607625569102,-198.54103132800006,0.10673459961536944,0.015094551835051758
ALA  73,8.4575,0.0362382394718701,0.005124860973764272,-1.9802199999999996,0.28659855477653634,0.0405311563121506,-10.865720000000001,0.20673026290308552,0.029236074155049908,-2.8204999999999996,0.406527354553175,0.057491649828475586,0.5755282559999998,0.02308346362000918,0.0032644947317962926,-6.633411744000003,0.13767755537461582,0.01947054660451545
ALA  74,8.578780000000002,0.8902113746745509,0.12589489994435465,-3.4701799999999996,0.11183786299817834,0.015816262263884794,-1.2418999999999998,2.0289338012857887,0.28693456989355604,-3.0069,1.3419566498214481,0.1897813294294254,0.08893540799999997,0.009993118087400991,0.0014132403129598365,0.9487354079999999,0.3780576003049125,0.0534654185709434
LEU  75,12.628120000000003,0.45700571725081923,0.06463036834181525,-1.3043799999999999,0.6446855323334011,0.09117230232916143,-24.668899999999997,1.2740762967735275,0.1801815978395211,-5.550580000000001,0.7915084608517973,0.11193620000696657,1.066634064,0.1154944762174288,0.01633338546458647,-17.829105935999998,0.8064810154266163,0.1140536389812746
ASN  76,19.42828,0.6882364140323557,0.09733132708435821,-2.9136,0.34352641819807583,0.048581971964917044,-82.16077999999999,2.8635265201500104,0.4049638041011178,-17.009619999999995,1.4521847663434715,0.20536993916345414,0.8115518879999999,0.1175906487833662,0.016629829031768777,-81.844168112,1.1895984907753803,0.1682346319433108
ALA  77,7.644860000000002,0.6477718428582416,0.09160877254935386,-3.1295800000000007,0.2081750311636749,0.029440395241911072,-3.62964,0.6225437738826086,0.08804098481957144,-1.7890399999999997,0.5816004800548232,0.08225072867762337,0.39483792,0.031655903923431795,0.0044768208657696915,-0.5085620800000004,0.8953881850801969,0.12662701149290453
VAL  78,11.032639999999997,0.08873190181747628,0.012548585896543283,-7.164159999999999,0.36331740173026456,0.05138083969730943,-20.859200000000005,0.2904692066291149,0.04107854914666472,-1.5197399999999999,0.14454007195238217,0.020441053006144187,0.0016807679999999992,0.0012018895625538998,0.00016997285198383914,-18.508779232,0.16000927287247269,0.022628728380170823
ARG  79,12.611019999999998,0.0720592783758318,0.010190720877391962,-7.013819999999999,0.03156370700676005,0.0044637822527730745,-184.07856,0.7566635225730798,0.107008381577585,-20.459680000000002,0.7481146019159727,0.10579938162389176,0.8459566559999999,0.005216510555883986,0.0007377259976393546,-198.09508334399993,0.08604208387273951,0.012168188194767157
LEU  80,11.219340000000003,0.058807009785606004,0.008316567080141132,-7.7735600000000025,0.151431589835008,0.021415660811638804,-35.345299999999995,0.0919465605679591,0.0130032072968767,0.1965,0.07138494238983462,0.010095355367692616,0.000926784,0.001224465827593404,0.00017316561800449879,-31.702093216,0.09003789737413244,0.012733281559405497
LEU  81,13.60916,0.021488936687984028,0.003038994570512379,-7.208660000000004,0.021541225590622357,0.0030463893380396523,-35.395179999999996,0.03745540815853671,0.005296994620202248,0.8497000000000001,0.04038229810201251,0.005710919365565938,0.235253952,0.003514307641528385,0.0004969981529000848,-27.909726047999996,0.03206355327229328,0.004534471189554939
VAL  82,11.89088,0.016816230256366624,0.002378174089654247,-6.738580000000001,0.022217191541023515,0.0031419853595156255,-32.86526,0.025185559351043232,0.0035617759610197864,0.9033999999999998,0.02710571895376344,0.0038333275362285716,0.0,0.0,0.0,-26.809559999999998,0.014642622719943488,0.0020707795639256497
VAL  83,11.616819999999997,0.032410917915030764,0.004583595968439762,-5.649679999999998,0.06496381762191995,0.009187271194445146,-30.853500000000007,0.08064372262841144,0.011404744626135352,-1.8152999999999992,0.03632037995398927,0.005136477392147551,0.12283502399999997,0.005350107191246849,0.000756619415001112,-26.578824976000007,0.03542970333038296,0.005010516696068279
ASP  84,14.051719999999998,0.02791418277832118,0.00394766158676633,-4.45576,0.03194718140935479,0.004518013722870315,16.5704,0.5283197138097138,0.07471569045387694,-86.55904000000002,0.5281125622380491,0.07468639479766544,0.327607776,0.003306997807227607,0.0004676801149719368,-60.065072223999984,0.03013159398175492,0.004261250886491734
PRO  85,17.98962,0.009376331910218532,0.0013260135752742677,-3.914020000000001,0.02548528202679938,0.0036041631483202962,-1.6138199999999996,0.07931952849079217,0.01121747529527174,-10.12232,0.07435413640103156,0.010515262811687786,0.60358824,0.005205102299861537,0.0007361126266003575,2.9430482399999986,0.028160544120448126,0.003982502341894366
GLU  86,13.88518,0.011227982896404542,0.0015878765690188448,-2.9892199999999995,0.027476018634461672,0.0038856958192871583,28.0751,0.6648698293653003,0.09402679299010931,-107.66504000000003,0.6552679744916806,0.0926688856514882,0.74410128,0.005388947152394635,0.0007621122149828362,-67.94987871999999,0.029132523927668144,0.0041199610444666995
THR  87,13.11664,0.011001381730548066,0.0015558303248184664,-2.0450800000000005,0.019669102673971345,0.0027816311761239185,-32.452540000000006,0.07970902332458205,0.01127255818291373,-7.885020000000001,0.08750439760363476,0.012374990585834803,0.5611456799999999,0.0026933129030459703,0.0003808919635202064,-28.704854320000003,0.030690082536765678,0.00434023309538437
ASP  88,12.407359999999999,0.012155262235081062,0.0017190136707053137,0.24866000000000008,0.009615841096854564,0.0013598852892796303,-11.61998,0.7552932275613045,0.10681459259857451,-73.37714000000001,0.7503187858490923,0.10611110030511002,0.9952594559999999,0.0030802072052145656,0.00043560708045337656,-71.345840544,0.016935957502312464,0.0023951060791544652
GLU  89,15.008019999999998,0.008573190771599789,0.0012124322662008281,-1.7081799999999996,0.004568106829113628,0.0006460278632101647,37.63179999999999,0.8766269674158077,0.12397377464614324,-117.69577999999997,0.8617480673671875,0.121869580421948,0.9839247839999995,0.0027895179913914924,0.0003944974175909603,-65.780215216,0.020615115568391223,0.00291541760267076
GLN  90,19.653779999999994,0.0047845167298245376,0.000676632844871883,-1.4967599999999999,0.006497876576292859,0.0009189385180819814,-66.46052000000002,0.04607612827917173,0.0065161485514047155,-10.737220000000002,0.05046237806437433,0.007136457944823675,1.2399206399999998,0.004514924754287479,0.0006385067820607366,-57.80079935999999,0.013969649256249335,0.001975606743978303
LEU  91,8.311180000000002,0.007303944139115452,0.0010329336860352553,0.27306,0.012080413900193026,0.0017084285176733433,4.79114,0.38856206762884254,0.05495097458644409,-111.87558000000003,0.38259043844789276,0.054106458688727876,1.5188660639999998,0.00746442468779185,0.001055629062878779,-96.981333936,0.01824391006573577,0.002580078504567855
GLU  92,9.126479999999999,0.8080460442326363,0.1142749674775724,-0.6208600000000001,0.9284797684387098,0.1313068680915054,-93.93373999999999,12.245758434347877,1.7318117659399486,-70.38162,9.807160708156083,1.386941968184686,1.2417838559999996,0.10845633510981172,0.0153380420037577,-154.56795614400005,1.7222445195377696,0.24356215572530485
ALA  93,6.368999999999999,0.22547922298966697,0.03188757751853344,-0.4661999999999999,0.3887885286373559,0.05498300100940292,0.6416600000000002,0.4184070080675032,0.0591716865401012,-5.127140000000001,0.41609345152260613,0.05884450023579015,0.704703024,0.07089898883851835,0.010026631157397133,2.122023024,0.2679337730913439,0.0378915575723574
ALA  94,6.912019999999999,0.09415933092383533,0.013316140281646429,-1.1797199999999997,0.3396738459169347,0.048037135967915805,-1.9003,0.5361520400035792,0.07582334864670638,-4.01336,0.3880958520778151,0.054885041750918864,0.550526976,0.06161535316597221,0.008713726809772592,0.36916697599999987,0.3235970000857352,0.04576352662644943
SER  95,10.122019999999997,0.2779637019469423,0.03931000371407985,-2.35378,0.21836852245687574,0.030881972605388743,-9.76708,1.0818121988589364,0.15299134835669675,-8.196280000000002,0.6741411436783674,0.09533795483436565,0.48212064000000004,0.03458569139069998,0.0048911553828778305,-9.71299936,0.7671081790898641,0.10848547906762147
GLU  96,15.5012,0.44828160792079386,0.06339659296840049,-3.3128800000000003,0.4900659400529673,0.06930578988800265,-10.598879999999998,5.308584811943769,0.7507472638058704,-68.04234000000001,4.493689818445275,0.6355037086343198,0.755572464,0.05400599569063401,0.007637601155515754,-65.69732753599999,1.0494549862822506,0.14841534747004292
SER  97,11.42708,0.7287644294283366,0.10306285398726439,-3.8650399999999996,0.21108017055138886,0.02985124399418001,-4.769379999999999,1.4309732337119394,0.2023701754508309,-7.470239999999999,0.992666702574436,0.14038427136969467,0.35103815999999993,0.0243754503637423,0.003447209249335655,-4.326541839999999,0.7215574172677095,0.10204362855308972
LYS  98,10.9207,0.27473123229810303,0.03885286347234506,-5.4947599999999985,0.20416009012541653,0.028872596835067744,-22.77048,4.371830478140709,0.6182701954582643,-6.500139999999999,4.506046537753467,0.6372512126375282,0.7604308799999999,0.020678620711911892,0.0029243985861954983,-23.084249119999996,0.48928704732443906,0.06919563782197082
VAL  99,8.57166,0.2930571691666833,0.04144454231861899,-6.582140000000002,0.24851889344671363,0.03514587896182965,-63.37581999999998,2.90368179861408,0.41064261804159335,-51.04353999999999,3.552781058326038,0.5024391156826921,0.16837056,0.029492051190841122,0.00417080587762891,-112.26146944,0.8938443605963255,0.12640868174060307


