#Frame       SA_00001
       1    6021.1902
       2    6181.5189
       3    6076.2545
       4    6105.0277
       5    5994.0789
       6    6072.3488
       7    6015.1142
       8    6034.7287
       9    6075.9968
      10    5999.3753
      11    6029.1952
      12    6032.8440
      13    6035.5119
      14    6067.2513
      15    6079.8734
      16    6144.7031
      17    6089.5640
      18    6026.9147
      19    6007.9486
      20    6107.9859
      21    6035.3093
      22    6002.6070
      23    6025.8297
      24    6103.6483
      25    6015.0944
      26    6042.9845
      27    6080.2508
      28    6014.2165
      29    6137.9322
      30    5959.4288
      31    5991.7703
      32    6054.3672
      33    5963.7455
      34    5995.1430
      35    6036.6873
      36    6043.6886
      37    6145.3218
      38    6033.9812
      39    6068.6585
      40    6095.9349
      41    6110.4705
      42    6125.1156
      43    5957.8363
      44    6032.5268
      45    5982.4722
      46    6128.0159
      47    6081.4293
      48    6065.0890
      49    6038.8279
      50    6116.7480
