| Run on Mon Jun 20 15:46:08 2016
| GB non-polar solvation energies calculated with gbsa=2
idecomp = 2: Per-residue decomp adding 1-4 interactions to EEL and VDW.
Energy Decomposition Analysis (All units kcal/mol): Generalized Born Solvent

Total Energy Decomposition:
Residue,Internal,,,van der Waals,,,Electrostatic,,,Polar Solvation,,,Non-Polar Solv.,,,TOTAL,,
,Avg.,Std. Dev.,Std. Err. of Mean,Avg.,Std. Dev.,Std. Err. of Mean,Avg.,Std. Dev.,Std. Err. of Mean,Avg.,Std. Dev.,Std. Err. of Mean,Avg.,Std. Dev.,Std. Err. of Mean,Avg.,Std. Dev.,Std. Err. of Mean
GLY   1,1.1649999999999996,0.005817215828971782,0.0008226785520583341,0.051980000000000005,0.02812933699894116,0.003978088988446589,-18.199999999999996,0.2205355300174889,0.03118843375358716,-96.64589999999998,0.2140171254917796,0.030266592145057933,0.9981367200000001,0.0055777747562616884,0.0007888164708167564,-112.63078328,0.009242068969622192,0.001307025928122724
SER   2,11.247299999999997,0.017401436724973185,0.002460934782123433,-0.50902,0.01413717086265914,0.0019992978767558304,-4.427720000000001,0.07109122027363501,0.010053816787662777,-12.01366,0.05109466116961611,0.007225876279092905,0.8441807040000002,0.006534016056527744,0.0009240494123905103,-4.858919295999998,0.012477760802427266,0.0017646218554840032
HIE   3,27.208040000000004,0.02503434439985489,0.003540390937539372,-1.7664000000000004,0.020356817039975522,0.0028788886744681107,-5.58446,0.09476776034079529,0.01340218519496758,-22.408820000000002,0.0601500423925674,0.008506500572888542,1.3224628800000002,0.007542878761156015,0.0010667241443362806,-1.229177119999999,0.06871628711162517,0.009717950518918382
GLY   4,3.9238,0.009887365675494458,0.001398284663442648,-2.1067,0.029049784852897366,0.004108259972298796,-5.6042000000000005,0.06759260314554283,0.009559037608452899,-5.8773599999999995,0.07555230241365136,0.010684709074189927,0.169820928,0.0022385255339188196,0.0003165753169786468,-9.494639072,0.04480736790226048,0.006336718738161767
GLY   5,5.673759999999999,0.00570108761707974,0.0008062555428351479,-4.0166,0.008017480900918066,0.001133843022614559,-8.325979999999998,0.15577849530676385,0.022030406078889897,-2.6273999999999997,0.15399545447837928,0.021778246026713254,0.023754239999999996,0.0010227356068896953,0.00014463665659852852,-9.27246576,0.021474236417646706,0.0030369156383442198
SER   6,11.457340000000002,0.008785465266088262,0.0012424524131059772,-3.1022000000000007,0.014978651474646318,0.002118301206150458,-2.9631799999999986,0.036232962893041246,0.005124114752830002,-5.756300000000002,0.04147975409724407,0.005866123080822351,0.4417109279999999,0.0019462002535422295,0.0002752342793653377,0.077370928,0.019202677481716075,0.0027156686928519304
PRO   7,18.856559999999998,0.010888819958563155,0.0015399116863638856,-3.4874599999999987,0.01329392342446695,0.001880044680403054,0.5141199999999998,0.062398923067630875,0.008824540327971895,-3.5269000000000004,0.05899499978810155,0.008343152881253108,0.612631584,0.005688635394601423,0.0008044945326440955,12.968951584000001,0.02164204664210254,0.003060647587877251
ARG   8,13.75116,0.033501259676665514,0.004737793579132326,-5.6662599999999985,0.02349536975695189,0.003322747056325201,-172.97706,0.9441180733391323,0.13351845837977572,-35.11154,0.9286638834369951,0.13133290588426655,0.5443320959999999,0.005007638963705737,0.0007081870937940604,-199.459367904,0.04215485535484754,0.005961596816270147
VAL   9,10.740059999999998,0.012062188857050302,0.0017058511073546158,-2.2412400000000003,0.028744084608817427,0.004065027429178934,-30.22046,0.023297390407131215,0.0032947485481665804,-2.87534,0.022457613408402154,0.003175986146069419,0.7232091839999998,0.006282543593427153,0.0008884858356024879,-23.873770816,0.05553532456667072,0.007853880919297746
VAL  10,11.02948,0.0498743380905278,0.007053296534200546,-4.699139999999997,0.05994898164296736,0.008478066288994014,-21.83854,0.03756658621876129,0.005312717572263042,-1.4475200000000001,0.048769351031151376,0.006897027765638856,0.06782975999999996,0.0019967743267592063,0.00028238653339012756,-16.887890239999997,0.03810704095403914,0.005389149413910912
ARG  11,11.986399999999996,0.048193775533056184,0.006815629098081269,-4.71368,0.06159267488908217,0.008710519617097677,-177.96878,0.809419428716578,0.11446919337392672,-28.375059999999994,0.7840397798584244,0.11087996901157995,1.1386162080000002,0.00961543187378845,0.0013598274163986168,-197.93250379200006,0.061688988820053976,0.008724140463840256
ILE  12,14.235099999999997,0.04029751853461163,0.005698929724162894,-7.349340000000003,0.15445719277505937,0.021843545682856458,-14.223019999999998,0.13806367951096138,0.019525152803553398,-2.35072,0.09686135245803586,0.013698263831595484,0.010799568000000002,0.0018256039278484958,0.0002581793834284936,-9.677180432000002,0.2120582583323037,0.02998956649467613
VAL  13,11.353639999999999,0.11620391731797705,0.01643371558719649,-2.96288,0.053689715961220595,0.00759287244723174,-20.655900000000003,0.08999649993144862,0.012727427076916395,-2.43948,0.07271705164538778,0.010283744065269218,0.6338243519999999,0.013801095477132335,0.0019517696399366528,-14.070795647999994,0.10002063451600005,0.014145053784968976
LYS  14,11.50864,0.1937173982894183,0.027395777192852598,-6.5399199999999995,0.277675050373649,0.039269182217104674,7.27936,4.855167435876955,0.6866243635409394,-46.37266000000002,4.923043260463801,0.6962234547097368,0.6047206559999999,0.04724185635307858,0.006681007396620529,-33.519859344000004,0.31168601504858856,0.04407905896837385
SER  15,11.247480000000001,0.06671139033155023,0.00943441529716437,-2.23458,0.030569978737342438,0.004323247853180682,-19.141179999999995,0.2359902277642743,0.03337405806917525,-4.1888200000000015,0.2259483737493807,0.03195392545525192,0.3972841919999998,0.008614936297669362,0.001218335975114427,-13.919815807999996,0.049983989095949165,0.0070688035281000206
GLU  16,15.968280000000002,0.031271738038819774,0.0044224916053477534,0.4694,0.023422211680368326,0.0033124009419150404,-42.815799999999996,0.9532142256601029,0.13480484857754854,-39.99287999999999,0.9330781669297621,0.1319571798426296,1.34377848,0.004809046009970986,0.0006801018089377187,-65.02722152,0.02851476045737138,0.004032596096663464
SER  17,10.3846,0.03386502620662899,0.004789237935153501,-1.2109800000000004,0.05230468047889574,0.007396998850884563,-7.091739999999998,0.2956223137721822,0.041807308547673463,-10.63234,0.33365081207757163,0.04718535035368986,0.551932416,0.022347834986178868,0.0031604611327130105,-7.998527584,0.023442149715913345,0.0033152206059425247
GLY  18,5.17088,0.04287080125203551,0.006062846856043008,-2.78604,0.07644526407828388,0.010810992923870184,-10.990540000000001,0.17950500940081618,0.025385841880854416,-1.1209600000000002,0.1560982972360666,0.0220756329014592,0.13638096,0.006177034715395537,0.0008735646269761799,-9.590279039999999,0.04317198296466304,0.006105440382316669
TYR  19,10.23692,0.10046190123641457,0.01420745832303239,-9.936119999999999,0.17912728882002468,0.02533242412404014,-33.154360000000004,0.41229061400943257,0.05830669779712703,-0.056979999999999996,0.25972935837136313,0.03673127811552437,0.03663662399999999,0.007678902863783638,0.001085960857410842,-32.873903376000015,0.4275471985335096,0.06046430467207115
GLY  20,6.76494,0.1457446273452364,0.0206114028634646,-3.1026000000000007,0.07974634787875017,0.011277836671985137,-16.83694,0.35855110709643534,0.05070678384596669,2.8999599999999996,0.28856423617628507,0.04080914564163352,0.016781184,0.005383315737177598,0.0007613158126053075,-10.257858816,0.09141002870475068,0.012927330233117233
PHE  21,9.995420000000001,0.28593391474250635,0.04043716201712847,-9.52568,0.11509638395713123,0.01627708671722761,-4.0217600000000004,1.0889233684699735,0.15399701960752316,-4.56158,0.29347395727729336,0.04150348505848506,0.0015125760000000005,0.0026108442357643626,0.000369229132746158,-8.112087424000002,1.0188685546383311,0.14408977282450006
ASN  22,17.953719999999997,0.7893166675042986,0.11162623361917139,-6.878100000000001,0.2827024761122324,0.039980167583437504,-82.86016000000004,9.152781470918832,1.2943987689610579,-11.902180000000001,7.156901560563759,1.0121387251518437,0.23016988800000004,0.06799966318180274,0.009616604590850784,-83.456550112,1.730884964196001,0.24478409912736535
VAL  23,10.965380000000003,0.35682751519459743,0.05046303114160913,-7.01054,0.188332388080203,0.02663422174571361,-27.477059999999998,0.31910540014275457,0.04512831847083769,3.07736,0.25046874136306524,0.03542162909861658,0.0,0.0,0.0,-20.44486,0.4342749364171158,0.06141575048797986
ARG  24,12.188279999999999,0.3377596210325403,0.04776642368862154,-8.98878,0.25398750284212174,0.035919257119260355,-73.09136000000001,1.4179716606468835,0.20053147535475224,-129.53784,1.566338103478799,0.221513658920147,0.6864111360000001,0.04830395478708284,0.006831210797614934,-198.743288864,0.2537436189975117,0.03588476673519123
GLY  25,6.787659999999999,0.19189691086623162,0.02713832139245257,-3.9445199999999985,0.2647165457617069,0.03743657292007639,-21.388840000000002,0.7512491027614908,0.10624266698459192,3.168380000000001,0.3537619476427568,0.05002949442079074,0.043459920000000006,0.0170431412918628,0.0024102641560393282,-15.333860079999997,0.15060299685584583,0.021298480068756974
GLN  26,20.32956,0.6414308430377487,0.09071201975483921,-7.228079999999998,0.722489386496458,0.10217542890539077,-79.62360000000001,0.5490076502182756,0.07764140647852696,-4.44422,0.3262925858796175,0.04614474002527429,0.29282616,0.04134102606494399,0.005846503974346342,-70.67351384,0.7223225404326573,0.10215183330876522
VAL  27,12.111999999999998,0.11826208183550277,0.016724784004624484,-1.9439400000000004,0.11053206050733978,0.01563159390465235,-21.16772,0.35753237839393587,0.050562713851221346,-7.23148,0.3637831353980062,0.05144670438424683,0.6400681919999996,0.02024607368068352,0.00286322719840276,-17.591071808000002,0.21841997524272772,0.03088924912814612
SER  28,11.077819999999997,0.04212015669553166,0.0059566896848100796,-2.1666600000000007,0.13615088835552114,0.019254643284152308,-13.110120000000002,1.7701722813330811,0.2503401647998165,-5.1229000000000005,0.7272462650299398,0.10284815311905192,0.6437832479999999,0.021878929891735087,0.003094147938310187,-8.678076751999999,1.0087925326249065,0.14266480812588458
GLU  29,14.368300000000007,0.12037379282808684,0.01702342503717696,-2.2049,0.06347322270060095,0.008976469239071767,-34.173080000000006,1.8814951165495204,0.26608359113630786,-45.16786,1.5249091515236721,0.2156547203471626,0.964218384,0.02957146387999662,0.004182036527831732,-66.21332161599999,0.36149922660672995,0.05112371090546223
GLY  30,4.810480000000001,0.08408073263236449,0.011890811242295591,-1.9142199999999994,0.12771034257256425,0.018060969852143442,-10.894700000000002,0.48275663641209016,0.0682720982539595,-1.2237200000000001,0.40496948230699986,0.057271333422577037,0.21539966400000002,0.01615386563021678,0.0022845015859005178,-9.006760336000001,0.09872385747758497,0.013961661817458915
GLY  31,5.377299999999999,0.03746531729485104,0.005298395983698961,-1.5273599999999998,0.2232669935301686,0.03157472102806305,-0.023320000000000007,0.5896497075382977,0.08338906134499896,-10.97396,0.35560972765102583,0.05029080997558833,0.4108282559999998,0.017998299466301625,0.0025453439204896197,-6.7365117439999995,0.08981368714055321,0.012701573444090439
GLN  32,18.524880000000007,0.058752579515652645,0.008308869477543966,-1.9363600000000003,0.09527093155836089,0.013473344350975287,-67.75742,0.1125536476545177,0.01591748950075816,-14.214220000000001,0.18417299367723075,0.0260459945481194,1.1516364000000001,0.007149152215544176,0.0010110428022692235,-64.2314836,0.06630951213084374,0.009377581136978248
LEU  33,11.881120000000003,0.034168781071873384,0.004832195360160044,-3.1726999999999994,0.03702715219945364,0.005236430081652012,-22.979040000000005,0.04485173797792015,0.006342993614437909,-0.69074,0.048083598035087084,0.006800047646891645,0.7825271040000001,0.0054028004463028065,0.000764071366595684,-14.178832896000001,0.020873393002930212,0.0029519435477487572
ARG  34,11.14014,0.011864248816185143,0.0016778581583217966,-3.9473600000000006,0.025218057022652507,0.003566371825813325,-117.73459999999997,0.7668262906299338,0.1084456140193105,-89.28067999999993,0.7405014366049958,0.10472271746035457,1.2167670239999997,0.012271386242076786,0.0017354360852663599,-198.605732976,0.028200333433096685,0.003988129400452876
SER  35,10.40528,0.008294672987266915,0.0011730439034042626,-3.3155799999999993,0.007227973436886121,0.0010221898062916825,-13.125499999999995,0.022424317161827887,0.0031712773457212746,-7.04408,0.022586580086661305,0.003194224788618249,0.583257744,0.002861386345700133,0.00040466113772783175,-12.496622256000002,0.011153291586712088,0.0015773136227029971
ILE  36,12.775199999999998,0.029412922331372122,0.004159615367005293,-4.32094,0.02161611435952101,0.003056980209304242,-6.984819999999997,0.10301333700075295,0.0145682858291775,-4.29904,0.06246917960083245,0.008834476102181793,0.22716691200000003,0.0039496252063488555,0.0005585613533109186,-2.6024330879999997,0.05090461002375394,0.007198998988290622
ASN  37,19.751939999999998,0.009396616412752145,0.0013288822371331703,-3.0338399999999996,0.019784195712720665,0.0027979077897573204,-81.16094,0.18783944314650428,0.026564508804639626,-17.933440000000004,0.19351063640000152,0.027366536646033085,0.6696702719999998,0.00415362840782657,0.00058741176274065,-81.706609728,0.019292368979952977,0.002728352986175549
GLY  38,6.0889200000000026,0.0215367964183586,0.003045762958491103,-0.9937599999999998,0.019848989898749475,0.0028070710714218072,-7.65896,0.11024082002591792,0.015590406280778462,-7.503359999999998,0.08439899525486044,0.011935820374008612,0.535430592,0.002798792446164432,0.000395809023563311,-9.531729407999997,0.06743100738297417,0.009536184516548236
GLU  39,14.739720000000002,0.01831943230405755,0.0025907589619373985,-2.85374,0.14586292332185685,0.02062813244091568,-2.429179999999999,1.3478364543222607,0.19061285935634056,-75.72923999999998,1.1641073758051201,0.16462964389221543,0.8397902880000001,0.024203964478973508,0.0034229574829360977,-65.43264971199999,0.07543171973726241,0.010667656108556278
LEU  40,11.14172,0.01804000000072092,0.0025512412666230167,-3.1687800000000004,0.03867520652819276,0.005469500159975066,-18.96956,0.126457765281214,0.017883828672808633,-11.570639999999996,0.09186811416427555,0.012992113300075832,0.9204537600000002,0.005370079346835856,0.0007594439043314919,-21.646806239999997,0.028283367751554888,0.003999872226383475
TYR  41,9.312299999999999,0.19861341847931846,0.028088179008273526,-7.76208,0.10215083749037011,0.014446309978665143,-33.406180000000006,1.206693957720587,0.17065229606421203,-0.25326,0.6693138818222732,0.09465527691576417,0.17710833599999998,0.004265212639846621,0.0006031921561676243,-31.93211166399999,0.24825714271201263,0.03510886181793212
ALA  42,10.48618,0.0556221862210703,0.00786616501226795,-3.97606,0.14397033166596032,0.020360479562135374,7.345219999999999,0.24056452689458538,0.03402096165601898,-1.9933800000000008,0.16513871623576817,0.023354141217350535,0.112187088,0.00621427578044694,0.0008788313089034712,11.974147088,0.18652745058690567,0.026378965037487934
PRO  43,19.32164,0.11582707110170368,0.016380421484198212,-6.35154,0.1333683935571816,0.018861139096047874,1.5878000000000003,0.11053289103248098,0.015631711358644208,-9.17,0.20264145676535086,0.028657829645660035,0.12211833599999998,0.023565230412060646,0.0033326268449183085,5.510018335999999,0.1315697461560882,0.018606771941192535
LEU  44,11.808600000000002,0.06799794114476433,0.009616361058037322,-8.109540000000003,0.07831505857736627,0.011075421797815477,-36.88621999999999,0.34477936655315544,0.048759165620587706,3.2986999999999993,0.2014011171766514,0.02848241913883133,0.05670835199999998,0.0040566469895343665,0.0005736965190359488,-29.831751648000004,0.14132377460449422,0.01998619987314341
GLN  45,20.2774,0.06991995423341864,0.009888174755740674,-7.782900000000004,0.38609357674007255,0.0546018772570948,-83.79214,1.5240756675431752,0.21553684791223868,2.3808400000000005,0.3648461790946938,0.05159704146557191,0.001039824,0.0017256818991413221,0.00024404827461074172,-68.915760176,0.8829400228773522,0.12486657551151623
HIE  46,29.81147999999999,0.2462879810318932,0.03483038030247909,-10.379339999999997,0.22883344248618928,0.03236193578884925,-13.10084,0.4816317830044097,0.06811301995947716,-11.029560000000002,0.5252495467870394,0.07428150326965526,0.273673152,0.02972508730797117,0.004203762161365718,-4.424586848000001,0.5295744080433905,0.07489313101406662
VAL  47,11.53848,0.1728877369855371,0.024450018241293912,-7.3776199999999985,0.05319018330488714,0.007522227861488236,-33.07984,1.1401657837351964,0.16124379147120638,1.64196,0.3660379739863054,0.05176558671550032,0.0,0.0,0.0,-27.277019999999993,0.9552653346586815,0.13509491919391806
SER  48,12.204839999999999,0.1390987217770785,0.01967152988459062,-4.8604400000000005,0.13799900869205173,0.019516006968634217,-11.45634,3.295200562090256,0.4660117325647486,-5.0581200000000015,4.005547666125069,0.566469983416597,0.15918854399999996,0.022122760784496837,0.003128630833857108,-9.010871455999999,0.7437470689972825,0.1051817191951195
ALA  49,6.759699999999998,0.11881199434420188,0.016802553377416575,-3.4854599999999993,0.14866165746421,0.021023933219074923,-1.8029399999999998,0.8503838288678832,0.12026243440077215,-2.7725199999999997,0.1928599740744628,0.027274519097502878,0.26529523200000016,0.017984533582088676,0.002543397130474419,-1.0359247679999999,1.0113687491900494,0.1430291401664881
VAL  50,10.836179999999999,0.05673189226537761,0.00802310114607863,-5.641399999999999,0.06955889590848491,0.009837113397747774,-27.255620000000004,0.21196489237523136,0.029976362554400563,0.28145999999999993,0.24647395075342135,0.03485668039271668,0.15249873599999997,0.004677184925905124,0.0006614538355942027,-21.62688126400001,0.06918991216767492,0.00978493121669291
LEU  51,14.672800000000006,0.023515101525738512,0.003325537549827966,-2.5761199999999995,0.06298782104506433,0.008907823078625943,-23.51296,0.11441590099234036,0.0161808518934505,-1.01254,0.10304799076158655,0.01457318661103331,0.5631775199999999,0.021733343784854118,0.0030735589536257705,-11.865642479999998,0.0931893805372289,0.013178968582489644
PRO  52,18.144899999999996,0.00994836670350018,0.0014069115115550874,-2.1559800000000005,0.010532786905440497,0.0014895610091259692,-6.181279999999999,0.06461672848426238,0.009138185377862373,-4.356859999999999,0.06843040552273003,0.009677520756893555,0.9264540960000005,0.00324478548652403,0.00045888196420336647,6.377234096,0.01326238361282157,0.0018755842774646951
GLY  53,5.293739999999998,0.013445906440586707,0.0019015383246677468,-1.23744,0.009614905095703792,0.0013597529187274484,-19.740979999999997,0.07681080392809966,0.010862688065189915,2.711260000000001,0.06156973607216096,0.0087072755784982,0.3036288959999999,0.0018933888831503974,0.0002677656237397739,-12.669791104000002,0.016049349710498456,0.0022697208027855622
GLY  54,4.336139999999999,0.008251084777285127,0.0011668795996326816,-2.1174399999999993,0.019017002918488568,0.0026894103443015262,-11.316960000000002,0.08459100661371918,0.011962974880791384,-2.1613599999999993,0.08406158694672831,0.011888103633466832,0.07527772800000002,0.005242687712196081,0.0007414280065874471,-11.184342271999999,0.03771052984555446,0.005333074275185849
ALA  55,9.349699999999999,0.025300790501920183,0.0035780721066575906,-4.483300000000001,0.045258921772405133,0.006400578098891829,-5.5369399999999995,0.06943238725553134,0.009819222372471327,-1.1577000000000002,0.04517488240161073,0.006388693137096755,0.128660976,0.007500192839402497,0.0010606874433896584,-1.6995790240000002,0.05127014243306782,0.007250693077364483
ALA  56,9.371479999999998,0.03426207232552494,0.004845388735776526,-6.250679999999999,0.04616727845576114,0.00652903913299926,-7.989880000000003,0.1532674316348698,0.021675288048812403,-0.5036400000000001,0.12476437953198011,0.017644347763519044,0.0,0.0,0.0,-5.372719999999999,0.05797863054626258,0.008199416564634354
ASP  57,17.08058,0.021759678304904544,0.0030772832171671602,-5.345560000000001,0.02072501869690756,0.0029309602521602643,-51.097019999999986,1.4851063866273049,0.21002575935352358,-26.655280000000012,1.4463021128379745,0.2045380063264326,0.4591067040000001,0.002360339527504612,0.00033380241716023253,-65.558173296,0.04449918519868402,0.006293135122253103
ARG  58,13.742359999999998,0.0277631122189576,0.003926296983373603,-3.2533600000000003,0.014880537624752183,0.002104425812432766,-155.19330000000002,0.965777867832054,0.1365816158927861,-55.912420000000004,0.9381343846162378,0.13267223700528208,1.5718645439999996,0.004539616898703652,0.0006419987786124794,-199.04485545599996,0.04801877521087913,0.006790880315177024
ALA  59,7.526079999999997,0.025317851410913354,0.0035804848835460463,-3.38944,0.014646719769429233,0.002071358974220495,-8.973700000000003,0.045469660213651064,0.006430381015064166,-3.3182799999999992,0.04047618559107717,0.005724197061603179,0.259875504,0.003727070160055947,0.0005270873168267183,-7.895464496000001,0.03697565353971835,0.0052291470713478425
GLY  60,6.562979999999999,0.02946760254966598,0.004167348317635762,-2.1673000000000004,0.018793881983196748,0.00265785627902762,-15.210120000000003,0.15674548031733543,0.02216715841054608,1.8207799999999994,0.09025193405130955,0.01276355091657641,0.197772192,0.0064495903677627845,0.0009121098169841007,-8.795887808,0.0520319893656709,0.007358434503818443
VAL  61,11.180660000000003,0.026738444231421115,0.003781387046883239,-5.7201999999999975,0.03324635318390655,0.004701744357212657,-19.83044,0.03616913601299246,0.005115088268889107,-2.51918,0.06583667367053532,0.009310711680640271,0.021501503999999994,0.002221722814840833,0.00031419905365816345,-16.867658496,0.05190197673983528,0.007340047941944796
ARG  62,11.265259999999998,0.024689115011766162,0.003491568129262888,-5.04282,0.13229961300021342,0.018709990700161366,-125.14406000000002,0.972121708632559,0.1374787704625471,-73.65144,1.0966957492397873,0.155096200237183,1.2850866719999996,0.0064718982649951415,0.0009152646300655032,-191.28797332799996,0.03148539219728637,0.00445270686620384
LYS  63,8.95238,0.01962130474767282,0.0027748715285614498,-3.436739999999998,0.06472211677634232,0.009153089533059853,65.94795999999997,2.1605038205021105,0.30554138045129714,-104.71809999999999,2.210817887118484,0.31265686398999903,1.192534128,0.011271687711351305,0.0015940573632227167,-32.061965871999995,0.06814988117635219,0.009637848623371217
GLY  64,6.276999999999999,0.015524174696572622,0.002195449840054223,-2.7680000000000007,0.05876903946805058,0.008311197266335684,-13.895780000000002,0.24270807897537292,0.034324105698449264,-4.417280000000002,0.20296433578338513,0.028703491634291013,0.15904267199999997,0.0030960458151029586,0.0004378469981447068,-14.645017328000009,0.10271705873968238,0.014526385755673268
ASP  65,14.546180000000001,0.03285586096829773,0.004646520418481146,-6.57172,0.08424892640263418,0.011914597433397798,-91.36930000000001,1.3414643528610717,0.18971170812561747,18.41069999999999,1.1536376077435568,0.16314899509345906,0.01172088,0.0011397372581433448,0.00016118318880082436,-64.97241912,0.18858246035421666,0.02666958730586197
ARG  66,13.94994,0.2564873026096771,0.03627278219270975,-9.125160000000001,0.1779963325464599,0.025172482753987514,-134.29108,0.7179901626063636,0.10153914256083832,-69.27900000000001,0.6235008259810381,0.08817633242532111,0.61418088,0.02015375237620577,0.002850170994313919,-198.13111912,0.12655005759371576,0.017896880776812913
ILE  67,13.198219999999994,0.03247478406674851,0.004592628006233343,-8.480260000000001,0.0725864477706405,0.010265273888172608,-12.539299999999999,0.12035235768354971,0.01702039364996538,-0.8365799999999999,0.13101008968778025,0.01852762456441744,0.0,0.0,0.0,-8.65792,0.06641260121383968,0.009392160134908796
LEU  68,13.254919999999997,0.02893222425050206,0.004091634392467977,-7.512580000000001,0.0374625626460825,0.005298006417534157,-34.198039999999985,0.04434093369579268,0.006270754980087617,-1.6056799999999993,0.045473262473706796,0.0064308904515667665,0.125869968,0.0028876658652581817,0.0004083776230249959,-29.93551003200001,0.024151594501424397,0.003415551249684985
GLU  69,15.43574,0.03500446257238138,0.004950378571344314,-6.1408999999999985,0.034666554487327715,0.004902591151672473,-20.21556,0.5151564484697749,0.07285412361699121,-60.85487999999999,0.5083128816021507,0.07188629710907109,0.398795472,0.0035037389258345403,0.0004955035107929747,-71.37680452800001,0.058953403437175464,0.008337270268890617
VAL  70,10.891699999999998,0.027789386463129107,0.003930012722618448,-6.5676,0.07507303110980361,0.010616929876394154,-26.38634,0.03667293824783862,0.0051863366642164385,-1.9409600000000002,0.03728375517565624,0.005272719222561113,0.0,0.0,0.0,-24.003199999999996,0.038871068934779755,0.0054971992871505025
ASN  71,18.440559999999994,0.1024150692045105,0.014483677986039785,-4.067880000000001,0.041449072365920846,0.0058617840287669126,-89.22836,0.1456142520545023,0.020592965013029145,-8.824179999999998,0.15444567847634955,0.021841917315116793,0.345377376,0.006790892035026101,0.0009603771616545338,-83.33448262400002,0.12398905023567683,0.017534699642905317
GLY  72,6.1156799999999985,0.01715393832404399,0.002425933222597461,-1.2354399999999999,0.0209515250041711,0.0029629930813297786,-5.083019999999999,0.027141473799552427,0.003838384035012106,-6.621500000000001,0.02546703751916848,0.0036015829853072523,0.507779856,0.005589535705806113,0.0007904797202519675,-6.316500144000003,0.033838254516605534,0.004785451846441619
VAL  73,10.739780000000003,0.02065845105392775,0.002921546165808538,-2.3878799999999996,0.025280537968966482,0.0035752079659800377,-30.492980000000003,0.04416491366933885,0.006245861989221589,-0.05369999999999999,0.022830900113661748,0.0032287768581925878,0.5179714559999999,0.00441215841149653,0.0006239734264876924,-21.676808543999996,0.013953154956812862,0.0019732740977818127
ASN  74,20.463299999999997,0.02292880284691208,0.0032426223955081897,-4.3911999999999995,0.02567177438352503,0.0036305371503363294,-92.91186000000003,0.11403455790397209,0.016126921836701735,-4.84806,0.11311594228931966,0.01599700997061682,0.591135696,0.003646426814780786,0.0005156826255663914,-81.09668430399998,0.05056687215016972,0.0071512356401556365
VAL  75,13.517539999999999,0.06596005154657657,0.009328159947199701,-6.353740000000001,0.036161753275726766,0.0051140441921722485,-34.61185999999999,0.27406320511964594,0.03875839016276427,2.12718,0.29105502503821945,0.04116139638058907,0.016879392,0.007577200605285296,0.001071577986081609,-25.304000608000003,0.049751574876232385,0.007035935193938837
GLU  76,15.363199999999997,0.07763298268156271,0.01097896169957416,-5.959220000000001,0.09463282517179485,0.013383102480363429,-8.462799999999998,0.33993169902210046,0.048073601903758346,-71.19604000000001,0.35578527006990673,0.05031563542254365,0.497498544,0.004848553237581573,0.0006856889746475839,-69.75736145600001,0.1960338982803043,0.02772337976328741
GLY  77,6.182860000000001,0.0695597613566132,0.00983723579059583,-3.505860000000001,0.20471570628554844,0.028951172825980965,-12.569080000000007,0.3260675905389041,0.04611292087904353,-2.618900000000001,0.13654599957521707,0.019310520448706285,0.052265808,0.00937399431490846,0.0013256829893751835,-12.458714192000002,0.04845175349791324,0.0068521126917506945
ALA  78,7.031960000000001,0.0813114899629126,0.011499181188231478,-4.00222,0.46853342634223316,0.06626063259583216,-12.091600000000007,1.1597950336157739,0.1640197866112387,2.37384,0.8877198738340824,0.1255425485164292,0.08562585600000006,0.019586337437919724,0.002769926404192197,-6.602394144,0.6930486415486765,0.0980118788262388
THR  79,15.152919999999996,0.1735914560113644,0.024549539140336404,-6.693760000000001,0.1475117025865505,0.020861305040664607,-30.68763999999999,0.18724419991219615,0.026480328699152688,-6.119020000000001,0.2833297365261727,0.040068875601890916,0.12353011199999994,0.008989800282913536,0.0012713497483121808,-28.223969888000006,0.19361316586615754,0.027381036502191158
HIE  80,30.924840000000003,0.11155310125495309,0.015775990871953378,-12.346179999999999,0.14827672642751866,0.0209694957498082,-5.876900000000002,1.4454815702733745,0.20442196408409644,-9.763280000000002,0.6121442000051459,0.08657026297753058,0.018485280000000003,0.007123320354778383,0.0010073896254855915,2.956965279999999,0.809640480914885,0.11450045487561054
LYS  81,11.580500000000002,0.018793881981353653,0.002657856278766967,-3.5908800000000003,0.0684083737563894,0.00967440499461736,26.34785999999999,0.6013406359131537,0.08504240829144434,-67.53981999999998,0.5957818624315312,0.08425627900665729,1.0259244000000003,0.015893391502702022,0.0022476649815226504,-32.1764156,0.045630942719427,0.006453189805768349
GLN  82,20.79766,0.09137978113350756,0.012923052580569146,-6.069300000000002,0.10951351514757737,0.015487549838485529,-77.5417,1.5886217328236747,0.22466504000398882,-9.747740000000002,1.1521510805445534,0.16293876840089236,0.5829664319999999,0.034388049250622985,0.004863204563378497,-71.97811356799998,0.6225823329231114,0.08804643789137456
VAL  83,13.186520000000005,0.16848694192673735,0.023827651835556,-7.696779999999999,0.14493340401718946,0.020496678560200855,-24.672299999999996,0.13692906922954,0.019364694678753992,-3.41372,0.1232139667407938,0.017425086283861805,0.0,0.0,0.0,-22.596279999999997,0.22555061870935536,0.03189767439804131
VAL  84,12.87808,0.043875204842857826,0.006204890974066723,-6.86716,0.27343894089909687,0.0386701058700438,-31.263439999999996,0.17100376136398637,0.02418358385377618,-2.7441000000000004,0.17393932850278102,0.024598735739870196,0.05308992,0.008436791396164796,0.0011931424815368895,-27.943530080000002,0.2607714917959901,0.03687865803781534
ASP  85,14.473699999999997,0.0621231840788409,0.008785544946209712,-4.47378,0.0735329286782608,0.010399126501780993,-80.00429999999999,1.023297908725777,0.14471617808680193,-1.76974,1.0921189094599542,0.15444893734823814,0.510523488,0.00625882428271254,0.0008851314185122132,-71.26359651199999,0.07607243553234208,0.010758267005259111
LEU  86,12.611960000000002,0.0537326567360868,0.007598945189851199,-6.0381599999999995,0.13700414008345704,0.019375311300728833,-30.82006,0.1489350744455697,0.021062600219397123,-2.35482,0.12105927308554168,0.017120366584860124,0.327187008,0.012130819634828097,0.001715556965027573,-26.273892991999997,0.12075825008019349,0.017077795503185153
ILE  87,14.340160000000001,0.15453069080273105,0.021853939873610555,-7.734200000000002,0.21586829317885844,0.03052838678998731,-7.526660000000001,0.24882046620003745,0.035188527789608924,-2.353779999999999,0.14502045235071087,0.02050898905358565,0.0,0.0,0.0,-3.2744799999999996,0.2549050992036064,0.03604902484117994
ARG  88,13.137759999999998,0.1596766182008357,0.022581683905349245,-4.51382,0.5586425221910656,0.07900398314009176,-142.20523999999997,2.7659280580681975,0.39116129722683224,-66.11728,3.3300764197838437,0.47094392365971516,1.0925988479999997,0.10307483541622249,0.014576983018499646,-198.605981152,0.3977814583414473,0.056254793324702304
ALA  89,8.52668,0.21759608820007736,0.03077273390518816,-1.4509200000000002,0.10292537879454053,0.014555846660362737,-7.20326,0.3030125944577288,0.04285245206519786,-5.593940000000001,0.188498107152264,0.026657657961638867,0.39019118399999997,0.012457548635384626,0.001761763423408338,-5.331248816,0.3178043419337333,0.044944321054374216
GLY  90,7.474680000000002,0.2815706263089004,0.03982009984919335,-0.7756000000000003,0.05882992435826782,0.008319807690084564,-15.500659999999998,0.9215783115938712,0.13033085470449507,-0.3396999999999999,0.6966570246541695,0.09852218125884141,0.471446496,0.017337053320019315,0.002451829593675681,-8.669833503999998,0.3754961525869843,0.05310317516074303
GLU  91,15.646779999999996,0.11613548811655591,0.016424038236725277,-1.1756400000000002,0.24539117832554555,0.03470355324747012,-14.343820000000001,3.4076755461164536,0.48191809734850316,-60.774119999999996,2.4834213548247854,0.3512088161080178,0.952183584,0.01693263119578703,0.0023946356683743775,-59.694616416,0.740187603650871,0.10467833477835027
LYS  92,10.799900000000001,0.1751838177457095,0.024774733096427887,-3.1722599999999996,0.11763465645804143,0.016636052656806198,23.6771,1.140853106232446,0.16134099355093987,-66.22432,1.227894090546178,0.1736504476008182,1.247845824,0.019562248888973822,0.002766519768930479,-33.671734176,0.1405583125718194,0.019877947194334368
GLU  93,15.062619999999992,0.07594258094258122,0.01073990279306149,-4.2196799999999985,0.09712413500265,0.013735426895450308,-40.48151999999999,1.1981332186367624,0.1694416247325838,-42.73698000000001,1.1234780903957953,0.15888379524667598,0.52455816,0.018595226956615647,0.002629762215745162,-71.85100184,0.08339171905024043,0.011793370007045681
LEU  94,12.975880000000002,0.08064753932997847,0.011405284389247313,-8.221219999999999,0.08418439047730285,0.011905470675311412,-31.961380000000005,0.07677835371610904,0.010858098912200012,-0.08384,0.056014055378985024,0.007921583680047823,0.0,0.0,0.0,-27.290560000000006,0.18086294921825777,0.02557788357152565
ILE  95,13.144720000000001,0.08610436458114602,0.012176996017017426,-5.01752,0.041440675670230784,0.005860596556674512,-12.866979999999998,0.06063810353248017,0.008575522841221733,-0.6086400000000001,0.05319427036815154,0.007522805859518115,0.3697918560000001,0.006799205394863858,0.0009615528482776782,-4.978628144,0.09028815116637942,0.012768672790108595
LEU  96,11.558420000000003,0.030918014165630333,0.004372467495467789,-8.113779999999998,0.03731449584321716,0.005277066609459219,-34.44194,0.07140543676451987,0.01009825370995584,0.08898000000000002,0.05579049739875059,0.007889967807285396,0.00010886399999999999,0.0003691757856414746,5.2209340295391584e-05,-30.908211135999995,0.04660295007724662,0.0065906524045838445
THR  97,16.223940000000002,0.020155803131007205,0.002850461014839248,-5.309080000000002,0.02368614785029766,0.003349727153026528,-45.124280000000006,0.05567837641103232,0.007874111505139612,2.50258,0.05824812099971721,0.008237528270054917,0.13067611199999998,0.0018713226399167408,0.00026464498569460783,-31.576163887999993,0.032063198919437826,0.004534421076493534
VAL  98,11.86394,0.01352096150475449,0.001912152713634833,-6.657419999999998,0.023075606167952595,0.00326338352026988,-26.650040000000004,0.03063720613408704,0.004332755242804607,-1.7874000000000003,0.036061059329961176,0.005099803917797193,5.7456e-05,0.00022741739965095019,3.216167709059961e-05,-23.230862543999997,0.013669385277381324,0.001933143004857578
LEU  99,11.552199999999997,0.018544001727228972,0.002622517874331731,-8.655880000000002,0.013789329207292516,0.0019501056380980515,-34.137820000000005,0.07595069189424142,0.01074104985484565,0.6100800000000001,0.070465265202083,0.009965293372500269,0.0,0.0,0.0,-30.631420000000006,0.031864770506558796,0.004506359061228165
SER 100,11.970300000000003,0.015135719339349277,0.0021405139565980487,-4.875320000000001,0.010907685363170208,0.0015425796574693807,-0.27219999999999994,0.1341992548414485,0.01897864062571397,-10.634999999999998,0.10535672736010136,0.014899691271989987,0.26273059200000004,0.003102476160219481,0.00043875638627215933,-3.5494894079999995,0.0443491949285011,0.006271923294821433
VAL 101,7.883180000000001,0.007981704076858628,0.0011287834156342095,-2.0448399999999998,0.02525498762622922,0.003571594601857806,-78.75334,0.4785771248219689,0.067681026056475,-32.02366,0.48164375258047576,0.06811471271315801,1.0234556639999999,0.004303077067135907,0.0006085469948280241,-103.91520433600003,0.03589925599276621,0.005076921470407358
TYR 102,3.7655799999999986,0.4421529640294348,0.06252987183738899,-0.89202,0.3078266063874267,0.04353325616123832,16.5552,1.5752534272300467,0.22277447609634313,-129.85263999999998,1.2917250444311816,0.18267750766915658,1.6537721759999997,0.0424045086530564,0.005996903124291963,-108.77010782399996,0.5396727307976923,0.07632124951370207
LYS 103,9.13396,0.10769196070266392,0.015229943138425768,-4.4984600000000015,0.13544537053726408,0.019154867997444806,87.43720000000002,1.4580358020284556,0.2061974005654175,-113.83462000000003,1.4097270784061369,0.19936551535265581,0.8895877920000003,0.013836568337369027,0.0019567862599409423,-20.872332208,0.25068955616199107,0.03545285702695795
LYS 104,9.600140000000001,0.3600526078227382,0.050919128115071745,-4.69714,0.7691761829386016,0.10877793897661392,78.21991999999999,5.036939879887804,0.712330869099524,-118.02869999999999,5.305639393136086,0.750330718683401,1.0366453440000003,0.08264759619739506,0.011688135143989113,-33.869134656,0.2789607864730754,0.03945101276004882
THR 105,14.41,0.24954574730889417,0.03529109802767674,-4.20174,0.17140592871894095,0.02424045890654823,-46.22173999999999,1.4814176428006214,0.209504092198742,-1.2210400000000001,1.3111512492462492,0.18542478790064718,0.27552196799999995,0.04310955204427658,0.006096611316884472,-36.958998032000004,0.4995109671545919,0.07064151843041255
GLU 106,15.780760000000003,0.4055094356483105,0.05734769435641005,-3.978300000000001,0.22219885238226433,0.03142366305827355,-46.77888000000001,6.722230459125871,0.9506669484693324,-26.458419999999993,6.0987624518093995,0.8624952573040642,0.8042264640000001,0.046772658168794064,0.0066146527530549296,-60.63061353599999,0.8349401245297863,0.11807836478795046
VAL 107,10.253960000000001,0.5421894119216929,0.07667716197147507,-7.5163400000000005,0.5612809496143711,0.07937711312462935,-95.92688,3.69851385094094,0.5230488448625421,-11.516660000000002,3.967561551431805,0.5610979355584896,0.09403473599999997,0.016303658180589684,0.002305685451528499,-104.61188526400005,1.161886841508315,0.1643156129203898


