#Frame       SA_00001
       1   11096.6177
       2   11195.0217
       3   10872.8806
       4   10924.8134
       5   11033.8821
       6   10943.4320
       7   10930.2158
       8   10996.8381
       9   11018.6364
      10   10965.2235
      11   11091.4340
      12   11188.2902
      13   10991.1310
      14   11018.7456
      15   10872.8183
      16   11038.2274
      17   10922.9965
      18   11050.0506
      19   10816.9696
      20   11057.6314
      21   11169.0732
      22   11230.9793
      23   11174.7486
      24   11089.0709
      25   11158.8983
      26   10921.2925
      27   11049.1477
      28   11077.0178
      29   11024.4143
      30   10925.7218
      31   10988.0118
      32   10976.8661
      33   10936.5388
      34   11140.7175
      35   11140.7503
      36   11084.2995
      37   11047.9687
      38   11034.0227
      39   11055.6103
      40   11296.9628
      41   11073.7252
      42   11272.8335
      43   11136.9526
      44   10950.4043
      45   11142.9181
      46   11465.9355
      47   11176.6983
      48   11144.8495
      49   11331.1530
      50   11131.7090
