| Run on Mon Jun 20 15:50:14 2016
| GB non-polar solvation energies calculated with gbsa=2
idecomp = 2: Per-residue decomp adding 1-4 interactions to EEL and VDW.
Energy Decomposition Analysis (All units kcal/mol): Generalized Born Solvent

Total Energy Decomposition:
Residue,Internal,,,van der Waals,,,Electrostatic,,,Polar Solvation,,,Non-Polar Solv.,,,TOTAL,,
,Avg.,Std. Dev.,Std. Err. of Mean,Avg.,Std. Dev.,Std. Err. of Mean,Avg.,Std. Dev.,Std. Err. of Mean,Avg.,Std. Dev.,Std. Err. of Mean,Avg.,Std. Dev.,Std. Err. of Mean,Avg.,Std. Dev.,Std. Err. of Mean
GLY   1,0.9798399999999997,0.0027882611070329695,0.00039431966730034456,0.10392000000000001,0.027590462120087762,0.003901880572236925,-19.718480000000003,0.8228342054144518,0.1163663292881607,-95.59437999999999,0.7920659793254333,0.11201504502563553,1.011814272,0.028744749194737053,0.004065121415821024,-113.21728572799996,0.027411780740209266,0.003876611209160154
SER   2,9.934179999999998,0.05240598820811903,0.007411325927348642,-1.6589200000000002,0.1318033140706224,0.01863980343243948,-3.52388,0.18516345643782292,0.026186067135024894,-7.89928,0.17138716871454898,0.024237805841284096,0.5174940960000002,0.023573421368520614,0.0033337852210897577,-2.630405904,0.0644346791085308,0.009112439708244258
LEU   3,11.171700000000001,0.03630606009944507,0.00513445225889679,-0.9775400000000002,0.043731091914101815,0.006184510328230718,-29.98778000000001,0.05830172895591523,0.00824510957992555,-1.24426,0.08744365271419127,0.01236639996118522,0.9758839679999999,0.010034606307643624,0.0014191076333344218,-20.061996031999996,0.04008341407006078,0.00566865078040965
GLN   4,18.328799999999998,0.08452218643736702,0.011953242238115171,-2.54208,0.08068428347579193,0.011410480796182034,-66.03229999999999,0.1160939705624277,0.01641816676791281,-12.348399999999996,0.08442961565737866,0.011940150752861272,0.9784379519999998,0.011214800741790841,0.0015860123308352454,-61.61554204800002,0.1591068826504049,0.02250111113111071
ARG   5,12.97774,0.7332995243418682,0.10370421326060095,-4.726959999999999,0.5480838972274252,0.07751076807773263,-124.25312000000002,1.3224970266869294,0.18702932313387485,-74.85376,1.3840407300371527,0.1957329171295301,1.15600824,0.06904318984580113,0.00976418154694323,-189.70009175999996,0.21002409972236466,0.029701893025256748
ARG   6,15.093620000000001,0.8786205526846937,0.12425571017864383,-5.27814,0.6837927466710955,0.09670289761946133,-157.77502,1.2525395720705235,0.1771358450231127,-46.68534,1.3814117215370691,0.19536111918188884,0.368524656,0.030925572677718408,0.004373536430498421,-194.27635534399988,0.9353998313225002,0.1322855127697785
ARG   7,11.993759999999998,0.6411557239860323,0.09067311204541875,-3.6052200000000005,0.10321129589339692,0.014596281444254445,-137.62430000000003,8.623024514055004,1.2194798216452254,-70.19453999999999,6.600751327568933,0.9334872049300197,1.3749657119999998,0.03478689742927665,0.0049196102137364795,-198.0553342879999,1.3346276830945498,0.18874485701508933
VAL   8,11.11216,0.07387025382388897,0.010446831481368676,-4.8056600000000005,0.21583823664957766,0.030524136154852635,-34.75824,0.1564723055341446,0.0221285256622174,-0.38262,0.08025082927920418,0.011349181115833842,0.11316211199999994,0.014734504588409776,0.0020837736223777705,-28.721197887999995,0.195185579084923,0.027603409312154444
THR   9,15.72318,0.2231993449812237,0.031565154078523776,-4.59516,0.1817246664599941,0.025699748792545076,-29.723699999999997,0.24594359109412856,0.03478167621040593,-7.57944,0.16543085081082345,0.023395455285158667,0.4710183839999999,0.02202178922401679,0.0031143512988326223,-25.704101615999992,0.10165116237854815,0.014375645246673252
VAL  10,11.42486,0.06425574215560982,0.009087134201681201,-5.687500000000003,0.20794463205375358,0.02940781188731013,-22.748839999999994,0.14595949575226913,0.020641789844999717,0.59608,0.12945143336402254,0.018307197273203762,0.0021502080000000007,0.002730688353059717,0.00038617765035113023,-16.413249792,0.09002491491412719,0.012731445562304258
ARG  11,12.4383,0.2797694944056215,0.03956538133266936,-3.87476,0.23092176683889817,0.032657269451072744,-143.16818000000004,1.375629785802888,0.19454342998868399,-55.53935999999999,1.4167249381592109,0.20035516216969404,1.1762233919999998,0.028725068882413683,0.004062338199361079,-188.96777660799998,0.24583573264324926,0.03476642272200093
LYS  12,11.587179999999998,0.2915351567136291,0.041229297253298,-7.47124,0.3565275058112722,0.050420603407735354,5.725580000000003,4.0130632942429365,0.5675328537380011,-43.9487,4.014970815585016,0.5678026179932497,0.23818147199999995,0.03974317315383417,0.005620533448589457,-33.86899852800001,0.3925369006519498,0.05551310086338876
ALA  13,7.610540000000001,0.2234293812370519,0.03159768611780675,-1.7751000000000001,0.13524780959409263,0.019126928660921978,-10.060679999999998,0.7323494095034282,0.10356984673156758,-2.1924599999999996,0.43015119248933936,0.06083256502893835,0.4552878240000001,0.019933371948309592,0.002819004495312683,-5.962412176,0.655118610047705,0.09264776232924754
ASP  14,13.03248,0.6619793422758596,0.09361801638573418,-1.4864600000000003,0.11763438442903842,0.016636014186095657,-54.10312,4.6339950912360806,0.6553458705996413,-26.562400000000004,4.868895377803862,0.6885657877065896,0.8799109920000001,0.053161532090439396,0.0075181759678831905,-68.239589008,0.37112797061645114,0.05248542094217887
ALA  15,7.366979999999999,0.18183569396583135,0.025715450453000225,-1.3176800000000002,0.14359281876194194,0.02030709117525201,0.30394000000000004,0.5539800144409545,0.07834460497060408,-6.0823800000000015,0.3948024766892783,0.05583350169924651,0.59500152,0.03568773810125848,0.005047008323321878,0.8658615199999998,0.1680071017200891,0.023759792182754612
GLY  16,6.075699999999999,0.17311987176523336,0.024482847056668405,-2.9370400000000014,0.2104521760400458,0.029762432158676286,-9.328120000000002,0.8387575010692708,0.11861822335543286,-2.3728399999999996,0.7695358434796921,0.10882880265811998,0.10902873600000001,0.02757815933795249,0.0039001406961018626,-8.453271264,0.3675349411445049,0.05197728984125561
GLY  17,4.780200000000001,0.1443411237312201,0.020412917478886447,-3.664019999999998,0.2594584737487239,0.036692969244806896,-4.063940000000001,0.945465840948251,0.13370906150295,-2.66422,0.8551723636788088,0.12093963548812281,0.067531824,0.01571327664083534,0.0022221928934789688,-5.544448176,0.416334780499801,0.05887862930704441
LEU  18,11.137160000000003,0.2021834177174727,0.02859305314229946,-7.84864,0.2785492243751703,0.03939280908998722,-29.010319999999997,0.4350072845369105,0.061519320152319076,-0.94556,0.3510676379275086,0.04964846148673698,0.0017258400000000006,0.005096650335269233,0.0007207752026811131,-26.66563415999999,0.35500168132831295,0.05020481923997517
GLY  19,5.922860000000002,0.21408288208070872,0.03027589153104583,-3.82212,0.16781557019537882,0.023732705534767886,-11.48094,0.46983322189900395,0.06644445144630191,-0.6302999999999997,0.4394639575664882,0.0621495888964682,0.0,0.0,0.0,-10.0105,0.2629635906355852,0.03718866762871712
ILE  20,14.538740000000004,0.1687031487550422,0.023858228098442638,-7.98114,0.29877168607485993,0.042252697050014366,-13.06444,0.8749772147890631,0.12374046439221296,-1.0784,0.629189701123596,0.08898086086344635,0.0016524000000000003,0.0026831158162106987,0.00037944987767029264,-7.583587599999999,0.4990911611865274,0.07058214890105236
SER  21,11.376399999999997,0.6384841423246728,0.09029529334357057,-5.47904,0.5458035162950093,0.07718827351353268,-21.498639999999995,2.900581098745607,0.41020411286090913,1.9098200000000005,1.3599794217560792,0.19233013427957665,0.0255492,0.018410124401535142,0.0026035847613626855,-13.665910800000004,1.563359914903894,0.22109247945275345
ILE  22,15.704119999999998,0.3275278699591885,0.046319435575145576,-9.275720000000002,0.45957441356103257,0.06499363685776739,-4.879739999999999,0.8133725790804684,0.11502825325979812,-2.3187800000000003,0.5009266329513714,0.07084172380737187,0.0,0.0,0.0,-0.7701200000000002,0.6253029550545877,0.08843119196301717
LYS  23,9.409420000000004,0.2716229069867078,0.03841327989118079,-6.834340000000001,0.36154344745823286,0.051129964678255736,39.58135999999999,5.097951195372635,0.7209591720812112,-76.75922,4.989775583290251,0.7056608303087193,0.6139735199999999,0.05133901787763534,0.007260433536146669,-33.98880648,0.4297044007874255,0.06076937914049812
GLY  24,5.278620000000001,0.1972955032432291,0.027901797648179953,-4.165679999999998,0.19925575926434075,0.028179019713257914,-7.3969,0.6396456597210989,0.09045955670906637,-6.90766,0.640296294226347,0.09055157032321336,0.040234752,0.027379656796638188,0.0038720681974926414,-13.151385248000004,0.2668020902666161,0.03773151345245392
GLY  25,6.460660000000001,0.17213966538826386,0.02434422494144492,-5.6787,0.1979106111354067,0.027988787040523985,-10.55864,0.9294011999131465,0.13143717818029999,3.0634999999999994,0.6006528864494083,0.08494514582952999,0.000122256,0.000855792,0.00012102726529703956,-6.713057743999999,0.6270456389834153,0.08867764468772493
ARG  26,14.926400000000003,0.9174478295793757,0.1297467163360913,-5.699939999999999,0.21402377531483155,0.03026753257205268,-176.45518,13.658387134196422,1.931587632532277,-35.950580000000016,12.201901240528015,1.7256094221091811,0.8888824799999999,0.11491421638990466,0.016251324332807977,-202.29041751999998,0.9252166398646771,0.13084539202298898
GLU  27,17.04812,0.3014631413620221,0.04263332630697692,-7.118379999999998,0.6069865530635963,0.08584086155206341,-83.2226,9.036334254552509,1.277930645692473,6.394660000000004,9.403010453275055,1.3297864910157566,0.20404684800000006,0.04795937288962055,0.006782479558340992,-66.69415315200001,0.8660935967128394,0.12248413107557912
ASN  28,18.698799999999995,0.982733860208501,0.13897955533101272,-6.50466,0.9637126876823694,0.13628955531514336,-90.93182,2.0818029848192885,0.29441140153202283,0.8461999999999997,2.1017270707682294,0.29722909278871074,0.06457939200000001,0.04902738625891384,0.006933519457506027,-77.826900608,1.1291836175447816,0.15969067863413441
LYS  29,10.281879999999996,0.38491654368201506,0.054435419645688154,-1.3884000000000003,0.33523949647975404,0.04741002425647956,55.08634,2.894877956736647,0.409397566783188,-93.93508000000001,2.9392394447536945,0.415671228583264,1.5152227199999997,0.06661961206069388,0.00942143588962675,-28.440037280000006,0.3442853596379443,0.04868930249264794
MET  30,13.0541,0.497113357293916,0.07030244519218781,-6.79146,0.2903750822642874,0.041065237951335834,0.28913999999999995,1.057191600609842,0.1495094699609359,-5.8441800000000015,0.8620281129986342,0.12190918485495554,0.28125518400000005,0.049399591896092845,0.006986157283515054,0.9888551839999998,0.7019031847902533,0.09926410034032448
PRO  31,18.744720000000004,0.29273428497494886,0.04139887959831632,-5.52636,0.3278537332409108,0.04636551960239469,-9.139880000000003,0.7259956925491381,0.10267129546274388,1.2441000000000002,0.4156604984840381,0.058783271429888796,0.2171275200000001,0.024890201056768646,0.003520005990467536,5.5397075199999986,0.4153242322733907,0.058735716206322265
ILE  32,13.016179999999997,0.1628861798929432,0.0230355844727744,-8.401,0.41008330860936854,0.05799453767382004,-11.9795,0.20579817783454218,0.02910425742052796,1.1462599999999998,0.21143432171717186,0.029901328532358065,0.0,0.0,0.0,-6.2180599999999995,0.48595075511826435,0.06872381485336962
LEU  33,11.64882,0.2648291290625208,0.03745249460316717,-7.987419999999999,0.29600277633835165,0.041861114079778675,-31.08786,0.3592525579587469,0.05080598397824862,-1.2324599999999999,0.3049702418269701,0.043129305211190364,0.01662091200000001,0.031079230944826418,0.00439526699102991,-28.642299088,0.26037482130602346,0.03682256035914495
ILE  34,12.947119999999998,0.10663144751911328,0.015079963925700492,-8.047099999999999,0.12622174931453778,0.017850450974707624,-16.450879999999998,0.37881043491442185,0.0535718854624426,0.35879999999999995,0.34477697138875163,0.04875882689318931,0.004450608,0.002104277084781375,0.00029758971922887395,-11.187609391999999,0.17424500164734785,0.02464196445054016
SER  35,12.712299999999995,0.500231436437322,0.07074340817350357,-4.1147800000000005,0.7545723633953159,0.10671264701055752,-12.033000000000001,3.3381798753212686,0.47208992533202654,-1.6069399999999998,1.0985745201851351,0.15536189857233335,0.21106440000000007,0.01843976678394772,0.0026077768272855773,-4.8313556,1.7044199459168072,0.24104138034947659
LYS  36,9.424059999999997,0.550992610113811,0.07792212219903025,-6.1129,0.3811137494239904,0.05389762332422685,34.928799999999995,2.8109927285569483,0.3975344040457388,-68.98432,2.902681335868739,0.41050113124328236,0.8689530240000001,0.03170738308027408,0.00448410111794828,-29.87540697599999,0.793688667385194,0.11224452777179696
ILE  37,12.519720000000001,0.07391834413679682,0.010453632478641981,-6.240820000000001,0.12001328093163018,0.016972440955840374,-15.654080000000006,0.9327458569191347,0.13191018411023547,-1.2704600000000001,0.6926278426398984,0.09795236887385622,0.23161996800000004,0.008655455156174833,0.0012240662070374584,-10.414020032000002,0.28036540556746636,0.03964965589737442
PHE  38,10.2772,0.14457330320627843,0.020445752615139662,-5.73346,0.6732887407346084,0.09521740685399857,-0.04495999999999997,0.6879619454591949,0.09729251136649729,-4.716520000000001,0.4192572117447583,0.05929192349721656,0.3918689280000001,0.08594484207355972,0.012154436127644195,0.17412892800000013,0.8392930727537844,0.11869396462941906
LYS  39,9.494420000000002,0.08148400824681998,0.011523578957917393,-1.78856,0.13499098636575693,0.019090608371657502,32.532439999999994,1.218891974869171,0.17237735619277073,-70.16866,1.2191511409168192,0.1724140078067198,1.6088483519999996,0.024430990490321387,0.0034550638093620617,-28.321511647999987,0.08594069219171006,0.012153849245724792
GLY  40,6.390079999999999,0.057460191437258876,0.008126098202712588,-1.3404400000000003,0.018519352040503163,0.002619031882204142,-18.889839999999996,0.09752483991335169,0.01379209512737269,0.16509999999999997,0.10099094018772188,0.014282275729028633,0.3301934400000001,0.0054203445877117435,0.000766552482867755,-13.344906559999997,0.05438329117933468,0.007690958795230021
LEU  41,11.4163,0.2283309221283272,0.03229086867830354,-4.54068,0.26924490264440853,0.03807697929195462,-28.634979999999995,0.4067168789223768,0.057518452621808124,-3.5805800000000003,0.2903527571765089,0.04106208070714409,0.3699574559999999,0.0312723854284531,0.0044225831600677125,-24.969982543999993,0.35099073443588996,0.04963758569065289
ALA  42,10.98214,0.2125805268599121,0.030063426418170572,-5.64536,0.14299730906561373,0.020222873386344806,-4.0728599999999995,0.1772452549435511,0.02506626434074468,-2.76192,0.1724469588018214,0.02438768279275302,0.047955312,0.01463949576225409,0.0020703373453283187,-1.4500446879999997,0.10706324390833018,0.015141029156681918
ALA  43,9.34516,0.07060775028291212,0.009985443805874706,-4.86338,0.08156810406037751,0.011535471901924579,-8.690840000000001,0.1709325434198548,0.02417351211552866,-1.9371000000000007,0.17072343131509,0.02414393919806718,3.8304000000000005e-05,0.0001876505102151337,2.653778965324731e-05,-6.146121695999999,0.16210561657759806,0.0229251961500892
ASP  44,17.195079999999997,0.065826693674811,0.009309300296109695,-5.027880000000001,0.035808177836873144,0.0050640410740773675,-44.526939999999996,1.3364704921551556,0.18900546957172662,-39.20092,1.3292242224695627,0.18798069228512876,0.36919008000000003,0.008018274302513536,0.0011339552265442311,-71.19146992,0.05642708253538806,0.00797999454066918
GLN  45,19.934639999999998,0.07382838478635453,0.010440910305296206,-3.4107199999999995,0.04994158187325621,0.007062806241152525,-74.06846,0.34545918485479593,0.04885530644680065,-14.404119999999999,0.30790301330136566,0.04354406173063348,0.948308112,0.011325770474386813,0.0016017058209202594,-71.000351888,0.05038563501571918,0.007125604838801078
THR  46,15.386879999999998,0.06952773259701656,0.009832706239975075,-3.7406000000000006,0.09250621600729537,0.013082354528133222,-39.3167,0.12403439039374034,0.017541111709550673,-3.9427000000000003,0.11360567767501131,0.016066269013058732,0.24445540799999999,0.007261238660720669,0.0010268942193619019,-31.368664592000002,0.08738887877030423,0.012358653755754248
GLU  47,16.062599999999996,0.018506215176058733,0.0026171740490177056,-0.9188800000000001,0.04661658074118589,0.006592580071564551,-17.775500000000008,0.7425360395291882,0.10501045376529826,-63.624760000000016,0.7503524920984596,0.1061158670886092,1.1538712800000002,0.012739504393482376,0.0018016379891174405,-65.10266872000003,0.0584196394221088,0.008261784637969219
ALA  48,7.673599999999998,0.030094517773689013,0.004256007518862916,-2.3826799999999997,0.0715780525021657,0.010122665261681619,-8.986360000000001,0.3421467965653978,0.04838686400252939,2.25308,0.10531891378094745,0.014894343624341853,0.23732006400000005,0.005851367953487155,0.0008275083918256836,-1.205039936,0.2290074424489469,0.03238654309956768
LEU  49,10.27786,0.06902289764998717,0.009761311797090189,-7.698279999999999,0.13342054414525625,0.018868514302941963,-26.0077,0.09580130479302627,0.013548350453133635,-4.12982,0.10041268644948353,0.014200498301117671,0.05590655999999998,0.007190250214728486,0.0010168549370525085,-27.502033439999995,0.12197032117300054,0.017249208240985962
PHE  50,8.661319999999998,0.09087649641172783,0.01285187737264154,-4.05152,0.23311141027414797,0.03296693179536189,-5.357940000000001,0.14835395646895314,0.020980417727010127,-3.59428,0.20612501449364068,0.029150479104125743,0.8028829440000002,0.04438912052868543,0.006277569627348091,-3.539537056000001,0.08355662759029922,0.01181669159643591
VAL  51,10.15752,0.0508528229308579,0.007191675187377676,-3.2437599999999986,0.07685273189686796,0.010868617575397402,-20.13084,0.2312496797834285,0.03270364334441599,-7.024500000000001,0.24294684603835037,0.034357872460320335,0.6095793599999999,0.00787594529915786,0.0011138268658577668,-19.632000639999998,0.09098797843701904,0.012867643311854306
GLY  52,6.559720000000002,0.1188730482488288,0.016811187703412497,-3.303140000000001,0.07347952367832716,0.010391573894260524,-17.53362,0.19994998274609319,0.02827719773957913,-0.003379999999999998,0.1427005101602654,0.020180899682620695,0.038873231999999994,0.004607436207759859,0.0006515898772782853,-14.241546768000003,0.11997476407649649,0.01696699384994937
ASP  53,14.584219999999998,0.32074895416829335,0.04536075211017867,-7.139740000000001,0.06643788377120693,0.009395735628460819,-92.10598,1.2067475210657497,0.17065987106512953,15.545960000000001,1.2723487723104814,0.179937288987024,7.214399999999999e-05,0.00028559774520118327,4.038962046466889e-05,-69.11546785600001,0.26844175712566476,0.03796339736343795
ALA  54,8.387199999999998,0.07479839570498734,0.010578090564974255,-5.37584,0.25127971346689937,0.03553631787341143,-5.855200000000001,0.21655096397840973,0.03062493102032346,-0.07214,0.15273192331663998,0.02159955573617198,0.0,0.0,0.0,-2.915980000000001,0.15726213657454707,0.02224022463914944
ILE  55,12.965259999999999,0.15420620091307372,0.02180805007332992,-7.94772,0.2141692825780483,0.030288110406559172,-6.781360000000001,0.2876107619683079,0.0406743040260041,-1.28662,0.12135565747009865,0.01716228166649173,0.0005545439999999999,0.001210194274017193,0.0001711473155421376,-3.049885456,0.42916825152951393,0.06069355618529864
LEU  56,11.951739999999997,0.08223546923343575,0.011629851589804022,-6.968580000000002,0.16067819889447507,0.02272332880542483,-27.301059999999996,0.21630741180171745,0.03059048754118109,-5.540059999999998,0.13831896616165149,0.01956125578792327,0.20128881600000004,0.017115894656550466,0.0024205530355442856,-27.65667118400001,0.1503511983333576,0.021262870380208142
SER  57,9.5653,0.07224133165974951,0.01021646709971106,-6.227960000000001,0.08204217452006668,0.011602515589285866,-14.127,0.5446654753149597,0.07702733021468042,-1.77332,0.29811430291081326,0.042159729031387316,0.153564624,0.00806375006484066,0.0011403864705284586,-12.409415376000002,0.16601144430460751,0.023477563604472163
VAL  58,11.631400000000003,0.12351777200036028,0.017468050835701725,-5.273199999999999,0.24078546467761489,0.03405220697693908,-24.90426,0.3300248966365283,0.04667256847441571,-3.545879999999999,0.18603748439496023,0.026309673354112578,0.024654095999999993,0.004099603798659621,0.0005797715292420695,-22.067285904000002,0.20179441376746268,0.028538039676107373
ASN  59,19.08866,0.14070431549922333,0.019898595126342452,-2.4028399999999994,0.10240632011747221,0.014482440678284992,-88.82132000000003,0.16781363946663067,0.023732432488489795,-11.499319999999997,0.0884537031451449,0.012509242662998762,0.5858265599999999,0.009234548110053442,0.001305962317962441,-83.04899343999999,0.15422132420315984,0.02181018882952467
GLY  60,6.211460000000001,0.032616688979523446,0.004612696391454712,-1.0263599999999995,0.021865735752567745,0.0030922820052547576,-9.272520000000002,0.0421322869062297,0.005958405155658441,-5.90406,0.043356849516528545,0.006131584460804403,0.5178494880000001,0.007663733060919409,0.00108381552331593,-9.473630512,0.06230026716562565,0.008810588276509502
GLU  61,15.51856,0.07668954557107537,0.01084553954388443,-4.143760000000001,0.20597286811613513,0.029128962357072314,-39.58884,5.715815446145857,0.8083383723961094,-39.743320000000004,5.417182911587846,0.7661053543423302,0.6681304799999999,0.03628754997578061,0.005131834532104041,-67.28922952000002,0.29941164472009246,0.04234320086955894
ASP  62,16.954400000000007,0.09548486790933775,0.013503599519878895,-2.6415999999999995,0.10671232356201822,0.015091401525375215,-45.969400000000014,2.911399038263026,0.41173400053915565,-36.023979999999995,2.9774031604068307,0.42106839300998555,0.6554096639999999,0.018690192507577773,0.002643192372758049,-67.02517033600002,0.12803320503773985,0.018106629499846698
LEU  63,12.306079999999998,0.2747324400213452,0.03885303427020393,-7.87014,0.3164990369654032,0.044759723055449674,-31.445239999999995,0.39987880964178496,0.05655140359010214,0.05335999999999997,0.36345441309743376,0.05140021603067443,0.007204032000000002,0.0038865104239891,0.0005496355751909793,-26.948735968,0.24133920801925376,0.03413051811132103
SER  64,11.569719999999997,0.10181336650979785,0.014398584374901878,-1.9712200000000002,0.2992518865437589,0.04232060765159185,-24.917080000000002,0.5243568952538241,0.07415526327918065,-0.20530000000000004,0.5000118098605271,0.07071234828514746,0.34709961600000006,0.027306546446148834,0.003861728832571452,-15.176780383999997,0.08376340997736151,0.011845935042060246
SER  65,10.905260000000004,0.0695976465114145,0.00984259356056909,-0.9811799999999999,0.16823717662871132,0.023792329688368145,-13.195039999999999,1.0588055337973967,0.14973771458119628,-5.8758799999999995,0.5225481275442545,0.07389946489657506,0.5400360000000002,0.020906086981007765,0.0029565671744692774,-8.606803999999999,0.4475891674749018,0.06329866710142887
ALA  66,8.32098,0.21252787958286978,0.030055980968849042,-5.1184199999999995,0.17934704792665065,0.025363502754944683,-10.380180000000003,0.932668508956908,0.13189924545651519,2.78206,0.7319795191123859,0.10351753633080722,0.026574479999999998,0.011315223974239322,0.0016002143205658442,-4.368985520000001,0.26913421897480666,0.03806132625728619
THR  67,15.368859999999994,0.4114162860170883,0.05818304914665346,-6.585780000000001,0.548503574828821,0.07757011945330444,-34.197099999999985,1.5567697870915858,0.22016049463975962,-2.8302599999999996,1.0604550874035175,0.14997099668936004,0.140770944,0.10246418262999837,0.01449062367328174,-28.103509055999993,0.7263382371120162,0.10271973857939781
PHE  68,11.280959999999999,0.4180198540739844,0.05911693469726508,-8.95614,0.4353111994883979,0.061562300216939224,-11.268259999999998,1.2552943528909946,0.17752542986288025,0.8472200000000005,0.9162627852313983,0.129579125757199,0.027277776,0.020160738505387736,0.0028511589821776815,-8.068942223999999,1.1405472782688801,0.16129774294555707
ASP  69,16.19882,2.0019273182610875,0.2831152764370029,-5.522860000000001,1.017636634757214,0.14391555304413678,-73.33476,15.629176726315423,2.21029936950812,-7.1277599999999985,14.844371177736022,2.0993111044454555,0.19809561600000003,0.14725357946132422,0.020824800918218894,-69.58846438399999,1.5961627795723554,0.2257315050626362
GLU  70,17.710040000000006,0.489089151791114,0.06916765116725468,-5.638540000000002,0.20379923552357854,0.028821564287871342,-62.18792000000001,13.275350584960021,1.8774180842508061,-19.121240000000004,11.959064959368686,1.691267185884004,0.5827904640000001,0.05739975265994606,0.008117550868855685,-68.65486953599999,1.0367688009630744,0.14662124993672718
ALA  71,9.41678,0.10732703107795079,0.015178334295967667,-6.302260000000001,0.2419373315550718,0.03421510555295387,-5.99968,0.42972705011439094,0.060772582239035436,0.14029999999999998,0.3776907862259815,0.05341354322641404,0.0,0.0,0.0,-2.74486,0.25810323593476925,0.03650130967513335
VAL  72,13.113380000000008,0.2168115209110867,0.03066177933511967,-5.2378800000000005,0.5436417805871688,0.07688255791790326,-31.718140000000002,0.46313492677593426,0.06549716946551964,0.9536199999999998,0.4668906034608113,0.0660283023558838,0.12680049600000004,0.051514363258326056,0.007285231117693897,-22.762219504000004,0.6920382418288606,0.09786898672752065
GLN  73,21.23828,0.7423750814783804,0.1049876908594557,-6.002799999999999,0.6513131351354866,0.09210958690603456,-83.67222,6.90668875016111,0.9767532901567523,-3.581200000000001,5.477178426890982,0.7745900014846561,0.46126612800000005,0.16793361174099114,0.02374939913024073,-71.55667387200002,1.7283359048926301,0.24442360770355331
ALA  74,9.286639999999998,0.08682344383884233,0.012278689180882955,-5.358180000000001,0.15815798304225565,0.02236691646159319,-5.650440000000001,0.4354530587790051,0.061582362150211754,1.07894,0.3995074672643805,0.056498887847461224,0.03935174399999999,0.007798174282232047,0.0011028283831681638,-0.6036882560000001,0.26870815367914697,0.03800107152532835
LEU  75,12.981840000000002,0.21807460741675844,0.030840406741796812,-6.496599999999997,0.2884243401657151,0.04078936135808653,-28.81182,0.38453846049481233,0.05438195060858342,-0.6201200000000001,0.3620677085850102,0.05120410639782709,0.012879216000000002,0.00820586274784948,0.0011604842388980886,-22.933820783999998,0.3331596675197407,0.04711589202421284
LYS  76,11.554860000000001,0.8716812034224204,0.12327433799456876,-4.379580000000001,0.34820316425901243,0.04924336373563219,53.682379999999995,5.350632564061998,0.7566937139371606,-86.75118,5.220817367768884,0.7383350728171758,0.9906380639999998,0.07704665457018417,0.010896042382862946,-24.902881936,0.8980495283307609,0.1270033822648123
LYS  77,10.71004,0.19507546847312793,0.027587837320098264,-2.878699999999999,0.19133052553110175,0.02705822241020558,23.07806,5.495829784154511,0.7772277017245308,-67.57312000000002,5.303671142293602,0.7500523659798417,1.2493847519999997,0.06093742563151485,0.008617853378419017,-35.414335248,0.48578054509991864,0.06869974352172999
THR  78,14.699360000000002,0.2545408226589091,0.035997508358183404,-3.838979999999999,0.16978403811904955,0.024011088938243042,-43.48985999999999,1.0783955120457271,0.15250815587373456,-1.8566800000000003,0.7297558616414104,0.10320306367545463,0.10332921599999999,0.007754153048769998,0.0010966028406287215,-34.382830784,0.31628061572992605,0.044728833628097465
GLY  79,5.472459999999999,0.055350595299556195,0.007827756255805686,-2.2772999999999994,0.14286542618843454,0.020204222330989646,0.9427000000000001,0.47872740677759396,0.06770227913445749,-4.726980000000001,0.2680231698939152,0.03790420018942031,0.3104218079999999,0.013768059666402854,0.0019470976707788906,-0.278698192,0.39504056706735513,0.05586717276342119
LYS  80,10.453739999999996,0.1249929294003794,0.01767666959587593,-2.6406599999999996,0.16920893711622975,0.02392975737445083,34.008019999999995,2.5470917493487635,0.3602131696537633,-77.14498000000002,2.606577292082083,0.3686256957836218,1.2867579359999999,0.04448423215005968,0.006291020441836766,-34.03712206399999,0.20974244773660683,0.029662061419443945
GLU  81,15.493439999999998,0.17659446876991652,0.02497422927744879,-3.7340999999999993,0.09115047997681232,0.012890624500002522,-75.31954,1.4441345672757364,0.20423146909331472,-10.783940000000003,1.4541209222069271,0.20564375295155085,0.613395648,0.013594511208775993,0.0019225542125284067,-73.73074435199999,0.1507496362544697,0.021319218011388186
VAL  82,12.333060000000003,0.17591798202551875,0.024878559604579496,-5.83678,0.15168312892344613,0.021451233810672418,-28.802360000000004,0.24939829670602057,0.035270245363440346,0.3424999999999999,0.07864610607016768,0.011122238983226413,0.0,0.0,0.0,-21.96358,0.18763337549553416,0.026535366437962796
VAL  83,11.89638,0.1326862298808963,0.018764666583771773,-4.2963,0.15752158582241813,0.022276916303658117,-28.847340000000003,0.17742396794053347,0.025091538175155165,-1.1673799999999996,0.1914951581633357,0.027081504980337026,0.31359096000000003,0.03637892543582766,0.005144756973590703,-22.10104903999999,0.2894006703329102,0.040927435294466664
LEU  84,11.577919999999999,0.11580480819032848,0.016377273033077743,-7.051259999999998,0.29846800900600345,0.04220975062707851,-37.76404,0.6663750883696056,0.09423966875998659,1.30022,0.45267477464510913,0.06401788056472978,0.0014074560000000007,0.0029528797580775264,0.00041760026019302214,-31.935752543999993,0.07918229335711793,0.011198067316544122
GLU  85,15.988920000000002,0.4327810920082958,0.06120448898567702,-5.7895199999999996,0.06278064669946462,0.008878524201693655,-92.21647999999999,11.974120140102382,1.6933963099617613,9.232779999999998,10.998840903095205,1.5554709975541179,0.20248775999999996,0.03929455895085744,0.005557089819577169,-72.58181224,0.5658307403681578,0.08002055070362583
VAL  86,11.711679999999996,0.1505845197890773,0.021295867016915285,-6.687739999999999,0.08164699872019086,0.011546629291715266,-26.46634,0.7236860261191882,0.10234465930376459,1.0725799999999999,0.2216013619091724,0.03133916514523002,0.0,0.0,0.0,-20.36982,0.37381796051017296,0.05286584296121367
LYS  87,9.332180000000001,0.06585186102163236,0.009312859496430065,-7.34064,0.13610448339421632,0.019248080631588442,47.603140000000025,0.8614068495188987,0.12182132493107063,-86.55456,0.7989499148262658,0.11298858052041341,0.6153050879999998,0.016398572114832106,0.002319108308834881,-36.344574912000006,0.12389347402497543,0.017521183125563902
TYR  88,10.428100000000002,0.08062437596616943,0.011402008594922422,-3.9932399999999983,0.1412369016935935,0.019973914188263546,-28.69710000000001,0.07774683272834788,0.0109950625275982,-5.727540000000002,0.11658545535340077,0.016487673213622232,0.7937786880000001,0.02812212266912791,0.0039770687281400555,-27.196001311999993,0.16384932486021417,0.023171793740299
MET  89,12.959900000000003,0.0555932549861794,0.00786207351779206,-6.76668,0.0644311849960557,0.009111945566119184,-1.62454,0.24175700279412662,0.03418960321501241,-2.1173799999999994,0.24559828093861394,0.034732841979890544,0.5270637600000001,0.012040366769957834,0.0017027649982020703,2.97836376,0.06709965508072059,0.009489324224571181
LYS  90,7.312200000000002,0.03509985754928872,0.004963869458356777,-4.24272,0.20159801983153586,0.02851026537933182,-2.163440000000001,1.4106725085575298,0.19949921936689347,-110.64782,1.4224353720306282,0.20116273947249333,1.258455744,0.04778890799543825,0.006758372181814881,-108.48332425600002,0.09927057300725955,0.014038979069141495
GLN  91,15.889220000000002,0.9338774285739861,0.13207021250834425,-2.9620599999999997,1.0219421981697403,0.14452445166130198,-74.63788000000004,7.473087026496669,1.0568541025666014,-92.25554000000002,6.294495662751327,0.890176113456155,1.059128784,0.11818423120410415,0.016713774262748164,-152.90713121600004,0.8844894464483384,0.12508569709431114
PRO  92,18.027939999999997,0.24359683167082496,0.03444979430999966,-5.963760000000002,0.5650307800465226,0.07990741923000415,-6.344859999999999,1.3225842280928664,0.18704165527496824,-1.1505,0.8964218036170254,0.12677318722821485,0.24910430399999994,0.05649870772075761,0.00799012387152489,4.817924304000001,1.04189463118856,0.14734615179905752
ASN  93,19.735179999999996,0.6256626787656873,0.0884820645781116,-6.311280000000002,0.44167970476350543,0.06246294287014939,-91.99945999999996,3.7325380759492153,0.5278605969081358,-4.85724,3.5637189819625217,0.5039859716777837,0.21749155199999998,0.060320139827139914,0.008530555982778274,-83.215308448,1.3344094602883358,0.18871399564987265
VAL  94,10.46592,0.23559294047148757,0.03331787316141349,-5.75824,0.43941063073167425,0.06214204734316496,-28.404140000000012,1.3914211585280345,0.19677666733632307,-0.63,0.7321905762846175,0.10354738432234782,0.10145721599999998,0.023706565181344744,0.0033526145996739527,-24.225002784000008,0.5727017059229635,0.08099225197104629
ILE  95,14.393459999999997,0.5513564077799541,0.07797357095837217,-7.44144,0.3988183125183741,0.05640142664862361,-16.347720000000002,1.053148537291854,0.14893769446315272,1.81132,0.5134193389423513,0.07260845923169021,0.017921088,0.005308623613127592,0.0007507527511219103,-7.566458912000001,0.4566438850478064,0.06457919754093484
SER  96,10.9596,1.0339897678410574,0.14622823530358314,-4.98202,0.9104748758752204,0.1287605917662697,-13.207320000000003,5.1446183432398485,0.7275589034243196,-2.9961399999999996,2.9858146895612925,0.4222579628710392,0.038753711999999996,0.035231530400870424,0.004982490811607096,-10.187126287999998,2.0263145066458783,0.2865641456931948
VAL  97,11.29042,0.3019734485017433,0.042705494634773876,-6.13774,0.557222892925269,0.07880321724396865,-21.69534,1.7248593520632258,0.2439319488873883,-0.56952,1.3191838119079538,0.1865607638063266,0.016500815999999995,0.013290910225313545,0.0018796185496921664,-17.095679184,0.773925161382085,0.10944954594883309
ARG  98,12.74962,0.547415779458372,0.07741628195670688,-6.579360000000001,0.8494263184055284,0.12012702197257452,-133.06660000000002,13.280020412634673,1.87807849761395,-70.44324,11.744322462466629,1.660898010730329,0.8907248159999999,0.21667365091277752,0.03064228157297435,-196.44885518399994,2.194073370867649,0.3102888317922683
LEU  99,11.152180000000001,0.17818245592645357,0.025198804574813688,-6.6364600000000005,0.2986176960596568,0.04223091957321734,-34.60906000000001,0.6202857215830211,0.08772164800090901,-1.7229599999999996,0.5334326559182526,0.07543876966122935,0.067017168,0.01253230605252584,0.0017723357187292468,-31.749282832,0.2541497201338158,0.03594219810865688
PHE 100,9.460720000000002,0.1288870885697445,0.0182273868670115,-6.195299999999999,0.2698230716599622,0.03815874473826861,-3.155160000000001,0.79818086571904,0.11287982055265645,-0.062220000000000004,0.38480074272277587,0.054419042916978966,0.533796048,0.036685172800062824,0.005188066891184942,0.581836048,0.6433720882316319,0.09098655328294734
LYS 101,11.86994,0.22159065052489563,0.031337650326738416,-8.55486,0.4590222656909244,0.06491555135713316,37.83588,6.306175768688896,0.8918279298788414,-67.62934,5.510523755905586,0.7793057431380807,0.35661254400000003,0.07538690100421437,0.010661317782543785,-26.121767456,0.6101472479002443,0.08628785130251444
ARG 102,12.09796,0.3790001034300767,0.05359870864116202,-6.7587600000000005,0.55067625915778,0.07787738341778137,-128.84295999999998,2.841451114906001,0.4018418703520218,-71.34108,2.5241674892129624,0.35697118969462144,0.643066848,0.012470334265325221,0.0017635715845348854,-194.20177315200002,0.6585114117783661,0.09312757695144193
LYS 103,10.812159999999997,0.03226103532231002,0.00456239936890083,-1.7509599999999998,0.17882326023199818,0.025289427988786514,43.322939999999996,1.8644533183753054,0.2636735169257879,-84.05002,1.8726700348961751,0.2648355361199868,1.410350976,0.038084652869370364,0.005385983260613497,-30.255529023999994,0.17521051166562962,0.02477850818678628
VAL 104,9.94114,0.04138985866090419,0.005853409946295621,-0.08176,0.10927205681234338,0.015453402473241935,-28.519900000000003,0.15199937499930613,0.02149595775962527,-2.8536,0.1640874157271071,0.023205464873602717,0.97800264,0.022299108236729776,0.0031535701297208843,-20.536117360000002,0.05584034138097731,0.007897016810852166
GLY 105,5.255200000000001,0.051861739268806016,0.007334357504220279,-1.80038,0.3905339877654702,0.05522984620655763,-10.14684,0.1469310532188417,0.020779188819584894,-3.49444,0.36848202995532897,0.05211122842535953,0.25430457599999995,0.03361100890126691,0.004753314463321449,-9.932155423999998,0.06351540198502117,0.008982434290679594
GLY 106,5.7786800000000005,0.2701901878307064,0.0382106628050319,-3.217799999999999,0.23555050413872336,0.033311871757680245,-6.218999999999997,0.4654467531308314,0.06582411108401436,-2.099060000000001,0.22882354861332757,0.032360536583930705,0.15037214399999999,0.015617224259133467,0.002208609035388866,-5.6068078560000005,0.5398035786482003,0.07633975419418165
LEU 107,10.60414,0.12492766066804069,0.0176674392032287,-6.95754,0.20649718739000333,0.029203112299884117,-28.61012,0.1378568300816136,0.01949589987671812,-2.5146,0.2858764768217165,0.04042903906847092,0.13212388800000002,0.01713050541078832,0.002422619308224253,-27.345996111999995,0.38015929559725636,0.053762643169584234
GLY 108,5.861320000000002,0.09447379319140699,0.013360611962011873,-4.2531000000000025,0.11830743848119404,0.016731198402972523,-9.7574,0.1592568993795655,0.022522326700406888,-3.683440000000001,0.1005055540753436,0.014213631766717342,5.7312e-05,0.00029641958413033375,4.192005960301106e-05,-11.832562688000005,0.13794493128534338,0.019508359268435728
PHE 109,8.809740000000001,0.12576005884217983,0.01778515808194492,-8.53032,0.30134381958155976,0.042616451658955286,-6.746639999999998,0.20212904392992279,0.02858536352752039,-0.90282,0.23869249590215463,0.03375621649415115,0.11888207999999999,0.008349956191310291,0.0011808621290972207,-7.251157920000001,0.28540447225437476,0.04036228754240725
LEU 110,10.395919999999997,0.05878293630014348,0.008313162575177663,-3.92302,0.05636470172011389,0.007971172561169918,-30.266720000000007,0.18043558850680827,0.02551744564010992,-0.6003400000000001,0.13227752794787095,0.01870686740210652,0.6808857119999999,0.006594941582543937,0.0009326655829091918,-23.713274288000008,0.17328429563542797,0.024506100103389113
VAL 111,12.213700000000001,0.15596900333072478,0.02205734798201254,-5.10186,0.16253270563182937,0.0229855956633727,-20.79106,1.2454669069871354,0.17613561913480769,-4.24358,0.6001134922662544,0.08486886397260185,0.240852096,0.05645810048401209,0.00798438114103129,-17.681947904000005,0.5720049757962842,0.0808937194515999
LYS 112,9.739880000000001,0.05890828125140068,0.008330889028181956,-5.907600000000001,0.19528604660851578,0.02761761756559874,10.84944,0.8591182260899735,0.12149766470183554,-53.62957999999999,0.8986949446843058,0.12709465792086835,0.8902285919999998,0.006925096544131755,0.0009793565453454177,-38.05763140799999,0.2864021254344526,0.04050337700818832
GLU 113,15.223500000000001,0.046837271482861376,0.006623790455561316,-4.06396,0.14518814827665383,0.020532704838867974,-41.57205999999999,1.3610758892878418,0.19248519820498872,-38.05782,1.4343360093089637,0.2028457437364838,0.7677207360000001,0.03267535278774536,0.004620992706775501,-67.70261926399999,0.0890656225338325,0.012595781132854866
ARG 114,12.661740000000002,0.09079731493786058,0.012840679421218365,-9.043480000000002,0.10162465055273555,0.014371895908310506,-134.40763999999996,1.5633780190393207,0.221095039764139,-68.04505999999999,1.569231371213262,0.2219228287671124,0.47445638399999995,0.010007140525510544,0.0014152233851750433,-198.35998361599997,0.21492128889801881,0.03039446016022843
VAL 115,12.601360000000005,0.026854243609540623,0.0037977635519883366,0.3497199999999999,0.0212283207060762,0.003002137904893856,-28.633820000000004,0.2986446510480022,0.042234731584226505,-6.7251199999999995,0.15470806572383336,0.02187902447551533,1.225460448,0.008118188393219334,0.0011480852127590626,-21.182399552000003,0.17550034961007524,0.024819497461978812
SER 116,10.27272,0.15844254984063577,0.02240716028416022,-2.3508400000000003,0.07791183735478324,0.011018397705654118,-4.397880000000001,0.5992045941078836,0.08474032636236345,-5.723000000000001,0.4423814643494762,0.0625621866625499,0.46159718400000005,0.009911849819989308,0.00140174724436342,-1.7374028159999997,0.2713507464203036,0.03837479057476559
LYS 117,11.42378,0.1878987269781817,0.02657289280451839,-4.163499999999999,0.10613486703250938,0.015009736839803984,33.652719999999995,2.03024055756949,0.2871193731394687,-59.39467999999999,1.7562712027482366,0.2483742554131864,0.9416223360000003,0.010055234969531243,0.0014220249666759299,-17.540057664000003,0.3539558124499712,0.05005691104475369
PRO 118,20.514380000000006,0.10576424537511157,0.014957323022363868,-5.5975,0.3338347046069205,0.04721135668459229,-2.81028,0.39573738969170164,0.05596571836401311,1.09754,0.2726421984946572,0.03855742947863616,0.149016096,0.021281491925830395,0.003009657450904286,13.353156096,0.28741537400722456,0.04064667199555525
PRO 119,19.40636,0.13777180553365195,0.01948387558983192,-8.46048,0.16727632707592935,0.023656445041473705,-8.00158,0.14374603855411033,0.020328759726062864,-1.93422,0.09824668747597136,0.01389417978867496,0.03374726400000001,0.003095155522409675,0.0004377210917445744,1.043827264,0.24151904526448487,0.03415595093844359
VAL 120,11.52604,0.472270471657961,0.06678913061270268,-7.461220000000001,0.1831447831634604,0.025900583622764536,-28.40036,0.25821686699416285,0.03651737953366347,0.74804,0.11584816960142266,0.016383405262643043,0.000307872,0.0006677976672735537,9.444085179793752e-05,-23.587192128,0.6493419508532474,0.09183081935144662
ILE 121,13.812219999999995,0.06267799933101156,0.008864007671632833,-7.785199999999999,0.08497599661085974,0.012017420688324799,-15.01044,0.17029658364189645,0.02408357382121741,0.55224,0.09709759214316313,0.013731673168263257,0.22368196800000004,0.011161002976245024,0.0015784041778692192,-8.207498031999997,0.2390061725227582,0.03380057706725684
ILE 122,12.91938,0.06833561004330961,0.009664114651628754,-8.468960000000001,0.09869467260186651,0.013957534452753193,-15.843359999999997,0.16971373073516108,0.024001145972660037,-0.39802000000000004,0.19412114670998604,0.027452875842067955,0.003042000000000001,0.0010415404130421416,0.0001472960577883872,-11.787918,0.12012207486727472,0.01698782674176962
SER 123,12.512959999999998,0.0818908932668739,0.011581121189286064,-4.517720000000001,0.054649808782798306,0.007728650076172965,-9.333339999999998,0.165150066303479,0.023355746359319588,-9.383639999999998,0.21151073353384006,0.02991213479510384,0.3391318079999999,0.013403251564482726,0.0018955060142389875,-10.382608191999998,0.08582630555018893,0.012137672531745441
ASP 124,15.17222,0.16358597617139584,0.023134550611562995,-3.1859199999999994,0.09945307235075715,0.014064788373811343,-43.60337999999997,0.8992533100314277,0.12717362270553426,-37.69932000000001,0.8833938066340167,0.12493075022582217,0.5678076959999998,0.0074371230547667115,0.0010517680289088705,-68.74859230400001,0.07299213849367643,0.010322647220437246
LEU 125,10.794880000000001,0.07680172914693084,0.010861404697329463,-5.9252600000000015,0.2660900456612163,0.03763081513865682,-25.01505999999999,0.13706048446091207,0.01938327959900487,-6.183460000000001,0.12880608836535923,0.018215931708251833,0.303055056,0.03120206050701214,0.00441263771430025,-26.025844944000006,0.2880944079437116,0.040742701895784404
ILE 126,12.9273,0.13533295976931806,0.019138970714186205,-3.85042,0.3066708391745102,0.04336980599449306,-5.457340000000001,0.08856175472505547,0.012524523463973296,-1.9603600000000005,0.1393157220129761,0.019702218352255073,0.414251568,0.02397721672199137,0.003390890507619916,2.0734315679999997,0.30989021316146,0.043825094229962606
ARG 127,11.35282,0.08222133299815268,0.011627852424238201,-1.9454599999999993,0.11754543121705295,0.016623434302215006,-137.14924000000002,1.2298706689715277,0.17392997800244056,-68.73325999999999,1.1567702937066968,0.1635920237910319,1.805514048,0.021999700199340423,0.0031112274390049308,-194.669625952,0.05676021679471293,0.008027106839432014
GLY 128,5.351339999999999,0.03485260965852458,0.0049289033263180985,-2.1308200000000004,0.16096405685741919,0.02276375522623562,-21.293560000000003,0.8433825741619417,0.11927230746489506,2.2799,0.3298705958402443,0.04665074704653673,0.24573470400000008,0.015387780416952133,0.0021761607760472823,-15.547405295999999,0.515990649325556,0.0729720974333901
GLY 129,4.606679999999998,0.04920912110592753,0.006959220646046283,-3.21254,0.3844286779104815,0.05436642500661612,-6.849779999999999,0.25870317276756744,0.03658615355568438,-5.2685200000000005,0.3934553209704855,0.05564298511043198,0.016195824000000004,0.007779794419560443,0.00110022907806169,-10.707964175999997,0.1951119513533566,0.027592996778499645
ALA 130,10.266980000000004,0.1162425894409681,0.01643918465127846,-5.402999999999999,0.5330193242275729,0.07538031573295756,-4.78484,2.0094117981140647,0.28417374172854176,-4.412159999999999,0.3068566675176018,0.04339608609080041,0.05582707199999999,0.010874736948635496,0.0015379200480000125,-4.277192928000002,1.499830833877798,0.21210811065353302
ALA 131,9.343800000000002,0.11437936876886863,0.016175685456860763,-6.099759999999999,0.5032256177898836,0.07116684936120328,-5.865260000000001,1.4667093619391645,0.2074240271713955,-2.7336999999999994,0.26146902302185343,0.036977303849794814,0.00033264000000000004,0.0007528583866837109,0.00010647025409944319,-5.35458736,0.8143751024517791,0.11517003147462848
GLU 132,17.196379999999994,0.16739162344676473,0.023672750410606482,-7.501120000000002,0.12426546422874403,0.01757379048468785,-45.671760000000006,2.6498731785501985,0.3747486587674393,-32.478699999999996,2.803599402553869,0.3964888298552788,0.488349936,0.014500708400982916,0.002050709848468752,-67.96685006400003,0.1596271222677623,0.02257468412336577
GLN 133,20.53324,0.37139674527389666,0.05252343141875703,-3.5287199999999985,0.2204030889075951,0.031169703752204406,-79.16456,0.9452544241628729,0.1336791626544305,-8.923939999999998,0.7971063520008017,0.1127278613653276,0.9170742239999999,0.02318180828304199,0.0032784027674210934,-70.16690577600004,0.49364001617107167,0.06981124057992034
SER 134,11.407279999999997,0.15129402367597045,0.021396206018855356,-2.838,0.22269198458858022,0.03149340248369504,-11.387839999999999,2.0460597484922274,0.2893565445743392,-6.460319999999997,1.1042672944536729,0.15616697843014282,0.37613332799999993,0.07326109601663103,0.010360683558103713,-8.902746672000001,1.17580897878474,0.1662845004557438
GLY 135,5.950520000000001,0.2152637675039214,0.030442893949157435,-2.1795600000000004,0.40075764047613555,0.05667568903859917,-7.810920000000002,1.3210095357717777,0.18681896015126342,-2.547200000000001,0.7189006885516218,0.101667910374906,0.2975531039999999,0.08601873865534429,0.01216488668246147,-6.289606896000001,0.9784868616762915,0.1383789390386498
LEU 136,10.850440000000003,0.5996231870099408,0.0847995243382837,-5.915899999999999,0.4127740907566989,0.05837507173443464,-31.2491,0.5034144713853657,0.07119355729280664,-0.12555999999999995,0.25430140856865113,0.0359636500928368,0.12221510399999996,0.03186007918981354,0.004505695608851511,-26.317904895999995,0.8302185071891801,0.11741062726000834
ILE 137,11.551699999999999,0.2535600323394877,0.03585880366102641,-6.348099999999997,0.2398572283672891,0.03392093453902409,-9.96458,0.25401292014388155,0.035922851668547126,-2.4387199999999996,0.5555487031755207,0.07856645105896064,0.008492256,0.014904224084576293,0.002107775583705552,-7.191207744,0.586300805100903,0.08291545502039617
GLN 138,18.514180000000007,0.2003448716582024,0.028333043465092692,-5.525580000000002,0.39919289021721516,0.05645439993480997,-74.31227999999999,1.1652281843487602,0.16478815015653936,-10.6532,1.053725448112559,0.1490192819738448,0.6701931359999999,0.05525982261967176,0.007814919060307133,-71.30668686399999,0.47098288768491603,0.06660703874096524
ALA 139,7.159879999999999,0.04949450070476861,0.006999579415956848,-2.9737800000000005,0.13347693283858733,0.018876488868429294,0.48249999999999993,0.2207578990659225,0.03121988148600184,-5.34714,0.21381898980214936,0.030238571527111412,0.43058231999999996,0.018221516940059235,0.0025769116383642867,-0.24795767999999999,0.1185064117471996,0.016759337472105992
GLY 140,6.281100000000001,0.07117984265218397,0.010066349884630146,-2.6385,0.15623408718970894,0.0220948365008667,-11.074559999999998,0.17081664555920703,0.024157121682890848,-2.6243399999999997,0.3486162136217993,0.04930177773671047,0.16568827200000003,0.013640274474291343,0.0019290261156034356,-9.890611727999998,0.12672780134986425,0.017922017539870144
ASP 141,13.335720000000006,0.2092564971507511,0.02959333762852791,-6.970139999999997,0.22845367232773586,0.03230822817798231,-79.43029999999999,2.3393548619227977,0.33083473729346596,3.7710999999999997,2.1857401881284977,0.30911034178752417,0.006484752,0.0042339496043406095,0.0005987708952862689,-69.28713524800001,0.5534002184138281,0.07826260943010688
ILE 142,12.627839999999999,0.05532245836931013,0.007823777092969933,-6.7742,0.15788768159672528,0.02232869006457338,-11.679819999999998,0.3037668638941125,0.042959121871859594,-1.04964,0.24075794981682516,0.034048315788009514,0.16338110400000003,0.022694513010936664,0.0032094888091519294,-6.712438896,0.15936433958496482,0.022537521039968873
ILE 143,13.868399999999998,0.09395424418361817,0.01328713663669863,-8.798639999999999,0.19800391511287554,0.028001982215559964,-9.51316,0.24328175928337137,0.03440523634565304,0.2547,0.1968626170708904,0.027840578298591438,0.0,0.0,0.0,-4.1887,0.25107602434323206,0.035507511881291615
LEU 144,12.97756,0.5135956059002393,0.07263338714393457,-6.473399999999999,0.1515596252305349,0.021433767750920596,-33.0892,0.3690253107852745,0.05218805993714816,-1.0305599999999995,0.2551963291272059,0.03609021097195227,0.22440600000000002,0.03765645105733631,0.005325426379612368,-27.391194000000006,0.3616883167620314,0.051150452291676085
ALA 145,7.014619999999999,0.06268840084107824,0.008865478667293378,-5.851420000000001,0.11858584907138613,0.016770571606228316,-5.811939999999998,0.19264064057209157,0.02724350065612926,0.5970000000000001,0.15569110443438927,0.022018047143195923,0.07517620800000001,0.01814307517700163,0.0025658182978470345,-3.976563792,0.139025077380739,0.01966111499418101
VAL 146,11.1971,0.20443299635820317,0.028911191604634047,-5.6851199999999995,0.23863399925408268,0.03374794381884548,-27.516999999999992,0.37360535328114663,0.05283577575853891,-1.47132,0.16700496280051075,0.02361806833760965,0.007401167999999999,0.008533166673854203,0.0012067720040154727,-23.468938832000006,0.6025191683983631,0.08520907795387238
ASN 147,21.845559999999995,0.8423051029171634,0.11911993002015181,-4.097139999999998,0.30701407199022646,0.0434183464447968,-93.93126000000001,1.5311119202716565,0.21653192431592896,-5.460820000000001,0.7303485932073764,0.10328688857739822,0.513121968,0.056096039419087314,0.007933177974188903,-81.13053803199998,0.5615269952243785,0.07941190922849282
ASP 148,14.04124,0.08703736209247108,0.012308941790435051,-0.9562800000000001,0.06376740233065184,0.009018072521330954,-54.27369999999999,2.561809948064202,0.36229463727747085,-22.909919999999993,2.493149067665289,0.3525845224510089,0.809024976,0.024692909436050348,0.0034921047418912973,-63.289635024,0.1832475968535436,0.025915123674255865
ARG 149,15.030519999999997,0.18861455299124827,0.02667412589011621,-4.22886,0.20314920723448496,0.028729636405635108,-152.73152000000002,2.1939953257914357,0.31027779455174254,-43.998899999999985,1.9235722003610587,0.27203418939544655,1.0466912160000001,0.03558921083051679,0.005033074463067229,-184.88206878399996,0.20593479836322973,0.02912357848098481
PRO 150,19.307360000000003,0.15899430933176653,0.022485190859712737,-4.56636,0.14596448335123666,0.02064249519801007,-1.2311199999999998,0.6037762048971459,0.08538684976037005,-6.34896,0.5917806336810989,0.08369041981015544,0.5960684159999997,0.016878467223868765,0.002386975726006497,7.756988416000002,0.14461857463804917,0.020452154962419485
LEU 151,11.916019999999996,0.10527516136355562,0.014888156098135642,-8.769839999999999,0.14601552794154157,0.02064971399319957,-29.98876,0.40640391533552495,0.05747419288690264,-0.4045200000000001,0.1984833736109902,0.02806978788662284,0.0,0.0,0.0,-27.247100000000003,0.23650701892303427,0.03344714337573853
VAL 152,13.467039999999997,0.06753427574296937,0.009550788868075161,-2.961760000000001,0.39305697093423253,0.0555866499080479,-30.455979999999997,0.3513673001293274,0.04969084012173125,-1.6998600000000008,0.3268067936870298,0.04621745999078635,0.59525856,0.05140448627991784,0.007269692166388149,-21.055301440000008,0.4179612499702565,0.05910864682543481
ASP 153,13.134160000000003,0.06568085261272687,0.009288675255314667,-1.9060000000000006,0.0750330593804968,0.010611277020224436,-57.605999999999995,2.3698767140931025,0.3351511790222651,-24.799319999999998,1.9755105814953307,0.2793793856962256,0.7462630079999998,0.018998113779599198,0.0026867390166616365,-70.430896992,0.4309004526268238,0.06093852641375595
LEU 154,11.45186,0.08703723570973969,0.012308923917217772,-6.817660000000002,0.20966808150019273,0.029651544445432,-31.91925999999999,0.3213286050139479,0.04544272711891524,1.5028399999999997,0.4062366975052846,0.057450544714563,0.2875825440000001,0.008850152663542513,0.0012516005925854192,-25.494637455999996,0.3446197236863564,0.048736588709851376
SER 155,11.46336,0.09459804649122222,0.013378184032188704,-3.7473400000000003,0.08176419998994329,0.011563204054236388,-10.993439999999998,0.22755132695730915,0.03218061727190211,-5.0754399999999995,0.29003442278461794,0.04101706142570589,0.43018977599999997,0.012109024909420974,0.001712474725401678,-7.922670224,0.16882428167465893,0.023875358880219823
TYR 156,11.273240000000003,0.2938632035488432,0.04155853279411795,-7.950399999999999,0.3375901657335281,0.047742459090413636,-26.53746,1.8830688379345055,0.26630614894891214,-3.19602,0.8920417140470501,0.12615374902078805,0.4318104960000001,0.03247986168586687,0.004593346090015518,-25.978829503999997,1.0717067982625856,0.1515622288990395
ASP 157,13.773699999999998,0.06645607571969198,0.009398308358488172,-3.93356,0.14880149999244566,0.021043709939077664,-35.9423,1.3892794859205806,0.19647378909156063,-42.297979999999995,1.4221870550669615,0.20112762215071486,0.716488272,0.019668510979805928,0.0027815474979325672,-67.683651728,0.1569925610925223,0.02220210090887317
SER 158,13.40982,0.04786259081974386,0.006768792506759575,-5.267999999999998,0.06044898675766923,0.008548777690440745,-6.743500000000001,0.5814962510627268,0.08223598847220186,-9.409599999999998,0.4394489731470982,0.06214746977955563,0.345590208,0.012042217871534904,0.0017030267834976327,-7.665689791999996,0.17310129342037747,0.02448021968194224
ALA 159,9.25026,0.06041251856990452,0.008543620309867543,-6.506140000000003,0.1349620702269965,0.019086519012096854,-5.34224,0.3204276242773024,0.04531530920119515,-0.006519999999999997,0.1743495615136442,0.024656751448639783,1.9152000000000002e-05,0.000134064,1.895951270259866e-05,-2.6046208479999997,0.2813311698474175,0.039786235591650655
LEU 160,13.398879999999998,0.09707556644180043,0.013728558263704466,-5.531040000000001,0.1774825016726824,0.025099816094941295,-39.23672,0.377908086178532,0.05344427408041403,2.7435600000000004,0.24013589152810594,0.03396034346116018,0.16740734399999993,0.05365766313729366,0.007588339493400756,-28.45791265600001,0.3815263344112594,0.05395597165268959
GLU 161,17.47072,0.38139302772866573,0.0539371192408417,-3.9330599999999993,0.24302669894479906,0.034369165366649794,-30.708239999999996,6.750635231028246,0.9546839898353777,-51.965239999999994,6.834993289126204,0.9666140208211367,0.9191521440000002,0.055770420366167674,0.0078871284861083,-68.216667856,0.5176245525628523,0.07320316624516908
VAL 162,13.065420000000001,0.07149380112994545,0.010110750318357377,-5.57148,0.2378429935903143,0.03363607872508396,-25.841240000000003,0.6344096014404025,0.08971906624567269,-1.37058,0.7347979882933814,0.10391612806489667,0.21129105599999995,0.04104591076146891,0.00580476836788251,-19.506588943999997,0.1642933195747226,0.023234584074986978
LEU 163,13.222640000000002,0.1943940081379807,0.02749146427527981,-6.7562,0.49787138901527417,0.07040964706629319,-28.207040000000006,2.1223933844600036,0.30015175089942714,0.7733399999999997,0.9952010170814739,0.14074267756441186,0.14794214400000003,0.011875745237215844,0.0016794839977758336,-20.819317855999998,0.8551431838328869,0.12093550883473775
ARG 164,11.640800000000002,0.2771633453398161,0.03919681619722657,-3.6420800000000004,0.3058921927738548,0.04325968876448307,-147.38186000000002,5.458224843334859,0.7719095599925919,-60.93779999999998,4.915749029395545,0.6951918946593557,1.3710525119999997,0.043741163100634105,0.006185934609089033,-198.94988748799997,0.7063999180943666,0.09990003446282968
GLY 165,5.7061,0.2838244704038048,0.04013884153784219,-1.5108999999999997,0.16003865158142455,0.022632883157035297,-13.204060000000004,0.3891449812087498,0.055033411015483716,-3.933780000000001,0.2406634405139038,0.03403495015421333,0.462850272,0.017008415426993502,0.0024053531771329986,-12.479789728,0.228987239853053,0.032383686021056846
ILE 166,12.52666,0.2013247734383945,0.028471622503826816,-3.85622,0.13574170913908604,0.019196776604419936,-17.586159999999996,0.3180611488377301,0.04498063903502855,1.9350200000000002,0.5022101349037082,0.07102323839420459,0.14498683199999995,0.06179898197534793,0.008739695845038748,-6.835713168,0.3851616924383526,0.054470088915289296
ALA 167,8.209160000000004,0.1062889194599118,0.015031523143018885,-2.2620599999999995,0.0905782335884334,0.012809696639656072,-6.93116,0.3258073271122143,0.04607611407226208,-1.5224600000000001,0.12438652820944773,0.017590911517030454,0.47319580800000005,0.0113349211721589,0.0016029999250097055,-2.0333241920000003,0.3027055522158448,0.04280902973492848
SER 168,11.05444,0.023990131304027554,0.003392716905326711,-3.102619999999999,0.13455153510831916,0.01902846057883046,0.10559999999999999,0.30315692306130826,0.0428728632120599,-16.317800000000002,0.3422043249287456,0.04839499974169614,0.503543808,0.031128478060194326,0.004402231584876015,-7.756836192,0.11775723380085303,0.01665338771087058
GLU 169,16.66992,0.0704292098491597,0.00996019437559024,-2.2884999999999995,0.19577632645445925,0.027686953606347882,-51.37869999999999,1.72318855903851,0.24369566307184118,-29.91942000000001,1.8265499948261255,0.2583131775035613,0.8529642719999999,0.02332920458268046,0.0032992477520203266,-66.063735728,0.16682290238388164,0.023592321106572833
THR 170,14.500700000000002,0.07502699514143822,0.010610419407312223,-4.295800000000001,0.14291032153064268,0.02021057149117346,-36.107240000000004,0.3298507880841887,0.046647945806811336,-2.49958,0.26566001505683834,0.03756999962736214,0.363519504,0.010671479040826935,0.0015091750390117677,-28.038400495999998,0.1955109653412839,0.02764942587782998
HIE 171,28.975980000000018,0.33661215010586715,0.047604146793928534,-6.425700000000001,0.5183705720813822,0.07330866933725906,-13.243139999999999,3.2111011258445363,0.4541182762320858,-11.17702,2.6531137818796906,0.37520694928532317,0.86878224,0.10210779947837882,0.014440223484639577,-1.0010977600000004,0.9889705748831541,0.1398615599787673
VAL 172,11.289319999999998,0.5129507360361929,0.07254218877316455,-5.42654,0.46303624955287626,0.06548321439880506,-31.019339999999996,0.6309728555178227,0.08923303697625842,0.5380600000000001,0.3725182094878045,0.052682030408859486,0.0012199680000000003,0.0014249345064865266,0.0002015161704566659,-24.617280032,0.5980598806059139,0.08457843942641173
VAL 173,11.26594,0.5334557679883002,0.07544203820152093,-4.534279999999999,0.42303134824739597,0.05982566700004432,-30.24724,0.4150707679421119,0.05869987093683503,0.5695200000000001,0.28123571892631266,0.03977273679293391,0.25973495999999996,0.07307157804358165,0.010333881669323725,-22.686325039999996,0.6356050782814794,0.08988813220188809
LEU 174,11.0834,0.2740159849351781,0.03875171222023505,-7.62994,0.32448725152152996,0.045889427191891735,-30.14386,0.4945630398644676,0.06994177584247957,-1.3403399999999996,0.3292099397041359,0.04655731615976179,9.561600000000001e-05,0.000344509399209949,4.872098647277167e-05,-28.03064438399999,0.33228089152247353,0.04699161433085052
ILE 175,13.493559999999997,0.48595988147179114,0.06872510551466288,-6.375559999999999,0.5581975693247073,0.0789410573022697,-14.197300000000006,0.4033764122997559,0.057046039301571615,0.28229999999999983,0.30077036090678905,0.04253535235542316,0.3122275679999999,0.07322438709150816,0.010355492132126822,-6.484772432,0.65829581680042,0.09309708721726283
LEU 176,11.179479999999996,0.21656225340563687,0.030626527586433062,-8.83482,0.24701770705756348,0.034933579146711045,-27.32126,0.353851200930623,0.05004211674180942,0.3287799999999999,0.21161694544624732,0.02992715542780503,0.0012232800000000009,0.0009885715367134533,0.00013980512745961776,-24.646596719999998,0.25891973424373216,0.03661677997335235
ARG 177,11.061540000000003,0.6118791452566119,0.08653277857551576,-7.445420000000001,0.4078904308757412,0.05768441793066786,-124.05223999999998,3.7212659327715225,0.5262664751322453,-81.88177999999999,3.6437398002058288,0.5153026243209714,0.866824992,0.07673884244269467,0.01085251117432709,-201.45107500800003,0.5378548701886725,0.07606416520092411
GLY 178,6.414559999999998,0.0603593107982392,0.008536095594636268,-2.6849600000000002,0.22563784788904576,0.031910010466936596,-8.874379999999999,1.4105972761919048,0.19948857990371383,0.056999999999999974,0.9634843226539808,0.13625725962311147,0.022445855999999997,0.006672063783752697,0.0009435723092001413,-5.0653341439999995,0.5823879384898913,0.08236209211749122
PRO 179,17.74998,0.0920461818870016,0.013017295878925838,-4.647059999999999,0.4511042190004609,0.06379577045541746,-8.984240000000002,0.8630972728493334,0.12206038689107589,-1.7355400000000005,0.7501313007734028,0.10608458591143176,0.31656239999999997,0.04443878848566459,0.00628459373718562,2.699702399999999,0.41235354786163725,0.058315597987859055
GLU 180,14.37904,0.043602275169862294,0.00616629288955429,-1.0867799999999996,0.09707693649884205,0.013728752019029416,-32.35474,1.668231108809528,0.2359235059251141,-46.67107999999999,1.721806537797157,0.24350021575354025,1.3121010720000001,0.026895353190837638,0.0038035773247297082,-64.42145892800002,0.0703891344326305,0.009954526855832908
GLY 181,6.055919999999998,0.05570811072039269,0.007878316571496135,-2.18178,0.07305649594663846,0.010331748738719115,-5.505359999999999,0.8868679667233536,0.12542207065744174,-6.314780000000002,0.7061946272805916,0.09987100195752255,0.310727088,0.014600247715606878,0.0020647868333418043,-7.635272912000002,0.2370678832092636,0.033526461563762155
PHE 182,8.67538,0.2137263568210438,0.03022547124529116,-5.3854999999999995,0.22715195354651763,0.03212413734250285,-7.981220000000002,1.1180578927765563,0.15811726354828895,-3.29534,0.9975801042522865,0.14107913129871497,0.6359136479999999,0.021862374343904128,0.0030918066302826814,-7.350766351999998,0.37382532702489896,0.05286688474371696
THR 183,14.940019999999999,0.22448959797735726,0.03174762340712624,-4.676740000000001,0.38916802592196126,0.055036670030080184,-30.539479999999998,1.1938282328710428,0.16883280780701343,-9.20466,0.8493907607220617,0.120121993356754,0.20802254400000003,0.03268953646577501,0.004622998581758886,-29.272837456,0.5182726845609262,0.07329482595135749
THR 184,14.62896,0.4697107603621541,0.06642713276967371,-7.77552,0.4054811581319196,0.05734369531169103,-34.85298,2.6759688973529236,0.3784391507125081,-1.3896000000000002,0.7219033176263973,0.10209254625093832,0.005604192,0.0038047652531971008,0.0005380750622717243,-29.383535807999998,1.9513164573909307,0.2759578198524076
SER 185,10.4333,0.3108084458312169,0.04395495193946104,-4.7095400000000005,0.2519550126510436,0.035631819599899056,-9.207420000000003,2.5666218661111655,0.3629751452537752,-5.588140000000001,1.4969344275551921,0.2116984969431758,0.090059904,0.0591522825511542,0.008365396022916765,-8.981740096000003,1.045422290679385,0.14784503818859343
ILE 186,12.834999999999997,0.4087525902058988,0.057806345672431404,-6.636200000000003,0.45420052840123826,0.06423365473020573,-13.744579999999994,0.8179654782447412,0.11567778728867077,0.05078000000000001,0.6685915132575345,0.09455311857363563,0.04560652800000001,0.015279399929879933,0.0021608334605758717,-7.449393472,0.5515091083619827,0.07799516608178089
GLU 187,15.313419999999997,0.4389703447843324,0.06207978150735965,-5.078759999999999,0.8485641180252774,0.1200050884254511,-62.84409999999998,8.110141279287438,1.1469471789930177,-18.935200000000005,7.087800956573192,1.0023664240186805,0.28862352,0.06292532022486337,0.008898984127867179,-71.25601648,2.0489337518424393,0.28976299002595673
MET 188,11.604839999999998,0.3861992418429442,0.05461682055924985,-10.552019999999997,0.45427566476762726,0.06424428061704321,-11.937680000000002,0.700194071382997,0.09902239520430695,0.5565400000000001,0.48781747447175355,0.06898780883605449,0.004233456000000001,0.0089157558415237,0.0012608782829889964,-10.324086544000002,0.5311948481545957,0.0751222958522946
ASP 189,14.359820000000003,2.048437674814633,0.28969283413988617,-5.750040000000001,0.8531617187848894,0.12065528736031311,-56.810739999999996,7.920587126747605,1.1201401736604206,-21.694679999999998,6.407484318950767,0.9061551224553109,0.202279104,0.041636028381780064,0.005888223602086447,-69.69336089599999,2.114411288335762,0.2990229120399203
VAL 190,13.252,0.5211815038928113,0.07370619512632197,-5.2098,0.3013645632784095,0.04261938526069715,-32.61789999999999,0.686576820174034,0.09709662507011124,0.14395999999999998,0.5720349276049497,0.08089795527700314,0.091043712,0.024150327878392414,0.0034153721221379606,-24.340696288000004,0.7257944816585785,0.10264283994571123
THR 191,13.485019999999999,0.3804180064087866,0.053799230403424096,-4.926899999999999,0.5053320195673454,0.07146473955735261,-31.81846000000001,3.920705978315515,0.5544715568611075,-7.585260000000001,2.8678077886078746,0.405569266892845,0.24527217600000006,0.042579526432925396,0.006021654376086679,-30.600327824,1.760537094873775,0.2489775436631421
GLY 192,5.21228,0.11674965353270654,0.016510894342831352,-3.1260800000000004,0.1200532948318983,0.016978099775884638,-7.694120000000001,0.7267886251173696,0.10278343306194791,-3.2025999999999986,0.5216393006666684,0.07377093736696191,0.20948068800000005,0.021760559855156306,0.003077407887199356,-8.601039312,0.3604724674656292,0.05097850523519871
ASP 193,12.862240000000002,0.24976329273920986,0.03532186359747522,-1.5148200000000005,0.3108724941193728,0.043964009735236724,-34.77008000000001,3.835245576700337,0.5423856309601038,-48.82213999999999,3.7619573682328027,0.5320211131224225,0.908982864,0.042416747914065626,0.00599863401718323,-71.33581713599999,0.7115358340931224,0.1006263626688946
GLY 194,4.904900000000001,0.1219861057661262,0.01725144051955345,-0.9775000000000001,0.1463352657427445,0.020694931746686022,-3.26762,1.185182751983845,0.16761015217462216,-9.705260000000003,0.9956917155424954,0.14081207280627306,0.39872433599999985,0.032196841847845735,0.004553321040680506,-8.646755664,0.2614328873947273,0.036972193500398154
THR 195,15.885280000000002,0.08422304672635751,0.01191093749447977,0.15786,0.27655350368418763,0.03911057156319758,-15.532579999999998,2.553504181238023,0.36112002446832175,-15.019240000000002,2.3898220482705197,0.3379718752322418,0.8716263839999999,0.05859672396805607,0.00828682817462575,-13.637053615999994,0.6328905676831018,0.08950424243154498
PRO 196,18.670919999999995,0.4155021463243494,0.05876087705270251,-4.4676800000000005,0.41791833843467363,0.05910257821787446,-0.8808799999999998,0.8805661051846136,0.1245308528518134,-3.3702600000000005,0.836358124489743,0.11827890026543199,0.262268352,0.051175916913775675,0.007237367576634022,10.214368352000001,0.39835241541324495,0.056335538848149215
LYS 197,11.330559999999998,1.0760094081373264,0.15217070982288539,-4.1353800000000005,0.4819625250991966,0.0681597939550867,21.04940000000001,7.923677184237106,1.1205771737814372,-60.40294,8.588831737576433,1.2146442328221065,1.0215995039999999,0.12224501467838873,0.017288055769067542,-31.136760496,1.4053089878116825,0.19874070298880878
THR 198,15.426120000000001,0.3396800047103515,0.048038006952833584,-5.0404599999999995,0.4810791706153982,0.06803486876594962,-34.992059999999995,1.1599216251111415,0.1640376893522017,-6.03172,0.8660614998947784,0.12247959190003804,0.37106020800000006,0.05606944235452197,0.007929416581246141,-30.26705979200001,0.7348437634105781,0.10392260164405255
ILE 199,13.695559999999993,0.8794192665618272,0.12436866537839361,-3.0721000000000003,0.48880700690558954,0.06912774985488838,-5.575999999999999,0.4603716759315393,0.06510638678348142,-0.6501800000000003,0.4374607955005794,0.061866299000344245,0.6110853119999999,0.07775400307488975,0.010996076567730842,5.0083653120000005,0.4764200020018542,0.06737596282168393
ARG 200,12.6106,0.30524350934950295,0.04316795107484257,-8.463120000000002,0.39451705362377565,0.05579313678222171,-179.22085999999996,4.606816796924591,0.6515022793578936,-28.14814,3.828827820678287,0.5414780231994654,0.27516168,0.030704427891650635,0.004342261834927906,-202.94635832,1.0916297563863775,0.15437976065716527
VAL 201,11.089619999999998,0.29574948114921645,0.041825292730602794,-2.39518,0.38192788272133454,0.054012759159295216,-35.50594,1.0041592584842913,0.14200956421309952,-1.0602799999999997,0.41131034706168124,0.05816806711590143,0.401307408,0.05227187393062505,0.007392359304334657,-27.470472591999997,0.7887092024370435,0.11154032508549337
THR 202,14.83342,0.478053138887254,0.06760692325493833,-3.80484,0.5793005561882296,0.08192547032516714,-36.67472000000002,2.2655043856939328,0.3203907027864087,-4.13338,0.7555435365351217,0.10684999163313012,0.40030790399999994,0.03333158293314629,0.004713797663941906,-29.379212096000007,1.4375776107942013,0.203304175414907
GLN 203,20.176300000000005,0.33734363785295585,0.047707594783192794,-3.1047000000000007,0.2033321666633104,0.028755510776196005,-63.95761999999998,0.6406547241711867,0.09060225997212866,-12.397,0.45326085204886046,0.06410076442602833,0.8346912480000002,0.025502583987992326,0.003606610015137768,-58.44832875200001,0.7148927198849021,0.10110109801030186
PRO 204,18.21432,0.14860073216508046,0.02101531708064286,-3.4560399999999993,0.17426198208445237,0.024644365846984984,0.2346000000000001,0.5439515787273717,0.07692636999105053,-2.3064,0.5501853505865083,0.07780795846184362,0.762280704,0.031747335083931835,0.004489751184489958,13.448760704000001,0.20832621219885844,0.02946177546894409
LEU 205,9.215659999999998,0.22225918293742788,0.03143219508720733,-2.7558199999999995,0.49559248137961437,0.07008736085771862,-50.7452,3.2299441667001947,0.456783084625528,-57.52246,3.4069544828775817,0.48181612360732906,1.1974321440000006,0.06485189155056229,0.009171442457635431,-100.61038785600002,0.6771265485644408,0.09576015484227163


