#Frame       SA_00001
       1    6135.3058
       2    6143.5731
       3    6234.7877
       4    6159.7250
       5    6181.5336
       6    6135.6445
       7    6169.1887
       8    6123.6171
       9    6127.1216
      10    6120.5711
      11    6134.3861
      12    6140.5113
      13    6170.9382
      14    6179.5593
      15    6125.1258
      16    6148.1717
      17    6244.8818
      18    6129.9605
      19    6129.6005
      20    6198.7634
      21    6091.8347
      22    6213.8143
      23    6162.6007
      24    6125.9138
      25    6161.6669
      26    6167.5383
      27    6138.6448
      28    6095.4454
      29    6152.5429
      30    6071.0950
      31    6093.1344
      32    6192.2217
      33    6131.9043
      34    6132.6125
      35    6218.3824
      36    6195.6713
      37    6111.6372
      38    6135.5979
      39    6205.6581
      40    6135.4208
      41    6187.4465
      42    6147.8460
      43    6108.1172
      44    6145.1437
      45    6106.8092
      46    6148.3465
      47    6110.4174
      48    6125.4325
      49    6215.3268
      50    6120.8821
