| Run on Mon Jun 20 15:46:06 2016
| GB non-polar solvation energies calculated with gbsa=2
idecomp = 2: Per-residue decomp adding 1-4 interactions to EEL and VDW.
Energy Decomposition Analysis (All units kcal/mol): Generalized Born Solvent

Total Energy Decomposition:
Residue,Internal,,,van der Waals,,,Electrostatic,,,Polar Solvation,,,Non-Polar Solv.,,,TOTAL,,
,Avg.,Std. Dev.,Std. Err. of Mean,Avg.,Std. Dev.,Std. Err. of Mean,Avg.,Std. Dev.,Std. Err. of Mean,Avg.,Std. Dev.,Std. Err. of Mean,Avg.,Std. Dev.,Std. Err. of Mean,Avg.,Std. Dev.,Std. Err. of Mean
GLY   1,1.1649399999999996,0.0029285491289039443,0.00041415938961718714,0.042640000000000004,0.043706182629005705,0.006180987623349524,-17.28628,0.4013659696584931,0.056761719776606906,-97.53595999999996,0.38294077663384457,0.0541560039901269,0.997971408,0.00666127237300907,0.0009420461732570637,-112.61668859199999,0.010721213790872184,0.0015162085948152906
SER   2,11.237559999999998,0.012761128477383657,0.001804696096390149,-0.5011399999999999,0.01404992526670289,0.001986959486249965,-4.423779999999999,0.0942756150869078,0.013332585345697057,-12.017420000000001,0.0701190673070842,0.009916333596663036,0.8423248320000002,0.006464364522290348,0.0009141991979546484,-4.862455168,0.010267948314604841,0.001452107176426013
HIE   3,27.207800000000002,0.025732469757483015,0.0036391207724387987,-1.7633800000000002,0.020340983260378802,0.0028766494398831796,-5.7054,0.10907465333427538,0.015425485405647596,-22.295800000000003,0.07684425808023869,0.010867419196757185,1.3215885119999995,0.009651541316011975,0.0013649340626908405,-1.235191488,0.08067375152112827,0.01140899135286967
GLY   4,3.9254800000000007,0.00849291469378553,0.0012010795144029238,-2.10884,0.035537788338607865,0.005025802224520366,-5.727619999999998,0.07477536760202372,0.010574833899421567,-5.7595,0.08579889276673482,0.012133795778731122,0.16959772800000006,0.002535639471455203,0.00035859357298204944,-9.500882271999998,0.052773677287543196,0.007463325015634455
GLY   5,5.673960000000001,0.008385606714931795,0.001185903874498344,-4.018720000000001,0.01470923519400684,0.0020801999903500117,-8.34272,0.29787017574778907,0.04212520423689806,-2.614799999999999,0.29065670472226257,0.04110506538128957,0.023683104,0.0014746812418906653,0.00020855142124589777,-9.278596895999998,0.018447069551831827,0.002608809594624034
SER   6,11.454459999999997,0.0062966975509034795,0.0008904875074649153,-3.09206,0.0142497859632488,0.002015224057014021,-2.9697599999999995,0.03523609512993495,0.004983136361782256,-5.77954,0.024010172844176603,0.003395551207115674,0.439160976,0.0024212700101035566,0.00034241928864556904,0.05226097599999999,0.009820475001843245,0.0013888248936552662
PRO   7,18.8592,0.011979983305273155,0.0016942254867320554,-3.4878600000000004,0.013269529004291226,0.0018765947884171802,0.49166000000000004,0.11588504821589361,0.01638862068631768,-3.516679999999999,0.11227242582220885,0.015877718727829504,0.6126851520000001,0.009734796669307398,0.0013767081476678956,12.959005151999998,0.02800598837785484,0.003960644859162559
ARG   8,13.756079999999999,0.013943944924506266,0.0019719716025220243,-5.65572,0.022668074466166567,0.0032057498342936016,-174.29553999999996,0.48190365056312345,0.0681514678383474,-33.82834,0.48091282411715475,0.0680113438185627,0.549067824,0.004256121181101474,0.00060190642974171,-199.47445217599991,0.039979164274807626,0.005653907632977487
VAL   9,10.737199999999998,0.010947145747209194,0.0015481601984978191,-2.24302,0.024429891526554986,0.0034549083924157614,-30.19657999999999,0.02578688814992531,0.003646816695302242,-2.8892200000000003,0.02858481415014484,0.004042503184904919,0.7234871040000002,0.005893569829978503,0.0008334766384348495,-23.86813289600001,0.04682403910001594,0.006621919114033063
VAL  10,11.01272,0.032298631550150336,0.0045677162784314145,-4.712060000000001,0.050442208516132986,0.00713360553995669,-21.839800000000004,0.032874306072936385,0.004649128950195084,-1.43724,0.027460924966208517,0.003883561252252201,0.067829616,0.0021039308185738298,0.00029754074979218375,-16.908550383999998,0.031710746080057764,0.004484576717938715
ARG  11,11.97428,0.03716129168953126,0.005255400270263769,-4.70704,0.04548756313548803,0.00643291287055096,-177.87270000000004,0.931503800306281,0.13173453077952219,-28.481700000000004,0.9325215332633728,0.1318784599546015,1.1340882719999998,0.00916010959254624,0.0012954351218602779,-197.95307172800003,0.08127068296959827,0.011493410207893
ILE  12,14.238779999999997,0.027908629491211378,0.003946876233371686,-7.34442,0.12581781908774742,0.017793326614209685,-14.13482,0.14457588872274804,0.02044611826238537,-2.4585800000000004,0.1084195720338216,0.015332842919691723,0.010246032000000006,0.0017308323248009393,0.0002447766547927242,-9.688793968,0.16805690524073508,0.02376683546418976
VAL  13,11.322560000000003,0.08303039443442024,0.011742270989834465,-2.9707199999999996,0.057496100737383725,0.008131176544637778,-20.751459999999998,0.09657954441857268,0.013658410156456023,-2.3238000000000003,0.08637916415430914,0.012215858545347588,0.630758016,0.012604411966850589,0.001782533034925784,-14.092661984000001,0.0933942022101598,0.013207934741262327
LYS  14,11.4573,0.18552943162736538,0.026237823842679194,-6.471699999999999,0.3742197883597485,0.05292267000067456,10.869100000000001,5.164737880086455,0.7304042356120333,-49.914699999999996,5.262440142177439,0.7442214220243933,0.621471888,0.051154765744187945,0.007234376349544921,-33.438528112,0.4540920915699228,0.06421831944645502
SER  15,11.253739999999993,0.04644773837512787,0.0065687021551663095,-2.22724,0.020828403683426717,0.002945581097168379,-19.467099999999995,0.31208026211238776,0.04413481392282891,-3.84198,0.33985788147401164,0.048063162525993505,0.397851552,0.012595125303800081,0.0017812197024422622,-13.884728448000006,0.05465316156944242,0.00772912423180735
GLU  16,15.956100000000001,0.015284305676389788,0.0021615272379006518,0.46335999999999994,0.012480000000002841,0.0017649385258420244,-46.481500000000004,0.6951324262322187,0.09830657048229187,-36.3588,0.6832897774736455,0.09663176703341235,1.343256624,0.004309280081105273,0.0006094242334763308,-65.07758337599998,0.036759249649491975,0.005198542939696999
SER  17,10.369179999999997,0.026215026226452165,0.003707364562741503,-1.23584,0.026928319665361276,0.0038082394882672037,-8.406579999999998,0.15103762312751945,0.021359945505553424,-9.290939999999999,0.155784647510591,0.022031276131898984,0.5157584640000002,0.009963342063969113,0.0014090293473427464,-8.048421536,0.023387214287404756,0.0033074515631373626
GLY  18,5.1621000000000015,0.0304034537510007,0.004299697663764834,-2.7853599999999994,0.059870112744188915,0.008466912542363824,-10.951280000000002,0.22038448584228948,0.031167072881478713,-1.1869000000000005,0.17794001798358505,0.02516451867212984,0.13590129600000003,0.007988187201635764,0.001129700267932848,-9.625538703999997,0.04275974615563774,0.006047141293693371
TYR  19,10.249160000000002,0.0895022591891032,0.012657530880826173,-9.893199999999998,0.18791146851645976,0.026574694730142224,-32.67103999999999,0.434025942082053,0.06138053737141987,-0.56574,0.34411456290020614,0.0486651481863561,0.037902816,0.008385539159847934,0.0011858943207667637,-32.842917184,0.2972144902214536,0.04203247630049853
GLY  20,6.829820000000002,0.06057117796419244,0.00856605813658753,-3.141279999999999,0.040606423137292826,0.005742615432022016,-14.828520000000005,0.13542351937495625,0.019151777776435872,1.01992,0.13702260251506204,0.01937792228284585,0.012768048,0.0009658188638124662,0.0001365874135999363,-10.107291951999999,0.038934157289715755,0.005506121327868332
PHE  21,10.149219999999998,0.19035401650626774,0.02692012317953558,-9.44402,0.03804549381973055,0.005380445334704471,-7.220319999999999,0.22724044006296032,0.03213665122566689,-2.5410800000000004,0.22987142841161765,0.032508729166178564,0.013231728000000005,0.0021534610511490335,0.00030454538245771847,-9.042968272000001,0.20309384882286197,0.02872180754398424
ASN  22,18.025360000000006,0.024425200096749016,0.003454244924049909,-7.193660000000002,0.08122551569522524,0.011487022590693622,-87.09204000000001,0.24317672256577297,0.03439038191059556,-7.733019999999997,0.2503854220996924,0.0354098459753897,0.25762608,0.010519599860984072,0.0014876960794141798,-83.73573392,0.14183209991181364,0.02005808792751427
VAL  23,10.75304,0.036436223734222076,0.0051528601766597315,-7.084059999999999,0.08920749071698797,0.012615844323723636,-25.135080000000006,0.22601184393720994,0.03196290149529537,0.8086200000000001,0.12182723669196314,0.01722897303962114,0.0,0.0,0.0,-20.657479999999996,0.11687313463771547,0.016528357208171394
ARG  24,12.186779999999999,0.10109585352546238,0.014297112715539276,-8.521639999999998,0.22414118407834244,0.03169835024099563,-102.52121999999997,2.9694548946907138,0.4199443384926778,-102.78138000000001,2.5215980717798083,0.356607819196485,0.68340168,0.039311940085668705,0.005559547883235121,-200.9540583200001,0.4444597281914072,0.06285609755369476
GLY  25,6.6046000000000005,0.16673439957007496,0.023579804918613476,-4.026440000000001,0.2807929600256912,0.03971012122872188,-20.378140000000002,1.0585579815956372,0.14970270541308392,2.0375999999999994,0.6830000292825781,0.0965907904512643,0.03188592000000002,0.013871274840561654,0.001961694500692698,-15.730494080000003,0.1255743044287305,0.017758888440867846
GLN  26,20.166840000000008,0.593260359706874,0.0838996846715802,-7.139839999999998,0.6324501991461813,0.08944196491580944,-79.45738000000001,0.6811706068209671,0.09633207104561227,-4.517179999999999,0.33339548227294086,0.04714924126643117,0.3287262239999999,0.01640821401189979,0.0023204718789948935,-70.61883377599999,0.5970522021636071,0.08443593217444961
VAL  27,12.14508,0.09529382771168869,0.013476582356031523,-2.14102,0.18733515313469307,0.026493191427232356,-20.59892,0.3336572396935455,0.04718625935585826,-7.78244,0.3270960812972124,0.04625837143696102,0.585005904,0.03450200552098366,0.004879320413684649,-17.792294095999992,0.2279091126384388,0.03223121580816975
SER  28,11.079819999999998,0.05214698073744619,0.007374696739570494,-2.175739999999999,0.15052532145790085,0.021287495108633325,-13.156380000000002,1.5198306338536354,0.21493650949059087,-4.89102,0.5285559758436223,0.07474910295113966,0.6459206399999998,0.017585367553012862,0.0024869465292786555,-8.49739936,0.9489757814705265,0.1342054420519225
GLU  29,14.345200000000002,0.09927114384278025,0.01403905979747502,-2.1965399999999997,0.04809000311915386,0.006800953462567183,-34.92959999999999,1.8846545678188127,0.2665304050197769,-44.286100000000005,1.6283946603939177,0.23028978136250086,0.9741860639999999,0.02685035946776303,0.0037972142513903314,-66.09285393599998,0.29525696591597955,0.04175564055835089
GLY  30,4.81476,0.1289963658402706,0.01824284100681521,-1.9422599999999997,0.14943705163044596,0.02113359051368251,-11.224020000000003,0.3835041324418444,0.0542356745325384,-0.9065199999999999,0.30242997470488925,0.04277005718958064,0.216831744,0.012212645368799417,0.0017271288713009104,-9.041208255999997,0.09291624244677867,0.013140341023298105
GLY  31,5.364400000000001,0.05214172992907824,0.0073739541631297565,-1.55726,0.23370946151151073,0.03305150901244913,0.2980799999999999,0.7817298469420239,0.11055329516572539,-11.299820000000004,0.4387499830198648,0.06204861764776579,0.40181299200000015,0.017385415246988355,0.0024586690029778924,-6.792787008,0.19281671777547205,0.027268401733033798
GLN  32,18.53276,0.05895169548056949,0.008337028727351007,-1.9719000000000009,0.12094928689330033,0.017104812188385974,-68.15482,0.18754238881079827,0.02652249897760791,-13.789340000000006,0.2660967951702545,0.03763176966337894,1.1406434399999998,0.007952774691061202,0.0011246921826596253,-64.24265655999997,0.04675259793122764,0.006611815807051843
LEU  33,11.887959999999998,0.033180693181887405,0.004692458630676565,-3.18008,0.047043316209658216,0.006652929580270471,-23.117620000000002,0.05026007958413252,0.0071078486193831315,-0.5465,0.06734218588670828,0.009523623260083287,0.7821362880000001,0.006828066839280611,0.0009656344728900632,-14.174103712,0.024621928660584904,0.0034820665443581985
ARG  34,11.154179999999998,0.016934804398578134,0.002394943005660474,-4.017779999999999,0.045564148187072925,0.0064437436324136,-111.63686000000001,1.5105790017076497,0.21362813112509688,-95.20072000000002,1.4507877451914126,0.20517237053743775,1.2140582400000002,0.008831287549487168,0.0012489326625701408,-198.48712175999998,0.057428631083003695,0.00812163489461049
SER  35,10.413679999999998,0.016118858522911807,0.0022795508333075033,-3.31854,0.012252689500588831,0.001732791966727915,-13.276979999999998,0.047168841410799286,0.006670681524457802,-6.9066,0.05062449999763128,0.007159385448500687,0.584103744,0.0038979260600540354,0.000551249989925594,-12.504336255999995,0.01968883385203943,0.002784421586086467
ILE  36,12.7866,0.051793049727120656,0.007324643336075816,-4.34862,0.044463868477629766,0.006288140583663756,-6.927760000000001,0.21844363666630445,0.030892595358758844,-4.325320000000001,0.12932879648396078,0.018289853799300718,0.22288420799999997,0.0054424075632691455,0.0007696726587937134,-2.5922157919999993,0.09981608760962213,0.014116126484054865
ASN  37,19.754440000000006,0.008818525941660589,0.0012471278986835373,-3.0429000000000004,0.04093910111369158,0.005789663202634612,-81.20405999999998,0.3174097295325744,0.04488851443341426,-17.890800000000006,0.3270533289845142,0.046252325346916964,0.6717316320000001,0.006769142008997323,0.0009573012434753473,-81.71158836800001,0.03661936521176038,0.005178760292796503
GLY  38,6.080640000000003,0.039769717122057874,0.005624287332575573,-1.0034999999999996,0.04031935019319617,0.005702017186928829,-7.647660000000001,0.20240391399374627,0.028624236024735343,-7.5262,0.14982176076927506,0.02118799660185261,0.5370768,0.0038740595415147597,0.0005478747545051068,-9.5596432,0.1309555707915231,0.01851991442816819
GLU  39,14.7296,0.0384998701293003,0.005444703848645928,-2.7793200000000007,0.30555414839271583,0.04321188206963399,-4.055159999999998,2.8459441481518946,0.4024772812072754,-74.21316,2.460328663898065,0.34794301643799197,0.8276546879999997,0.049665037773888324,0.007023696999560494,-65.490385312,0.16947103908869532,0.023966824190869384
LEU  40,11.157900000000001,0.03526031763862292,0.004986561941812379,-3.171700000000001,0.058830349310498,0.008319867787405294,-18.893119999999996,0.22589498799231345,0.03194637556908371,-11.654519999999998,0.16719237303193274,0.023644572146710098,0.920431728,0.006925574242516332,0.000979424102098837,-21.641008272000004,0.04535019871016114,0.006413486607222472
TYR  41,9.421080000000002,0.4056369726737912,0.057365730815524,-7.713240000000002,0.20575165224117994,0.029097677708014927,-34.1867,2.569559754121293,0.36339062536064076,0.25250000000000006,1.4457783820489223,0.2044639396079416,0.17667028799999993,0.009034760735929001,0.0012777081165546717,-32.04968971199998,0.5253527104777463,0.07429609281870948
ALA  42,10.493780000000001,0.04665116933136219,0.006597471636897619,-3.99604,0.1500733100854328,0.021223571047304202,7.5834199999999985,0.2568042904626425,0.03631761104478687,-2.2166,0.2008804619668122,0.02840878737292385,0.10986523200000001,0.00699125433865578,0.0009887126703726748,11.974425231999998,0.20155464958536126,0.02850413190029746
PRO  43,19.314739999999997,0.09224029705119485,0.013044747908712276,-6.347399999999999,0.16113584331247385,0.02278804949969265,2.3548600000000004,0.20844711655477224,0.02947887392693242,-9.854260000000004,0.18340314173951675,0.025937121042985966,0.13531190399999998,0.01930954089041959,0.0027307814610429233,5.603251903999998,0.0817353035469302,0.011559117480075043
LEU  44,11.878480000000001,0.10485346727683657,0.01482851954847458,-8.136500000000002,0.05808416307378325,0.008214341117803479,-38.102940000000004,0.8116721606656548,0.11478777778140428,4.319380000000001,0.6445505997204553,0.09115321997603798,0.053227296,0.006743219638153818,0.0009536352666337723,-29.988352703999993,0.14746457365305307,0.020854640002971384
GLN  45,20.3035,0.06783546270108287,0.009593383136172562,-7.865500000000002,0.3708174888000808,0.052441512182620754,-83.40898000000001,1.5021428093215514,0.21243507335637601,2.101740000000001,0.4688602695899878,0.06630685521120663,0.001774800000000001,0.0022243279887642466,0.0003145674808876467,-68.86746520000003,0.7116240524187631,0.10063883862415171
HIE  46,29.79688,0.058068800572970494,0.008212168532103343,-9.91966,0.08910322328619506,0.012601098682249524,-12.935400000000001,1.3774888456898766,0.19480634075922829,-11.60842,1.6233199079663752,0.22957210299162922,0.26786736,0.03416012783451534,0.0048309716075970255,-4.398732639999999,0.2396137644078175,0.03388650353568071
VAL  47,11.436300000000003,0.07910303407550749,0.011186858361444377,-7.347939999999997,0.07277153564432334,0.010291449266291917,-34.653399999999976,0.668955095653963,0.09460453688924256,2.11796,0.5336067450848035,0.0754633895872692,2.376e-05,0.00016632000000000002,2.3521199969389318e-05,-28.44705624,0.23380261988272638,0.03306468359565131
SER  48,13.361279999999997,0.028307624415528792,0.004003302636700457,-4.383900000000001,0.11817008927807013,0.016711774292388622,-18.885180000000002,0.14743536753389183,0.020850509633989173,-1.9738799999999999,0.13221628341471292,0.018698206117165193,0.124757856,0.009745112758057626,0.0013781670629300171,-11.756922144000002,0.14505251513411044,0.02051352341589876
ALA  49,6.62038,0.01879137035961702,0.002657501081814617,-3.4536599999999993,0.02401133898813199,0.0033957161247754127,-0.4954,0.06182717848972209,0.008743683434342708,-3.2118999999999995,0.08099265398791386,0.011454090972229911,0.253338048,0.0032118215807419477,0.0004542201639407855,-0.2872419520000001,0.04145085048037645,0.00586203549212477
VAL  50,10.90012,0.021960546442554612,0.0031056902616184955,-5.715260000000002,0.01899558896142195,0.0026863819534507574,-26.334599999999995,0.042835032394552545,0.0060577883757067085,-0.5926400000000001,0.041844837196478836,0.005917753627855453,0.15091487999999992,0.003695876631710148,0.0005226758857422284,-21.591465120000006,0.021743878136353974,0.003075048735901961
LEU  51,14.66904,0.011210637802528827,0.0015854236023188778,-2.5223400000000002,0.020881197283614674,0.0029530472397076104,-22.537199999999995,0.028653795564159423,0.004052258630030029,-1.9847599999999994,0.033781391327199414,0.0047774101770758255,0.557541216,0.009158333211829985,0.0012951839036901911,-11.817718783999998,0.02317201768480287,0.0032770181677397423
PRO  52,18.138859999999994,0.007840943842905079,0.0011088769124442176,-2.1477199999999996,0.008082177924362709,0.0011429925634146173,-6.8535600000000025,0.0248226992881648,0.0035104597988031634,-3.706340000000001,0.023624233320809377,0.0033409711162955,0.9302240159999995,0.0030868539739899287,0.0004365470755081842,6.361464016,0.012044066579083875,0.0017032882302264944
GLY  53,5.294879999999998,0.008334602571246878,0.0011786907993247004,-1.2336199999999997,0.00853437754029994,0.001206943246390451,-19.84514,0.029743577458335238,0.004206377063507237,2.8084000000000007,0.0195028203087848,0.0027581152985208897,0.30559780799999997,0.0019904363264182656,0.00028149020478607917,-12.669882192000003,0.012105112489858584,0.0017119214257209953
GLY  54,4.336380000000002,0.006541834603890366,0.000925155121962338,-2.100580000000001,0.013834868990960158,0.0019565459360670833,-10.681119999999998,0.04886456384819892,0.006910492891356894,-2.7738999999999994,0.04235386641151855,0.005989741229810782,0.0774684,0.0027173052781018173,0.00038428499773995845,-11.141751599999997,0.018063916850682968,0.002554623619981574
ALA  55,9.35522,0.016290230200769685,0.0023037864484108275,-4.4684,0.02407239082439713,0.003404350158260807,-5.16964,0.053713596044246345,0.007596249600960301,-1.5302599999999997,0.04548573842427414,0.00643265481741635,0.13229380800000004,0.004211464091444683,0.0005955909635568356,-1.680786192,0.02674509747736254,0.0037823279579476555
ALA  56,9.403060000000002,0.010784080859319553,0.0015250993408977812,-6.268179999999998,0.03200855510679944,0.004526693274400235,-7.641099999999997,0.052328672829083024,0.007400391881587368,-0.8436200000000003,0.04054572233910163,0.005734031042817129,0.0,0.0,0.0,-5.349840000000001,0.04462078439465609,0.006310331845464839
ASP  57,17.089539999999996,0.013978855466218429,0.0019769086986779374,-5.3524199999999995,0.013337301076410287,0.0018861792067712707,-50.69007999999999,0.47015635016582374,0.06649014868403419,-27.041360000000005,0.463968609282632,0.06561506997628816,0.4588676639999999,0.0021568897078753633,0.00030503026774202817,-65.53545233600002,0.01614147613619381,0.002282749446852695
ARG  58,13.736820000000002,0.022143793712099673,0.003131605339004342,-3.26298,0.00942441510122397,0.0013328135653584744,-153.43558000000002,0.4216741438530277,0.059633729313901526,-57.66847999999999,0.4158336321186303,0.05880775622330312,1.570980816,0.0056371978320121285,0.000797220162781176,-199.05923918399995,0.02357820745908991,0.003334462076509142
ALA  59,7.5218799999999995,0.015886648482730335,0.002246711374493119,-3.3887200000000006,0.01270911483918119,0.0017973402571327195,-8.922859999999998,0.03433133262819221,0.004855183621713138,-3.3888600000000006,0.028515266086784893,0.004032667603460877,0.258057792,0.0026865764590484446,0.00037993928647385964,-7.920502208,0.03750246909349971,0.005303650041450512
GLY  60,6.537160000000003,0.03231801974069117,0.004570458182632687,-2.16464,0.018931201757961112,0.002677276227812998,-15.101599999999998,0.05382155702024967,0.0076115175886073945,1.7039000000000004,0.05238253525745067,0.0074080091792573565,0.19866945600000002,0.005627876025789181,0.0007959018603025454,-8.826510544000001,0.026418384369676945,0.0037361237471582524
VAL  61,11.15604,0.028917095289473723,0.004089494834280888,-5.692620000000001,0.037587173343969826,0.0053156290314310605,-19.99592,0.049777842459530285,0.007039649991193903,-2.3426,0.0691138191680921,0.009774170041491743,0.020913552,0.0015682615570420443,0.00022178567633172061,-16.854186448000004,0.03895706717218256,0.005509361274518025
ARG  62,11.241659999999998,0.010333653762759801,0.0014613993300162677,-5.109640000000001,0.031144668885555764,0.004404521313357231,-126.72552000000002,0.43698618925586313,0.06179917954153777,-71.94927999999999,0.4251802930527195,0.06012957368889229,1.2884400000000005,0.005401697013232969,0.0007639153175944305,-191.25434,0.039595951781296296,0.005599713202418033
LYS  63,8.94162,0.006218970975610495,0.0008794953097713001,-3.5944199999999995,0.04869377372933307,0.006886339521114955,58.58367999999998,1.3173337381249068,0.18629912386278905,-97.36394,1.2487831742945994,0.1766046101550747,1.17846288,0.005787174398574237,0.0008184300522282045,-32.25459711999999,0.05010548909586124,0.007085986222870419
GLY  64,6.27484,0.014016219176279035,0.001982192725228766,-2.76488,0.07315343874351145,0.01034545852053033,-14.951799999999997,0.49546769824089254,0.07006971385700503,-3.4994000000000005,0.33925742438448525,0.04797824507003038,0.15779303999999997,0.007385212399274672,0.0010444267536060185,-14.78344696,0.08245838827792563,0.011661377103406907
ASP  65,14.530400000000002,0.045023549393082174,0.006367291417787174,-6.642919999999998,0.02378389370998153,0.0033635505050696023,-88.31952000000001,0.8732808537925278,0.12350056271941487,15.567459999999999,0.8077693039475866,0.11423583049113518,0.010604160000000007,0.00032229632079806955,4.5579582797557974e-05,-64.85397584,0.06828261467172342,0.009656619974304734
ARG  66,13.95616,0.06880824369177851,0.009730955143198614,-9.11746,0.09223040930199107,0.013043349569809744,-129.75938000000002,2.710992887410662,0.3833922908873155,-73.47130000000001,2.4608662316343524,0.34801903999632716,0.6148543679999999,0.008386894916944455,0.001186086053774082,-197.77712563199998,0.30572877505865337,0.04323657800956608
ILE  67,13.092520000000002,0.019052810813854657,0.002694474345428202,-8.428880000000003,0.05107118169745441,0.007222555780296061,-12.895,0.14888250400902914,0.02105516563696357,-0.5326200000000001,0.14866538130983928,0.021024459850374235,0.0,0.0,0.0,-8.763980000000002,0.03967492406986261,0.0056108815705722456
LEU  68,13.25086,0.022200909891972473,0.0031396827866250476,-7.513739999999999,0.03763073743655809,0.005321789924488141,-34.29482,0.0680778054848966,0.009627655581333825,-1.51226,0.06927389407273364,0.009796808051605708,0.12424895999999995,0.003841887346190211,0.0005433249190091774,-29.94571104000001,0.028508332904014232,0.004031687103350409
GLU  69,15.429239999999995,0.0301068497221444,0.004257751519738526,-6.140979999999998,0.022254428773538327,0.0031472514994403946,-20.396459999999998,0.4506307228765796,0.06372880799140507,-60.676680000000005,0.4475783926857637,0.06329714331613578,0.39979627199999995,0.0023503750447175843,0.00033239322649028773,-71.385083728,0.0459899777557632,0.006503965027543727
VAL  70,10.881660000000004,0.027300263733925998,0.0038608403228880496,-6.526259999999999,0.03017734912177727,0.004267721640448523,-26.46712000000001,0.050051429544590804,0.007078341047812174,-1.90048,0.044043269633401515,0.006228658924681152,0.0,0.0,0.0,-24.012199999999996,0.034753992579756546,0.004914956765290562
ASN  71,18.40888,0.05737199316745832,0.00811362508377961,-4.08858,0.0231681591845262,0.0032764724933975736,-89.20969999999997,0.2290062226301469,0.032386370591138615,-8.79626,0.2316522229549867,0.03276057154568182,0.34353878400000004,0.006116331989923696,0.0008649799652126511,-83.34212121600001,0.08353285909091611,0.011813330223017424
GLY  72,6.121739999999999,0.01659374581008957,0.002346710037520039,-1.2221799999999996,0.014030951500218452,0.0019842761904608056,-5.124640000000002,0.029836058720768832,0.004219455889067134,-6.586140000000003,0.02643180659660784,0.0037380219366945446,0.51092712,0.003329766789664198,0.00047090013534826293,-6.30029288,0.026213905311534037,0.0037072060414335547
VAL  73,10.74126,0.010575083921077836,0.0014955427104421924,-2.37708,0.013585050607275863,0.0019212162814334376,-30.44753999999999,0.03803956362323515,0.005379606678273338,-0.11071999999999997,0.0342841304396073,0.00484850822418609,0.5194971359999999,0.004392278050485776,0.0006211619188710642,-21.674582863999994,0.013103494507947268,0.0018531139647620391
ASN  74,20.464999999999996,0.018836135492963958,0.0026638318276846853,-4.377719999999999,0.025617212963331037,0.0036228210002942616,-93.01975999999999,0.11107214953708892,0.015707974027728364,-4.750159999999999,0.11122002697357423,0.015728887055353014,0.5937546239999999,0.004491200678426508,0.0006351516910770013,-81.08888537600002,0.03455204860759999,0.004886397574864232
VAL  75,13.52272,0.049742151140237674,0.007034602476413643,-6.3644,0.028993102627856544,0.004100243895158975,-34.77158000000001,0.245698765970412,0.03474705270936897,2.2921400000000003,0.2719276381686858,0.03845637538822392,0.017822880000000003,0.006929387131341408,0.0009799633260076613,-25.303297119999993,0.04042543409354245,0.0057170197159907435
GLU  76,15.36392,0.06796818079106415,0.00961215230845494,-5.95064,0.09499426509007472,0.01343421780380487,-9.721959999999997,0.5330898595922022,0.07539029093988614,-69.98325999999999,0.5344817605882629,0.0755871354664971,0.500476608,0.004097375139652972,0.0005794563492627587,-69.79146339200003,0.1856716773874842,0.026257940430994206
GLY  77,6.1666399999999975,0.06888185827941602,0.00974136581802116,-3.5347599999999995,0.19145376047496282,0.027075650463102244,-12.366200000000001,0.32642358983368475,0.04616326678213093,-2.7796600000000007,0.15336109154539818,0.02168853356038439,0.05182156799999997,0.007337936531244934,0.001037740936231957,-12.462158432000008,0.06717351919915322,0.009499770188377197
ALA  78,7.0257,0.06842287629142083,0.009676455962790383,-4.084580000000001,0.3995485497408276,0.05650469778699795,-12.634040000000004,1.0368330619728106,0.14663033781587723,2.9210599999999998,0.8310376744769167,0.11752647500882528,0.08242358400000002,0.01625985110622299,0.0022994901956587726,-6.689436416000001,0.5685079473380074,0.08039916494422993
THR  79,15.106940000000002,0.17686123487059344,0.02501195570120466,-6.70362,0.18785652929831753,0.026566925151401934,-30.339719999999993,0.1605687441586087,0.02270784956823201,-6.302220000000001,0.20944815969587913,0.029620442805599813,0.12566332800000002,0.0062694028936421614,0.0008866274600169871,-28.112956672,0.21353536314964414,0.030198460661249076
HIE  80,30.95146,0.06220135368292366,0.00879659979763563,-12.1791,0.15696665250939215,0.022198436881908718,-6.176839999999998,0.5621204269549691,0.0794958331486672,-9.037939999999999,0.28771884957369925,0.040689589921750986,0.024077375999999994,0.013601721891974713,0.0019235739571257674,3.5816573760000017,0.5415357630833433,0.07658472206625273
LYS  81,11.589299999999998,0.19275323602992148,0.027259424058481727,-3.696740000000001,0.27191416366197135,0.03845446980520973,24.824499999999993,1.8171193934357317,0.2569794890647984,-65.99525999999999,1.7957907206584631,0.2539631592338953,0.991655424,0.04534524193840014,0.006412785613837473,-32.286544576000004,0.0978726755727268,0.013841286518069217
GLN  82,20.81544,0.07268759454150815,0.010279578201687737,-6.080160000000001,0.08455941343203838,0.011958506930190233,-77.32477999999998,1.322787727340446,0.18707043441455423,-9.78532,0.9360518455726492,0.13237772150932064,0.5943572640000001,0.028507575034445138,0.0040315799244080965,-71.780462736,0.557626875896074,0.07886034906359665
VAL  83,13.118720000000003,0.0901489966662515,0.01274899337197398,-7.674140000000001,0.07360380696667498,0.010409150205456305,-24.922380000000008,0.15405049691456596,0.02178603020268938,-3.1859,0.10321845765170898,0.01459729426982798,0.0,0.0,0.0,-22.663700000000002,0.1755435273658382,0.024825603718758093
VAL  84,12.87246,0.027033468145857015,0.0038231097289852037,-6.881420000000002,0.140220981311507,0.01983024134999975,-31.71458,0.22180154102284633,0.03136747474697617,-2.2919199999999997,0.2259390926776582,0.031952612913501585,0.050039856,0.006155559477290677,0.0008705275696778716,-27.965420144,0.1357613636200311,0.019199556167771328
ASP  85,14.501100000000006,0.1051637294878918,0.014872397251151194,-4.4925,0.10942728179025825,0.015475354600140562,-78.91368,2.469535320176185,0.34924503425525444,-2.81564,2.5655375948132195,0.3628218061362905,0.5098780800000001,0.005751992173559011,0.0008134545342511051,-71.21084192000002,0.1464844834648913,0.020716034319326664
LEU  86,12.62036,0.05485572349383852,0.007757770813877485,-6.043240000000002,0.11618839184691426,0.016431519954022568,-30.88714,0.19772789484586237,0.027962947055049973,-2.2778600000000004,0.1679636877423194,0.023753652519138767,0.32886719999999997,0.01169823438247028,0.0016543801719508717,-26.2590128,0.11174764104690106,0.015803502953172784
ILE  87,14.347339999999999,0.12581074834848668,0.017792326660673832,-7.793640000000002,0.14359759886562729,0.020307767183998147,-7.7896399999999995,0.4158325028181497,0.05880759651609756,-2.2165999999999997,0.2364560847176523,0.03343994019133454,2.376e-05,0.00016632000000000002,2.3521199969389318e-05,-3.45251624,0.26227979068762125,0.03709196371268106
ARG  88,13.16376,0.1630082893599219,0.023052853359203943,-4.724160000000001,0.46673552939537843,0.06600637157123306,-141.50946000000005,3.062640241422564,0.43312273660894,-66.48219999999999,3.2793201246601242,0.4637658995657376,1.0692444959999998,0.0846794940808908,0.0119754888984088,-198.48281550400006,0.3854978573027393,0.054517629806330195
ALA  89,8.498980000000001,0.29337344733292203,0.041489270805836725,-1.4780200000000001,0.0922952848199763,0.013052524353549812,-7.28064,0.3758997079009054,0.05316024650055452,-5.534059999999999,0.24518494325715626,0.03467438720439481,0.386189136,0.01637142072649458,0.0023152685226724623,-5.407550864,0.42518414400572574,0.06013011829588924
GLY  90,7.38516,0.3607209647359242,0.05101364805618509,-0.7511000000000001,0.06757610524438322,0.009556704452895838,-15.42254,1.3147978888026903,0.1859405006124277,-0.41028,1.0904392883604297,0.15421140305437858,0.47241316799999994,0.029431022660898157,0.004162175140155207,-8.726346832,0.5085202164301779,0.07191561868164591
GLU  91,15.60376,0.13790874664107902,0.019503241986968897,-1.26788,0.3552133803786109,0.050234758006782454,-13.746739999999999,4.091523930322296,0.5786288633035861,-61.01084,3.108702960142628,0.43963698876230917,0.9521578080000002,0.024152796120592762,0.003415721184297456,-59.46954219199999,0.8071085060813789,0.11414237956069737
LYS  92,10.829,0.18731139847861117,0.026489832011552302,-3.156060000000001,0.17540757224245493,0.02480637676082182,24.666220000000006,1.2270824143469856,0.17353565925190287,-67.24022,1.3781589500492604,0.19490110782655287,1.242623088,0.021940021852180396,0.0031027876462115587,-33.658436912,0.14435336383007835,0.02041464849026746
GLU  93,15.100899999999998,0.08395790612015973,0.011873440950357696,-4.27296,0.17612233929854795,0.024907460087288245,-40.670680000000004,1.8867931888788958,0.26683285171057153,-42.51896,1.6837377344468547,0.23811647395340907,0.52518168,0.026677862189252898,0.003772819452316184,-71.83651831999998,0.10588190832032005,0.014973963075654125
LEU  94,12.983020000000002,0.07023716679870408,0.009933035386938857,-8.273480000000001,0.06904990658928813,0.009765131437916661,-31.990379999999995,0.06598329789072849,0.009331447476717226,-0.08432,0.07624524640920244,0.01078270615383726,0.0,0.0,0.0,-27.365160000000007,0.10478346434289297,0.014818619638615685
ILE  95,13.106200000000007,0.08991862988166878,0.012716414588866264,-5.02458,0.06336847481200285,0.008961655650603228,-12.859479999999998,0.06410436490622363,0.009065726225769535,-0.6066400000000001,0.06158108800597737,0.008708880984374433,0.37224288000000016,0.007039971050839462,0.0009956022538811136,-5.01225712,0.09659293767347585,0.013660304248728862
LEU  96,11.572120000000002,0.022212284889432984,0.003141291454193109,-8.14732,0.026525037228591952,0.0037512067391125992,-34.50260000000001,0.05499745448434416,0.007777814602775651,0.14840000000000003,0.044597309335877924,0.006307011970814681,0.0,0.0,0.0,-30.929400000000005,0.03356784174618697,0.004747209705705136
THR  97,16.24904,0.011644672601360963,0.0016468053922239062,-5.298599999999999,0.012919752320082719,0.001827128895356224,-45.11912,0.06757740450718305,0.0095568881964031,2.4565799999999998,0.06703911992261727,0.009480763260412169,0.13565289599999997,0.002668552907698826,0.0003773903713977838,-31.576447104,0.02124710526548596,0.0030047944427619043
VAL  98,11.865359999999999,0.01230082923975066,0.001739599953929091,-6.652740000000002,0.01356143060210974,0.0019178759082685121,-26.715299999999992,0.0378297502062184,0.005349934580282044,-1.7201999999999997,0.04618744418130457,0.006531890997255122,0.00028727999999999995,0.00043882744854897127,6.205957292795368e-05,-23.22259272,0.02078365988734263,0.002939253368842962
LEU  99,11.55628,0.013982903847397974,0.0019774812262349146,-8.664319999999998,0.026821215483921152,0.0037930926696692546,-33.961240000000004,0.12226897562308045,0.017291444358362572,0.42764,0.10037644345163818,0.014195372767208276,0.0,0.0,0.0,-30.641640000000002,0.04751537014290607,0.006719688087727539
SER 100,11.998979999999996,0.011111237558240228,0.0015713662849612643,-4.886619999999999,0.010546828907745295,0.0014915468481362013,-0.6487200000000003,0.14898577650232106,0.021069770573026923,-10.30068,0.12494966026379965,0.017670550415897605,0.261803664,0.00150428929208416,0.0002127386318598041,-3.5752363359999997,0.04052920975543239,0.005731695810839643
VAL 101,7.888579999999998,0.005993629953840964,0.0008476272768567518,-2.0565,0.01172220115847627,0.0016577695859182747,-78.46775999999997,0.6334119847343083,0.08957798193809186,-32.30116,0.6240029281977474,0.0882473404017779,1.0215862560000002,0.002531231037282282,0.000357970126242432,-103.915253744,0.023244193915796036,0.003287225428214893
ARG 102,6.1264199999999995,0.1628178233486544,0.023025917397573384,-3.15346,0.2518166166081995,0.035612247443822166,-31.46758,3.1216457267921935,0.4414673723753537,-258.1114800000001,2.8844095772860783,0.4079171143636818,1.7724379679999998,0.05269550050961179,0.007452269149673133,-284.833662032,0.3450339452381767,0.048795168483492524
ARG 103,10.627440000000002,0.23243589739966491,0.032871399848496734,-4.894220000000001,0.2140802924138618,0.030275525296848137,-101.47516,1.9921383823417353,0.281730911843168,-103.76323999999997,2.350930858703774,0.3324718304580303,1.050715008,0.04923145060377485,0.00696237851391595,-198.4544649919999,0.1867880778227558,0.02641582329465424
GLU 104,14.68444,0.09769281652182778,0.013815850607159522,-3.276720000000001,0.3045234335810551,0.04306611698307505,-127.90198000000004,2.3129815087000707,0.3271049819121823,36.30056,2.0251357599923447,0.2863974457427919,0.5196859199999999,0.011358525485150373,0.0016063380789660096,-79.67401408000002,0.2810515935264075,0.03974669752916159
THR 105,15.028720000000007,0.3620428173569841,0.05120058624660123,-3.68612,0.28873729513175167,0.040833619873824625,-40.55497999999999,1.3373364945295192,0.18912794080201384,-1.63122,0.5596133411561963,0.07914127767480145,0.25372339200000005,0.04224104906744517,0.005973786448004834,-30.589876607999994,0.3589939320172779,0.050769408746847926
GLN 106,18.881000000000004,0.07547661889620584,0.010674005808507973,-4.14292,0.0818674147631087,0.011577800827441167,-71.05486,2.3441661204783184,0.33151515200359605,-5.7915199999999984,1.7608265813532085,0.24901848323367592,0.8137179359999999,0.030602410122540342,0.004327834343660024,-61.294582064000004,0.7273628797424362,0.10286464492985038
VAL 107,10.129920000000004,0.32206017077547017,0.0455461861410865,-7.660820000000002,0.5564361846609036,0.07869195989425898,-105.38445999999998,2.134448136733527,0.30185655031505365,-1.7240199999999997,2.3097923758641166,0.32665397042130073,0.08563103999999999,0.013513317386578473,0.0019110716720751424,-104.55374895999998,0.9326692298425648,0.13189934740514245


