#Frame       SA_00001
       1    7268.5677
       2    7407.2161
       3    7332.7779
       4    7398.1036
       5    7156.1961
       6    7257.3024
       7    7109.1396
       8    7362.3309
       9    7360.8555
      10    7312.6945
      11    7398.9336
      12    7396.0059
      13    7405.5180
      14    7265.6063
      15    7194.7590
      16    7249.9405
      17    7301.5195
      18    7292.0993
      19    7215.1293
      20    7244.8300
      21    7226.5349
      22    7109.1968
      23    7294.9963
      24    7171.7898
      25    7255.1821
      26    7214.4855
      27    7207.2982
      28    7205.3392
      29    7190.2697
      30    7358.2607
      31    7213.9950
      32    7342.8726
      33    7254.8170
      34    7447.4196
      35    7262.2970
      36    7291.3217
      37    7334.7640
      38    7235.9585
      39    7231.2051
      40    7278.5225
      41    7316.0776
      42    7109.2112
      43    7267.3019
      44    7145.6903
      45    7188.6763
      46    7204.4278
      47    7137.6620
      48    7311.0883
      49    7284.8663
      50    7369.3043
