| Run on Mon Jun 20 15:46:47 2016
| GB non-polar solvation energies calculated with gbsa=2
idecomp = 2: Per-residue decomp adding 1-4 interactions to EEL and VDW.
Energy Decomposition Analysis (All units kcal/mol): Generalized Born Solvent

Total Energy Decomposition:
Residue,Internal,,,van der Waals,,,Electrostatic,,,Polar Solvation,,,Non-Polar Solv.,,,TOTAL,,
,Avg.,Std. Dev.,Std. Err. of Mean,Avg.,Std. Dev.,Std. Err. of Mean,Avg.,Std. Dev.,Std. Err. of Mean,Avg.,Std. Dev.,Std. Err. of Mean,Avg.,Std. Dev.,Std. Err. of Mean,Avg.,Std. Dev.,Std. Err. of Mean
PHE   1,4.55538,0.008887946893882408,0.0012569455038980324,0.53234,0.0047480943545913055,0.0006714819431690151,-43.616460000000004,0.4995255833281336,0.07064358546949781,-50.31598000000001,0.4897683734180278,0.06926370761091853,1.7852364000000005,0.009356828610282334,0.0013232553921461877,-87.05948359999998,0.01626186529573473,0.0022997750450712414
LEU   2,11.670520000000002,0.016413701592011068,0.0023212479400166915,-0.29544,0.009751225563999613,0.0013790315442367485,-17.769399999999997,0.04542025979818595,0.006423394741310403,-9.768839999999997,0.034913813885922025,0.0049375589111641015,1.0816338239999999,0.005361452206966464,0.0007582238425107136,-15.081526176,0.02488170527614319,0.003518804505649189
GLY   3,5.791939999999999,0.006084110453839766,0.0008604231518796123,-0.7604199999999998,0.01851171520957303,0.002617951871216648,-10.656540000000001,0.04731858408656429,0.0066918583367510925,-7.4230399999999985,0.04324347812127277,0.006115551324328816,0.33823800000000004,0.004735973100590599,0.0006697677389889383,-12.709822000000004,0.008693493723813157,0.0012294456728621948
GLU   4,15.233979999999997,0.005493596277477052,0.0007769118361810395,-1.12474,0.014553089019167013,0.002058117586532895,-3.4475399999999996,0.7653059312458019,0.10823060273323845,-80.82045999999998,0.7542250383050851,0.10666352782524186,1.13502096,0.004472414907361369,0.0006324949818550058,-69.02373904000002,0.012025666519329854,0.001700686068821233
GLU   5,15.176300000000001,0.007985612063295,0.0011293360883761984,-2.24246,0.010190603515057649,0.0014411689699761461,9.6348,0.4894554525184298,0.06921945391290239,-90.22485999999999,0.4748202190310797,0.06714971934427165,0.889715664,0.004894927059121241,0.0006922472233836308,-66.76650433600001,0.028101467882739706,0.003974147700236243
ASP   6,12.687720000000004,0.025730169060759138,0.003638795404787817,-2.8399199999999998,0.0215014790188525,0.0030407683239541752,20.09594,1.7105858108846395,0.24191336533560354,-97.41312000000002,1.7053654580745077,0.24117509596115744,0.8167573440000001,0.014551403582216566,0.0020578792297535104,-66.652622656,0.05837422665196577,0.008255362302425098
ILE   7,14.304039999999995,0.014180211570393852,0.002005384752017087,-3.3675599999999997,0.10665179979730292,0.01508284217248459,1.4761799999999996,0.10972523684185619,0.0155174918076353,-5.68388,0.16892218800379016,0.023889204926069777,0.215492256,0.00554812924997846,0.0007846239631118406,6.944272255999998,0.0827936249408181,0.011708786726933628
PRO   8,18.474059999999998,0.01373522479035233,0.0019424541180759415,-2.960220000000001,0.09775996931257078,0.013825347445901517,2.4433399999999996,0.7923449150464722,0.11205449249360788,-4.1706,0.902965159903746,0.1276985575486268,0.6685997760000001,0.007285614480332821,0.0010303414808308484,14.455179776000005,0.029988158296697164,0.004240966017378038
ARG   9,13.149579999999998,0.9211537350519068,0.1302708105141039,-3.8343599999999998,1.6948112196938026,0.23968250125530627,-217.30930000000004,9.514421725464564,1.345542424228921,3.7112599999999993,7.193996054516574,1.0173846787955874,0.8355372479999998,0.09953215009537848,0.01407597165570388,-203.44728275199998,1.5714565711890727,0.22223751956559076
GLU  10,16.491400000000002,0.01805325455172209,0.0025531157432019187,-0.9873400000000001,0.03307603966619701,0.004677658388552627,1.4126599999999998,0.9809610310302852,0.13872883942425238,-78.37856,0.9767581719143552,0.13813446538800322,1.0153500479999997,0.00450264798233613,0.0006367705843211607,-60.44648995199997,0.04427461685679443,0.006261376362775113
PRO  11,18.23294,0.01641269021253946,0.002321104909360146,-4.647919999999998,0.0301548271428529,0.00426453655164389,3.1037800000000004,0.0738274447614014,0.010440777365692436,-7.126619999999998,0.08403282453902963,0.011884036014761432,0.565277904,0.005604844370678665,0.0007926446924004263,10.127457904000002,0.028046418291217304,0.003966362512342836
ARG  12,11.88748,0.01993714121945569,0.0028195375507501907,-4.1683,0.04864000411180886,0.00687873534888032,-196.56060000000002,1.1060210486146016,0.15641499672208817,-4.611819999999999,1.0805191472620956,0.1528084832461867,0.9380231999999996,0.009950731965552857,0.0014072460101224335,-192.51521680000002,0.07338918022194167,0.010378797400131323
ARG  13,11.987379999999996,0.017746988479435212,0.0025098031798896346,-4.61796,0.031219839845820028,0.004415152092507464,-151.27596000000003,0.7373666648219904,0.1042793937833075,-54.55125999999999,0.7221273519275746,0.1021242294856545,1.365702048,0.004627301780743924,0.0006543992935521231,-197.09209795200005,0.026041668405135415,0.003682848064536543
ILE  14,13.450079999999998,0.034618977455373366,0.004895862743287743,-5.87456,0.023649236774260205,0.0033445071385931327,-18.437540000000002,0.03296435043960738,0.0046618631466512255,2.11292,0.043341361307653876,0.006129394097299661,0.010997712000000002,0.0009271142394850807,0.00013111375313490186,-8.738102288,0.05723069829398112,0.008093642971143086
VAL  15,10.960380000000004,0.027398459808959354,0.0038747273449964478,-2.98494,0.032238120292571885,0.004559158694317045,-23.915820000000007,0.037380042798265053,0.005286336348739318,-4.638239999999999,0.042763330085577964,0.006047648137926176,0.523530144,0.004358481862502406,0.000616382416130805,-20.055089856,0.01980017531975447,0.0028001676474561804
ILE  16,13.702579999999998,0.13764826043249925,0.01946640367407043,-5.511460000000002,0.06652765139385372,0.009408430687401726,-13.831119999999997,0.04907612046735581,0.0069404115153590415,-0.06339999999999998,0.04552186287928034,0.00643776358683666,0.02012342400000001,0.0024325976899239976,0.0003440212644887978,-5.683276576,0.13301095190517934,0.018810589212846007
HIE  17,29.885640000000002,0.04760788169777854,0.006732771197285226,-4.4295,0.030306599941151428,0.004286000466619199,-7.296740000000001,0.09010323190637522,0.012742521257564402,-13.564419999999998,0.05322521582948896,0.007527182208629843,1.1131283519999995,0.007325412811736931,0.0010359698148339996,5.708108352000002,0.03099046367720427,0.004382713403653306
ARG  18,15.894679999999996,0.15411897222646356,0.02179571407416671,-8.30418,0.06408422270726452,0.009062877688675135,-194.06392,1.2901597705757941,0.18245614451764489,-12.848040000000001,1.2584944173098125,0.17797798731303624,0.25986686400000003,0.004692568477315946,0.0006636293982984673,-199.06159313599997,0.2749055763698464,0.038877519447422945
GLY  19,5.76004,0.047954545144373965,0.006781796812060651,-2.8476000000000004,0.027057716089810373,0.003826538906105054,-12.809020000000002,0.1042684017329707,0.014745778785773348,-2.4638400000000003,0.05417318894063256,0.007661245851684273,0.22050633600000002,0.003253218679754271,0.00046007459782739847,-12.139913663999998,0.04477920948514865,0.0063327365366243156
SER  20,11.957519999999999,0.03469884147965939,0.004907157221916842,-1.0448800000000003,0.02440626149166361,0.003451566600833488,-10.363,0.10889205664321477,0.015399662333953361,-9.96692,0.10135518536316596,0.01433378777574283,0.9059247359999998,0.005920589488158708,0.0008372977951397626,-8.511355263999997,0.023575444854470294,0.0033340713852170888
THR  21,13.445060000000003,0.10563189101745972,0.014938605289600825,-1.14674,0.0796966272812049,0.011270805117647357,-32.99146,0.2581825098663639,0.03651252070205372,-6.340559999999999,0.2774898311650716,0.03924298826542646,0.7006308479999999,0.024392044187649273,0.0034495559704177422,-26.333069152000007,0.1775238584030654,0.0251056648198416
GLY  22,5.02698,0.01570412684610672,0.0022208989170991542,-2.4447400000000004,0.03808506794004069,0.0053860419604706295,-5.0642000000000005,0.5204646001410618,0.07360480962545794,-2.4927599999999996,0.20895296695668586,0.02955041197682423,0.28516896,0.020658918433025145,0.0029216122631943687,-4.689551040000001,0.2970198089643415,0.042004944213083754
LEU  23,10.60652,0.27700499923286953,0.03917442267602728,-7.8218,0.3224194162888222,0.04559699112880691,-33.12398,0.09581868084676058,0.013550807798218793,0.4156199999999999,0.15444583387064886,0.021841939291189355,0.000229824,0.00040897480536580735,5.783777164172216e-05,-29.923410175999997,0.13316741185118044,0.0188327159906063
GLY  24,6.069579999999999,0.23496289834781767,0.033228771749797464,-3.4887599999999988,0.025885563544377325,0.0036607715034128975,-12.819360000000001,1.3832717268851953,0.1956241636608295,-1.0826199999999997,0.6379042526900104,0.09021328456496866,0.04797288,0.006014315669001776,0.0008505526787495326,-11.27318712,0.5293061790859279,0.07485519771112015
PHE  25,9.193119999999999,0.10886609022105381,0.015395990127314728,-9.62272,0.21082106536118494,0.029814600986773247,-5.966059999999999,0.4926710630836939,0.06967420992017306,-2.5591400000000006,0.36120343353849305,0.051081879448586574,0.0034511039999999982,0.003032960133530278,0.00042892533549754324,-8.951348896,0.24881101661609015,0.035187191416631215
ASN  26,17.575219999999998,0.12153950633489714,0.017188281822294222,-7.1425399999999994,0.27203052843387426,0.038470926269070484,-85.47042000000002,1.1700829216753426,0.16547471369344052,-9.063139999999997,0.4071401237903908,0.057578308485063144,0.244284192,0.012540536604082221,0.0017734996944929313,-83.85659580800002,0.6074627428245346,0.08590820495388163
ILE  27,14.506380000000002,0.13965484452731045,0.019750177518162843,-8.5512,0.15964861414998846,0.022577723534498287,-14.9605,0.21613609138694506,0.03056625917577284,0.7123599999999998,0.18203733243486217,0.025743966438760178,0.0,0.0,0.0,-8.29296,0.2931519715096438,0.04145794939453494
ILE  28,13.65976,0.1505825434771832,0.02129558752420687,-7.48228,0.22521314704070544,0.03184994869696917,-14.865519999999993,0.4009208520396129,0.05669877063925975,0.0423,0.28302058229040516,0.04002515459058216,0.012924144000000004,0.00900211372823427,0.001273091132449393,-8.632815856,0.347963535711283,0.04920947514141912
GLY  29,5.375119999999999,0.1476969383569143,0.02088750133453312,-4.670680000000001,0.262892330812431,0.037178589967881426,-8.77518,0.7747294673626404,0.10956329199143301,-0.7605200000000001,0.7017212905420499,0.0992383766090518,0.008026992,0.005696002777100448,0.0008055364378690267,-8.823233007999997,0.22016813379675637,0.031136476081774705
GLY  30,6.32374,0.15453709069348054,0.02185484495484012,-3.3787399999999987,0.1496991396101191,0.021170655351221382,-14.068179999999998,0.8019980221920913,0.1134196479980454,-1.5365199999999999,0.7082457268490934,0.10016107124027783,0.041164848000000004,0.016088719146460838,0.00227528848181366,-12.618535152,0.12337052545459276,0.01744722702949802
GLU  31,14.196279999999996,0.55217855952585,0.07808984077330965,-3.0607000000000006,0.6954243956031421,0.0983478611867076,-12.367820000000002,8.424390709576565,1.191388759621308,-68.00337999999999,8.710569512701255,1.2318605540855716,0.6255959040000001,0.13506113908058226,0.01910052946373183,-68.61002409600002,1.022137122690656,0.14455201815141377
ASP  32,14.222560000000001,1.8086510018242759,0.2557818776379576,-0.8142799999999998,0.5178293942989332,0.07323213524129964,-12.1905,10.649427185064932,1.5060564356623558,-71.94524,9.934768880170282,1.4049884889378979,0.761533056,0.11655476192369686,0.01648333250716593,-69.96592694399999,1.0526784730069503,0.1488712173344629
GLY  33,5.829059999999998,0.17971392934335695,0.025415387622473553,-0.9957399999999997,0.162408597063088,0.022968044061260625,-8.64738,0.6440455850326312,0.09108180011396615,-6.029579999999998,0.6469109085492438,0.09148701805174415,0.47265019199999986,0.029054616078853318,0.0041089432108257756,-9.370989808000001,0.11093283337788885,0.015688271747548516
GLU  34,14.470280000000004,0.453185791480556,0.06409014925865877,-3.0913800000000005,0.3648986100274947,0.051604456319197405,-18.190360000000002,15.680654205434156,2.217579384420769,-64.3544,14.298235400216349,2.022075842098906,0.394319376,0.13829429978387187,0.019557767435324218,-70.771540624,1.9704776473803625,0.2786676213278338
GLY  35,4.6610000000000005,0.09241428461006694,0.013069353465256386,-2.7757199999999993,0.15680064285583747,0.02217495957155453,-6.6637400000000016,0.6245722635531976,0.08832785657989951,-2.995240000000001,0.49375648086885326,0.06982771117543439,0.01176624,0.0032114147013426846,0.0004541626225043167,-7.761933759999997,0.21406504308842153,0.03027336871656267
ILE  36,12.829559999999999,0.16752959857890562,0.023692263040920872,-7.20394,0.17722893781775317,0.025063956750684447,-11.8457,0.2168312938669252,0.03066457565335117,-0.9780600000000002,0.1888840289701588,0.026712235548527113,0.0,0.0,0.0,-7.1981399999999995,0.17154871144958014,0.02426065143396249
PHE  37,8.998660000000001,0.3277587899660303,0.04635209259569548,-9.591340000000002,0.15556087040118924,0.021999629269592518,-11.812279999999998,0.39891317551575284,0.05641484230236965,0.9165800000000002,0.2111049113592568,0.0298547428727831,0.013384368000000002,0.004994433069145679,0.0007063194982750501,-11.474995631999997,0.3186767718950399,0.045067701282724255
ILE  38,12.403159999999998,0.06210003542687434,0.008782271232453537,-8.65246,0.09298391473809238,0.013149911330515376,-12.8135,0.4856946056937015,0.06868758985434853,-0.03702000000000001,0.11431403938274598,0.016166446486473147,0.0,0.0,0.0,-9.099820000000001,0.4491294998104104,0.06351650298937268
SER  39,11.665679999999998,0.22076751935013125,0.03122124199964203,-5.238839999999999,0.20408129360629207,0.028861453324466383,-14.018719999999998,0.7672112105542372,0.10850004991704826,-2.0636600000000005,0.12141542076688062,0.01717073347297585,0.077794416,0.008372708500917961,0.0011840797915794686,-9.577745583999999,0.5055148189726434,0.07149059129716923
PHE  40,8.46116,0.047200576267901896,0.006675169510989251,-4.373539999999998,0.10767993499262037,0.015228242446201693,-4.8576,0.15553404771944862,0.021995835969562838,-3.169559999999999,0.09881440380839354,0.013974467002364176,0.7369032960000002,0.011381895221451378,0.0016096430587686059,-3.202636704000001,0.12010890928862793,0.016985964847781743
ILE  41,13.395060000000003,0.03692121883094652,0.005221448841006947,-6.788899999999999,0.03488911004878576,0.004934065261012026,-8.09432,0.0728657505281559,0.010304773262941259,-1.9591799999999997,0.10859276034801822,0.015357335445969863,0.30938803200000004,0.00474005637086185,0.0006703452006085822,-3.137951968000001,0.06804581054078435,0.009623130812944733
LEU  42,12.774719999999997,0.01981922299363372,0.0028028613953293502,-3.8676600000000008,0.03476124853909335,0.004915982912900775,-29.734560000000002,0.05566009701699475,0.007871526408443623,-3.37188,0.04258104742727041,0.00602186947716978,0.692973072,0.009443895891144017,0.0013355685650895414,-23.506406927999997,0.05004432116354337,0.007077335770923794
ALA  43,7.768020000000003,0.018261971414961574,0.0025826327650708436,-1.7837400000000003,0.013138964951572525,0.0018581302430058621,-4.1975,0.04871437159613242,0.006889252499373315,-2.311159999999999,0.047000153191267914,0.0066468254076704186,0.6937921439999998,0.005400848859383041,0.0007637953705266757,0.16941214399999974,0.016169853859626777,0.0022867626629875125
GLY  44,5.421300000000001,0.019984243793288097,0.002826198860623837,-1.7320999999999998,0.015424979740679917,0.0021814215548599763,-12.397080000000003,0.040919843596115814,0.005786939778381283,-0.96158,0.02679633557037326,0.003789574118552245,0.3506509439999999,0.0029413561539075104,0.0004159705764625566,-9.318809056000001,0.02101487084239237,0.0029719515356830197
GLY  45,5.961720000000001,0.02068819953499002,0.002925753236346364,-1.5284599999999995,0.031881787904718885,0.004508765684755595,0.14851999999999996,0.3193688926617619,0.04516558194023409,-4.28288,0.20810714932459445,0.029430795300164434,0.04534617600000001,0.0037464252932393064,0.0005298245460116627,0.34424617600000007,0.10172275934950739,0.01438577058740879
PRO  46,19.51656,0.04502895068689846,0.00636805527608411,-5.655960000000001,0.06496397771071315,0.009187293834419397,-12.330299999999996,0.2000483191634476,0.028291104609088912,-2.85378,0.17686551840310819,0.02501256148418238,0.21302323200000003,0.01677178936644972,0.002371889198729805,-1.1104567680000006,0.11453408962082798,0.016197566289583045
ALA  47,9.36244,0.03162034787927351,0.004471792481782393,-5.840819999999999,0.0385339798102904,0.0054495276859923706,-5.00748,0.22149945733569457,0.031324753662242,-3.1530199999999997,0.13069636414224775,0.018483257072281944,0.0,0.0,0.0,-4.6388799999999994,0.11586951971939329,0.016386424625282274
ASP  48,17.073079999999997,0.03174639507092467,0.0044896182465756045,-5.00872,0.026041536053206246,0.0036828293471472193,-4.473300000000002,0.8534147702026167,0.12069107423500589,-77.23410000000001,0.8342212955788656,0.11797670702280862,0.4961566079999999,0.0035376189472692064,0.0005002948693736142,-69.14688339200002,0.022665740352270924,0.0032054197407408672
LEU  49,12.225420000000002,0.032820170626813,0.004641473041983803,-2.6915799999999996,0.026549644065412527,0.0037546866713484748,-27.077140000000004,0.0888783460670797,0.012569296240935354,-6.8310400000000016,0.08787695033394846,0.01242767749822568,1.0420074720000003,0.0034750940963329236,0.0004914525201556695,-23.33233252799999,0.04320453013589764,0.006110043247414354
SER  50,11.312740000000003,0.053098327656636635,0.007509237511134593,-2.6739800000000007,0.05425255385692851,0.0076724697457845065,-11.129979999999998,0.08735089925156128,0.01235328264070438,-7.96118,0.08203723301037924,0.01160181675428401,0.3584957759999999,0.00714336712098136,0.0010102246663501889,-10.093904224000003,0.059211435606198154,0.008373761528186661
GLY  51,5.8339000000000025,0.05520226444602969,0.00780677910532813,-1.97136,0.029524064760809415,0.004175333280111824,-11.918420000000001,0.056126318247301,0.00793746004714016,-2.7274000000000003,0.04363209827638655,0.006170510513726159,0.38504404799999997,0.008317121704299255,0.0011762186314127636,-10.398235952000002,0.018965986721272816,0.0026821955645012045
GLU  52,14.374660000000004,0.049279452105878335,0.0069691669514448515,-3.6695200000000003,0.0584144639622621,0.008261052717418546,-15.110559999999996,0.9278552723351136,0.13121855100556992,-63.86754,0.9206679360120926,0.1302021081550346,0.46101095999999997,0.007946428765880932,0.001123794733314051,-67.81194904,0.05349561765742706,0.007565422801865896
LEU  53,10.4409,0.054443089552588704,0.00769941556227639,-6.922420000000002,0.04932508084108055,0.006975619829060542,-21.01742,0.11090429928584024,0.015684236417552,-3.3090400000000004,0.11979782301861674,0.016941970605569956,0.051772319999999976,0.0027712424939009576,0.00039191287194993734,-20.756207680000003,0.07506256790026777,0.010615450155111002
ARG  54,11.96894,0.06278261224325862,0.008878802171562747,-7.1999400000000024,0.13279042284729775,0.018779401694390657,-170.39748,1.4240793831776406,0.2013952377585731,-27.912239999999997,1.4318825030009403,0.20249876554686638,0.9126937439999998,0.011501949813084875,0.0016266213419399314,-192.628026256,0.09302331293974234,0.013155483077626023
LYS  55,9.86838,0.040845019280026096,0.005776358022120345,-6.4193,0.07127503069105116,0.010079811506184314,-25.260440000000003,1.5550612484400237,0.21991887078647185,-15.763380000000002,1.5027424781378649,0.21251987933367228,0.5898369599999999,0.005443625126255393,0.0007698448482025328,-36.98490304,0.09361364975023435,0.013238969310002612
GLY  56,7.055680000000001,0.042575786545564716,0.006021125476143956,-5.152560000000001,0.10681725703274232,0.015106241359119706,-18.340380000000003,0.505551733851217,0.07149581184936243,-0.43672,0.41616790073238474,0.05885502894400784,0.0,0.0,0.0,-16.873980000000003,0.13216103661770318,0.018690393040204305
ASP  57,14.406559999999997,0.06020669730318519,0.008514512787185614,-8.561079999999999,0.09365828100087961,0.013245281121999432,-29.648519999999998,2.334962023160215,0.3302134960779297,-43.28458,2.361627812251665,0.3339846081363806,0.06285441600000005,0.0025444283689145114,0.0003598365107805755,-67.024765584,0.1556583909186747,0.022013420753436277
GLN  58,21.157439999999994,0.0784010612176978,0.01108758440785115,-8.59908,0.17530052367291915,0.024791237806934808,-88.53178000000001,0.6232697743333755,0.08814365678794779,2.8159800000000006,0.5670452359380116,0.08019230631425875,0.14265647999999997,0.009373504657704056,0.0013256137413892451,-73.01478352,0.2696469828008161,0.03813384201298988
ILE  59,13.299520000000003,0.3362977395106035,0.04755968242113097,-8.085600000000001,0.10372309289638777,0.014668660470535602,-6.85786,0.16729578715555804,0.02365919711232728,-2.2671200000000002,0.15738686603397936,0.022257864048465102,0.0,0.0,0.0,-3.9110599999999995,0.27157801162832923,0.03840693072871013
LEU  60,12.559320000000007,0.06662685344344851,0.009422459975796943,-7.244999999999999,0.08469970484015597,0.011978347131394666,-30.314860000000003,0.13802854922023544,0.019520184630193924,-2.4964000000000004,0.1183947633976952,0.016743548011097426,0.17943263999999995,0.00653751340911977,0.0009245440127373147,-27.31750736,0.07963454233251731,0.011262024980002033
SER  61,10.666279999999999,0.028167385395535306,0.003983469844295587,-5.8397000000000014,0.060068377703927395,0.008494951441864376,-11.995140000000001,0.1097540905843688,0.015521572343033956,-3.27538,0.12230631872473448,0.017296725470444592,0.14543121599999997,0.0021615754046887294,0.00030569292534029125,-10.298508784000003,0.01770621332207255,0.0025040367018346176
VAL  62,11.067060000000003,0.03288672072315528,0.004650884646866252,-6.4203399999999995,0.0302698595967053,0.0042808045972790015,-27.25878,0.04312785178714823,0.006099199291340175,-0.8130000000000002,0.03513573679318087,0.0049689435496887745,0.008258256,0.0011583942949030745,0.00016382169224275466,-23.416801743999994,0.030590063559100072,0.0043260882759134315
ASN  63,17.69752,0.0650628127270598,0.009201271216474878,-2.88118,0.014631049176322885,0.0020691428176903524,-88.25072000000004,0.052078417710813514,0.007365000463356366,-9.872280000000002,0.03967469722610875,0.005610849490020921,0.5899521600000003,0.0022745067803844115,0.0003216638336529197,-82.71670784000001,0.12917194335629748,0.01826767141725651
GLY  64,6.291199999999999,0.008754427452694842,0.0012380630034412392,-1.1370999999999998,0.015294770348065015,0.0021630071659615407,-5.27652,0.032696935636255045,0.004624044982483205,-6.390939999999998,0.03033770591259245,0.0042903995152874675,0.5231705760000002,0.0036694215200802475,0.0005189345679761184,-5.990189424,0.014487497954958187,0.002048841609275435
VAL  65,11.22116,0.019382837769685708,0.0027411472051167,-1.9789799999999997,0.05707696207754499,0.008071901386911896,-32.32372,0.058253940636826894,0.008238351291027776,0.038079999999999996,0.05613406808703606,0.007938556039986113,0.5635971359999999,0.01868751809042216,0.002642814153056758,-22.479862864000005,0.05376152952871631,0.007603028419343223
ASP  66,16.721519999999998,0.02708227464555222,0.0038300120103652953,-3.947979999999999,0.03811639542256592,0.005390472335536848,-55.370779999999996,1.5773749876299163,0.22307451004543208,-25.12778,1.548774861495363,0.2190298414189254,0.536688,0.009615650219259973,0.0013598582951113278,-67.188332,0.043751559812360126,0.0061874049261617355
LEU  67,11.966419999999998,0.03043556472423961,0.00430423884115038,-7.6336200000000005,0.11415794146706762,0.016144370907532096,-22.607299999999995,0.22351002214708396,0.031609090464671696,-2.4963000000000006,0.2046808491285785,0.028946243279567702,0.009556416,0.0035819246821428273,0.0005065606464885324,-20.761243584000002,0.06536872795040335,0.009244534162253763
ARG  68,12.63528,0.0487027884206668,0.006887614390989431,-4.33984,0.10871050731181617,0.015373987381282993,-188.49582,1.4156774447593037,0.20020702423242953,-24.047099999999997,1.3963701121121217,0.19747655506414016,0.9738551520000002,0.013558653507568465,0.0019174831677920858,-203.273624848,0.05849048242747012,0.008271803351867344
ASN  69,17.350160000000002,0.014761246554365571,0.002087555507471691,-1.2644200000000005,0.0689808930066752,0.009755371443464746,-83.99786000000002,0.40843266323359256,0.057761101166110954,-17.565600000000003,0.4169604297770797,0.05896710947636606,1.0075305600000002,0.01441310099240219,0.002038320289930829,-84.47018944000001,0.049168565680826025,0.006953485242825647
ALA  70,7.558899999999998,0.04561940376685314,0.006451557951445796,-3.561020000000001,0.07487469265371441,0.010588880582940005,-0.9614,0.32415675220485535,0.04584268753029211,-5.971480000000001,0.2903358909952256,0.04105969546891246,0.15632423999999998,0.011082338536464639,0.0015672793461078288,-2.7786757600000005,0.06508946719275045,0.009205040727162632
SER  71,11.10338,0.09966622095781424,0.01409493213890145,-3.3408,0.18584272920940134,0.026282130811636592,-12.082919999999994,1.0928469213939058,0.15455189378329454,-2.7739200000000004,1.0128207707190817,0.1432344870204096,0.5062502879999999,0.03161594459388431,0.0044711697631907524,-6.588009711999999,0.3471241136053998,0.04909076292874954
PHE  72,11.33194,0.2186896805979629,0.03092739122526794,-8.907999999999994,0.30174949875696877,0.04267382335813886,-10.81678,0.9817972151111539,0.13884709371103288,1.047,0.8431984108144419,0.11924626283452243,0.08400628800000001,0.03305872717540485,0.004675210032624954,-7.261833711999998,0.38402558092701944,0.05430941848451974
GLU  73,16.41636,0.3658125618400028,0.05173370862405785,-2.6961600000000003,0.27194502091415035,0.038458833679662636,-45.803020000000004,7.973317280755837,1.1275973435548672,-34.85209999999999,7.530584163927827,1.0649854257218787,0.6920019360000002,0.0607573019720827,0.008592380046211694,-66.24291806399998,0.5665598764713117,0.08012366612021543
GLN  74,19.5451,0.028759172449375883,0.004067161172053403,-4.8144,0.13607233370528962,0.01924353397897782,-73.6098,0.731944178198642,0.10351253837085489,-10.166100000000002,0.6916964146213364,0.09782064506023375,0.7624755359999997,0.026419508030230677,0.0037362826567577116,-68.28272446399997,0.1678709424726976,0.023740536357324257
ALA  75,9.243500000000001,0.05124617058821638,0.007247302946554081,-5.920000000000001,0.09813928876851404,0.01387899131780821,-8.076159999999996,0.3171399287381641,0.04485035883915486,0.3648799999999999,0.2739185747626474,0.038737936341524455,0.0,0.0,0.0,-4.387779999999999,0.06444665701180716,0.00911413363957048
ALA  76,9.472720000000002,0.01997502440411229,0.002824895042102915,-5.229520000000001,0.10617725556815683,0.01501573148400416,-5.6848399999999994,0.25386282595137327,0.03590162514427926,-0.6351800000000002,0.29134691966794435,0.04120267651500315,0.03558758400000001,0.007770498459155809,0.0010989144307337383,-2.0412324159999993,0.08951464065764222,0.01265928188489917
ILE  77,14.20002,0.0342598832439938,0.004845079152897478,-3.0622200000000004,0.09736945927750783,0.013770120987118635,-15.249759999999998,0.42138061464668763,0.05959221801544565,0.27248,0.15297310090339417,0.0216336633975848,0.6801134400000001,0.020205340334234073,0.002857466633303795,-3.159366560000001,0.2468540287222786,0.03491043153454839
ALA  78,9.244920000000002,0.031650491306852206,0.004476055406192213,-4.999700000000001,0.05226748511253511,0.007391738631728099,-3.929519999999999,0.16693858032226064,0.023608680437505126,-1.2070999999999998,0.19028970019420546,0.026911027479455552,0.12103286399999998,0.00890726228660149,0.0012596771129326212,-0.770367136,0.04685000009223473,0.006625590552761911
LEU  79,13.096099999999996,0.08904498862997122,0.012592863058186334,-9.04736,0.10242026362010169,0.014484412587337552,-23.464759999999988,0.2510014788813315,0.0354969695609683,-1.5712199999999998,0.19340333916455718,0.027351362525476035,0.0,0.0,0.0,-20.98724,0.12747698772748634,0.018027968493467977
LYS  80,11.525139999999999,0.12653900742472554,0.017895318046927663,-5.890159999999998,0.22742412888704866,0.0321626287482951,-12.907599999999997,4.98717805577464,0.7052934844445979,-29.3198,4.8143021010319185,0.6808451324640625,0.6431798880000001,0.04328496069966289,0.006121417846824967,-35.949240112,0.3914218215696796,0.05535540486726225
ASN  81,18.30046,0.05573695721822509,0.007882396082342289,-1.82376,0.06885769673753896,0.009737948860000121,-90.64930000000004,0.173653707115154,0.0245583427758616,-12.135060000000005,0.1459382622887659,0.020638786979793475,0.8982892799999999,0.01130631311875921,0.0015989541352986118,-85.40937071999998,0.10388969669864656,0.014692221806205332
ALA  82,8.30088,0.0586073852002465,0.008288335900541281,-3.6199600000000003,0.057234590939371124,0.00809419347433349,-4.397680000000001,0.08631070385527127,0.01220617679700924,-2.3358399999999997,0.06167928663660694,0.008722768367898714,0.06143414400000002,0.003057351367975596,0.0004323747769531023,-1.9911658559999992,0.0960020415730338,0.013576738920809009
GLY  83,5.20486,0.02403082187518653,0.0033984714210860845,-1.6989400000000001,0.01993028850768794,0.0028185684309580917,-9.3571,0.07014392347181367,0.009919848789189936,-4.163059999999999,0.06413280283917676,0.00906974795681635,0.29254435199999995,0.0026672086294328374,0.0003772002617422473,-9.721695648,0.024841633980452367,0.003513137568666407
GLN  84,19.724000000000004,0.03760850967441462,0.00531864644421969,-3.06362,0.025550647741273108,0.0036134072563125917,-72.77763999999998,0.04428036137689595,0.006262188760598803,-15.466240000000003,0.04339104054956856,0.006136419803068078,1.0678440959999997,0.005256097138008671,0.0007433243857722272,-70.515655904,0.045641802404267726,0.0064547255971268355
THR  85,15.580940000000004,0.039490966053499305,0.0055848659784074215,-3.854940000000001,0.02811078796464671,0.0039754657588597754,-31.3283,0.08312719170142119,0.011755960190613804,-5.741039999999999,0.04616317146826931,0.006528458317258116,0.4506101279999999,0.004026083123998324,0.000569374135719987,-24.892729872,0.033873781606003094,0.004790476135607386
VAL  86,11.620419999999998,0.030164276886060888,0.004265872947144458,-6.221560000000002,0.12509566898965305,0.017691199167930275,-30.302360000000007,0.06742662975079391,0.009535565425868198,-0.20888,0.03730985928678896,0.005276410901360872,0.0,0.0,0.0,-25.11238,0.08804973367232649,0.01245211275227431
THR  87,14.915140000000001,0.030379605001203853,0.004296324941224,-4.606979999999999,0.037520922163516886,0.005306259699639083,-33.5921,0.0642097344641944,0.009080627731563885,-5.58404,0.058506054387542375,0.008274005559580034,0.33763147199999993,0.003627678057998876,0.0005130311509545302,-28.530348528000008,0.019929105267136198,0.0028184010954745093
ILE  88,12.742720000000004,0.028696369106963174,0.004058279438193162,-7.17658,0.05642768469457273,0.007980079698837747,-13.686020000000001,0.061145560754288515,0.008647288129762287,0.7082400000000004,0.05638282007845523,0.007973734883979344,0.0,0.0,0.0,-7.411640000000001,0.03850130387379269,0.0054449066107365406
ILE  89,13.30758,0.03312647883485378,0.004684791564191549,-5.61612,0.026342847226628018,0.0037254411819419814,-15.4346,0.07049765953527032,0.009969874623034022,-0.48918000000000006,0.05567394004379336,0.007873484108067912,0.34378185599999994,0.004243705223138925,0.0006001505481276609,-7.888538143999998,0.08205665426955872,0.011604563335097007
ALA  90,6.98772,0.02037060627439549,0.0028808387667012565,-5.2139,0.041950089392115336,0.0059326385361093215,-8.614440000000002,0.12984654943417606,0.01836307512371603,0.23828000000000013,0.12548163849743094,0.01774578349918647,0.013360463999999999,0.0009784880953307591,0.00013837911350373774,-6.588979535999999,0.03383857411990901,0.004785497045174254
GLN  91,18.254779999999997,0.10623601837511502,0.0150240417998605,-7.5441600000000015,0.055761406007855036,0.007885853663330116,-82.9831,0.5279186395648807,0.07465896999022079,-1.4056600000000001,0.5437435281453933,0.07689694719558118,0.29117476799999986,0.004539779090907425,0.000642021716053908,-73.38696523200001,0.13781511017530085,0.019489999790985278
TYR  92,10.798879999999997,0.0641662341116871,0.009074475852715503,-9.977919999999997,0.1830071954871687,0.025881125786981825,-21.641980000000004,3.10411994929317,0.4389888531523285,-1.8533200000000003,1.7868629319564495,0.25270057924745637,0.11595873599999999,0.00984193026542583,0.0013918591261295442,-22.558381264000005,1.450535271958467,0.20513666543042097
LYS  93,12.58174,0.05553658613876879,0.007854059332534845,-6.8421600000000025,0.2047478800866255,0.028955722888564593,-12.18294,4.358445802852203,0.6163773165261678,-14.647820000000001,4.160417381417398,0.5883718685933241,0.461747232,0.03932596003983884,0.005561530604168247,-20.629432768,0.221348440519747,0.03130339665931605
PRO  94,19.862340000000003,0.279865868586886,0.03957901070009005,-8.928640000000003,0.052730924512541986,0.007457278860210876,-12.007200000000003,0.9756832067837954,0.13798244236133164,-0.2902400000000002,0.7140491736568286,0.10098180255867883,0.0018338399999999993,0.0010945593831309496,0.00015479407244465177,-1.36190616,0.06942622028774917,0.0098183502315237
GLU  95,16.28168,0.16878962527342434,0.023870457724954924,-3.43642,0.26314095766338097,0.03721375111433978,-27.025559999999995,17.897993688857984,2.531158541405102,-56.29913999999998,16.727972034900127,2.365692492275362,0.656589168,0.10327148838174657,0.014604793947592152,-69.822850832,1.0593399703269366,0.14981329532002657
GLU  96,15.39038,0.2363415232243542,0.033423738749579754,-5.5439599999999984,0.6285410077314074,0.08888912176414088,-12.539799999999998,6.1685412570558364,0.8723634705786344,-65.91537999999997,4.73697541851376,0.6699094881490126,0.462583584,0.028459029450769804,0.004024714542125399,-68.14617641599999,1.3815611876595528,0.19538225688364202
TYR  97,12.45492,0.27228263550948517,0.0385065795936204,-9.890939999999997,0.11271954755100916,0.015940951289119615,-26.294280000000008,0.43551353779126667,0.06159091517414968,-3.21744,0.4450610367129477,0.06294113542032806,0.066069216,0.007012210379484132,0.0009916763020879848,-26.881670784000008,0.3721971832422121,0.05263663044182004
SER  98,11.747840000000004,0.07199593321804497,0.010181762519266682,-4.975359999999999,0.14374140113411862,0.020328103895838192,-2.5557600000000003,0.4413839398981332,0.062421115401761096,-8.37346,0.461253735377854,0.06523112882666118,0.232487424,0.011036815424796134,0.0015608414059155265,-3.9242525759999993,0.12643061993931848,0.017879989741742243
ARG  99,12.761400000000002,1.0415386886716669,0.147295813925576,-3.356680000000001,0.2617698561713909,0.037019848081803544,-216.35459999999992,15.04563355262988,2.127773902462487,4.722599999999999,12.390431359722712,1.7522716072572768,1.207888992,0.20482924241015707,0.028967229258705048,-201.01939100799999,2.0624513523683805,0.2916746674254095
PHE 100,10.551999999999996,0.08564227927885992,0.0121116472868708,-5.970920000000001,0.24064827778315084,0.034032805820265986,-13.264540000000002,0.8575314154012271,0.12127325578214118,-3.9984800000000003,0.8607714735050204,0.1217314691934673,0.15473548799999998,0.025050013766005404,0.003542606920551757,-12.527204512,0.18103756543641805,0.025602578033918907
GLU 101,16.589100000000002,0.07322929741503624,0.010356186556739727,-3.1098599999999994,0.08567496950687162,0.01211627038325192,-44.12367999999999,2.0392100572527574,0.2883878519494465,-40.29673999999999,1.9988006785073285,0.28267310280256086,0.32099788800000006,0.013865773082471772,0.0019609164346019374,-70.62018211199995,0.12948307607472065,0.018311672228265716
ALA 102,8.002999999999997,0.012510795339739833,0.0017692936445534186,-1.9715599999999998,0.07868854046176617,0.011128240112437376,3.914479999999999,0.3705267191445302,0.05240039114358013,-6.842919999999997,0.3999417877642252,0.05656031004159092,0.6223011839999998,0.008271597661787495,0.0011697805595793456,3.7253011840000005,0.15481561316569642,0.021894233980603455
ASN 103,17.901819999999997,0.3566672785664309,0.050440370260334925,-2.2553,0.2677857539153266,0.037870624499735904,-89.7593,2.9941097057388744,0.42343105530888325,-8.450899999999999,1.8736148296808544,0.26496915027980206,0.868734576,0.027837972070183428,0.003936883765061683,-81.69494542400003,0.552175665612114,0.07808943151210426
SER 104,11.17532,0.03132183902693278,0.004429576955035524,-4.28366,0.05185580391812547,0.0073335181188772915,-7.055419999999999,0.2056430976230508,0.02908232576669328,-5.1640999999999995,0.20268855419092366,0.028664490227459826,0.15871176,0.0034075999624359594,0.0004819074082018983,-5.169148239999999,0.06367872722279609,0.009005531967313504
ARG 105,12.211379999999997,0.048202858837086096,0.006816913671256295,-4.02674,0.06796140375239045,0.009611193890454431,-177.98802,1.8057401085386076,0.2553702151616363,-27.722199999999997,1.763507210078819,0.24939758138362045,0.949143312,0.0072627547708093865,0.0010271086297068534,-196.57643668799994,0.07072510096624282,0.010002039698666709
VAL 106,10.759220000000003,0.03436002910244208,0.004859241916020784,-4.828740000000001,0.08349031321058521,0.01180731332691872,-30.709600000000005,0.3701444042525696,0.052346323653049344,-4.04834,0.27204834937930633,0.038473446531342916,0.280654848,0.0076834490041436925,0.001086603778746206,-28.546805152000005,0.21206833014063436,0.029990990863470013
ASN 107,21.96058,0.02954528050225147,0.00417833363904014,-3.2800399999999996,0.04400134543399234,0.006222729947541542,-84.65157999999998,0.3263000514883757,0.046145795821790014,-14.586240000000002,0.3051954495072954,0.04316115438677703,0.4235522400000001,0.008384673898485843,0.0011857719543314372,-80.13372776,0.04508076175750795,0.00637538246795781
SER 108,12.327339999999998,0.012285943189173242,0.0017374947484674155,-1.1208799999999999,0.007898455545255721,0.001117010295390162,-4.70666,0.22555341806320134,0.031898070286458795,-14.524240000000002,0.21290641700037136,0.030109514243818684,0.9494877599999997,0.0028829131767020414,0.000407705491363613,-7.074952239999999,0.017861620116609377,0.0025260145414865084
SER 109,11.111320000000001,0.024665311674258852,0.0034882018289896298,-3.965479999999999,0.0238631431292215,0.0033747580654195385,-20.023440000000004,0.16332350228813683,0.023097431199015632,0.20537999999999998,0.17728044336587157,0.025071240735153093,0.026128512000000007,0.0015383608087360305,0.00021755707195377373,-12.646091488,0.03456755813278635,0.004888590952950684
GLY 110,5.713539999999999,0.020758814995084408,0.0029357397704842343,-3.4389,0.08878451441552539,0.012556026441514557,-3.2835799999999993,0.5024630171465406,0.07105900134395428,-0.9554999999999998,0.41727848015444136,0.05901208859208433,0.05420894399999999,0.038521488944412124,0.005447761210799287,-1.9102310560000013,0.050417964945144764,0.0071301769812675
ARG 111,10.8826,0.027512179121007372,0.0038908096843366523,-5.25718,0.0300197868081595,0.004245438964364809,-156.67038000000002,0.7502522479742342,0.10610169042860644,-48.82812,0.729791878277733,0.10320815719701049,1.097507952,0.009595697305648616,0.0013570365270075238,-198.77557204799996,0.03442100999926875,0.004867865917154578
ILE 112,12.677779999999998,0.06214411959328567,0.008788505675056018,-6.0302,0.15176231416263483,0.02146243229459246,-14.82298,0.12739065742844274,0.01801575954549286,-0.49554000000000004,0.15417460361551133,0.021803581540655214,0.15773112000000003,0.006765887810833916,0.0009568410303576133,-8.51320888,0.07321828437941658,0.010354629078306105
VAL 113,10.74282,0.025991298543324846,0.0036757246903658066,-2.82868,0.06790270686798833,0.00960289289745538,-29.336179999999995,0.16950831130099414,0.023972095277682647,-2.1831799999999997,0.10819365785480078,0.01530089383010136,0.3675506400000001,0.007909122264519954,0.0011185187972951125,-23.237669360000005,0.19953734223013028,0.028218841558173197
THR 114,14.71914,0.037149971734285914,0.005253799386840427,-2.84614,0.08973628251717794,0.012690626777273669,-35.516740000000006,0.315970619519729,0.04468499354362297,-0.89798,0.15583536055722375,0.02203844803973271,0.46313956799999995,0.005462351529277001,0.0007724931615152951,-24.07858043200001,0.08660504478352526,0.01224780289027907
ASN 115,14.997559999999996,0.17940157858866781,0.02537121455512367,-2.9175999999999993,0.1431369973137777,0.02024262828785057,-84.26878,3.417979966529335,0.4833753624585323,-76.19064000000002,2.7469159998799233,0.38847258617298386,1.0638866880000002,0.02422742921235375,0.0034262758973544784,-147.31557331200003,0.4658502661042184,0.0658811764359701
LYS 116,4.256600000000001,0.5520951367291647,0.0780780430082613,-0.86466,0.805225101695172,0.1138760259580567,-69.18426,21.86724026466075,3.092494775395426,-55.37456,20.62260283975813,2.916476462741985,1.6281120960000002,0.1966832668786161,0.027815214351158583,-119.53876790399998,1.8206318258777234,0.25747622202443676
ASN 117,18.31936,0.6171349207425827,0.08727605747282055,-1.35178,0.5536549932945607,0.07829864003927527,-78.76162000000001,3.7277254345780393,0.5271799866383403,-17.060800000000004,2.9881404585460825,0.4225868762751629,0.9146832480000002,0.10864610442824903,0.015364879438143336,-77.94015675200001,1.1725701779966573,0.16582646485571068
TYR 118,9.621099999999998,0.18966847392237393,0.02682317281756289,-4.484919999999999,0.2804065505654351,0.03965547467878954,-15.354720000000004,0.8224954234522169,0.1163184182835927,-9.366560000000002,0.7356710993371866,0.10403960461285737,0.7142735519999996,0.04736657066404248,0.006698644663619245,-18.870826448,0.38449243607499534,0.05437544177271286
LYS 119,9.614780000000001,0.26810768657380696,0.03791615265291527,-3.392580000000001,0.3963759372111157,0.056056022620230614,-19.47458,8.859447955916897,1.252915145439627,-20.39976,8.275058688758643,1.1702700227075793,0.9255836159999999,0.08566044153957607,0.012114215818413612,-32.72655638399999,1.1534375813619258,0.16312070709128557
GLN 120,18.816680000000005,0.16501884013631046,0.02333718817678479,-4.300259999999999,0.2299880701253987,0.03252522479553533,-75.75164,0.9854849518904804,0.13936861844781143,-13.009860000000002,0.8083332236151303,0.1143155807753281,0.7823409120000002,0.026691980970230202,0.0037748161494704116,-73.46273908799999,0.36803766043645914,0.05204838508533043
THR 121,13.932920000000003,1.094643190085228,0.15480592453778794,-4.5637799999999995,0.2107644457682652,0.02980659376715293,-36.08894,2.0292163552464926,0.286974529057889,-4.42354,0.925939548998744,0.13094762681316507,0.266778864,0.02248317533394025,0.003179601148247054,-30.876561135999996,2.2724734968928666,0.32137628394393053
SER 122,11.907760000000001,0.9533973475943536,0.13483074592984706,-3.689660000000001,0.16036316409946566,0.022678776157452656,-5.068439999999999,1.3318542286601862,0.18835263132751925,-3.1338400000000006,1.372385971365196,0.19408468535152343,0.554963328,0.02172576255069398,0.003072486805208891,0.5707833280000003,1.218305854361904,0.17229446623571454
VAL 123,8.711380000000002,0.2438688081735006,0.03448825759587272,-7.6437800000000005,0.1117844872959046,0.01580871379967912,-75.09137999999999,2.2732981844891564,0.3214929123822699,-33.71488,2.689038197125516,0.3802874288114201,0.08616499200000001,0.011665198672630245,0.0016497082170610319,-107.652495008,0.8436371489064258,0.11930830977052377


