#Frame       SA_00001
       1   11147.6767
       2   11177.5023
       3   11134.0190
       4   11124.7024
       5   11030.3943
       6   10997.1222
       7   10981.9401
       8   11209.2019
       9   11216.3971
      10   11093.9336
      11   10916.1405
      12   11021.7393
      13   11004.3206
      14   11013.7035
      15   11119.9359
      16   10960.5995
      17   11190.7435
      18   11069.0103
      19   11139.8031
      20   11101.8614
      21   11067.8816
      22   11057.0964
      23   10957.3247
      24   10948.7790
      25   10936.7853
      26   11161.3362
      27   10953.3833
      28   11125.7955
      29   11008.8960
      30   10920.1426
      31   10876.6032
      32   11081.6319
      33   11102.5071
      34   11127.1655
      35   11128.0262
      36   11048.5522
      37   11007.0491
      38   11109.1821
      39   10919.9613
      40   11043.1023
      41   10992.2245
      42   10847.8307
      43   11089.5264
      44   11147.4989
      45   11044.8477
      46   10946.9992
      47   10885.7525
      48   11084.2799
      49   11243.7991
      50   11080.2699
