| Run on Mon Jun 20 15:50:12 2016
| GB non-polar solvation energies calculated with gbsa=2
idecomp = 2: Per-residue decomp adding 1-4 interactions to EEL and VDW.
Energy Decomposition Analysis (All units kcal/mol): Generalized Born Solvent

Total Energy Decomposition:
Residue,Internal,,,van der Waals,,,Electrostatic,,,Polar Solvation,,,Non-Polar Solv.,,,TOTAL,,
,Avg.,Std. Dev.,Std. Err. of Mean,Avg.,Std. Dev.,Std. Err. of Mean,Avg.,Std. Dev.,Std. Err. of Mean,Avg.,Std. Dev.,Std. Err. of Mean,Avg.,Std. Dev.,Std. Err. of Mean,Avg.,Std. Dev.,Std. Err. of Mean
GLY   1,0.9791799999999996,0.0014098226842908135,0.00019937903606653107,0.10582000000000003,0.019752154312884407,0.002793376451536735,-19.022140000000007,0.6846988538034036,0.09683104051900863,-96.26978000000003,0.6823413013998342,0.09649763226069533,0.9991900799999999,0.01781751767439094,0.0025197775142945995,-113.20772991999996,0.02355633511004213,0.0033313688592427095
SER   2,9.892579999999997,0.025388257129272236,0.0035904417557232216,-1.74212,0.058054333171609934,0.008210122532581703,-3.3486199999999995,0.20084998282301303,0.02840447697107082,-7.906100000000001,0.176559593338881,0.024969297146692385,0.503109504,0.010217116251173055,0.0014449184370751488,-2.6011504960000003,0.06334556747370378,0.008958416063753187
LEU   3,11.181739999999998,0.029779731362581417,0.004211489997679005,-0.9774600000000006,0.039174588702361283,0.005540123464326715,-29.903440000000003,0.07555134942408422,0.010684574301112863,-1.3549999999999998,0.05672318749858803,0.008021870106153519,0.9825531839999999,0.007642197087646857,0.0010807698767678353,-20.071606816,0.023339602124413703,0.003300718186473776
GLN   4,18.421900000000004,0.05010598766446086,0.007086056731117955,-2.5988599999999997,0.07526513402631271,0.010644097331384016,-65.95306000000001,0.07386214455145142,0.01044568465706246,-12.325660000000003,0.08414240547958438,0.011899533099992445,0.969480576,0.011645445405611674,0.0016469146832491478,-61.48619942400001,0.043673058748071335,0.006176303199183942
ARG   5,12.432039999999999,0.04214354517714917,0.005959997315600759,-4.297240000000001,0.056327456892615126,0.007965905347152217,-123.35766000000001,0.6528527432694082,0.09232732037640774,-75.79727999999999,0.6504796396530524,0.09199171284449105,1.2011538240000004,0.012274242638385382,0.0017358400407062728,-189.818986176,0.03532183672882798,0.004995262054983665
ARG   6,14.137360000000001,0.7148466062030641,0.10109457655087523,-5.001900000000002,0.2676316311648856,0.037848828251341504,-157.09441999999999,0.9914149300906605,0.14020724400733858,-47.60947999999999,0.8889084821288636,0.1257106431135121,0.346466592,0.01053501429018215,0.001489876008896996,-195.22197340800003,1.1445464295927323,0.16186330834957446
ARG   7,11.550400000000002,0.043141627229152296,0.006101147433031158,-3.6666600000000007,0.035469203543280356,0.0050161028697478915,-130.9443,0.7132351996333348,0.1008666892483344,-75.35528,0.7046993696613839,0.09965954059709003,1.400170896,0.009205877618659918,0.0013019076981855787,-197.01566910399998,0.04642732687376487,0.006565815532960715
VAL   8,11.157179999999999,0.039516421903402064,0.0055884659792248435,-4.664479999999998,0.07955356434510194,0.011250572963196384,-34.783440000000006,0.11495880305281293,0.01625762983914656,-0.3922,0.061771514470668615,0.008735811353274545,0.12383207999999998,0.003986540652546508,0.0005637819857782961,-28.559107919999995,0.06533397524307746,0.009239619387250817
THR   9,15.856720000000003,0.18900370789997922,0.02672916070509535,-4.587,0.1640142676720447,0.023195120176449667,-29.914059999999996,0.18200894593525369,0.025739951981486715,-7.50968,0.10620893371093136,0.015020211449918414,0.4823220959999998,0.016760092428495472,0.002370235001900492,-25.671697904,0.10475014217683036,0.014813907172698345
VAL  10,11.477360000000003,0.07581708514521357,0.010722155007195675,-5.696919999999999,0.16977359512015702,0.024009612075176476,-22.77782000000001,0.1109076534759794,0.015684710771670562,0.6364599999999999,0.11329699201655818,0.016022614268589284,0.0013538880000000008,0.0017111787021395516,0.00024199721282097445,-16.359566111999996,0.14384001109085912,0.020342049449658936
ARG  11,12.265319999999997,0.25206058319378666,0.03564674952923249,-3.966120000000002,0.251480069985657,0.03556465256402512,-143.69088000000002,0.932789657745697,0.1319163784825322,-54.90563999999999,1.0076417966720264,0.14250206948675723,1.1629323360000001,0.034119587871305514,0.0048252383910180816,-189.13438766399997,0.3621760489050146,0.051219428032817295
LYS  12,11.471779999999999,0.17005261421118884,0.024049071333446297,-7.578979999999999,0.14027308936509295,0.01983761054160876,4.98894,2.5904760829623568,0.3663486409528496,-43.25382,2.634642409815858,0.37259470279649204,0.26129952,0.037481494808697106,0.00530068382964762,-34.11078048000001,0.4666637903499005,0.06599622613812639
ALA  13,7.699779999999996,0.3549449134725932,0.0501967910528286,-1.7089799999999997,0.09666860710696507,0.013671005522638615,-10.050620000000002,0.9766343203061916,0.13811695012560454,-1.95796,0.437514157942347,0.06187384558923115,0.47117447999999984,0.026233997274013852,0.003710047474016919,-5.546605520000001,0.9849059403139787,0.13928673384538548
ASP  14,13.102179999999999,0.5934880180762396,0.08393188042693467,-1.854519999999999,0.468209920441679,0.06621488195262502,-51.56688,7.392503320635049,1.0454578455930226,-28.734920000000002,7.280223924688015,1.0295791411406874,0.8105931359999999,0.04727332427594407,0.006685457632950137,-68.243546864,0.3304384083777363,0.0467310478656774
ALA  15,7.360539999999999,0.10546074340725982,0.01491440136244958,-1.0693799999999998,0.6298926222777973,0.0890802689264014,0.13471999999999998,0.4611776247824692,0.06522036516303784,-6.180919999999999,0.669640495788615,0.09470146710585027,0.6353618399999998,0.11987239646589604,0.016952516883623484,0.88032184,0.3867902033062323,0.05470039513087205
GLY  16,6.203139999999999,0.21726592093562422,0.030726041202864034,-2.69838,0.1468561050825002,0.020768589552496018,-9.478780000000002,0.8009506923649922,0.11327153319346925,-2.5663799999999997,0.6391739634872504,0.0903928487879435,0.11668190399999999,0.025595443626965753,0.003619742351221097,-8.423718096000002,0.8853408255093772,0.1252061002757953
GLY  17,4.909479999999999,0.13843673500919845,0.01957791081806587,-3.678540000000001,0.142398063189068,0.020138127221764095,-4.6369799999999985,0.9735251509848173,0.13767724718340435,-2.1047000000000002,0.6069596774086397,0.08583706076048968,0.06122995200000002,0.020233506171637508,0.002861449884228948,-5.4495100480000005,0.5057646513042906,0.0715259229243427
LEU  18,11.239659999999999,0.4157180587850097,0.05879141168571763,-7.734400000000001,0.4205979077456177,0.059481526543960044,-29.341420000000006,0.4226160474943619,0.059766934604303865,-0.9267599999999999,0.37567850936671876,0.053128964303852146,0.0013731840000000002,0.0031863565761138524,0.0004506188684496909,-26.761546815999985,0.3440616884329317,0.04865767060748383
GLY  19,5.884100000000001,0.18893059572230486,0.026718821081771177,-3.9671,0.13656167105012312,0.01931273672994174,-11.309260000000004,1.0208369274276632,0.14436814277394802,-0.6652600000000001,0.7261043398851161,0.10268666051634946,0.0,0.0,0.0,-10.05752,0.3188683891512738,0.04509480005497933
ILE  20,14.333560000000007,0.17769447487126575,0.025129793632170914,-7.847899999999999,0.3103849384232864,0.04389505894745496,-13.08856,1.399826920158382,0.19796542154629435,-0.9562799999999999,0.8982008692937236,0.12702478510904874,0.0008896320000000003,0.0010900421066068965,0.0001541552330721212,-7.558290368000001,0.7547030977300357,0.10673113563748039
SER  21,11.605459999999995,0.6174200907000842,0.08731638659496854,-5.47708,0.574892262602323,0.081302043467556,-20.818900000000003,3.1544732888391356,0.4461098907219967,1.5344999999999995,1.6009295081295745,0.22640562228001324,0.028878047999999993,0.02196474480014043,0.0031062839990422513,-13.127141951999997,1.5493658155000478,0.2191134149357418
ILE  22,15.714499999999997,0.32773295531573854,0.046348439024413296,-8.883760000000002,0.36354507615969683,0.051413037723900296,-4.86058,0.9693079405431444,0.13708084356320485,-2.26856,0.4391648510525401,0.06210728884760624,0.00015264,0.0006962187794077376,9.846020402172646e-05,-0.29824736,0.6039524826479221,0.08541177919895927
LYS  23,9.265859999999996,0.22320161379351997,0.03156547493703576,-6.796699999999999,0.37586020007447263,0.053154659250158415,41.303799999999995,4.66546162346238,0.6597959102631695,-78.29084,4.652318460123136,0.6579371862784852,0.596386224,0.04824526504237566,0.006822910814321223,-33.921493776,0.6586840753696634,0.093151995270696
GLY  24,5.0793599999999985,0.3471271674761405,0.049091194811291455,-4.09574,0.20317507819613648,0.028733295112119032,-7.277260000000001,0.9088253035649891,0.12852730701294526,-6.937079999999998,0.7428973506481344,0.10506155087376325,0.03888806400000001,0.022657836285380453,0.0032043019368814263,-13.191831935999994,0.34376754705093376,0.04861607273431616
GLY  25,6.276320000000001,0.31516062190569966,0.04457044258249796,-5.4778199999999995,0.3007186518991103,0.04252803959742755,-10.473480000000002,1.1308627899086368,0.159928149467187,2.9650399999999992,0.6495288741849773,0.09185725430253225,0.000156384,0.0008160304031983121,0.00011540412635118381,-6.709783615999999,0.6797442151070886,0.09613034879490992
ARG  26,15.077340000000003,0.3351913250665903,0.04740321178989807,-5.77464,0.2017986878054218,0.02853864411635216,-184.96448,3.4501695160673,0.4879276522108593,-28.381599999999988,3.423423724869743,0.4841452261460609,0.8390548800000002,0.045142228880085025,0.0063840752317966655,-203.20432512,0.4654545373264922,0.06582521193552193
GLU  27,16.863299999999995,0.5113168978238292,0.07231112915729973,-6.926759999999999,0.7650506796284858,0.10819450470333583,-81.69418,8.076496583766998,1.1421891005223257,4.3857800000000005,9.229571290780521,1.3052584894311166,0.22345415999999996,0.06754061478519136,0.009551685344023439,-67.14840583999998,1.7157101049526988,0.2426380499524673
ASN  28,18.560379999999995,0.907463010596062,0.12833464969368705,-6.443580000000002,0.8701816152964665,0.123062264207999,-90.56750000000002,3.079022937556033,0.4354395997149589,0.4422199999999998,2.8380869633610595,0.4013661074779483,0.07083993599999999,0.05382894909466378,0.007612562985796445,-77.937640064,1.3378732210619881,0.18920384539616414
LYS  29,10.26386,0.3724007524160069,0.052665419470466206,-1.3873000000000002,0.3341480659827314,0.047255672675351856,54.26724000000001,2.222921605095431,0.3143685882018128,-93.04881999999999,2.253586640802384,0.3187052791405556,1.5230982240000004,0.06907999455411684,0.009769386518709159,-28.381921776,0.4125286255580887,0.05834035771313813
MET  30,12.872679999999997,0.4347114187596217,0.06147747841283069,-6.825499999999998,0.33229867589266665,0.04699412942060306,0.28182000000000007,1.1757683392573555,0.16627875315866425,-5.7210399999999995,0.9703187921502905,0.1372237995684421,0.262076256,0.044381944795514286,0.00627655482543103,0.8700362559999999,0.5631906556791514,0.07964718634632519
PRO  31,18.613940000000007,0.3580529240207194,0.05063633011974447,-5.651679999999999,0.2508161430211893,0.03547075911226758,-9.094200000000003,1.1794384935213693,0.16679779135228123,1.5182200000000001,0.42421354480968576,0.05999285484122242,0.221512752,0.025261248281509687,0.003572479992218504,5.607792752,0.6281252652167595,0.08883032689387385
ILE  32,13.093900000000001,0.21464158497343008,0.030354904051868192,-8.49494,0.248217357169087,0.03510323529249294,-11.994179999999997,0.25487351294330796,0.03604455786941007,1.1333999999999997,0.2448732733476659,0.034630310423096326,5.7312e-05,0.00029641958413033375,4.192005960301106e-05,-6.261762687999999,0.3182251620727954,0.04500383400917235
LEU  33,11.79212,0.3002767816531845,0.04246554970796781,-8.09406,0.3072254162662744,0.04344823503894849,-31.007220000000004,0.37441807061078825,0.05295071134553439,-1.2531000000000003,0.2657333437865849,0.03758036987577406,0.009759456000000003,0.01887983704773068,0.002670012160829474,-28.552500544,0.28875922090931166,0.04083672064702371
ILE  34,12.920600000000002,0.09641244732907497,0.01363477905943595,-8.038260000000003,0.13078957297866411,0.018496438792341245,-16.421680000000002,0.2778694254500238,0.03929667100402433,0.31752,0.2595063189982086,0.03669973558487853,0.004231439999999999,0.002429238707414324,0.00034354623262670237,-11.217588559999998,0.18942348520269608,0.026788526180563207
SER  35,12.62606,0.3905906506816542,0.05523785955301273,-3.9880199999999992,0.666231355911746,0.09421934192086076,-12.12764,3.267854591379493,0.46214442829920677,-1.9847600000000007,1.2229410052819376,0.1729499755651903,0.21936455999999993,0.02590862883572222,0.0036640334281969012,-5.254995440000001,1.6456474614969483,0.232729695893384
LYS  36,9.49712,0.7535297642429145,0.10656520122441306,-6.082360000000002,0.2523724041965917,0.035690847678352455,35.57698,2.2419901292378523,0.31706528474747786,-69.53532,2.3731390303980553,0.3356125402185866,0.853296192,0.025839307507035673,0.0036542299118778776,-29.690283807999986,1.0761646176992998,0.15219265976964066
ILE  37,12.535540000000005,0.09018031048885412,0.012753421815235417,-6.222840000000002,0.12628243900068312,0.017859033792431915,-15.75614,1.3933225184428701,0.19704556023417438,-1.23536,1.0359864817650857,0.14651061329473714,0.226827792,0.012504397436355546,0.0017683888443797372,-10.451972207999999,0.35535183733094466,0.050254338776761984
PHE  38,10.223980000000001,0.16956679981637052,0.023980366802851483,-5.7673999999999985,0.7721824136821662,0.10920308420553113,0.33994,0.8957205236009724,0.1266740112572425,-4.858400000000001,0.7538764354985396,0.10661422794355203,0.385934256,0.0879406912570605,0.012436691826020002,0.3240542559999999,0.7556744778099427,0.10686850952580274
LYS  39,9.457700000000003,0.0829108557426476,0.011725365665921144,-1.78282,0.09252301119180834,0.013084729725905301,32.94272,1.0744921784730794,0.1519561411460441,-70.5679,1.0820966546479815,0.15303157648017307,1.6085413440000003,0.016548334786399943,0.0023402879489617273,-28.341758656000007,0.08101138595362271,0.01145674007222545
GLY  40,6.390200000000004,0.05163719589559331,0.007302602275846438,-1.3487600000000004,0.01984898989871312,0.002807071071416666,-18.968160000000008,0.11230197861008828,0.015881898123172006,0.2556400000000001,0.11981031007388278,0.016943736541861088,0.32478422400000007,0.007109700997214001,0.0010054635574677558,-13.346295776,0.04779733561718992,0.0067595640275128575
LEU  41,11.470019999999998,0.3122271282256704,0.04415558392775464,-4.35016,0.23672079418588407,0.033477375763340735,-28.461920000000006,0.5383638858608681,0.07613615088763206,-3.6592200000000004,0.4603370195845624,0.06510148563588972,0.38861078400000004,0.03576074270163542,0.005057332732918749,-24.612669216,0.36632556923781656,0.051806258826016444
ALA  42,11.001239999999997,0.3278675683871342,0.046367476187537345,-5.6701,0.09345399937943044,0.013216391338039733,-4.00122,0.20430343022084202,0.028892868185766002,-2.8018199999999998,0.27471393776071756,0.03885041765541251,0.038389823999999996,0.010864717821398973,0.0015365031294379092,-1.4335101760000004,0.17818527665477274,0.025199203486038164
ALA  43,9.402440000000006,0.09635417167878532,0.013626537637936377,-5.009459999999998,0.06422467127214043,0.009082740115201469,-8.603920000000004,0.22355722667789346,0.031615766193439324,-1.9205999999999996,0.2396504955137821,0.03389169809850232,1.9152000000000002e-05,0.000134064,1.895951270259866e-05,-6.131520847999999,0.14952867257262042,0.021146547671584564
ASP  44,17.259700000000002,0.0719022252778634,0.010168510215276,-5.02794,0.05462432059071213,0.0077250455014801,-45.40796,1.3271217571872058,0.187683358793456,-38.3316,1.3102343759799433,0.18529512243982849,0.3602849759999999,0.00535340855674891,0.0007570862985878485,-71.14751502400003,0.06554712330429217,0.009269763075147154
GLN  45,19.914479999999998,0.08717183949004668,0.012327959766383456,-3.44636,0.043988980438310815,0.006220981273082393,-73.91782,0.29823780377578823,0.04217719469120856,-14.55808,0.28019092347891933,0.03962498040377298,0.9415185119999999,0.008472484621455284,0.001198190265865954,-71.06626148800002,0.06664358585750382,0.009424826296485769
THR  46,15.318039999999998,0.04252056443731486,0.006013315890700978,-3.751300000000001,0.07796467148646913,0.011025869580212757,-39.253420000000006,0.12475657737980897,0.017643244372577433,-3.948419999999999,0.10154311202638802,0.014360364619328847,0.24332688000000002,0.0068377762785263715,0.0009670075949565024,-31.391773119999996,0.05123346094562593,0.007245505531661649
GLU  47,16.05368,0.01889279227574822,0.0026718443067460787,-0.9251600000000001,0.04770717346479158,0.006746813173639409,-18.33542,0.6153397139792324,0.08702217689762115,-63.094779999999986,0.6107858639509159,0.08637816525051534,1.1496761280000003,0.012659545616440823,0.0017903301104251475,-65.15200387199998,0.035503127308318005,0.0050209004146081915
ALA  48,7.6440600000000005,0.02798028591687104,0.003957009982271594,-2.3493999999999997,0.07035481504488757,0.009949673361473066,-9.355059999999998,0.2854512504790189,0.0403689029823788,2.3207599999999995,0.06495184677899275,0.009185578261603078,0.23555534399999994,0.006777645185292076,0.0009585037741992762,-1.504084656,0.2651467182421412,0.03749740849567538
LEU  49,10.32882,0.07548554563647558,0.010675268240223697,-7.760320000000002,0.05160869694137248,0.007298571915089183,-26.039939999999998,0.12565705869646768,0.017770591661645664,-4.0584,0.10112368664168898,0.014301048912584354,0.053877312000000004,0.006847363525113574,0.0009683634363714461,-27.47596268800001,0.16350845746559997,0.02312358781105558
PHE  50,8.77962,0.08368963854631316,0.011835502186229823,-4.241459999999999,0.15937166749460074,0.02253855736288797,-5.384260000000001,0.11471945083542254,0.016223780323944805,-3.51808,0.16106555683943585,0.02277810949135048,0.7684325280000001,0.020229010257612562,0.0028608140659700143,-3.5957474720000007,0.06498673986341846,0.009190512888925865
VAL  51,10.163120000000001,0.061819945001392464,0.008742660464612804,-3.25952,0.09568808494267642,0.013532338748344173,-20.261840000000003,0.2977865248797301,0.04211337421768674,-6.845880000000001,0.2893103275031782,0.04091465888895964,0.604924416,0.007121131969779562,0.001007080141111089,-19.599195584000004,0.09456923066347427,0.013374108858747487
GLY  52,6.525220000000002,0.11661531460301602,0.01649189594919905,-3.2940600000000004,0.09658641933521267,0.01365938241649127,-17.59926,0.2406227595219705,0.034029196993161044,0.06034000000000003,0.17186862540906062,0.024305894099991465,0.037596815999999984,0.003718781889133278,0.0005259151783119721,-14.270163183999998,0.12464707882331186,0.01762775893821158
ASP  53,14.745800000000001,0.41872573362516724,0.05921676114073354,-7.236199999999999,0.08164900489297792,0.011546913007391657,-93.05030000000001,1.4539201938202584,0.20561536567087282,16.58994,1.5002833387064212,0.21217210450010085,0.0,0.0,0.0,-68.95075999999999,0.4082198211757226,0.05773100075362264
ALA  54,8.378700000000002,0.06117720163560922,0.008651762826111204,-5.33288,0.12194927470055235,0.01724623182030833,-5.980540000000001,0.25961234254166954,0.03671472957818787,-0.11778000000000005,0.16531270852538832,0.023378747442923453,1.9152000000000002e-05,0.000134064,1.895951270259866e-05,-3.0524808480000005,0.16775445252258567,0.02372406219059141
ILE  55,12.912519999999997,0.1314727713256671,0.018593057629153496,-8.000200000000001,0.17773598397615614,0.02513566390608071,-6.92576,0.15999969499967526,0.022627373864409942,-1.23912,0.1491970026508568,0.021099642461425632,0.0005163839999999999,0.0006396664778960986,9.046250084360922e-05,-3.252043616,0.1761797152548662,0.024915574272846183
LEU  56,12.031020000000002,0.07296697609189519,0.010319088719451155,-7.116919999999999,0.09922093327538456,0.014031958950936476,-27.308360000000004,0.23063553585604069,0.0326167902772799,-5.4994000000000005,0.1442532495300981,0.020400490190185503,0.19347508799999993,0.008292896890054458,0.0011727927253276677,-27.700184912000005,0.14286012910129114,0.02020347320974172
SER  57,9.61544,0.052410746989565035,0.007411998920674773,-6.1101,0.0787353160912398,0.01113485518539639,-14.567060000000001,0.11501520073421821,0.016265605675739536,-1.62358,0.11890804682610716,0.01681613724967758,0.16214356799999996,0.006945526103657735,0.0009822457213609127,-12.523156432,0.0524735315535311,0.007420877998861622
VAL  58,11.66194,0.11545482406546816,0.016327777803478466,-5.341260000000001,0.19160029331916756,0.027096373336662986,-24.665520000000004,0.14967701760653865,0.021167526827472347,-3.6539599999999997,0.13689995763330284,0.0193605776773319,0.028057679999999995,0.004245880779861805,0.0006004582183099817,-21.970742319999996,0.16422856477399117,0.023225426363244664
ASN  59,19.2287,0.12279710908581352,0.01736613370893659,-2.3744999999999994,0.06709165372834297,0.009488192662466205,-88.77659999999997,0.1646198044144417,0.023280756003810976,-11.55784,0.12115978870896733,0.01713458164064802,0.586024416,0.008387972070134805,0.0011862383862391366,-82.894215584,0.14129399966129905,0.01998198906029486
GLY  60,6.214280000000001,0.026366675937009518,0.0037288110704815193,-1.02066,0.016008260367695426,0.002263909892199458,-9.256959999999998,0.046689167909233754,0.006602845447315306,-5.924359999999999,0.05166188537023668,0.00730609389483529,0.5153719680000003,0.007108391525426494,0.0010052783701916122,-9.472328032,0.04741195715504436,0.006705063282731583
GLU  61,15.42412,0.06514096714008603,0.00921232391956098,-4.0655399999999995,0.2322588392289893,0.03284636004186689,-38.494,3.6201601124811584,0.5119679529032963,-40.89358,3.3219289702820847,0.4697917003013014,0.6766241760000001,0.03884264595173676,0.005493179670340252,-67.352375824,0.2889641210258452,0.04086569789939707
ASP  62,16.92588,0.07541953062759106,0.01066593230813523,-2.48014,0.047035310140361226,0.006651797351092361,-44.179539999999996,1.508078886663523,0.2132745614648072,-38.0932,1.5274349609720919,0.21601192374495515,0.6748462080000001,0.011503989012016819,0.0016269097282185247,-67.15215379200002,0.11310316678656063,0.01599520324169002
LEU  63,12.355919999999996,0.14202729878486045,0.020085693216876543,-7.808880000000003,0.31426266975245626,0.044443452971150064,-31.870939999999997,0.2512451718946002,0.03553143295741032,0.41708,0.2318299238666138,0.03278570224960873,0.010130975999999998,0.004394733223237107,0.0006215091327313544,-26.896689023999997,0.2196259021902885,0.03105979295259328
SER  64,11.617939999999999,0.07223666935865662,0.010215807750767318,-2.0987400000000007,0.20972847303119307,0.029660085097651313,-25.3361,0.19756490072925473,0.02793989620602062,0.27249999999999996,0.28783038408062483,0.04070536328298766,0.326695968,0.01804825504568749,0.002552408706277989,-15.217704031999997,0.0828164634639673,0.011712016581851847
SER  65,10.917240000000001,0.055791239455539175,0.007890072749962843,-0.9386599999999998,0.10489835270394172,0.014834867306451081,-13.654700000000002,0.3545259510951827,0.050137540825202796,-5.67416,0.21928295510595794,0.031011292910809625,0.550295136,0.014513138113552227,0.0020524676752779435,-8.799984864000002,0.12239985361921786,0.017309953302077945
ALA  66,8.389600000000002,0.10864511033632522,0.015364738852315245,-5.32534,0.09614668169004624,0.013597194122323231,-9.999460000000001,0.5310801525193702,0.07510607544000653,2.6398999999999995,0.43938458097662225,0.06213836335147586,0.02223792,0.004821833925634486,0.0006819102933142992,-4.273062079999999,0.19587190880371708,0.027700470991812273
THR  67,15.338420000000001,0.24547513845581515,0.03471542700296271,-6.748980000000002,0.4441149171103895,0.06280733390297157,-34.49082,1.487906229437816,0.21042171692103734,-2.60378,0.9311803969156576,0.13168879463340846,0.11587118400000002,0.06759323305500736,0.00955912669110368,-28.38928881599999,0.9108494161728116,0.12881355976312056
PHE  68,10.908939999999998,0.35391668002517446,0.050051376884166075,-8.80464,0.5522895168296961,0.07810553250570398,-10.103879999999998,1.585511092865658,0.22422512908236011,0.6541199999999999,1.1223114476828615,0.1587188070519685,0.04458326399999999,0.027366496684506494,0.0038702070765867422,-7.300876736,0.9681062994690435,0.13691090585279503
ASP  69,16.57764,2.0539488285738927,0.29047222897895303,-5.2604,1.0363846004259183,0.14656691577569544,-75.09769999999999,14.960405704726117,2.1157208646227494,-6.470060000000002,14.284190643379132,2.020089613538963,0.23042807999999998,0.14168768594571932,0.020037664708569602,-70.02009191999998,1.2156519682947367,0.17191915006879643
GLU  70,17.746539999999996,0.3126421730990659,0.044214280136649575,-5.5048999999999975,0.26121655766819607,0.03694159985707766,-67.11348000000002,3.896183030813241,0.5510034883663996,-14.936280000000002,3.879319321942969,0.5486185997867745,0.563159088,0.02942441343092108,0.004161240453888164,-69.24496091200001,0.4262589604423534,0.060282120294063275
ALA  71,9.593260000000004,0.11937618020309618,0.016882341306751317,-6.21446,0.23614090793424508,0.03339536746317058,-5.877199999999999,0.4388363248410564,0.06206082822521871,-0.06094,0.41273688519442986,0.05836981007335898,0.0,0.0,0.0,-2.5593399999999997,0.38148811829466467,0.05395056707765064
VAL  72,12.880320000000001,0.2915185373180018,0.04122694691582854,-5.1631599999999995,0.3880816594481296,0.05488303460998017,-32.02922,0.4809351012346772,0.0680144942787358,1.0035399999999999,0.45771301969684003,0.06473039601300147,0.10615665600000002,0.035871397854960484,0.0050729817347766265,-23.20236334400001,0.40618257960946574,0.05744289128833958
GLN  73,21.27696,0.7783719666072757,0.11007841917470271,-5.756059999999999,0.6074553287279766,0.08590715644229112,-82.86465999999999,7.717501511785063,1.09141953056013,-4.429940000000002,6.535479203271936,0.9242563325874481,0.4735383839999999,0.15196813867961606,0.021491540276930836,-71.300161616,1.522837365982233,0.21536172562605943
ALA  74,9.25494,0.07589925164323418,0.010733775104783018,-5.431139999999999,0.2043606625552375,0.028900962060116837,-5.88124,0.31943866766563794,0.0451754496159137,1.2978200000000002,0.33229521152132047,0.04699363948450877,0.041459328,0.010979597600914917,0.0015527495836612972,-0.7181606719999999,0.27205200825246273,0.03847396397414699
LEU  75,13.020940000000005,0.1763451626776848,0.02493897207176716,-6.60582,0.4911670872524159,0.0694615156183656,-28.521179999999994,0.2594343608708751,0.03668955916891874,-0.7836200000000001,0.34491656324392445,0.048778568162667534,0.014124384,0.00860352232126726,0.0012167217950915812,-22.875555616,0.4191446484051317,0.05927600463706397
LYS  76,12.041179999999999,0.8195787134863997,0.11590593320447594,-4.961279999999999,0.3789315526582625,0.05358901409804095,53.79719999999998,4.832918099864943,0.6834778322667411,-85.93583999999998,4.702455002910885,0.6650275641565786,0.8674436159999999,0.06846512847852507,0.009682431324394657,-24.191296383999997,0.8477402513796011,0.11988857608706087
LYS  77,10.70236,0.27787340714789804,0.039297234101137835,-2.9975000000000005,0.2541801133055027,0.035946496352217194,22.11678,5.680271434676328,0.8033116900879741,-66.63405999999999,5.483404268919295,0.7754704685080193,1.2467728799999998,0.06392044689070739,0.009039716290578752,-35.56564712,0.4449946821413685,0.06293175146682278
THR  78,14.408360000000005,0.21801217947607712,0.030831578097758557,-3.9315999999999995,0.17752137899418485,0.025105314178475047,-43.11292000000001,0.4414004911635483,0.06242345610416355,-1.92378,0.430447548024145,0.06087447603059899,0.09683928,0.009654706054479227,0.0013653816242970157,-34.46310072000001,0.18899944062014265,0.02672855722059342
GLY  79,5.45134,0.04415998641310785,0.006245165169962873,-2.3848800000000003,0.13037371514227308,0.018437627613116913,0.8569,0.38126307190704944,0.05391874071229779,-4.59922,0.31964432045634894,0.04520453331249004,0.300984336,0.012389668693386315,0.0017521637499496269,-0.37487566400000005,0.16759116770358673,0.023700970230035617
LYS  80,10.454559999999999,0.08057323625141696,0.011394776347104538,-2.73916,0.19615691270000973,0.027740776629358897,32.11406000000001,2.3617564854148947,0.3340028052696359,-75.22210000000001,2.427431994928035,0.3432907248965605,1.2683312639999997,0.05540257290588241,0.007835106999386308,-34.124308735999996,0.17006559943267638,0.024050907721080105
GLU  81,15.53198,0.14449560408513476,0.020434764300049077,-3.7052200000000006,0.06443827744436509,0.00911294858977814,-74.7246,0.8559980140166318,0.12105640007867553,-11.381860000000001,0.8657184302069365,0.12243107451949953,0.6215436000000001,0.013306029519034174,0.001881756740715488,-73.65815640000001,0.12501824284511165,0.017680249457561005
VAL  82,12.50074,0.15651604518377488,0.022134711382789458,-5.8760200000000005,0.1530567855405192,0.02164549819246325,-28.763420000000007,0.21567383614986088,0.030500886413216594,0.3354600000000001,0.05249236515913501,0.007423541472908966,0.0,0.0,0.0,-21.803240000000002,0.18617621330331852,0.02632929258448193
VAL  83,11.973739999999998,0.0753418369837797,0.01065494476765641,-4.138800000000001,0.056514776828603515,0.007992396386549982,-28.758900000000008,0.09129014185187272,0.012910375671788208,-1.2955200000000002,0.08239714558162345,0.011652716078236222,0.3470565599999999,0.011865275842663501,0.0016780034017992577,-21.87242344,0.09167574804947876,0.012964908623227167
LEU  84,11.53564,0.12028927799246344,0.017011472834500926,-6.782799999999998,0.08842352628128594,0.012504975009984837,-38.272760000000005,0.07917109573187427,0.011196483733195524,1.64136,0.07991414392960147,0.011301566617067793,0.0008946720000000002,0.001075213209561713,0.00015205811034048794,-31.877665328000003,0.0868075729631062,0.01227644470011168
GLU  85,15.641660000000002,0.06793338207372888,0.009607231026654067,-5.80726,0.05411351402381371,0.007652806544014402,-83.49158000000001,0.8695803376351597,0.1229772307056618,1.1926999999999999,0.883260737268447,0.12491193137566968,0.23316479999999998,0.007281939045503085,0.0010298216958524653,-72.23131519999998,0.1454299022254592,0.020566894010183755
VAL  86,11.5589,0.06146031239746965,0.008691800734018885,-6.63816,0.05829935162590198,0.008244773374690853,-25.962760000000003,0.11724650271982784,0.01658115942871945,0.91558,0.07196723976921394,0.010177704652817874,0.0,0.0,0.0,-20.126440000000006,0.09048274089384004,0.012796191933275924
LYS  87,9.405200000000002,0.03197624117958105,0.004522123394987657,-7.3861799999999995,0.08491023259891023,0.012008120252563294,46.93654000000001,0.8446395967507486,0.11945007730422506,-85.9207,0.7767107119120168,0.1098434822826436,0.598868928,0.007333134441173513,0.001037061818141283,-36.366271072,0.12383625627535336,0.017513091313811503
TYR  88,10.5506,0.08030815649773687,0.011357288408828048,-4.157900000000001,0.1259025416740901,0.0178053081972742,-28.608900000000002,0.1374541741813676,0.019438955733208377,-5.86304,0.13037652549444678,0.018438025056932823,0.7629340320000001,0.021197745683738417,0.0029978139437678605,-27.316305968,0.08775078523450937,0.012409835058753187
MET  89,13.005500000000005,0.043128760704694735,0.0060993278316923095,-6.75856,0.07931510827071403,0.011216850181753422,-1.5972,0.23911955168910867,0.03381661130273118,-2.20152,0.2510514082812561,0.03550403064442175,0.5212673280000001,0.012906638107867156,0.0018252742656787153,2.969487328000001,0.0754072591924591,0.010664196865135889
LYS  90,7.31342,0.03417665284951611,0.0048333085976302766,-4.249039999999999,0.19492798259873245,0.02756697966771541,-1.9922799999999998,0.8900910524210428,0.12587788380807802,-110.82126000000002,0.940513855505335,0.1330087450055454,1.2600138239999996,0.04729090222704616,0.0066879435306348685,-108.48914617599999,0.13632404243646293,0.019279130969117122
GLN  91,15.992500000000001,0.9544185088313195,0.13497515993691575,-2.93182,0.9897572771139392,0.13997281647519985,-74.20742,7.613671902807442,1.0767358064409254,-92.76946000000004,6.28223981780304,0.888442875241734,1.065663504,0.11680928803617191,0.016519327935189964,-152.850536496,0.7437358710820131,0.10518013557075506
PRO  92,18.069959999999995,0.3155667891275741,0.04462788330187458,-5.9374400000000005,0.6264863337695437,0.08859854698582861,-6.15962,1.1746011219133037,0.16611368369884472,-1.3128600000000004,0.7456255363116252,0.1054473745903613,0.239998032,0.06428758608273111,0.009091637613042616,4.900038031999999,1.2311601866052146,0.1741123433350885
ASN  93,19.8356,0.5951514093068815,0.08416711947072528,-6.371040000000002,0.4427445746702989,0.06261353821658441,-92.62998000000002,3.404814329680053,0.4815134602395789,-4.56654,3.311100905801575,0.4682603807370427,0.18683611200000008,0.0541244395473415,0.007654351646369305,-83.54512388799998,1.1554313529171694,0.1634026689686555
VAL  94,10.464300000000001,0.2121515731735176,0.030002763206077667,-5.6966,0.36992091046599945,0.05231471685864198,-28.404120000000002,1.6343876607463204,0.23113731960026832,-0.7696600000000001,0.9116233566555871,0.12892301147584165,0.09946656000000001,0.02744291189587567,0.0038810138194157314,-24.30661344,0.6937911035454726,0.09811687880878035
ILE  95,14.121400000000003,0.4066343320477416,0.05750677873084406,-7.173320000000001,0.47172922063401795,0.06671258615883183,-15.803920000000003,0.9599548289372188,0.13575811383485592,1.5404399999999998,0.7150801957822632,0.10112761110596848,0.02054808,0.00815990345237001,0.001153984612999671,-7.29485192,0.5204566950749694,0.07360369168029
SER  96,10.7356,1.0918291807787328,0.15440796352519898,-4.889739999999998,0.953968297376814,0.134911490422426,-12.61014,5.049024060192231,0.7140398302671923,-2.7772400000000004,2.604454680427364,0.3683255131646463,0.04504449600000002,0.04378845838828746,0.006192623172812604,-9.496475504000001,1.5685900594673687,0.22183213359023723
VAL  97,11.234380000000005,0.23538486697303956,0.033288447125065936,-5.9567200000000025,0.44945304715838796,0.06356225949413065,-21.359859999999998,1.3322692672279755,0.1884113266446668,-0.8243,1.0531792867313707,0.1489420430905927,0.018907488000000007,0.012828531092976145,0.0018142282657011809,-16.887592511999998,0.6242531912437526,0.08828273294116003
ARG  98,12.862720000000001,0.6384562957634399,0.09029135524511446,-6.287179999999999,0.7960333080970965,0.11257611004116343,-135.22104,12.76208865031123,1.8048318853477887,-68.30562,11.155988468782041,1.577695019422942,0.9302722559999999,0.20082406620112472,0.028400811807254286,-196.02084774399998,2.193081380722461,0.31014854320056173
LEU  99,11.142360000000002,0.17420157978608447,0.024635823672029947,-6.6279,0.3296000758495062,0.046612489742557245,-34.62528,0.5053719042449684,0.07147038010255513,-1.6926600000000005,0.5138968616366496,0.07267599113875198,0.07041326399999999,0.013188889005246184,0.0018651905703852552,-31.733066736,0.3341534624307464,0.047256435848349
PHE 100,9.427740000000002,0.12425937550121692,0.017572929408583206,-6.302799999999999,0.22489197406759182,0.03180452797952467,-3.134859999999999,0.28743799400915876,0.04064987094690688,0.04192,0.263074273922784,0.03720432060930558,0.5243074560000001,0.028045271949217934,0.003966200395102573,0.5563074559999999,0.3361998929665294,0.04754584483016488
LYS 101,11.88086,0.1912831419650441,0.027051521362030345,-8.78076,0.3970680828270663,0.056153906791952056,39.8336,5.106826333448234,0.7222143061446559,-69.31038000000001,4.412064228408058,0.623960106987586,0.37820534400000017,0.0643476214867336,0.009100127901298905,-25.998474655999996,0.502724219216491,0.07109594089493865
ARG 102,12.015759999999995,0.17612819876472588,0.024908288740941954,-6.704940000000001,0.3178768572890633,0.04495457627427301,-130.82923999999994,2.4293055844045814,0.34355569046136564,-69.45664000000002,2.3545575275188684,0.33298471888048453,0.641574864,0.010781871975307217,0.0015247869575249857,-194.33348513599995,0.20134011245449662,0.02847379176828732
LYS 103,10.81478,0.052169450830768224,0.007377874490642875,-1.7894400000000001,0.15556184107935597,0.02199976654421533,42.40308000000001,1.5755555444348022,0.22281720192118226,-83.18907999999999,1.5395320696886907,0.21772271326620674,1.4017749119999996,0.029169130053714402,0.004125137932458755,-30.358885088000008,0.3589537488529219,0.0507637259892468
VAL 104,9.943299999999999,0.026410035971338734,0.003734943105342853,-0.06455999999999998,0.06317821143400629,0.008934748345644663,-28.448559999999997,0.11766548516955912,0.01664041249500008,-2.93892,0.13346952311296997,0.01887544097498314,0.98151696,0.014182251205894556,0.0020056732000358264,-20.527223040000003,0.043715972985373386,0.006182372188825088
GLY 105,5.24382,0.02821750520514167,0.003990557855744476,-1.7561799999999999,0.2654527219675863,0.037540683957541496,-10.08144,0.11814688485078845,0.01670849269081174,-3.580499999999999,0.26374034579489325,0.03729851739681079,0.2597616,0.029086365482789683,0.004113433254590183,-9.914538399999998,0.06644687286122647,0.009397006877762721
GLY 106,5.68084,0.19807618332347166,0.028012202483915307,-3.1886000000000005,0.13511979869729018,0.019108825186283023,-5.92228,0.3471758079129408,0.049098073607831735,-2.22272,0.2018903702507911,0.02855160997211944,0.14694177600000002,0.009253709361905848,0.0013086721281866129,-5.5058182239999995,0.23141130623303868,0.032726500776123685
LEU 107,10.684000000000001,0.13200984811739985,0.018669011757443926,-6.98282,0.16856959275026448,0.02383934042711334,-28.598499999999998,0.1097892982055667,0.015526551452573652,-2.5726399999999994,0.23606556377414298,0.03338471218986438,0.13639046399999996,0.016923021502199678,0.0023932766524742293,-27.333569536,0.28136482608114505,0.03979099530187025
GLY 108,5.851339999999999,0.08387004471220215,0.011861015470883416,-4.2811200000000005,0.11257861963977005,0.015921021072780487,-9.757840000000002,0.14179088264055112,0.020052258925111924,-3.692819999999998,0.08794354780202247,0.012437095802482676,7.6464e-05,0.0003219354704036199,4.552855084537614e-05,-11.880363536000003,0.17833773627228827,0.02522076453191863
PHE 109,8.844240000000005,0.14376015581492177,0.020330756208233172,-8.482380000000001,0.2756558644396884,0.03898362620382867,-6.691920000000001,0.21604572108697678,0.03055347888538775,-0.9745400000000004,0.2840731743758983,0.04017401359087725,0.12424075200000001,0.009830526438522611,0.0013902463814625956,-7.180359247999999,0.2992541348761699,0.04232092561381069
LEU 110,10.379880000000004,0.03976261560732622,0.005623283026730884,-3.9092800000000008,0.05680318300934079,0.008033183179777071,-30.290400000000005,0.17077540806501587,0.024151289820534508,-0.5788800000000001,0.09890533655976279,0.013987326835389205,0.6816144959999998,0.006969139041965326,0.0009855850951211202,-23.717065503999997,0.1541370881957566,0.021798276059113688
VAL 111,12.127360000000001,0.1366958316846324,0.019331709908827696,-5.08596,0.14514667891483338,0.02052684018547703,-20.20878,1.126549782122344,0.15931819805658742,-4.5259,0.5582036635494306,0.07894191915579528,0.265629168,0.05511786738613672,0.0077948435586556244,-17.427650831999998,0.5456788835271192,0.07717064777846605
LYS 112,9.734559999999998,0.07525853041348467,0.010643163439501807,-5.85442,0.19926887263195783,0.02818087422349116,11.40928,1.8332345953532452,0.2592585227760112,-54.097799999999985,1.7682516223665985,0.2500685426039072,0.8929330560000001,0.01083289759876325,0.0015320030703969924,-37.915446944,0.27086777824033215,0.038306488559734564
GLU 113,15.228839999999998,0.05924132341553483,0.008377988302718015,-4.131460000000001,0.21882999885755064,0.0309472352238437,-42.013200000000005,2.0410490929909257,0.2886479308777071,-37.57172,1.9195562928969074,0.27146625431534277,0.7568933760000002,0.02866572659272216,0.004053945932270676,-67.73064662400002,0.13357433516595743,0.018890263637666643
ARG 114,12.674900000000001,0.09401026539676467,0.013295059232639867,-9.06504,0.13556857452968582,0.019172291673146942,-134.2699,2.0800011274036234,0.2941565804125532,-68.11566,2.0978832723485503,0.2966854976030969,0.47013624000000015,0.0118729844521662,0.0016790935638098332,-198.30556375999996,0.23751111087366242,0.033589143421183326
VAL 115,12.60254,0.06504896924635685,0.009199313452658823,0.33558,0.049623014821753714,0.007017754056676521,-28.688340000000018,0.1649571592823787,0.023328465186767882,-6.700660000000003,0.13535532645587747,0.01914213384133397,1.2251655359999996,0.008161302824441023,0.0011541825140958342,-21.225714464000006,0.052097257344233296,0.0073676647898656055
SER 116,10.2421,0.041505300866374197,0.005869735939560216,-2.3760000000000003,0.08291851421725456,0.01172644873778677,-4.401540000000001,0.5009676320881431,0.07084752196089869,-5.68296,0.20285077865271975,0.028687432230861898,0.46228636800000006,0.007809883930030145,0.0011044843774408318,-1.7561136320000006,0.2644266737328122,0.03739557882461485
LYS 117,11.41614,0.17261205172270672,0.0244110304575298,-4.170779999999999,0.12651328625884062,0.01789168052476421,33.952020000000005,1.3692785617250567,0.19364523126583003,-59.59789999999999,1.3037441044934173,0.18437725944385563,0.9403561439999999,0.011259796235659012,0.0015923756546026497,-17.460163855999994,0.5123310969062463,0.0724545585670298
PRO 118,20.55706,0.1088744983919189,0.015397179222241942,-5.740880000000001,0.3601049646977815,0.050926532495348724,-2.6479999999999997,0.46888126428766835,0.0663098243098264,1.00816,0.3211056748174966,0.04541120002818685,0.13712832,0.029310778148769777,0.004145169998169918,13.31346832,0.2656068678818992,0.037562483481802064
PRO 119,19.393440000000002,0.09516410247613957,0.01345823643728196,-8.529000000000002,0.1656751037421429,0.0234299978659708,-8.0276,0.13134214860425356,0.018574584786735786,-1.93008,0.08719377041968372,0.012331061268196272,0.03380140800000001,0.0037954769125282573,0.0005367614925371422,0.940561408,0.23421652754840688,0.03312321897908886
VAL 120,11.355299999999994,0.4363933661275486,0.06171534169072268,-7.54026,0.20243327888468615,0.028628388847437822,-28.38104,0.26422134357428956,0.03736654075512015,0.71056,0.1600081447926945,0.02262856884559865,6.552000000000001e-05,0.0002634816365517719,3.726193038477744e-05,-23.855374480000002,0.5978183909986373,0.08454428763863346
ILE 121,13.807139999999999,0.06563871113904934,0.009282715550953353,-7.767200000000002,0.1311164368031236,0.01854266431770122,-14.901940000000002,0.1697286552117522,0.024003256612380685,0.55444,0.10948464001858793,0.015483466278582315,0.222351696,0.009827087608462326,0.0013897600574516004,-8.085208303999998,0.24776197858111967,0.03503883503498117
ILE 122,12.942759999999996,0.07636427437064953,0.010799539249575272,-8.5147,0.1784397097061049,0.025235185753229153,-15.722440000000004,0.5583001758909278,0.07895556806202346,-0.45165999999999984,0.23095719170443746,0.03266227928360183,0.0029707199999999996,0.0009881285875836226,0.00013974248499293299,-11.743069279999997,0.3414223456186799,0.04828441116711714
SER 123,12.506940000000002,0.07479182040758417,0.010577160677497836,-4.5423,0.08204127010227029,0.011602387685294495,-9.347800000000001,0.1551914946122772,0.02194739164456335,-9.317,0.2738098610349694,0.03872256189871462,0.3397284,0.0128686184925671,0.0018198974801193607,-10.360431600000002,0.1680632298091031,0.02376772989322598
ASP 124,15.116440000000004,0.17971757398740174,0.02541590305297737,-3.205440000000001,0.10893817696287346,0.01540618473210959,-43.76173999999999,0.9242549823510277,0.1307093931131729,-37.479659999999996,1.0454110504485912,0.14784344857991014,0.567318384,0.007468368567637734,0.001056186811715421,-68.763081616,0.0837858153416299,0.011849103639062074
LEU 125,10.801840000000002,0.09115884158938181,0.01289180701059243,-6.0176,0.25345934585254254,0.035844564441487856,-25.055419999999998,0.1375004130909966,0.019445494902519043,-6.1520800000000015,0.11342095749903523,0.0160401456352478,0.29012126400000005,0.027544450535073164,0.003895373551481532,-26.133138736000006,0.292584570072269,0.0413777067137304
ILE 126,12.94944,0.11361745640538667,0.01606793477708317,-3.78106,0.2847064038619465,0.04026356576360365,-5.417180000000001,0.09748470444118565,0.013786419114465744,-2.0069800000000004,0.1160319766271229,0.016409399501503517,0.4164348959999999,0.026636509549543195,0.0037669713059244447,2.1606548959999996,0.34947421395969275,0.04942311730814743
ARG 127,11.394200000000005,0.09122894277551669,0.012901720815409468,-1.9123399999999997,0.06686661648387668,0.009456367590149875,-137.58950000000004,0.9017191414113802,0.12752234392353967,-68.34953999999999,0.8867028636459436,0.12539872155631546,1.813453776,0.015534999580802348,0.0021969807098631026,-194.64372622399995,0.06987060628666593,0.009881195902183379
GLY 128,5.362740000000001,0.037271334829601634,0.0052709627203771335,-2.101740000000001,0.1423259372004897,0.020127927066639392,-21.378,0.8624975826053068,0.12197557788344338,2.2899999999999996,0.33270407271327773,0.047051461188788175,0.2486829600000001,0.012967569329552795,0.0018338912416866946,-15.578317040000002,0.46841799446032834,0.06624430806254016
GLY 129,4.602219999999999,0.03612051494651567,0.005108212211726255,-3.135440000000001,0.22756090701171644,0.03218197209618921,-6.745180000000002,0.3068796956463293,0.04339934275999665,-5.378679999999998,0.2995370721630603,0.042360938988652834,0.017434656000000007,0.006877930119219287,0.0009726862055654314,-10.639645343999998,0.20926461521174397,0.02959448569572354
ALA 130,10.270599999999996,0.08080816790475152,0.011428000700142184,-5.5362,0.5087569164149085,0.07194909311450787,-3.82402,2.3638468096727427,0.3342984217611565,-4.529680000000001,0.23272356477158138,0.03291208215837838,0.060769008,0.00856839750459422,0.001211754395880093,-3.558530992,1.8131068208775236,0.25641202561161597
ALA 131,9.335980000000001,0.09704689381941975,0.01372450334256051,-5.931380000000002,0.4999582738589088,0.07070477715119108,-6.351459999999999,1.5954892943545587,0.2256362598697296,-2.67932,0.2480501110662905,0.03507958312181005,0.0004989600000000001,0.0009822396644404052,0.0001389096654952419,-5.625681040000001,0.9114739877913915,0.12890188752848747
GLU 132,17.226839999999996,0.1351703162684525,0.019115969449710613,-7.492159999999999,0.10497739947260164,0.014846046207681143,-44.6976,1.6037375595777226,0.22680274072419448,-33.5728,1.695080847629242,0.23972063240361557,0.49325716799999997,0.014714650298496527,0.0020809658017711097,-68.042462832,0.1651129707550622,0.023350500256552116
GLN 133,20.41406,0.3677369391289625,0.0520058566701748,-3.4829400000000006,0.12883251297711742,0.01821966871268472,-79.34100000000001,1.0448231620692707,0.1477603086079905,-8.87326,0.7003264041859173,0.09904110988877061,0.9160866719999997,0.02032742905999324,0.0028747325864819416,-70.367053328,0.6198163917943225,0.08765527474566867
SER 134,11.48662,0.18280688061454312,0.02585279698602061,-2.94808,0.2565132230509753,0.036276447896672406,-12.017479999999999,2.1946349968958447,0.3103682577068739,-6.064360000000001,1.1481365382218283,0.16237102638094048,0.35001763200000013,0.08226794836759509,0.01163444483300625,-9.193282367999998,1.2296920502970798,0.17390471750725084
GLY 135,5.9337,0.2201278037868024,0.03113077255706995,-2.0712400000000004,0.4626016238622581,0.06542174904418226,-7.765499999999999,1.490329939979732,0.21076448135300177,-2.4768600000000003,0.7280594758671844,0.10296315849856193,0.31645367999999996,0.09875467066787272,0.013966019460619407,-6.063446319999998,1.1995721383037985,0.1696451187034126
LEU 136,10.898219999999998,0.5707998700070215,0.08072329175647294,-5.838079999999999,0.4377496471729294,0.061907148795599394,-31.578800000000005,0.5696633040663444,0.08056255705968925,0.039599999999999996,0.27682167545190534,0.039148496778292775,0.1273383359999999,0.03695596071567234,0.005226362085463113,-26.351721664000003,0.9096970299349709,0.12865058773845592
ILE 137,11.557440000000003,0.21252088462060012,0.03005499173179804,-6.4344600000000005,0.2721606297758767,0.03848932537730476,-9.916480000000002,0.20413125581344696,0.028868519047562838,-2.51002,0.628115864789293,0.08882899747267234,0.013601519999999994,0.01690330757370285,0.0023904886819694424,-7.289918479999999,0.7866959834216457,0.11125561292193309
GLN 138,18.528660000000002,0.14994753882577336,0.02120578430518749,-5.532259999999999,0.43260276513217816,0.0611792697570029,-74.30482,1.3840870303555448,0.19573946498335132,-10.7466,1.2852177558686166,0.1817572380952111,0.6765602399999999,0.06087741679108371,0.008609366846819016,-71.37845976000003,0.43237344835425023,0.061146839467260364
ALA 139,7.181800000000001,0.2151188508708821,0.030422399642371672,-2.9631399999999997,0.12876832063827076,0.01821059054506498,0.3892400000000001,0.379809034121096,0.05371310871658796,-5.277620000000001,0.21046984487092904,0.029764930908702924,0.43456190400000005,0.01711844083359093,0.0024209131193545686,-0.23515809600000004,0.12038865347836233,0.017025526650493488
GLY 140,6.262779999999999,0.07232600915304434,0.01022844230565559,-2.5879400000000006,0.1624633386336776,0.022975785688415965,-11.078380000000003,0.2742535972416177,0.03878531567487042,-2.648639999999999,0.3846411189667678,0.05439646870891661,0.17240889599999998,0.020285847499465888,0.0028688520657976996,-9.879771104000003,0.351342443976378,0.0496873249308703
ASP 141,13.329179999999997,0.14279309367088364,0.020193992968257538,-6.976700000000001,0.21526209605961666,0.030442657571236986,-80.16822,2.622089665056914,0.3708194766081814,4.342419999999998,2.486793253087201,0.35168567453338284,0.008584128,0.004572303990901742,0.0006466214315225872,-69.46473587200002,0.4126743549810668,0.058360966965779366
ILE 142,12.607739999999996,0.0692083260891407,0.009787535338440248,-6.7672599999999985,0.19652061571252724,0.02779221200265672,-11.62622,0.280737549323146,0.03970228497201787,-1.0963399999999999,0.22927578241061686,0.03242449210087971,0.15449111999999995,0.025452324303450402,0.0035995022223857896,-6.72758888,0.2056832747299839,0.029088007667645452
ILE 143,13.841159999999997,0.09750556086727129,0.013789368658529037,-8.82302,0.17648302921246264,0.02495846934409518,-9.501219999999998,0.18491482255365496,0.02615090499391931,0.23852000000000012,0.16654167526478156,0.02355254958597899,0.0,0.0,0.0,-4.24456,0.21835587099962445,0.030880183419145887
LEU 144,13.21306,0.6977987219821666,0.09868364164337928,-6.554520000000002,0.2126796877935789,0.030077449891895487,-33.19236,0.34920811903514276,0.049385485803029705,-1.0412800000000002,0.20905339413652094,0.029564614524799596,0.20902147200000004,0.037416382548006936,0.005291475565433139,-27.366078527999992,0.5250742382958374,0.07425671090506956
ALA 145,7.0407,0.07189666195325108,0.010167723442364137,-5.852760000000001,0.13448428309654428,0.01901894970811557,-5.906919999999998,0.18954860484853409,0.02680622077056955,0.6197800000000001,0.13748807802860574,0.01944375046126646,0.075027456,0.017121618059939975,0.002421362447013923,-4.024172543999999,0.15226484554026623,0.0215335009635689
VAL 146,11.194939999999999,0.24621636095118302,0.034820251693531236,-5.60298,0.251239605954161,0.035530645814564665,-27.48716,0.4350143151665914,0.06152031443350375,-1.41042,0.23409955916233494,0.03310667715129368,0.009488880000000002,0.007696093202346232,0.0010883919384045426,-23.296131119999995,0.5851120188255639,0.08274733525306141
ASN 147,21.58174,0.9457328123735678,0.1337468169639949,-4.162160000000001,0.32751099889925456,0.04631704964696856,-93.48722,1.7110297518160158,0.24197614806420803,-5.654459999999999,0.906680080513517,0.12822392665957455,0.5325073919999999,0.04672116939127442,0.006607371140307101,-81.18959260800003,0.4570203397899856,0.06463243628113578
ASP 148,14.099239999999998,0.3566829718392496,0.05044258962426074,-0.9341399999999999,0.15717353594037392,0.02222769461730119,-54.5017,4.108143314199258,0.5809791991112945,-22.755879999999994,3.614067175025963,0.5111062814249135,0.8039797920000001,0.022725350453831956,0.003213849882149072,-63.28850020799998,0.18153095659699545,0.02567235408100326
ARG 149,14.991119999999999,0.22385116841353728,0.03165733583234882,-4.1202000000000005,0.24711179656177823,0.03494688541200479,-153.27416000000002,1.6760021045304239,0.2370224906792775,-43.58766,1.6135226135385428,0.22818655632618892,1.061793504,0.03309350913426968,0.004680128944420208,-184.92910649599995,0.18231893676096253,0.025783791304479584
PRO 150,19.21996,0.12335298293876933,0.01744474614311846,-4.62674,0.11464480973861513,0.01621322447880326,-1.20594,0.4861797778600009,0.06875620356011518,-6.3097600000000025,0.4997336314477521,0.07067300791673689,0.589198176,0.011313280598556357,0.0015999394857410807,7.666718176,0.12621438012714611,0.017849408814232328
LEU 151,11.893840000000006,0.08581033970251935,0.012135414619914532,-8.83312,0.17940085172599743,0.025371111761219024,-29.861200000000007,0.3452696337642573,0.048828499874500414,-0.4523000000000001,0.20891828546108615,0.029545507272680183,1.9152000000000002e-05,0.000134064,1.895951270259866e-05,-27.25276084800001,0.2523023901152901,0.03568094619201908
VAL 152,13.451440000000002,0.14940992738062953,0.02112975456548655,-3.113399999999999,0.34330977265438134,0.048551333658304996,-30.417700000000004,0.2561035142277942,0.036218506319235746,-1.6578600000000003,0.2805362728774982,0.039673820184095744,0.574028496,0.04661622154685911,0.006592529273815705,-21.163491504,0.39727326174696764,0.05618292347307581
ASP 153,13.137020000000005,0.061500078047816646,0.008697424446222615,-1.8886800000000001,0.07222754045375729,0.010214516728655492,-58.123459999999994,2.5033557175121057,0.35402796071498505,-24.366100000000007,2.3734562667131023,0.3356574042085083,0.7451526239999998,0.020155823469150083,0.0028504638910869973,-70.496067376,0.2828835521959878,0.04000577560878433
LEU 154,11.437000000000003,0.0563403940345145,0.007967734935305462,-6.88266,0.24908734291408569,0.035226269856457784,-32.070780000000006,0.767358567815187,0.10852088938074318,1.5132199999999996,0.28036100228099126,0.03964903317862921,0.28738295999999997,0.009074330472096638,0.0012833041223094515,-25.715837040000007,0.5068760567312677,0.07168309938715531
SER 155,11.43972,0.10190133267055335,0.01441102466865891,-3.69036,0.13746457871027748,0.019440427155797822,-10.933320000000002,0.2990424344469107,0.042290986651988834,-5.20102,0.3333067350054651,0.047136690507502396,0.43145136,0.012204211283129015,0.0017259361114667804,-7.953528639999999,0.1821066479585062,0.025753769134122216
TYR 156,11.148400000000004,0.2299336426012922,0.03251752758125955,-7.823400000000001,0.3045836502506004,0.04307463290615025,-25.724239999999995,1.6709642073964908,0.23631002443401264,-3.560239999999999,0.82840561465988,0.11715424553980223,0.4428309599999999,0.02938241570823197,0.004155301078986593,-25.51664904,0.9676171354799473,0.1368417276180346
ASP 157,13.780539999999997,0.04367388693618555,0.0061764203226702735,-3.882820000000001,0.12612750532690603,0.017837122862159528,-35.58202,1.2736580622756772,0.18012245054960987,-42.71422,1.3071080642396393,0.18485299519349407,0.72502128,0.015580963962164233,0.0022034810550139094,-67.67349872000001,0.1154455658705053,0.01632646849699051
SER 158,13.419520000000002,0.05719134200159102,0.008088077150896805,-5.26616,0.060383229459874295,0.008539478204204084,-6.907539999999998,1.0015300736373487,0.1416377413262463,-9.27354,0.9144255729144799,0.1293193046996445,0.34439688,0.011726028777584342,0.001658310893003698,-7.6833231200000025,0.1422972778729173,0.020123874025665255
ALA 159,9.228399999999999,0.05512712580948997,0.007796152897442859,-6.557760000000001,0.12093660488040953,0.01710301868092314,-5.36372,0.32033819878373626,0.04530266252661283,-0.03536,0.17409799079828583,0.024621173976884212,0.0,0.0,0.0,-2.7284399999999995,0.23978758600061728,0.03391108562107779
LEU 160,13.38662,0.11090029576159728,0.015683670233723832,-5.5574,0.13086634403082398,0.018507295858657458,-39.09886,0.36662127652367626,0.05184807815143198,2.6945599999999996,0.3060211861946845,0.04327793118900249,0.17435059199999997,0.03674647024539827,0.005196735659038162,-28.400729408000004,0.2779034465456147,0.03930148231350348
GLU 161,17.50052,0.32509907659044646,0.045975952322917894,-3.98888,0.24273661775678476,0.034328141691621884,-29.943880000000007,4.688889773240531,0.6631091509789264,-52.684940000000005,4.819140427130039,0.6815293751027771,0.9273918239999999,0.03634198721445363,0.005139533120226993,-68.18978817600001,0.3799258089918044,0.05372962317717797
VAL 162,13.069099999999999,0.09272157246315416,0.01311281053019523,-5.56116,0.2660196504019977,0.03762085974562545,-25.634619999999998,0.5892267098494718,0.08332924043815995,-1.6192999999999995,0.6798715540453233,0.09614835724025689,0.22753079999999998,0.039970217536961214,0.005652642373177347,-19.5184492,0.1748395167747232,0.02472604158615718
LEU 163,13.306939999999997,0.17656187697253575,0.02496962010126099,-6.952860000000003,0.465606357774424,0.06584668258917299,-27.45822,1.8827444998193434,0.26626028061278645,0.38782000000000005,0.8544573878198959,0.12083852263247842,0.15138201599999995,0.011326204641050375,0.0016017672213586532,-20.564937984000004,0.7730878394242915,0.10933113074195465
ARG 164,11.599740000000002,0.20921135820015083,0.029586954016914892,-3.5781400000000008,0.2970761525265832,0.04201291239607122,-147.48534000000004,5.320149639285036,0.7523827773731228,-60.92161999999999,4.97194724384735,0.7031395223652452,1.374344928,0.039723961093241125,0.005617816452924276,-199.01101507199996,0.6304304581331573,0.08915633040249947
GLY 165,5.6021600000000005,0.26727067628154894,0.03779778152219956,-1.4533400000000003,0.12851266241113468,0.018174435011850173,-13.28264,0.2982371378618016,0.04217710051674943,-3.85874,0.2022253010876678,0.028598976345316243,0.46404043199999995,0.016818980818365536,0.0023785630778625478,-12.528519567999997,0.17552132380924657,0.024822463661671613
ILE 166,12.535280000000006,0.22066372968808837,0.03120656392487251,-3.87842,0.14378067881325235,0.02033365859849114,-17.56778,0.25278174696738265,0.03574873748816365,2.12294,0.43550597745610714,0.06158984598129781,0.11583431999999999,0.06170501397766641,0.008726406763363724,-6.672145680000001,0.36486353644230124,0.05159949616521124
ALA 167,8.205639999999999,0.12234226743044432,0.017301809385161054,-2.29034,0.129489553246579,0.018312588238694503,-6.960679999999997,0.3222760580620756,0.045576717213952636,-1.5331000000000001,0.1456748777243367,0.020601538777479923,0.46886558400000006,0.011556689949343219,0.0016343627662502016,-2.109614416,0.2806198725593483,0.039685642964483986
SER 168,11.068660000000001,0.03558910507444259,0.005033059506899785,-3.100639999999999,0.1313856552292114,0.01858073755264263,0.14851999999999996,0.3511651030498332,0.04966224513652197,-16.381320000000002,0.4087251125143972,0.05780245974003297,0.512078976,0.026417293372594793,0.0037359694568712435,-7.752701024000001,0.10438912678855136,0.01476285188686539
GLU 169,16.673160000000006,0.14872570188035372,0.021032990467265394,-2.3750800000000005,0.25319161439509913,0.035806701495668815,-51.64060000000002,2.9537669982580437,0.41772573490265913,-29.547580000000004,3.357641815858222,0.47484225935777236,0.84294504,0.027090744541526462,0.003831209834541162,-66.04715496,0.16033700675457077,0.022675076950262052
THR 170,14.532279999999998,0.07578971961948149,0.010718284937432496,-4.352879999999998,0.12121314120185128,0.017142126822550306,-36.05654,0.294624792575119,0.04166623774710932,-2.5216,0.24783559066445834,0.03504924535564238,0.366396912,0.011424199701345577,0.0016156258156901577,-28.032343088,0.22559496755171246,0.031903946271475005
HIE 171,28.913599999999988,0.36752082934265184,0.051975294131098596,-6.210140000000001,0.45964242667533245,0.0650032553646336,-12.540040000000001,3.299700404339757,0.46664810635852694,-11.741679999999995,2.7922761141405963,0.39488747505080757,0.9078390719999999,0.09299421419860268,0.013151367894189255,-0.670420928,0.9035374154244283,0.12777948670047598
VAL 172,11.14904,0.4765562279522215,0.0673952280803396,-5.321940000000001,0.42118567924372535,0.05956464998638006,-31.233939999999993,0.6555598343405842,0.09271016086715135,0.6606799999999999,0.34951202783309204,0.04942846499740814,0.0013091040000000006,0.0014769189888358806,0.000208867886453806,-24.744850896000013,0.5847480501501547,0.08269586230935716
VAL 173,11.171880000000003,0.5364092706133115,0.07585972654840047,-4.471040000000001,0.39753429839447724,0.05621983962979426,-30.14538,0.41040896140297345,0.05804059193355411,0.5081799999999999,0.30679424310113795,0.04338725794516176,0.25769088,0.07860559107125144,0.011116509297131724,-22.67866912,0.7270073173974397,0.10281436082079407
LEU 174,11.077079999999999,0.2811917381432381,0.039766516970943126,-7.653900000000001,0.3438473643929542,0.04862736061107595,-30.234820000000003,0.756690575862792,0.10701220749050677,-1.3024600000000002,0.33423352375248067,0.04726775822905081,5.7456e-05,0.00022741739965095019,3.216167709059961e-05,-28.114042544,0.739117026854307,0.10452693235582401
ILE 175,13.54694,0.4701669239749135,0.06649164404645626,-6.386200000000001,0.58575295133697,0.08283797679808105,-14.2509,0.3313822113512149,0.046864521762207546,0.22427999999999998,0.3004533933907221,0.042490526379417796,0.30679199999999995,0.07190132370186246,0.010168382713175196,-6.559087999999999,0.6302735574447615,0.08913414129435197
LEU 176,11.073039999999999,0.19585014271120527,0.027697392801489265,-8.822040000000001,0.24356354078549156,0.03444508626784546,-27.2601,0.341076897487878,0.04823555742394949,0.3456000000000001,0.26472038077941784,0.03743711527348227,0.0009216000000000002,0.0007197450748702622,0.00010178732463327634,-24.662578400000008,0.2652848932611113,0.03751694939425625
ARG 177,10.942120000000003,0.49122958542821854,0.06947035419514995,-7.513159999999999,0.43921322202321,0.06211412953588089,-122.93492000000003,5.5250222147596775,0.781356134852577,-82.99148000000001,4.9925822666831,0.7060577552806648,0.8496581759999999,0.08362741154859515,0.011826701959817965,-201.6477818239999,0.5800295467734029,0.08202856516240659
GLY 178,6.4114400000000025,0.07633168673605673,0.01079493066209459,-2.6687199999999995,0.2097642524359288,0.029665145069594404,-8.6454,1.2986396420870705,0.1836553794474877,0.017159999999999988,0.9862959466610415,0.13948331042816556,0.023270112,0.008197124073640457,0.0011592484037397327,-4.862249888,0.5016926718216563,0.07095005806333807
PRO 179,17.740179999999995,0.06999305394192865,0.009898512615658711,-4.462580000000001,0.43417172132694115,0.06140115366994321,-9.416419999999997,1.2834314643174587,0.1815046183214111,-1.4528600000000003,1.0366776935962305,0.1466083654093449,0.3348891360000001,0.048779513859740414,0.0068984650066411255,2.743209136000001,0.45308182903019517,0.06407544674793099
GLU 180,14.353060000000003,0.11557619305020245,0.016344941969904735,-1.0588800000000005,0.1130397522997949,0.015986235078966522,-34.158339999999995,5.889685236445179,0.8329272739489361,-44.889880000000005,5.697878754905167,0.8058017411944411,1.3066284959999999,0.05601830418748781,0.00792218455230868,-64.44741150399999,0.3080905526321036,0.04357058379713428
GLY 181,6.028340000000001,0.09026707262334988,0.01276569183396585,-2.16644,0.06882852896872617,0.0097338239145762,-5.1623,0.7835317798277162,0.1108081269582686,-6.564140000000001,0.6797710205650013,0.09613413965912249,0.306762336,0.018282850574302175,0.0025855855241018865,-7.5577776640000005,0.22592881720577726,0.0319511597423322
PHE 182,8.712800000000001,0.3716060817586023,0.05255303606833406,-5.3111000000000015,0.3448741944535454,0.04877257631086999,-8.549720000000002,1.2730679485400367,0.18003899586478134,-2.6609599999999993,1.0462493576581073,0.14796200312242344,0.6283421280000001,0.02863394640944025,0.004049451535649479,-7.180637872,0.49331124237933793,0.06976474494439808
THR 183,14.994719999999996,0.24778394136866222,0.03504194104218219,-4.763239999999999,0.3440306125913866,0.0486532758198263,-30.094259999999995,1.2103296379087438,0.17116645888726628,-9.586779999999997,0.9457992025795087,0.13375620595695994,0.225126,0.021457017604056536,0.0030344805303735003,-29.22443399999999,0.35166837586123173,0.04973341866006731
THR 184,14.445939999999998,0.3632840436903532,0.05137612215806375,-7.573019999999998,0.37165626538514485,0.05256013310486061,-33.860859999999995,2.7690236186064365,0.3915990755964647,-1.7702199999999997,0.8611227389867259,0.12178114563428945,0.0075993119999999996,0.004172708851795916,0.0005901101450044049,-28.750560687999997,2.174623389492309,0.3075381890473773
SER 185,10.404719999999998,0.34646223690337585,0.04899715942788743,-4.66052,0.44792321842029,0.06334590903917803,-8.85844,2.1104435757442084,0.298461792744063,-5.87886,1.2169849630952672,0.17210766400134472,0.10362139199999999,0.0659685145124364,0.00932935679130939,-8.889478607999997,0.9592724511177277,0.13566161103815724
ILE 186,12.8348,0.48029886529117366,0.06792451692871859,-6.661400000000001,0.4707371665802508,0.06657228852908735,-13.788319999999997,0.8381992469574712,0.11853927430181709,0.12634,0.7054323102892296,0.0997631940547214,0.04328712000000001,0.01583578725979858,0.002239518511366222,-7.445292880000002,0.5545017757819432,0.0784183931670789
GLU 187,15.394319999999995,0.433086108759251,0.061247624868272205,-4.91518,0.8198552967444851,0.11594504798394692,-64.97358,7.416941663758804,1.0489139492217767,-17.219480000000004,6.62020790682588,0.9362387807562759,0.29684232,0.06680941391376505,0.009448277925104429,-71.41707767999999,1.7197230959644805,0.2432055725839216
ALA 188,7.966800000000001,0.2865743184585289,0.04052772877918779,-5.696440000000001,0.41496810287056457,0.058685351903178605,-7.34586,0.9615150546923354,0.1359787630771809,0.65244,0.4478970488851206,0.06334220810802227,0.000504,0.0010763438915142316,0.00015221801291568615,-4.422556,0.8130350311002434,0.11498051676663953
ASP 189,14.1459,2.1870656620229614,0.30929779210333636,-5.3516200000000005,0.8551215794259838,0.1209324535102128,-62.37479999999999,6.5577779864830426,0.9274098567516046,-16.468479999999996,6.668576871387182,0.9430791853243294,0.21877502399999998,0.053812582960889845,0.007610248464961774,-69.83022497599998,1.9874824360176484,0.28107246159944754
VAL 190,13.15982,0.23071330174047672,0.03262778803412584,-5.56462,0.16208305155075572,0.022922004973389625,-32.77996,0.6830864062474603,0.0966030059987856,0.25223999999999996,0.6615131914028624,0.0935520926970637,0.08268782399999998,0.013927988042995462,0.0019697149586974483,-24.849832176000003,0.6837680452051811,0.09669940430465065
THR 191,13.342699999999997,0.34235795594691426,0.048416726448645676,-4.8159600000000005,0.6160624955310876,0.08712439364494783,-31.972399999999993,3.5444813442872674,0.5012653588669473,-7.405519999999999,2.5784980220275515,0.3646546873303563,0.2414730239999999,0.09115208016496981,0.01289085080078199,-30.609706975999995,1.7906280693319094,0.2532330500815137
GLY 192,5.242739999999999,0.16041593561743758,0.022686239177094947,-3.0498600000000016,0.11988878346196555,0.01695483435483229,-9.09644,0.8423521866772868,0.11912658866936522,-2.64858,0.6044554273062682,0.0854829063146549,0.20664864000000008,0.02257664996314445,0.003192820457082892,-9.34549136,0.36450924523631517,0.05154939182235774
ASP 193,13.255179999999998,0.3401131982150055,0.04809926976577495,-1.4017999999999995,0.18757387877847287,0.02652695233154432,-36.3694,5.009559150264636,0.7084586491814485,-46.814099999999996,4.795353089189713,0.678165337509981,0.9089730720000003,0.0230569473285455,0.003260744761895115,-70.42114692800001,1.1448089792400244,0.16190043847677416
GLY 194,5.07928,0.1740981378418585,0.024621194771985686,-1.00842,0.11015590587889308,0.015578397606942474,-3.8529199999999997,0.7322975581005317,0.10356251383584714,-9.256800000000002,0.6850097517553976,0.09687500812903102,0.401529888,0.029713364555314647,0.004202104313786198,-8.637330111999997,0.13567331776219815,0.019187104603145516
THR 195,15.878739999999999,0.12769946123648446,0.018059430998837365,-0.18901999999999994,0.238668178859269,0.03375277754496658,-13.65564,2.0331455605539093,0.2875302026013987,-16.4329,1.8682084707013003,0.2642045756606078,0.7444368,0.04298318814107655,0.006078740762314484,-13.6543832,0.5020362483951766,0.07099864712833667
PRO 196,18.51288,0.21807013917554013,0.030839774837063724,-5.486080000000002,0.3643085966594477,0.05152101582849006,-0.5249,0.5587779970614446,0.07902314217999684,-3.3879399999999986,0.5877516281559797,0.08312063238450547,0.13822127999999997,0.025918503156779817,0.0036654298680727894,9.25218128,0.3591587994360064,0.050792724520803856
LYS 197,11.5525,0.9828685619145718,0.13899860502897274,-3.849379999999999,0.5003102193639553,0.07075454976183637,19.508140000000004,8.222450420671434,1.1628300900853903,-59.286619999999985,7.9417149706850765,1.1231281020044281,1.0428801119999997,0.13847473597944568,0.019583284966816567,-31.03247988799999,0.798641689075704,0.1129449908167417
THR 198,15.632080000000004,0.37708136204269205,0.05332735763188943,-4.65468,0.4268487994594811,0.06036553612782716,-34.92232,1.2428755760734378,0.1757691496025329,-6.777919999999997,0.8914677972871704,0.12607258493423854,0.3877202879999999,0.04575048232510247,0.006470095258927048,-30.335119712,0.8462169553563585,0.11967314949750302
ILE 199,13.92314,0.6937804843032268,0.09811537702113975,-3.1804200000000002,0.4707092559106923,0.06656834136434489,-5.40662,0.41084804441544964,0.058102687648679256,-0.6368999999999999,0.355035392601921,0.05020958673400931,0.6730921439999998,0.08755617228270507,0.012382312631167678,5.372292143999999,0.36818303637078625,0.05206894434712724
ARG 200,12.53998,0.29747514114622187,0.04206933790778377,-8.59286,0.3391257589744696,0.04795962476917642,-177.64028,3.8857283798035382,0.5495249774416197,-29.292939999999998,3.6513063273847988,0.5163726928566279,0.26384673599999997,0.03531556494088039,0.004994375090226083,-202.72225326400002,0.6736770660106551,0.09527232434119833
VAL 201,11.025659999999998,0.22168929699020723,0.0313516010436508,-2.4859000000000004,0.42041718566204744,0.0594559685817995,-35.25917999999999,1.0797555406667156,0.15270049296583632,-0.9482400000000004,0.3912460893095283,0.05533055257269701,0.410266224,0.04539166780485808,0.006419351222836447,-27.257393776000004,0.9701734064845072,0.13720323893040956
THR 202,14.778560000000002,0.5032717818435927,0.07117337794428823,-3.8267999999999978,0.469638925132936,0.06641697373413206,-36.45520000000001,2.2637740788336593,0.3201460004435221,-4.08862,0.7406528171822504,0.1047441259068979,0.41510030400000003,0.038346466195636975,0.005423009256295123,-29.176959695999994,1.4065645199231467,0.19891826204281154
GLN 203,20.15132,0.1282370367717969,0.018135455660121248,-3.08136,0.1394984960492366,0.019728066504348,-64.22462000000002,0.525577126211953,0.07432782999620198,-12.26066,0.4527729501637792,0.0640317646797294,0.8250920640000001,0.021980495923844896,0.0031085115443187984,-58.590227936,0.19484652791885146,0.027555460236414763
PRO 204,18.14262,0.08317376749936434,0.01176254700312676,-3.4476199999999992,0.16483408506737807,0.02331105986436465,0.42399999999999977,0.4388844950553622,0.06206764052225608,-2.45158,0.5125953604940269,0.07249193108201786,0.7625763360000002,0.028547188209425478,0.004037182073338682,13.429996336000002,0.22784687361562744,0.032222413881152885
LEU 205,9.196759999999998,0.20390405194612785,0.028836387568504207,-2.67902,0.3684600108559942,0.05210811445446849,-50.300459999999994,2.3166295880871655,0.3276208982467666,-58.017260000000014,2.4998557303166398,0.353532987778989,1.216016784,0.04630137313419482,0.0065480029842875575,-100.58396321600001,0.5684296721740977,0.08038809516439012


