#Frame       SA_00001
       1    6613.7315
       2    6480.8232
       3    6478.9818
       4    6533.6657
       5    6617.1370
       6    6505.8181
       7    6448.0128
       8    6397.0172
       9    6484.8234
      10    6710.5082
      11    6613.7131
      12    6587.3977
      13    7017.4971
      14    7131.4410
      15    6881.1519
      16    6645.0048
      17    6790.8777
      18    6653.8665
      19    6783.2481
      20    6596.8545
      21    6768.2074
      22    6633.8825
      23    6768.7540
      24    6670.7698
      25    6801.4908
      26    6939.0626
      27    6876.5303
      28    6795.9855
      29    6863.9102
      30    6667.3731
      31    6573.5271
      32    6632.9590
      33    6705.1787
      34    6594.2814
      35    6636.8962
      36    6630.8364
      37    6784.7429
      38    6785.3882
      39    6887.8186
      40    6763.5816
      41    6992.8412
      42    6987.5121
      43    6684.2788
      44    6770.9804
      45    7069.9264
      46    6717.1637
      47    6835.1670
      48    6950.6104
      49    6761.8544
      50    6714.0063
