| Run on Mon Jun 20 15:46:30 2016
| GB non-polar solvation energies calculated with gbsa=2
idecomp = 2: Per-residue decomp adding 1-4 interactions to EEL and VDW.
Energy Decomposition Analysis (All units kcal/mol): Generalized Born Solvent

Total Energy Decomposition:
Residue,Internal,,,van der Waals,,,Electrostatic,,,Polar Solvation,,,Non-Polar Solv.,,,TOTAL,,
,Avg.,Std. Dev.,Std. Err. of Mean,Avg.,Std. Dev.,Std. Err. of Mean,Avg.,Std. Dev.,Std. Err. of Mean,Avg.,Std. Dev.,Std. Err. of Mean,Avg.,Std. Dev.,Std. Err. of Mean,Avg.,Std. Dev.,Std. Err. of Mean
GLY   1,1.1930999999999996,0.05604542800265356,0.007926020439035751,-0.34126000000000006,0.13978895664536567,0.01976914383578607,-16.174960000000002,7.006485989310188,0.990866751065954,-98.20074000000001,7.0725561427531565,1.0002104817726658,0.9402593760000002,0.04411100763403681,0.006238238524599799,-112.58360062400003,0.13033067701493967,0.018431541102779506
THR   2,14.735599999999998,0.4159334081317685,0.058821866682401074,-1.28592,0.4618429533943333,0.06531445683767113,-29.7623,2.1586746234668923,0.30528269292575133,-3.6168999999999993,1.8264836845698909,0.25830379981719215,0.720227808,0.12463468711218982,0.017626006485618604,-19.209292192000003,0.6715657553208577,0.09497373992000885
ARG   3,11.693380000000001,0.3417150210335626,0.04832580172122716,-5.574139999999999,0.42347911447911474,0.05988899070781126,-129.47539999999998,4.956614110459485,0.7009710898461657,-77.43118,5.2277512017692125,0.7393156650254267,0.9091586879999995,0.10214417787688806,0.014445368167094495,-199.87818131200004,0.48212381505079377,0.06818260379878903
GLU   4,14.927059999999999,0.2125886553889176,0.030064575965766744,-4.147900000000001,0.5459982875430941,0.07721581832759286,-57.95021999999999,11.444679562643955,1.6185221054505263,-28.806179999999998,10.409797628561284,1.4721676987870649,0.4850663040000001,0.11927460284477769,0.016867976098974915,-75.49217369599998,1.1582316128966912,0.16379868553277652
PHE   5,8.9476,0.26833717595593287,0.03794860735257758,-3.1021600000000005,0.25758675121207947,0.036428267705174704,0.23007999999999998,0.6807768750479116,0.09627638896427304,-7.261179999999999,0.5660399523001963,0.08005013773879574,0.847654128,0.05103920528650595,0.007218033632892128,-0.33800587200000004,0.35264956571253275,0.04987217985956458
LEU   6,10.59254,0.3219449772865207,0.04552989532164956,-4.587039999999999,0.4287451438792092,0.06063371972755816,-32.043580000000006,0.3765968714685039,0.05325884031780355,-0.43956,0.2842779034677159,0.04020296665670334,0.3599235360000001,0.04970709288843849,0.007029644490896893,-26.117716464,0.3801336997551748,0.05375902337088303
THR   7,14.502479999999997,0.10561273408141171,0.014935896089723564,-3.6425000000000005,0.14906485165857367,0.02108095348886884,-32.327740000000006,0.5467204700753914,0.07731795036076124,-6.511339999999999,0.4456778931022143,0.06302837208750178,0.6210417599999999,0.022692980057100513,0.0032092720167413717,-27.35805824000001,0.18304720702465932,0.02588678427287889
PHE   8,8.81776,0.2925519140255056,0.04137308845130777,-6.165260000000001,0.8809509591344988,0.12458527941935944,-8.69164,0.9386499402865871,0.13274514758739872,-1.9818,0.7015645943175871,0.099216216416471,0.17021174399999997,0.0975211072340674,0.013791567246805907,-7.850728256000001,0.534227169120835,0.075551130795887
GLU   9,16.08024,0.8547758667627601,0.12088356235651129,-4.912939999999999,0.5799745308201081,0.08202078473167694,-22.629140000000003,6.20080261259779,0.8769259152334314,-54.689440000000005,5.143120302540073,0.7273470484768586,0.6171037919999999,0.05383735951654549,0.007613752399065484,-65.534176208,1.4203838622946114,0.2008726121832918
VAL  10,13.629259999999997,0.3638512778596387,0.05145634118358825,-5.8257,0.5254913985975468,0.07431570628070566,-21.72914,0.3029987465319417,0.042850493672751976,-0.04124000000000003,0.24890982784936394,0.03520116543525228,0.001168848,0.0027844739799279864,0.00039378408664891476,-13.965651152,0.6390863788738403,0.09038046245312953
PRO  11,19.543439999999997,0.39626057891254557,0.0560397084931936,-4.76884,0.26047113928417936,0.03683618177824579,-4.712179999999999,0.5799998858620676,0.08202437047609831,-1.9922,0.39553386707082505,0.05593693591894377,0.4926435840000001,0.024435191340615232,0.003455657899307967,8.562863584000002,0.35155962397133694,0.04971803882030502
LEU  12,15.841140000000001,0.23207317897593188,0.03282010371708015,-6.83916,0.4656020773149738,0.06584607724079222,-33.88436000000001,0.708225861148546,0.10015826180596382,-0.4346199999999999,0.3589514111965574,0.050763395394713307,0.0011348640000000004,0.001523189832655142,0.00021541157194097067,-25.315865135999992,0.7265324096801712,0.10274719872733037
ASN  13,18.249640000000007,0.17026329727753187,0.024078866418424764,-2.5039800000000003,0.32743576408205577,0.04630640983708404,-84.01198000000002,1.5023852567158757,0.21246936059569754,-15.233079999999998,1.5425836099220231,0.2181542662246173,0.9263856959999999,0.05988163891681405,0.008468542589328696,-82.57301430399998,0.2724329513231169,0.03852783745984811
ASP  14,12.551180000000002,0.1766940508333323,0.024988312307913964,-0.7427599999999999,0.5311709916778214,0.07511892203699415,-49.17467999999999,5.849921836879631,0.8273038800537702,-33.12605999999998,4.917263228300993,0.6954060347221773,0.7467910559999997,0.03872615424734448,0.0054767052555147,-69.745528944,0.6171906134234079,0.08728393360727534
SER  15,12.627579999999998,0.9976287102925784,0.14108600523085435,-3.46376,0.5127474450448276,0.07251343908545484,-19.3077,2.345779036908647,0.3317432528326706,-1.2037199999999997,1.0419549710040261,0.14735468513759586,0.131214528,0.02368233752157951,0.0033491882911714974,-11.216385472000002,0.5381719874538695,0.07610901235465455
GLY  16,6.5212400000000015,0.21115080487647722,0.029861233196230914,-2.632160000000001,0.5671981438615573,0.08021393076018601,-11.155360000000003,1.089357953291712,0.15405847918241355,-2.22812,0.7389130027276558,0.10449807898712786,0.06271704,0.06736138731250715,0.009526338751761454,-9.43168296,0.4978990728779129,0.07041356215569344
SER  17,11.699759999999992,0.5588785041493687,0.07903735602868252,-0.23491999999999996,0.24983056978680573,0.03533137800878987,-9.12784,0.8902530507670299,0.1259007938338757,-10.447780000000002,0.7046727549721032,0.09965577671163613,0.9223535519999999,0.04615200904459074,0.006526879712162597,-7.188426448,0.686316969762476,0.0970598766724899
ALA  18,7.82552,0.34671413239150384,0.049032782829448555,-1.4579399999999993,0.4757715170121079,0.06728425319493447,-2.3727199999999997,0.701450270225909,0.09920004854837529,-3.5360399999999994,0.9848895361409844,0.13928441394499266,0.53235864,0.07277642381835495,0.010292140558492991,0.99117864,0.3125714722718446,0.044204281529776845
GLY  19,6.260059999999998,0.352616245229891,0.0498674676317189,-3.8627800000000003,0.38428709528163724,0.05434640219922532,-6.756200000000002,1.027669791324027,0.14533445565315672,-1.2495399999999999,0.7563398498029841,0.10696260733546097,0.0068565599999999985,0.0164057415473486,0.0023201222197048155,-5.601603440000002,0.4776496926481743,0.06754986734063885
LEU  20,12.935960000000001,0.3529607320935303,0.04991618543118071,-7.754059999999998,0.3814556021348196,0.05394596859822572,-34.0313,0.5966442574937052,0.0843782400859623,0.49413999999999997,0.4013148394963735,0.05675448887973532,0.004214303999999999,0.003397844529519265,0.00048052778164813724,-28.351045696,0.402088442810007,0.05686389290953905
GLY  21,6.374680000000001,0.24084662671500578,0.03406085659521713,-2.96124,0.2901475872724082,0.041033065301047084,-15.192919999999999,0.7537944239645413,0.10660262976118691,1.31258,0.4189526985233532,0.059248858824453264,0.05106931199999999,0.012311447563185106,0.0017411016116301568,-10.415830688000003,0.33080353208303215,0.04678268415527473
VAL  22,11.97876,0.20560073540737717,0.0290763348446995,-5.998239999999999,0.30020163623804286,0.04245492254144346,-28.769700000000004,0.8350760983286898,0.11809759438700414,-2.36278,0.449390444491202,0.06355340614003314,0.01481256,0.007520144807541937,0.0010635090777835416,-25.13714743999999,0.7037859132134542,0.09953035834736008
SER  23,10.37842,0.7158703539049526,0.10123935633932113,-5.3921399999999995,0.14049341763944698,0.019868769664985332,-11.762099999999997,1.0131445553326004,0.1432802770795822,-5.453700000000001,1.036415905898776,0.14657134303812466,0.092373984,0.030172466901222106,0.004267031190196161,-12.137146015999999,0.9026264150257942,0.1276506517885684
VAL  24,11.862279999999997,0.20862234204435887,0.029503654553317108,-7.193420000000001,0.2938936603602922,0.04156284003769973,-23.90421999999999,0.7381418641427375,0.10438902352260179,0.41061999999999993,0.6822306322644859,0.09648198128148075,0.0005070239999999999,0.0020614217837754602,0.0002915290644386594,-18.824232976000005,0.4667092724845747,0.06600265828329659
LYS  25,9.304899999999998,0.6763765593218377,0.09565409034641931,-6.872180000000001,0.8225285330005144,0.11632310068081733,18.767960000000002,14.776773738485675,2.0897513829085024,-58.25324,14.190605229601712,2.006854637398531,0.334091376,0.09450978765411878,0.013365702347745608,-36.71846862399999,1.8513181170442483,0.26181591893909967
GLY  26,5.882860000000001,0.2804586964242546,0.03966284921686595,-3.6285800000000012,0.5792242774608052,0.08191468288408273,-16.935979999999997,1.9513126298981456,0.2759572785631869,-0.2694200000000001,1.0434535560340001,0.14756661706497173,0.0026984159999999995,0.00610265684931932,0.0008630460082816444,-14.948421583999998,0.9701697862418358,0.13720272695078106
ASN  27,18.26578,0.9715607297539472,0.13739943606871335,-6.540000000000001,0.5717471119297242,0.08085725199386638,-84.66968000000001,4.320989388739538,0.6110801796425684,-6.30366,2.8331165144412944,0.4006631798506069,0.18484775999999997,0.05034281173801889,0.007119548712790176,-79.06271223999998,1.8401093341162085,0.2602307576556467
ARG  28,12.818140000000003,0.9816600635657391,0.13882769755347027,-8.827079999999997,0.8274716391514892,0.11702216145671318,-189.21767999999992,10.505848179830098,1.485751298014842,-18.644939999999995,9.444461834133282,1.3356486015146363,0.5015681280000001,0.14251690091461697,0.020154933414083386,-203.36999187199999,1.7775402650694736,0.25138215505255157
SER  29,10.892000000000001,0.4025251793366444,0.056925656781454476,-5.158099999999999,0.815517240774224,0.11533155422519924,-8.3543,3.4221923514028236,0.4839710836403346,-7.5937399999999995,2.6682336165336054,0.3773452168081637,0.139331088,0.04612253684915704,0.006522711714313073,-10.074808912000002,0.812656633166825,0.11492700321769811
LYS  30,11.276219999999999,0.7799310300276494,0.11029890403807194,-2.7681999999999998,0.7401626848200353,0.10467481072349764,7.4368799999999995,15.811433040227566,2.2360743046043883,-50.399400000000014,14.543639261202774,2.0567811889454783,1.1691679679999998,0.14319537422106085,0.02025088402925149,-33.285332032,1.4355421524423542,0.20301631813422422
GLU  31,15.543940000000003,0.6751593414889661,0.09548194974965836,-1.3617999999999997,0.6196394435476165,0.0876302504846357,-33.80850000000001,13.359860391860357,1.889369575758005,-52.98970000000001,12.728674874078523,1.8001064637959494,1.08767664,0.1260015592552668,0.017819311397895547,-71.52838335999999,1.1537653104324974,0.1631670549809242
ASN  32,18.207480000000004,0.7708628993536352,0.1090164766996157,-2.342920000000001,0.46857707327610304,0.06626680520441565,-80.61955999999999,3.1047143002859503,0.4390729070758085,-13.723259999999998,2.646202757235373,0.3742295828071343,0.7557767999999999,0.07925115429894491,0.01120780572432907,-77.72248319999999,1.1311216118268648,0.15996475241388675
HIE  33,30.031959999999994,0.5653615112477316,0.07995419168502911,-3.8113200000000003,1.032549397171871,0.14602453613006236,-14.532080000000002,3.4853870478900837,0.49290816332456805,-15.192260000000003,2.908564730653229,0.4113331689129845,1.084747824,0.15230586296180149,0.02153930170295177,-2.4189521759999995,1.4649791332241358,0.20717933587991538
ALA  34,8.02344,0.3841275913027002,0.054323844930198796,-2.5346999999999995,0.3921751776948687,0.055461945512216185,-10.449139999999998,0.7705712169553381,0.10897522657925798,0.19174,0.7309526608474725,0.10337231664231968,0.397726848,0.05613682610540155,0.007938946082683888,-4.370933152000001,0.5864679991513106,0.08293909982975962
ASP  35,12.667699999999998,0.4564624957212463,0.06455354521636573,-5.137879999999999,0.33346547887301725,0.04715914028054598,-49.7822,11.02336020639806,1.5589385506812017,-24.366160000000008,10.30724661267012,1.4576647950362227,0.3571555680000001,0.05008802729511036,0.007083516751325884,-66.261384432,0.8134430993122425,0.11503822632661777
LEU  36,10.314540000000001,0.4300731663333382,0.06082153046413468,-3.9933599999999982,0.28891035010884103,0.040858093543388214,-31.66168,1.8041082610528751,0.25513943707703163,-1.06158,1.4829801359424881,0.20972506209797628,0.5698406879999999,0.0634376858689184,0.008971443572138844,-25.832239312,0.700432806155139,0.09905615739956426
GLY  37,4.90608,0.244965862111433,0.0346434044516406,-3.5390599999999988,0.20805560891263883,0.02942350638520464,-11.33642,1.5654520636544438,0.2213883539665064,0.3200200000000001,1.499723794436829,0.2120929729906203,0.044723088,0.02514674520019352,0.0035562868111654205,-9.604656912000001,0.5514564008342215,0.07798771211172098
ILE  38,14.550980000000004,0.4771988889340703,0.06748611406799344,-8.494960000000003,0.5353930503844508,0.07571601130539922,-10.796540000000002,0.7520573438242022,0.10635696953184726,-1.0304400000000002,0.44675721191716605,0.06318101081812472,0.0017553599999999996,0.002693193853550093,0.00038087512737904007,-5.769204639999999,0.6311146623430245,0.08925309148980216
PHE  39,8.80836,0.17802233118344563,0.025176159516490354,-6.808659999999999,0.43517089103019274,0.06154245760448828,-12.64882,0.8255229782386067,0.11674657918756669,0.80022,0.4480257264934683,0.06336040586991216,0.34080782400000004,0.05429817833880786,0.007678922021889509,-9.508092175999998,0.5257214884842338,0.07434824590453744
VAL  40,11.718319999999999,0.1554924358291523,0.021989951159601534,-7.23892,0.30243497416799264,0.04277076422043318,-23.78599999999999,0.9924391769777949,0.140352094391239,-0.35036,0.9045781726307571,0.12792667199610874,0.006620400000000001,0.007675344302583432,0.0010854576008596554,-19.6503396,0.4031271791363343,0.057010792409581214
LYS  41,11.79452,0.2565222204801019,0.036277720325302146,-5.6460799999999995,0.3935806316372907,0.055660706714882574,55.7262,6.971077428920066,0.9858592244331722,-92.09743999999999,6.502999203936713,0.9196629670308739,0.7927829279999997,0.04302236328984507,0.0060842809649841265,-29.430017072000005,0.5700139561058856,0.08061214674668854
SER  42,9.807019999999998,0.38707071653650105,0.05474006569233916,-3.9699199999999997,0.1621714944125758,0.02293451268285773,-13.45408,0.7565771828439082,0.10699617129598839,-7.098039999999998,0.4016042808537184,0.05679542206904221,0.37757577600000003,0.018592579606138786,0.0026293878238502887,-14.337444223999999,0.9912264487307947,0.14018058871780092
ILE  43,12.191419999999995,0.09884332855648001,0.013978557579467386,-5.232980000000001,0.21782336789240314,0.03080487610752207,-8.82532,0.24172773444522433,0.03418546404541582,-2.3420000000000005,0.24163410355328283,0.03417222263769174,0.30359649600000005,0.030877641766072786,0.0043667579759678055,-3.9052835040000002,0.2939797154941017,0.04157501007143425
ILE  44,12.831359999999997,0.09438723642609172,0.013348370986869472,-1.9456800000000003,0.4492441848260254,0.06353272189982105,-12.24712,0.6750710374471105,0.09546946167229792,-2.5020800000000003,0.2311533551562707,0.03269002098500428,0.604722096,0.09442142266222628,0.013353205650748271,-3.2587979039999992,0.4049088524463298,0.05726275906545259
ASN  45,20.480659999999997,0.6075638109698127,0.08592249814805926,-1.07286,0.3333900424427817,0.04714847195827236,-83.9563,0.5529082111910916,0.07819302910138892,-16.008079999999993,0.48215710468720213,0.06818731166431855,1.1287644479999999,0.013218414671578407,0.0018693661301617684,-79.427815552,0.1696932479963721,0.023998249275961045
GLY  46,5.690740000000002,0.1116639261354762,0.015791663876861792,-1.4665000000000001,0.49628013258642495,0.070184609424004,-7.652939999999997,1.3812182653006027,0.19533376033855518,-4.198619999999999,1.2890061891240125,0.1822930034642037,0.31398336,0.05758206658026759,0.008143333950728497,-7.3133366399999975,1.1401061579756977,0.1612353591154314
GLY  47,4.525260000000001,0.05527958393464054,0.007817713732271052,-2.6462000000000008,0.4912188921448307,0.06946884193651062,-12.2904,1.1190036461066577,0.15825101326689786,-1.1968,0.6054122232000273,0.08561821768759259,0.060751008,0.011043992834547385,0.0015618564449368193,-11.547388991999998,0.3458000548004952,0.048903512736821975
ALA  48,9.48068,0.25750653894612546,0.036416923977736625,-5.7545399999999995,0.1555576047642741,0.021999167438791,-6.257380000000003,0.4883460203584777,0.06906255651218866,-1.4179799999999998,0.41223626672091934,0.058299011929877666,0.004155695999999999,0.003992741856166514,0.0005646589684045409,-3.945064304,0.2956825949253134,0.04181583359010483
ALA  49,9.4815,0.1611495268375548,0.022789984642367703,-5.29486,0.14008169188016933,0.019810542849710452,-4.703659999999998,0.7328212772566234,0.10363657890918909,-2.44602,0.5240533365984795,0.07411233360244424,0.0010414080000000004,0.0009487991171665362,0.00013418045794645348,-2.961998592000001,0.2798761015813984,0.039580457864052364
SER  50,11.800899999999997,0.5911390783902485,0.08359969019082215,-4.359599999999999,0.25577013117252984,0.03617135883541372,-0.10473999999999993,1.6348485900535255,0.2312025048480228,-9.416519999999998,1.3794336988779348,0.19508138453476592,0.2779688160000001,0.02505059616030823,0.003542689283543928,-1.8019911840000002,0.8586911189005655,0.12143726262385077
LYS  51,12.371180000000003,0.341348601286061,0.048273982143583354,-3.6585800000000006,0.6711642150770544,0.09491695355414632,-3.2497000000000007,5.809253271290554,0.821552476351937,-40.67161999999999,4.640300347563781,0.6562375685009286,1.03054824,0.033284927004228575,0.004707199519197852,-34.17817175999999,0.8717426997779233,0.12328303489256763
ASP  52,18.186199999999996,0.4859687644285328,0.06872636175445268,-5.477260000000001,0.31819005704135506,0.044998869408015306,-61.27791999999999,8.748429291798685,1.237214735392375,-24.11896,8.310216050043456,1.1752420244222026,0.278312112,0.0377244176982953,0.005335038314155683,-72.409627888,0.7653825374417612,0.10824143648536719
GLY  53,6.7468200000000005,0.0967325570839658,0.013680049415117404,-1.8603999999999998,0.16238251137360996,0.022964354987676256,-9.15512,0.5337920434026608,0.07548959472668908,0.61954,0.4748647053635382,0.06715601066174195,0.2206571040000001,0.019636422427324357,0.0027770094913209314,-3.428502896,0.17572312767255163,0.024851003037714144
ARG  54,13.55252,0.6501742301875475,0.09194852142367162,-5.401280000000001,0.4377455900406042,0.06190657503044353,-178.3925,11.656857166921311,1.648528550010613,-30.036200000000008,9.951318097619007,1.4073289017141626,0.9450355680000002,0.1639803462028837,0.02319032295627536,-199.332424432,2.465286642870596,0.3486441805484834
LEU  55,10.977360000000001,0.6387231563048213,0.09032909502480285,-5.7739199999999995,0.6270487330343626,0.08867808225260618,-31.709319999999998,1.0830205988807653,0.15316224192666097,2.1182199999999995,0.7637927543515985,0.10801660720463324,0.030735936,0.01064317887892073,0.0015051727917332568,-24.356924064,0.5192724165252157,0.07343620940162109
ARG  56,11.894759999999994,0.09068617535283366,0.012824961910372206,-5.24848,0.5912252105585489,0.08361187111887887,-151.20842,2.438789889187512,0.34489697370673567,-54.78884000000001,2.434583351294185,0.3443020794127977,1.0585560959999996,0.051008736236508465,0.007213724658518221,-198.29242390399997,0.9117709843673579,0.12894388918705849
VAL  57,11.25304,0.3138793373256883,0.0443892415794668,-3.7232399999999997,0.343910427873312,0.04863627913399719,-24.737020000000012,0.8923101812706351,0.1261917160196527,-6.495419999999997,0.8239576224540077,0.1165252044495148,0.53383896,0.029755911122653748,0.004208121307042536,-23.168801039999998,0.1964609457056732,0.027783773389360732
ASN  58,19.26424,0.32987898144617145,0.046651932950299825,-2.8748600000000004,0.20302364492836059,0.028711879214010718,-90.60764000000003,2.5896728655165013,0.36623504885230324,-9.5944,2.0577811642640556,0.2910142030898125,0.8168398560000001,0.07269643570749748,0.010280828531372669,-82.995820144,0.6621440433307134,0.09364130863228531
ASP  59,13.359800000000002,0.7184171211767921,0.10159952362092546,-7.049679999999998,0.3808996949329527,0.05386735144779562,-74.61124000000001,15.266677923582414,2.159034297191217,-1.1284599999999998,15.350363404440955,2.1708692113916035,0.040644719999999995,0.02757147119469688,0.0038991948498119447,-69.38893528000001,0.9684198156546387,0.13695524373696427
GLN  60,19.934779999999996,0.3486635794003848,0.04930847626935726,-7.7671399999999995,0.4259948830678581,0.060244774113610566,-80.57597999999999,3.249014068852512,0.45947997605122154,-2.2706999999999993,2.262002018124653,0.3198953932147196,0.17338867200000002,0.053231792299050014,0.007528112261874421,-70.50565132799998,1.2008638220180619,0.16982779036611337
LEU  61,12.593399999999999,0.826972696042616,0.11695160024557107,-8.289820000000002,0.33479657644601063,0.04734738590460289,-26.271460000000012,0.5288779144558676,0.07479463194630856,-1.5369400000000002,0.503003157445358,0.07113538871757144,0.024384528000000003,0.016612657457625978,0.00234938454836332,-23.480435472000003,0.8524206395563194,0.12055048293072945
ILE  62,14.7393,0.20367977317336525,0.02880466976028488,-7.461860000000001,0.4589139793033243,0.0649002373493367,-13.40682,0.7622227676998179,0.10779457756306395,-1.25858,0.3237996967262319,0.04579219226025322,0.124802496,0.021576362063044436,0.0030513583856229772,-7.263157504000003,0.6727815759666281,0.09514568292467503
ALA  63,6.99592,0.07754530030898946,0.010966561539526744,-5.171099999999999,0.3897935479199344,0.05512513219938982,-7.068839999999999,0.5491541262705808,0.07766212132050025,1.3277599999999998,0.35875052947696084,0.05073498642948468,0.070984224,0.020536805893055142,0.002904342942178228,-3.8452757760000003,0.45277875990903543,0.06403258630178293
VAL  64,10.859239999999998,0.22482237966910487,0.03179468584530413,-6.2528999999999995,0.4859613256217017,0.06872530974830184,-25.215440000000005,0.6456329966782333,0.09130629402179409,-2.6828399999999992,0.5236566187875424,0.07405622923157802,0.0008071199999999999,0.0013268763945447218,0.00018764865927578593,-23.291132880000006,0.5769979952150702,0.08159983902952385
ASN  65,19.5049,1.488861031124168,0.2105567462704589,-4.296719999999999,0.7898500627334388,0.11170166709588691,-92.82434000000003,1.5347347993690557,0.21704427679136695,-6.87492,1.7851466364419462,0.2524578584080913,0.210518496,0.06903332864687596,0.009762786962817108,-84.28056150400003,0.9350450066382807,0.13223533298170972
GLY  66,6.15226,0.12095467084824214,0.017105573594595767,-0.8858199999999999,0.11644169184617928,0.016467341983453537,-8.349199999999998,0.46279900604910723,0.06544966310074354,-6.564200000000002,0.5093783269829701,0.07203697383982334,0.5368224960000001,0.032871445675981784,0.004648724428978387,-9.110137503999999,0.17392352691101978,0.024596501057332614
GLU  67,14.5002,0.3493011308313592,0.04939863965739671,-2.63334,0.2883184773822123,0.0407743900996685,-45.33219999999999,7.62201735762914,1.077916031980227,-37.27886000000001,7.198549120510286,1.018028579563456,0.593102016,0.06333957209120775,0.008957568188629438,-70.151097984,1.0286687168599267,0.14547572505722375
SER  68,11.14308,0.4960528939538223,0.07015247302839181,-4.325400000000001,0.35932564617626744,0.050816320213095345,-6.26498,3.5681541642143206,0.5046132011669928,-6.90674,2.6793757094517363,0.3789209466999679,0.4219797600000001,0.06786084193642125,0.009596972302054382,-5.932060240000001,1.5601825931477054,0.22064313830079094
LEU  69,12.020639999999997,1.2502441003260432,0.17681121629580387,-8.86196,0.5677451526873543,0.080291289490204,-25.361780000000003,0.9471748368700176,0.13395075002401027,-3.3407,0.7488257808061933,0.10589995750707411,0.0037147679999999994,0.005027056171615352,0.00071093310167098,-25.540085232000006,1.4476165239655796,0.20472389213075193
LEU  70,10.527619999999999,0.8544050067737352,0.12083111483388924,-2.6313800000000005,0.49373105594037525,0.06982411554756679,-26.090399999999992,1.7905936222382555,0.25322817852681073,-6.4426,1.0321771165841696,0.14597188770444877,0.6402731040000001,0.06908602485029983,0.009770239331373868,-23.996486896000008,0.6294900568011483,0.0890233375707194
GLY  71,6.344579999999999,0.44740813984551275,0.06327306592856424,-1.0772399999999998,0.16934574810133415,0.023949105369512457,-1.505,0.6417074411287437,0.09075113663200038,-7.047719999999998,0.6830308057474547,0.09659514290066733,0.6063055199999999,0.0736890557180274,0.010421206199490102,-2.6790744799999993,0.43017854870718375,0.06083643378236743
LYS  72,10.47706,0.41845565643210086,0.059178566457801327,-4.634259999999999,0.5421915458581081,0.07667746375565704,-19.752439999999993,11.558303721844307,1.6345909881459642,-20.8821,11.292443298507182,1.5969926465078026,0.5853772799999999,0.11692462172361162,0.016535638581687537,-34.20636272000001,0.9790120996122295,0.13845321889989742
ALA  73,7.860160000000002,0.2329983999943984,0.032950949728330944,-2.71188,0.21542893398984259,0.03046625201760136,-14.317939999999998,0.7694611987618358,0.1088182463008848,2.369360000000001,0.6741445767785994,0.09533844034805655,0.3117899519999999,0.01802337459095087,0.0025488900786253352,-6.488510048,0.8270895265996463,0.11696812258139624
ASN  74,20.8026,1.4168567464638293,0.2003738026788965,-8.126699999999998,0.3030868687357255,0.042862956034325696,-90.39144,2.4780297347689855,0.35044632588741026,-4.059240000000001,1.4178507898929247,0.20051438164879795,0.05100206399999999,0.03536539746465045,0.005001422473322374,-81.72377793600002,0.5948543695216665,0.08412511170144374
GLN  75,21.276,0.48830019455235646,0.06905607576453633,-4.68692,0.6210533258907875,0.08783020364316693,-78.42139999999999,3.166599501042292,0.44782479609778847,-8.723080000000003,2.9684045198725775,0.41979579306133946,0.691432848,0.1279346643234336,0.018092693738384912,-69.86396715199999,0.9619312404071333,0.1360376206254142
GLU  76,16.644519999999996,0.15625175071055858,0.022097334499941182,-3.7510600000000007,0.2800613797009358,0.03960666014699844,-41.92531999999999,4.68525227256766,0.6625947307004549,-40.93388,4.555644128507009,0.6442653711879971,0.7104330720000002,0.020044228482018804,0.0028346819766576067,-69.255306928,0.5425776202338589,0.07673206291748419
ALA  77,9.463539999999998,0.10263317397442012,0.01451452265840223,-6.83194,0.22424008651441976,0.03171233715764086,-6.838840000000002,0.7095664411455586,0.10034784844728595,-0.49153999999999975,0.484865227047682,0.06857029800139419,0.0016764479999999999,0.0025113011112361657,0.000355151609071281,-4.697103552000001,0.45308451487570844,0.06407582658384611
MET  78,12.812520000000005,0.3499958422608811,0.04949688668995325,-11.788599999999999,0.6497841487755481,0.0918933555813437,-11.61692,1.5506206736658856,0.21929087867944005,-0.8707399999999995,1.0646401422076854,0.15056285281569293,0.009824256000000003,0.012965596650770218,0.001833612262777842,-11.453915744000003,0.7814686981135569,0.1105163631442238
GLU  79,15.821140000000003,0.3615556394247495,0.051131688882695724,-5.563180000000001,0.4295190189036936,0.06074316218307892,-82.05431999999999,12.38116323523768,1.7509608965228274,-1.5046999999999988,11.9316848856312,1.6873950587221713,0.360934272,0.08961710557052165,0.012673772611845316,-72.94012572800001,1.1241248570972036,0.15897526187075825
THR  80,15.446399999999999,0.24132774395010953,0.034128896847114655,-4.26032,0.5203091942297381,0.07358283191071126,-40.18266,2.1746973822580884,0.30754865320466557,-1.8785600000000002,1.136542038993718,0.1607313165752087,0.1326564,0.03897069702027919,0.005511288826121159,-30.742483599999996,1.4812127840316045,0.20947512079379052
LEU  81,16.532919999999997,0.3616011526531841,0.05113812542518768,-8.16624,0.46618856957243726,0.06592901977126539,-24.8306,0.5046706252595564,0.07137120427733745,-1.1958399999999996,0.2586485151706872,0.03657842380420491,0.0017775360000000001,0.003940387235679254,0.000557254906969943,-17.657982464,0.43410357130322424,0.06139151580116156
ARG  82,13.93504,0.2798769701134547,0.0395805806930337,-6.528100000000002,0.9496261632874163,0.13429741993053915,-161.40189999999998,6.013871143449279,0.8504898133430163,-43.51411999999999,5.279224456830846,0.7465950825661919,0.8376732,0.10820194015730421,0.015302065124554162,-196.67140679999997,1.348534185890113,0.19071153350095582
ARG  83,14.469319999999993,0.4350317432097552,0.06152277913100453,-5.26804,0.5606284673471355,0.07928483819747607,-175.26497999999995,9.605943588196993,1.358485570181906,-39.68970000000001,9.961461314987808,1.4087633692710684,1.102710816,0.12651921420576523,0.017892518863057993,-204.65068918400002,1.2456959045600888,0.17616800428214982
SER  84,13.340980000000004,0.8847079628893575,0.12511659998576022,-5.2500800000000005,0.7538619725122042,0.10661218256840925,-23.524599999999992,4.915711171336264,0.6951865407212677,-2.0811800000000007,3.2047875292443333,0.4532253988381498,0.06132441599999998,0.0396482976028347,0.00560711601949335,-17.453555584,2.245082019649831,0.31750254408287704
MET  85,13.358360000000003,0.5447485937566882,0.077039084937438,-10.745839999999996,0.5885198164888454,0.08322927062038503,-8.034799999999999,1.1832754201790996,0.16734041472400052,-2.4985000000000004,0.6226515638782227,0.08805622862694001,0.010132704000000003,0.00614854107108214,0.0008695350171532358,-7.910647296000002,0.9214062668115135,0.13030652389804048
SER  86,12.40958,0.687644300201797,0.09724758954339373,-3.4390800000000006,0.5050901242352698,0.071430530391423,-15.65654,1.4131345471680932,0.19984740420630795,-5.871439999999999,1.0187518669430826,0.14407327069238182,0.2839106879999999,0.06292820499305767,0.008899392095697647,-12.273569312000005,0.47830204889797817,0.067642124446236
THR  87,15.882760000000001,0.8592285041826857,0.12151326037927017,-2.82396,0.4017355826909045,0.05681399095293351,-35.78189999999999,1.0486818631027448,0.1483060113414587,-5.431199999999999,0.6600070302656018,0.09333908934632039,0.6499707840000001,0.039353846256583176,0.005565474310760558,-27.504329216000006,1.028836342167762,0.14549943085559752
GLU  88,16.277179999999998,0.6732239059926743,0.09520823783686296,-4.27082,0.5937979013098628,0.08397570453410885,-42.86108,8.360521201073494,1.1823562471065934,-37.86785999999999,7.74643474382897,1.095511307476108,0.5503772159999998,0.09107907556129811,0.01288052639071917,-68.172202784,0.8151962442933166,0.11528615846752191
GLY  89,6.86852,0.3277554112444076,0.04635161477230124,-4.274119999999998,0.44405687203331906,0.06279912508944938,-11.41982,0.9032694767343772,0.1277415944475405,-0.9084400000000002,0.4547528629926364,0.06431176663721803,0.00065016,0.0015703219807415294,0.0002220770642457253,-9.733209839999997,0.8438487843934894,0.11933823954813225
ASN  90,21.303800000000006,0.5036447954656522,0.07122613003661488,-5.53042,0.3595508359050266,0.05084816684994718,-82.29943999999999,3.3297854535088525,0.4709027748144866,-10.972979999999996,3.797290531365767,0.5370179769728405,0.445380048,0.0840037758028967,0.011879927903100534,-77.05365995199998,0.6647067187895297,0.09400372567126719
LYS  91,10.85982,0.15622927894616306,0.022094156512543324,-2.6188000000000007,0.48984736398187945,0.06927487856358838,31.087720000000008,4.545919132760657,0.6428900491001459,-62.43302,4.2231660090031955,0.5972458646085376,1.4613959519999997,0.032168941345065066,0.004549375313737561,-21.642884047999992,0.4040797344594783,0.05714550407527131
ARG  92,11.910479999999998,0.4985955170276388,0.07051205423189122,-4.54828,0.4919975219449824,0.06957895681885486,-168.01548,11.928636836185783,1.6869639994357222,-41.67236000000002,11.900860407146943,1.68303581916962,1.2640379040000003,0.1324121942698005,0.018725912095993287,-201.06160209600003,0.44459143083189756,0.06287472311973293
GLY  93,5.683659999999999,0.1260169210860607,0.01782148388884071,-2.56454,0.15940140651826387,0.022542763095947584,-16.821799999999996,0.9340700187887971,0.13209744887772085,-0.4803199999999998,0.4710902011292533,0.06662221515380591,0.10513598400000002,0.02782689966511781,0.003935317890520494,-14.077864016000001,0.5126873743959534,0.072504943812821
MET  94,9.755560000000001,0.34636565418639403,0.04898350056906278,-7.145600000000001,0.926782498755773,0.131066837911044,-4.436680000000001,1.611800936096015,0.22794307436726347,-3.6307400000000003,0.7354449213911252,0.10400761822097439,0.5814280799999999,0.07203403187596313,0.01018715048314029,-4.876031919999999,1.4162395926162745,0.20028652394476823
ILE  95,13.98556,0.3683735147917017,0.052095882063747045,-8.01048,0.6242247108213517,0.08827870520119788,-12.254519999999996,0.40841328284002765,0.05775836036456859,-1.2963399999999998,0.5952690017126709,0.08418374954823524,0.0018446399999999994,0.004627786991813687,0.0006544679127596703,-7.57393536,0.5781190415985604,0.08175837892948197
GLN  96,19.02586,0.5241408974694013,0.07412471657956331,-5.9038200000000005,0.2372631189207712,0.03355407206286951,-73.85106,4.037551022141687,0.5709959414286127,-9.447199999999997,2.6740976421963456,0.3781745152703988,0.47755958400000004,0.024107987324364467,0.0034093842635634893,-69.698660416,0.848127943125008,0.11994340397949833
LEU  97,11.43076,0.5816638396875363,0.08225968908281235,-7.361179999999998,0.2786161294685284,0.0394022708990291,-30.038120000000003,0.48179807554598975,0.06813653727623957,-1.2617800000000001,0.23489685310791136,0.03321943154239689,0.012987648000000003,0.008809282516850953,0.001245820681010681,-27.217332352000007,0.44721627122524304,0.06324593160806632
ILE  98,12.600139999999996,0.29030976628435934,0.041056000876870447,-5.17512,0.2226403952565627,0.031486106650393746,-16.028839999999995,0.2434119438320773,0.034423647221092174,0.47256,0.13943588634207496,0.019719212154647583,0.3828942719999999,0.026685001476328563,0.0037738290999769918,-7.748365728000001,0.5668115381228748,0.08015925645229241
VAL  99,11.634879999999999,0.09282879725618852,0.013127974405848414,-6.025999999999999,0.3300653268672938,0.046678286172483555,-31.113000000000003,0.5351514925697499,0.0756818498716345,-0.8261800000000001,0.4415259761327751,0.062441202358699,0.000940464,0.0019151533834928208,0.00027084358889602683,-26.329359536,0.3845864211161529,0.05438873326469938
ALA 100,7.263419999999997,0.23546873168222374,0.03330030738597921,-5.120100000000001,0.11403074146907853,0.016126382111303097,0.8880200000000003,0.8526757294540521,0.12058655809002924,-2.0270799999999998,0.8243953866925755,0.11658711366184524,0.009419471999999998,0.004932926938645663,0.0006976212178828288,1.0136794720000004,0.33203520841432,0.04695686949249085
ARG 101,11.982600000000001,0.28376603038416043,0.04013057687100555,-5.85214,0.9354183023653152,0.13228812496970455,-162.19534000000007,3.762890429493527,0.5321530679113666,-39.15876,3.0803340114993847,0.4356250135701551,0.648629568,0.1748494369837693,0.02472744451557464,-194.57501043200003,1.8218887409859241,0.25765397666371365
ARG 102,11.7301,0.20098012339526036,0.028422881627299536,-4.052879999999999,0.5310763274709258,0.07510553449646784,-118.14558,3.772890621738723,0.5335673086613161,-88.56142000000001,3.6324985620916737,0.513712873181081,1.399044096,0.0651097256306892,0.00920790570293118,-197.630735904,0.877570062544264,0.12410714843827034
ILE 103,12.712539999999999,0.506856990087003,0.07168040295646451,-1.6083,0.6697579040220432,0.0947180711374551,-9.315039999999996,4.0624704846189434,0.5745200856088509,-3.088499999999999,4.017909577130874,0.568218221636723,0.7200328320000001,0.07508480629508121,0.010618595139066059,-0.5792671679999999,0.9179841981970988,0.12982257031345285
SER 104,7.926300000000002,1.5333829691241434,0.21685309912472883,-0.9505400000000002,0.2504362761262829,0.03541703782080026,-32.77996000000001,3.0827468008902668,0.43596623351812863,-63.31274000000001,2.357026574393526,0.3333338948381121,1.27107432,0.11230336269010802,0.01588209386164554,-87.84586567999999,2.466054776711857,0.34875281107808626
ASP 105,6.01326,0.973494115236445,0.13767285806577773,-2.3858,1.1427544443142628,0.16160988336113602,-101.85485999999997,7.274585846658728,1.0287817964992136,-59.78246,6.929780152963058,0.9800189076584258,0.8205939360000001,0.14156775695576612,0.02002070418815825,-157.18926606400004,1.5242585293349025,0.21556270847482872
GLU 106,14.659880000000008,0.5980265759978495,0.08457372944357032,-3.4518600000000004,1.165410005277112,0.1648138635188192,-67.95638,13.592749899692876,1.9223051258091193,-11.702759999999996,12.550323211073097,1.7748837297265425,0.52569504,0.11011729479998679,0.01557293717579776,-67.92542496,1.754410959678154,0.24811117731528426
ASP 107,15.972380000000005,2.1668036633714385,0.30643231277395944,-3.147100000000001,1.067272172409641,0.15093507809651105,-34.74904000000001,16.26719249281816,2.300528424507724,-46.30284,16.236982707830883,2.2962561157431853,0.4225587839999999,0.10393338503474517,0.01469840026994815,-67.804041216,1.9828394628537263,0.28041584603763225
GLN 108,21.34748,1.449852382003064,0.20504009020676706,-2.3061799999999995,0.7211303263627199,0.10198322877806948,-70.01058,5.361638529740518,0.7582501925301182,-14.236040000000003,4.414240890390999,0.6242679334772837,1.0689127199999997,0.17825485787906403,0.02520904375714609,-64.13640728,1.5996876855291005,0.22623000204364804
HIE 109,29.460300000000007,0.7889567605386586,0.11157533508797132,-3.135919999999999,0.9999146531579616,0.14140928637115785,-15.3672,4.024458577249856,0.5691443901155476,-14.85198,3.472266110136159,0.4910525825123027,1.1462101919999996,0.16680961371760494,0.0235904418053654,-2.7485898079999997,1.6970811933103906,0.24000352400278707
SER 110,11.479620000000002,0.8867682197733221,0.12540796430848775,-2.5877000000000003,0.8420388886506359,0.11908228163752976,-12.844519999999997,3.9666036718583437,0.5609624709300988,-6.407379999999998,3.63281356466307,0.5137574212719462,0.20063664,0.07217636737392658,0.010207279762302993,-10.159343360000001,1.3067916368991859,0.18480824560985656
GLN 111,19.374019999999998,0.6133684533786328,0.0867433985499872,-4.43502,0.889373138564461,0.12577635545681867,-73.88084,2.6829572218728543,0.37942744904394315,-8.61484,2.164119713509394,0.3060527449443962,0.6223008960000002,0.20307868945821803,0.0287196636860766,-66.934379104,1.4044463876254307,0.1986187129005785
ILE 112,12.394640000000004,0.3746847079877356,0.05298841956500584,-2.9774999999999996,0.3445355279212886,0.04872468163056605,-8.383680000000002,1.885863605248256,0.2667013887327904,-5.460979999999998,1.3462726839685997,0.19039170883208212,0.6106000319999998,0.0636398540170728,0.009000034465838825,-3.816919967999999,0.9557295304659178,0.1351605663945371
THR 113,14.4541,0.6489885129954527,0.09178083569025168,-4.821439999999999,0.4512708791845612,0.0638193397646837,-31.13151999999999,1.4368097193436347,0.20319557916452485,-3.3101199999999995,0.9813401375669919,0.13878245318483187,0.17611646399999997,0.046245316211516146,0.006540075338255849,-24.632863535999995,0.9147055833858436,0.1293589041602654
LYS 114,10.068159999999999,0.39596961297554717,0.05599855969576443,-3.8433600000000014,0.3604373321397032,0.05097353634975441,58.71073999999998,6.191163030675478,0.8755626724844174,-85.62064000000002,6.1980449167778895,0.8765359181504913,1.1962987200000001,0.06447850873511037,0.009118638153478515,-19.488801279999997,0.3759722273053987,0.05317050229309149
VAL 115,9.394259999999997,0.7799033737586079,0.11029499285099562,-6.328739999999999,0.5956906180224918,0.08424337509858187,-104.46189999999997,5.958604790553265,0.8426739707621722,-5.871579999999998,5.303319847378624,0.7500026853765263,0.113597568,0.04324292310384881,0.0061154728330119834,-107.154362432,2.788787553467063,0.39439411806904034


