#Frame       SA_00001
       1    6011.4643
       2    5930.6476
       3    5888.5855
       4    6010.5437
       5    5927.6607
       6    5942.1068
       7    5912.2844
       8    6038.0804
       9    5999.3445
      10    6016.8531
      11    6007.4073
      12    5899.5183
      13    5898.8377
      14    5904.6775
      15    6056.2581
      16    5958.8144
      17    5913.6518
      18    5948.6925
      19    5863.5667
      20    5939.7453
      21    5938.9436
      22    6036.0545
      23    5892.3579
      24    5897.1623
      25    5959.7510
      26    5941.7348
      27    5941.6378
      28    5916.7812
      29    5967.6488
      30    5941.6172
      31    5952.0166
      32    6016.0929
      33    6012.2206
      34    5795.5040
      35    5918.1048
      36    5911.1419
      37    5983.0507
      38    5954.9685
      39    5943.8813
      40    5920.6553
      41    5944.5635
      42    5895.6220
      43    6026.7479
      44    5921.6625
      45    6015.7616
      46    5931.9696
      47    5775.5357
      48    5959.1505
      49    6012.4943
      50    5932.8484
