| Run on Mon Jun 20 15:45:52 2016
| GB non-polar solvation energies calculated with gbsa=2
idecomp = 2: Per-residue decomp adding 1-4 interactions to EEL and VDW.
Energy Decomposition Analysis (All units kcal/mol): Generalized Born Solvent

Total Energy Decomposition:
Residue,Internal,,,van der Waals,,,Electrostatic,,,Polar Solvation,,,Non-Polar Solv.,,,TOTAL,,
,Avg.,Std. Dev.,Std. Err. of Mean,Avg.,Std. Dev.,Std. Err. of Mean,Avg.,Std. Dev.,Std. Err. of Mean,Avg.,Std. Dev.,Std. Err. of Mean,Avg.,Std. Dev.,Std. Err. of Mean,Avg.,Std. Dev.,Std. Err. of Mean
ARG   1,7.7628200000000005,0.023326114121294976,0.0032988106947797924,-1.9175200000000006,0.04669656946709989,0.006603892185667003,-271.93208000000004,0.952515256361906,0.1347059993914293,-32.947739999999996,0.9425665983898948,0.13329904668828635,1.556776656,0.006073801106631275,0.0008589651900154662,-297.47774334400003,0.016579402393235774,0.002344681572055498
MET   2,9.780339999999999,0.0179717667467708,0.0025415916273089064,-4.2105000000000015,0.03497842191956677,0.004946695866905968,-4.576160000000001,0.043680824167943264,0.006177401395393982,-3.630619999999999,0.04267218766368886,0.006034758653011866,0.5257596959999999,0.008004447304472828,0.0011319997937286237,-2.111180304,0.03273119364049421,0.004628889795904691
LEU   3,12.252659999999997,0.014155719695670494,0.0020019210778769152,0.5073199999999999,0.010302310420486066,0.0014569667120429058,-15.403100000000002,0.0364895875545182,0.005160406960500013,-6.722899999999999,0.037201747270972835,0.005261121553458606,1.2221146079999996,0.004004052775185117,0.0005662585739124421,-8.143905391999999,0.018262510204452787,0.0025827089614114175
PRO   4,18.317440000000005,0.020293013574591165,0.0028698655018608147,-4.5652,0.029498474536857302,0.0041717142759341,-0.4520000000000001,0.03867091930637088,0.005468893855250526,-4.386780000000001,0.04089121666074697,0.005782891318356503,0.4507764479999999,0.004364439355080432,0.0006172249328109631,9.364236448,0.03516956045675763,0.004973726938064714
ARG   5,12.9481,0.05661740015277369,0.008006909516235708,-5.103960000000001,0.04804496227483302,0.0067945837252772565,-240.34183999999993,0.585199192099428,0.08275966341567892,32.75594,0.5687874263723023,0.0804386892482998,0.6575171040000001,0.005935110486198663,0.0008393513743764924,-199.08424289599995,0.036097059410373986,0.005104895097993825
LEU   6,12.394680000000005,0.009582150063419776,0.001355120657638246,-3.44034,0.10147445195714588,0.014350654619217276,-31.392180000000007,0.04255522998791345,0.006018218339881344,-5.99358,0.026293033297981928,0.003718396428593343,0.878989968,0.015320814774544542,0.002166690404076698,-27.552430031999997,0.10685154087255026,0.015111089826242367
CYS   7,10.6084,0.03307929866246363,0.004678119280224625,-5.398259999999999,0.09193232510940703,0.013001194099021606,-4.6337600000000005,0.12007906728483184,0.01698174455113206,-1.36176,0.18158739603838067,0.025680335823349238,0.04949063999999999,0.005361942676605312,0.0007582932053922327,-0.7358893600000002,0.028785554218518992,0.004070892117625562
CYS   8,10.024940000000004,0.04543056680166849,0.006424852371721646,-4.052080000000001,0.04263840522332732,0.006029981094478931,4.1640999999999995,0.06523656949904429,0.009225844134824341,-7.282419999999999,0.07616983392400908,0.010772041217903991,0.622412064,0.00888808719430072,0.001256965345373471,3.4769520640000002,0.04473988780547602,0.006327175611355483
LEU   9,13.363839999999998,0.2669775541129329,0.037756327787570654,-7.522780000000001,0.20050040299210675,0.028355038917270845,-33.766459999999995,0.2081731212243935,0.029440125135707568,0.3584599999999999,0.11934809759690349,0.016878369826496868,0.015019344000000006,0.003501463413155111,0.0004951817047037146,-27.55192065599999,0.12685286363823037,0.01793970401830502
GLU  10,15.645080000000002,0.14533366299650177,0.020553283727901363,-3.9611800000000006,0.3124908120249171,0.044192874448261914,3.28112,2.0814486363107783,0.2943612890853686,-77.18677999999997,2.413855242470912,0.341370682150776,0.9518042879999998,0.06840058880527992,0.009673304036273216,-61.26995571200001,0.3336724205225393,0.047188406249283374
LYS  11,9.862160000000003,0.08032766895631203,0.011360047887183271,-6.3138,0.6676783357276173,0.0944239757688693,-2.0127399999999995,1.085965520815464,0.15357871678067908,-36.66047999999999,1.137256510027694,0.16083235803782583,0.8017178400000003,0.09801393689414951,0.01386126388572869,-34.323142159999996,0.6987838617242573,0.09882296144178902
GLY  12,6.84016,0.07083737996275138,0.010017918346629913,-1.4687799999999998,0.040454067780637766,0.005721069130853838,-4.038920000000001,0.12479821152561897,0.017649132329943664,-3.1185600000000004,0.12659370600467196,0.01790305359428794,0.15739732800000006,0.004873546945501077,0.0006892236187189594,-1.628702672,0.13684506356252182,0.019352814483392662
PRO  13,18.362820000000006,0.01573491658250638,0.0022252532433789836,-1.00894,0.01540442793486224,0.0021785150906081146,-5.17884,0.09676969773641403,0.013685301896558172,-5.62654,0.10086589314530665,0.014264591406696807,1.1792820959999994,0.004060652088434101,0.0005742629255542138,7.727782096000001,0.02096759937085345,0.002965266340066652
ASN  14,18.5778,0.03906712172554748,0.005524925338714983,-2.20132,0.23910227435137393,0.03381416791819657,-86.34085999999998,0.44071047230995664,0.062325872702059304,-10.257,0.488333779294446,0.06906082536431152,0.5470459200000002,0.030525480235628098,0.004316954814717711,-79.67433408000002,0.0858556025850458,0.012141815758148633
GLY  15,5.669160000000001,0.03987247672248171,0.005638819734633917,-3.4454200000000013,0.058503705865421585,0.00827367342839656,-11.65192,0.46524788403601425,0.06579598674691163,-0.6762600000000001,0.319374689667168,0.04516640176060073,0.059066207999999974,0.005501786002521388,0.0007780700382040202,-10.045373792,0.1123249423782205,0.015885145690405583
TYR  16,9.914000000000001,0.11945559844547447,0.01689357274229844,-11.28136,0.3156577108198582,0.0446407415709088,-31.886739999999996,0.4197821249177635,0.05936615743004979,0.23815999999999996,0.60916238754539,0.08614857101542658,0.024694271999999996,0.012449012338640217,0.0017605562087454995,-32.99124572800001,1.2415826754537425,0.17558630584341553
GLY  17,6.856559999999999,0.326918225860857,0.04623321887993746,-4.139979999999999,0.1022941816527913,0.014466581904523448,-13.401739999999995,1.1015371407266186,0.15578087638732646,-0.20405999999999996,0.3295681665452536,0.046607977085473255,7.660800000000001e-05,0.0002597903676736303,3.6739906133794085e-05,-10.889143392,0.8486330119236344,0.12001483149399322
PHE  18,9.581800000000001,0.17906166535574256,0.025323143564720367,-10.230979999999999,0.14672129906734915,0.020749525103004412,-5.26646,0.25924167951930666,0.03666230991085829,-1.2496999999999998,0.2592166854197474,0.036658775211400686,0.0,0.0,0.0,-7.165339999999999,0.23295515534117373,0.032944834010821905
HIE  19,30.1231,0.11263822619383809,0.015929450712497423,-9.945100000000002,0.21248014024845502,0.030049229607430242,-31.22660000000001,0.9422095096100136,0.13324854670873842,3.0980199999999996,0.8594361055948284,0.12154261965253217,0.19030838400000005,0.02404916176048811,0.0034010650725386704,-7.760271616,0.3791718711756229,0.053623000268694994
LEU  20,11.464920000000001,0.1677265441127772,0.023720115345425872,-8.998600000000001,0.4375312103153248,0.061876257158944736,-34.56055999999999,0.9481394867849972,0.1340871721232809,2.2680599999999997,0.3532932725088332,0.04996321374771656,0.0,0.0,0.0,-29.82618,0.7597443699035672,0.10744407918542262
HIE  21,28.538320000000002,0.16732321297358885,0.023663075708709114,-9.97524,0.8083258145079756,0.11431453296934578,-16.86466,3.3957757500164787,0.4802352120450973,-8.068900000000001,2.959329270290812,0.41851235895729405,0.33456527999999996,0.05999658366209888,0.008484798231099228,-6.035914719999999,1.7682249979139892,0.2500647773377101
GLY  22,5.23704,0.18304884156966747,0.025887015432450772,-3.1148,0.43848616853898786,0.06201130864608514,-7.592460000000001,2.3446178811055733,0.3315790406041971,-4.980719999999999,2.2771768753436836,0.3220414421033424,0.075920688,0.0424504038945433,0.006003393691587878,-10.375019312000001,0.3384027705149782,0.047857378760691224
GLU  23,15.328060000000002,0.2622685959088185,0.03709038053188,-4.80828,0.40016221910620214,0.05659148374093051,-19.713099999999997,4.19849890913408,0.593757409890606,-52.71694,3.579511952263815,0.5062194349568082,0.574241184,0.04284345549858118,0.006058979582502165,-61.336018816000006,0.7210448022516224,0.10197113384228707
LYS  24,9.58352,0.1459709888984111,0.020643415221314545,-1.4125599999999998,0.2699566009565253,0.03817762863248597,34.588139999999996,1.7477481856378185,0.24716891877419728,-71.60597999999997,1.68640849725159,0.2384941768514429,1.498322448,0.08609184581205301,0.01217522559571387,-27.348557552,0.6361019124260461,0.08995839516043772
GLY  25,6.41486,0.05404405980304407,0.007642984233916753,-1.255,0.0586187683255146,0.008289945717554915,-4.8311,0.6112289014763701,0.08644082021822909,-6.178239999999999,0.4028548900038487,0.056972284911176424,0.6157520639999998,0.011408604787163268,0.001613420361776091,-5.233727935999999,0.24146037317259425,0.03414765345163514
LYS  26,10.020479999999997,0.5751823098809719,0.08134306234707546,-4.44386,0.5304339736479983,0.0750146919476452,5.514880000000001,6.3495846498491515,0.897966872725269,-41.91124000000001,5.8216580647097125,0.823306779061118,0.8520229439999999,0.038680072026886746,0.00547018824539914,-29.967717056000005,0.5437462591399872,0.07689733341654054
LEU  27,10.997,0.10180766179421344,0.014397777606286983,-2.6908000000000003,0.09448597779565338,0.013362335125269612,-27.164520000000003,0.3391136234358072,0.04795790854484012,-6.9436599999999995,0.26920376000346063,0.038071160843872576,0.878849856,0.01100728824843829,0.001556665632589142,-24.923130144000005,0.12256414503546144,0.01733318761698126
GLY  28,4.958880000000001,0.052398717541450375,0.007410297699807612,-3.5199799999999986,0.05180096138109897,0.007325762212911509,-6.89956,0.39869146767895164,0.05638348807940079,-3.50746,0.40301147427833406,0.05699442927163958,0.006360479999999997,0.0025329473109403635,0.0003582128439908323,-8.96175952,0.08958788329509791,0.01266963995802255
GLN  29,18.96534,0.0520644254761175,0.007363021662548865,-9.022380000000002,0.19696800653903038,0.027855482620108923,-78.62972,0.2716477159841621,0.03841678841324766,-4.005939999999999,0.3110582845706103,0.04399028447282667,0.08767857599999998,0.027018004406917713,0.003820922826051908,-72.605021424,0.24445787758386156,0.034571564590803884
TYR  30,8.85364,0.041346225946157125,0.0058472393485997755,-8.82232,0.17128624463158526,0.02422353302059436,-25.968540000000004,0.45803323940490176,0.06477568191840948,-2.7638199999999995,0.253014362438187,0.035781634283526584,0.19969488000000005,0.013399279544094598,0.001894944285728696,-28.50134512,0.3340463784247048,0.047241291882983275
ILE  31,12.731139999999993,0.0448820721467377,0.006347283513732419,-8.490400000000001,0.25822703189243484,0.03651881706736311,-6.49964,0.4088146161770632,0.05781511746939541,-1.2094199999999997,0.3518521331468668,0.049759405864620306,0.001161792,0.003853949498155885,0.0005450307648993036,-3.4671582080000003,0.36626101301888064,0.05179712919798097
ARG  32,14.052059999999999,0.23248771236368132,0.03287872759098132,-7.54824,0.27552158245770875,0.038964635863818875,-170.47594,2.183960397167264,0.3088586413359676,-32.724620000000016,2.2809345443478684,0.32257285675020514,0.782441856,0.044351724791767674,0.006272281071515688,-195.91429814399996,0.4750376105007213,0.06718046314074279
LEU  33,11.802160000000004,0.21953007629904558,0.03104624112509106,-5.311020000000001,0.26734782512672783,0.037808692016516904,-35.709340000000005,0.3213863475620471,0.04545089314838003,0.1321,0.19477024926820835,0.02754467280618886,0.5463993600000001,0.025592955282198744,0.0036193904461293606,-28.53970064,0.3574731863963442,0.05055434283864353
VAL  34,11.132939999999998,0.15104521309883479,0.02136101888959064,-6.37486,0.051914163770479,0.007341771448346937,-29.117200000000008,0.1986991695997416,0.028100306048022633,-2.9935600000000004,0.27260177255475787,0.038551712387388436,0.13184668800000002,0.00974576499451194,0.0013782593030939737,-27.220833312,0.264320798740922,0.03738060583967012
GLU  35,16.881299999999996,0.43530886735747126,0.06156197040382065,-3.8140200000000006,0.6097682015323486,0.0862342460510898,-11.2751,3.6356131491125376,0.5141533423016909,-61.92614000000001,1.5789210241169298,0.22329315262221788,0.3268535039999999,0.014673781195822305,0.0020751860378427195,-59.807106495999996,2.446977094802317,0.34605481942857513
PRO  36,17.705639999999995,0.13607847147951913,0.019244401991333634,-1.7881399999999998,0.13011256818616662,0.018400695856407093,-8.284079999999996,0.3838035872683599,0.05427802384023603,-2.08424,0.3953232378699737,0.05590714845169619,0.9451359359999999,0.02898354989739957,0.00409889293506198,6.494315936,0.11377058092367381,0.016089589854132523
GLY  37,6.045060000000002,0.13048653723648995,0.018453583066694597,-1.5095600000000002,0.07940281103336173,0.011229253225392819,-20.37012,0.8250708488366154,0.11668263843434233,4.151999999999999,0.31954611560775537,0.04519064504961286,0.29677723199999995,0.020869043115174284,0.0029513283807228335,-11.385842768,0.59941636449484,0.08477027521769773
SER  38,12.568680000000002,0.043370699785840995,0.006133543184674822,-4.73012,0.2686200022336276,0.03798860502834872,-7.2563200000000005,1.5502517787765961,0.21923870906388773,-1.08148,0.7657249699467817,0.10828986375464693,0.0004592159999999999,0.0005810918162769118,8.217879275628234e-05,-0.4987807839999998,0.5062675053954965,0.07159703723191052
PRO  39,19.460919999999998,0.06699457888582204,0.009474464206580373,-7.99872,0.06644758535876756,0.009397107640131299,-8.173760000000001,0.13142397954694632,0.018586157429633574,-1.4095400000000005,0.08182474197942141,0.01157176598449769,0.10846439999999997,0.006587580773546499,0.0009316246073177703,1.9873644,0.03980634276657753,0.005629466980896609
ALA  40,9.681880000000001,0.1476877300252049,0.020886199079774095,-7.03666,0.04968887601857621,0.007027068236454571,-7.94844,0.09187799736612154,0.012993510995884859,-1.2212199999999998,0.08091212270111356,0.011442702128431077,0.0,0.0,0.0,-6.524440000000001,0.14250532060238233,0.02015329571062151
GLU  41,17.249439999999996,0.16019902122087262,0.02265556284894533,-5.7748,0.08725021489945818,0.012339043723078084,7.011380000000002,2.315847196081811,0.3275102513082601,-82.06177999999998,2.3801475945002926,0.33660370085920116,0.613341072,0.022336117108923186,0.0031588039746192893,-62.962418928,0.06099801213309047,0.008626421603641516
LYS  42,11.893660000000002,0.5199325960160337,0.07352957288057263,-3.68798,0.04351573968114307,0.006154054923376959,-19.688340000000004,1.7931718446373321,0.25359279423516956,-23.370239999999995,1.722855473451071,0.24364855765632243,1.2994704000000001,0.01637189601726834,0.0023153357389382946,-33.5534296,0.4620772446454047,0.0653475906241522
ALA  43,7.329440000000001,0.021662095927685525,0.003063482985035986,-3.7738799999999997,0.0999124897097634,0.014129759799800969,-8.558079999999997,0.06334598329845267,0.008958474870253133,-3.122340000000001,0.053674802281848344,0.007590763334468427,0.18526939199999998,0.00643171047270832,0.0009095812179761175,-7.939590608,0.07759588008288151,0.010973714599748736
GLY  44,6.2463,0.050789467412070306,0.007182715363985617,-2.0975799999999993,0.025294339287734748,0.003577159767198109,-11.459619999999997,0.11939981407041882,0.016885683640321218,-1.4013,0.07183822102474151,0.010159458646994546,0.27189763199999994,0.003596697475268852,0.000508649834927828,-8.440302368000001,0.04005801779288472,0.005665059204448032
LEU  45,10.357520000000005,0.053003486676705014,0.007495824971125787,-7.50368,0.08011303015109557,0.011329693376248404,-27.890540000000005,0.1642386324830056,0.023226850152307688,-1.5900199999999998,0.19117818808640677,0.027036678642171092,0.00387576,0.0011624513161418847,0.00016439544168863075,-26.62284424,0.0648023229497892,0.009164432398887316
LEU  46,10.77548,0.014218635660929466,0.0020108187390128185,-3.5011799999999997,0.03737790256284088,0.005286033673742964,-31.502959999999987,0.08357821726115236,0.011819744836968678,-0.6759000000000002,0.07693952170373661,0.01088089150759234,0.8799557760000003,0.012826827045115983,0.0018139872769417033,-24.024604224000008,0.03265946394245972,0.004618745684726161
ALA  47,7.006000000000001,0.017413787640858783,0.0024626814653987473,-3.3640999999999996,0.03491260517349755,0.004937387973413731,3.23774,0.12348243761766829,0.017463053799379614,-8.989160000000002,0.10715770807543286,0.015154388407309408,0.4185702719999999,0.003381545460126063,0.0004782227451491446,-1.6909497280000005,0.062095600589548425,0.008781644051744213
GLY  48,6.13212,0.022283303166449348,0.0031513349552464,-2.5811400000000004,0.05005996803829429,0.007079548573171944,-10.81356,0.12450753551484321,0.017608024534274107,-3.29268,0.13444975864611847,0.019014067213513,0.22536734400000008,0.008226295965403781,0.00116337393223691,-10.329892656000002,0.09581743793366486,0.013550632023763111
ASP  49,12.059520000000003,0.05876810018983451,0.008311064432336483,-8.40184,0.054436884554469225,0.007698538043026884,13.903120000000007,0.9187607009443713,0.1299323843850941,-79.67146000000001,0.8781255538925129,0.12418570677811779,0.013748400000000001,0.002079763465012311,0.00029412296987484717,-62.09691160000003,0.17865782948763104,0.025266032548554765
ARG  50,13.158559999999998,0.12851617174526248,0.018174931306642016,-8.572080000000001,0.2088077431514036,0.029529874229323273,-193.7277,0.76611284417289,0.10834471745375267,-11.259160000000001,0.788688236504112,0.11153736005482343,0.4410015840000001,0.012161942763209936,0.0017199584400536807,-199.959378416,0.06827467232614352,0.009655496757021119
LEU  51,12.774380000000003,0.061469306161006154,0.008693072644255895,-8.793759999999999,0.13569415020563674,0.019190050755550338,-32.84284,0.2973844891716323,0.04205651778259172,-0.7049599999999999,0.11058190810435607,0.015638643419427563,0.0,0.0,0.0,-29.567179999999997,0.3301670298504941,0.04669266914630113
VAL  52,12.590679999999997,0.07798729127286619,0.011029068501082828,-6.480320000000002,0.02517493992022084,0.0035602741467104155,-32.34239999999999,0.08012515210714856,0.011331407679713665,-0.43714000000000014,0.05619430932042748,0.007947075436913736,0.060505488,0.0024656190369671993,0.00034869118817243026,-26.608674512000007,0.05203678257311225,0.0073591123657155266
GLU  53,15.478579999999997,0.02210890318545105,0.0031266710734058597,-7.943979999999999,0.17123825390374234,0.024216746106776,-4.212599999999999,0.33215418106658295,0.04697369476632903,-72.95252000000004,0.3576638220389311,0.050581302789765345,0.3190479840000001,0.005172594912076518,0.0007315153877320678,-69.31147201600001,0.047098324461069645,0.006660708921789318
VAL  54,11.300360000000001,0.026828164305082676,0.003794075381382168,-6.904500000000001,0.0944328862207438,0.013354826842741125,-25.63034,0.05326672882719447,0.007533053033066833,-2.515960000000001,0.04650460622340735,0.0065767444833962916,0.0012936960000000006,0.0008490145725392457,0.00012006879231373971,-23.749146304,0.1036081124932771,0.014652399785986979
ASN  55,17.374959999999998,0.030591475937576166,0.004326288016393041,-4.575659999999999,0.11211308755005521,0.015855184893281027,-89.64407999999999,0.2575926893433035,0.03642910748374592,-7.401159999999999,0.10139356192589467,0.014339215041291651,0.400437072,0.008946967159500755,0.0012652922299072652,-83.845502928,0.10990559329396472,0.01554299806169864
GLY  56,6.0613600000000005,0.026472446052381804,0.0037437692236468446,-2.0815799999999998,0.01556546176637391,0.0022012887134605853,-7.979319999999999,0.03367102018056503,0.004761801339829325,-6.54964,0.040802333266477045,0.005770321308191874,0.33537931199999993,0.0034949349444446673,0.0004942584398045308,-10.213800688,0.07131678446654278,0.010085716381742368
GLU  57,13.83552,0.01930931381441966,0.002730749347647044,-3.444019999999999,0.04998019207652341,0.007068266548463171,-7.0356000000000005,0.5564099208317506,0.07868824562792018,-73.8494,0.5229687179924373,0.07395894536817753,0.7084712160000002,0.004935007797777485,0.0006979154958033899,-69.78502878399999,0.07116390724799716,0.010064096278157858
ASN  58,20.3659,0.018268278516754832,0.0025835247239603732,-4.9585599999999985,0.027183936433255156,0.003844389158259754,-92.62619999999997,0.09987211825606317,0.014124050414065411,-4.157920000000001,0.0841899851526041,0.011906261881880223,0.5620432320000001,0.0031741017398465316,0.00044888577288430023,-80.81473676799999,0.030392225011147887,0.004298109680146013
VAL  59,12.902919999999996,0.07776961874739911,0.010998284957315673,-6.751859999999997,0.08782892689793693,0.012420885958773754,-31.66496000000001,0.11708304061229945,0.016558042395779377,0.28676,0.09552812360765803,0.01350971679940034,0.0,0.0,0.0,-25.227139999999995,0.12442813347619397,0.017596795390280324
GLU  60,16.759539999999998,0.04983260378579083,0.007047394412223023,-5.174540000000002,0.052202762378861185,0.007382585454952546,-39.06211999999999,0.6297032837780324,0.08905349241897671,-39.34219999999999,0.5869171662172507,0.083002621645402,0.3872279519999999,0.003726850090163696,0.000527056194244089,-66.432092048,0.05710821368093528,0.00807632103104794
LYS  61,9.44826,0.01951185280729393,0.0027593926867102623,-1.8934200000000003,0.0631002662434881,0.008923725231089407,7.71216,0.8651790880505602,0.12235480002026884,-50.111720000000005,0.8672702702155857,0.12265053783818601,1.3144652639999999,0.00801373777433404,0.001133313664576478,-33.53025473599999,0.11242025307735781,0.01589862465874151
GLU  62,15.72966,0.034744559286543034,0.004913622696170523,-4.63188,0.0819618545422174,0.01159115662908547,-46.71380000000002,0.9706464443856163,0.13727013659193607,-40.05282000000001,1.0096442084216872,0.14278525327213978,0.29155823999999997,0.003447637582813915,0.0004875695827762633,-75.37728176,0.0712100791683861,0.010070625973759344
THR  63,14.613960000000004,0.03112295615499514,0.004401450669553732,-3.81342,0.08048853085999867,0.011382797195769552,-27.88812,0.4019586864343398,0.056845542586911754,-7.810540000000002,0.3853546008548072,0.0544973702851739,0.5509670399999999,0.017735602790686953,0.0025081930003451602,-24.347152959999995,0.08453584906013034,0.011955174424756118
HIE  64,30.785299999999996,0.06942254677418402,0.00981783071825316,-9.662399999999998,0.3496620654289248,0.0494496835176974,-13.80952,1.1331747303925128,0.1602551072259567,-9.28588,0.6711104719790885,0.09490935313234358,0.19117727999999995,0.030824648106137886,0.004359263540707834,-1.7813227200000004,0.6185504790288874,0.08747624764550273
GLN  65,21.119320000000005,0.02568068534684593,0.003631797350854552,-4.1840399999999995,0.03994043565124017,0.0056484305785073725,-75.10154000000001,0.17514784725432703,0.024769646100752052,-10.690999999999999,0.16272750228534313,0.023013144070303106,0.7754980320000001,0.010239619006914745,0.0014481008073112154,-68.081761968,0.045277529172344344,0.006403209582627282
GLN  66,20.951680000000007,0.010646013319573062,0.0015055736421744838,-6.2623,0.03325131576332595,0.004702446171924584,-73.63273999999998,0.11373914190495081,0.016085143705465946,-10.550519999999999,0.09974031080764195,0.014105410025947503,0.678990096,0.0045341181673483446,0.0006412211405666271,-68.814889904,0.04679548109324647,0.006617880401984291
VAL  67,12.665519999999999,0.05698780220396295,0.008059292276667976,-7.028459999999999,0.22582942323802682,0.03193710331261113,-28.225819999999995,0.26761507356690706,0.03784648665337935,-0.5419000000000002,0.16642250448782422,0.023535696293077828,0.0,0.0,0.0,-23.13066,0.19751107411996116,0.02793228397393267
VAL  68,13.13388,0.05829361543123483,0.008243962154261384,-5.81972,0.16971812395852015,0.02400176726826573,-31.126479999999997,0.2465826628131468,0.034872054599642405,-1.8910399999999998,0.23023596243854103,0.03256028206266072,0.04547548799999999,0.016800863783325435,0.002376000942196178,-25.657884511999995,0.2510451297426249,0.03550314272497333
SER  69,14.559360000000002,0.0545401723494229,0.007713145143071993,-4.3092,0.0406216690940943,0.005744771535910015,-7.839879999999996,0.32120147197677157,0.045424747792375195,-5.065320000000001,0.290500426161455,0.041082964255269354,0.40501152000000007,0.006616639702078232,0.0009357341604015311,-2.2500284800000006,0.07232635244877808,0.010228490855003847
ARG  70,14.25676,0.07747607630790602,0.010956771787409352,-7.144479999999998,0.12714027528695593,0.01798035016346619,-205.56733999999997,0.8876200901322484,0.12552843696998547,-3.283560000000001,0.7631599612138936,0.10792711674088135,0.6747940799999997,0.007873889187955814,0.001113536087822999,-201.06382592000003,0.13096421146492462,0.018521136403919437
ILE  71,13.784539999999998,0.05113871723108683,0.007232106747056568,-7.795120000000002,0.07539566035234334,0.01066255654143594,-9.014980000000001,0.6387902156420238,0.09033857864721839,-1.22916,0.6303413792541315,0.08914373274661554,0.0018663839999999998,0.0009981789689950404,0.0001411638235628379,-4.252853616000001,0.14276713420883458,0.02019032174592737
ARG  72,12.715939999999996,0.3474740514053827,0.04914025160702182,-3.1381200000000002,0.3838030036359771,0.05427794130215291,-154.50106,4.527561292395584,0.6402938584181292,-54.9589,4.545390694978777,0.6428153167123454,1.4197926239999998,0.11649907383515722,0.016475457022158392,-198.46234737600003,0.0963205322777311,0.013621780308216279
ALA  73,8.406599999999997,0.031910499840010965,0.004512826165584799,-1.94332,0.23751643648388085,0.03358989657620321,-10.702920000000004,0.1405580079535715,0.01987790411480862,-2.923600000000001,0.3194128989255103,0.04517180536573632,0.5668511039999999,0.014151540010741035,0.002001329981165547,-6.596388896,0.11110882545781697,0.015713160786178976
ALA  74,8.594020000000002,0.7502811870225315,0.10610578302806487,-3.4939799999999996,0.052199804597395344,0.007382167161486193,-1.04418,1.986739305394646,0.2809673670588811,-3.1854199999999997,1.2323402466851456,0.17427922903203386,0.090085392,0.007410216775556138,0.0010479629064116115,0.9605253920000001,0.11350451215568744,0.0160519620481115
LEU  75,12.596400000000003,0.4497142203666048,0.06359919496344953,-1.2853000000000003,0.6203065774276451,0.0877245974627412,-24.448979999999995,1.094159503728905,0.15473752095728324,-5.814960000000001,0.7044659810097158,0.09962653445744073,1.0659582719999998,0.11111268881835602,0.015713707147866043,-17.886881727999995,0.682946790402901,0.0965832613366958
ASN  76,19.342360000000003,0.6019010137886943,0.08512165769060867,-2.78744,0.19545384723764966,0.027641348158148324,-81.55084,2.7195928104034808,0.38460850366049637,-17.58436,1.3704433262269655,0.19380995384138705,0.8326680479999997,0.10629331765320925,0.015032145141480003,-81.747611952,1.0381032656439537,0.14680997174174792
ALA  77,7.613739999999999,0.6117847925537284,0.08651943508830932,-3.1782600000000003,0.19244384219817404,0.027215669163184544,-3.7935,0.49579706534024337,0.07011629339889518,-1.73066,0.5276281118363582,0.07461788316482859,0.38186712,0.031142658617606372,0.004404237018537428,-0.7068128800000001,0.799539518165908,0.11307196302434766
VAL  78,11.067960000000001,0.10137375597250095,0.01433641405650114,-7.365779999999997,0.2914197172464976,0.04121297164729295,-20.712839999999996,0.2189378322727525,0.030962485171669246,-1.6795999999999998,0.09814336452354235,0.013879567716612005,0.0011077920000000005,0.0010862335402370893,0.00015361662045078325,-18.689152208000003,0.09510531191828606,0.01344992219685637
ARG  79,12.605060000000003,0.05747953026860111,0.00812883312646905,-6.988760000000001,0.08370294140580503,0.011837383494660996,-179.42548000000002,0.4060720251256445,0.05742725652329946,-25.050399999999996,0.41671088298728093,0.058931818230908053,0.8495248319999997,0.011422340979793095,0.001615362952767338,-198.01005516800004,0.062390501209825894,0.008823349297419077
LEU  80,11.182939999999997,0.0784212751751922,0.011090443093134932,-7.74992,0.20047841180532444,0.028351928893810822,-35.17451999999999,0.09557473306640628,0.013516308372270006,0.030640000000000004,0.08410345058319547,0.011894024045713042,0.0017667359999999999,0.0015665802886236006,0.00022154790907178535,-31.709093263999993,0.16621260645323394,0.023506012228354523
LEU  81,13.615179999999995,0.03823699256126209,0.0054075273464495996,-7.145299999999996,0.05528987249083391,0.007819168753841641,-35.57721999999999,0.04146096478527753,0.005863465870841278,0.9785799999999998,0.07401894081922901,0.010467858997904516,0.23992891200000002,0.004018005453087411,0.0005682317805445269,-27.888831087999996,0.1555384906525567,0.021996464295188655
VAL  82,12.012859999999998,0.0674373813255468,0.009537085928151437,-6.61096,0.021396223965743835,0.0030258830115927177,-32.67468000000001,0.06482914159106719,0.00916822512750929,0.6927999999999997,0.07041164676387242,0.009957710580249203,0.0,0.0,0.0,-26.57998,0.06639743669740035,0.009390015548427262
VAL  83,11.339299999999998,0.04690426419872848,0.006633264656297263,-4.943179999999999,0.02878936609241377,0.004071431198001567,-31.95448,0.06139356317951734,0.008682360969088289,-0.7903599999999996,0.056723102877051006,0.008021858138860985,0.22390919999999997,0.003988604594491141,0.0005640738712473011,-26.124810799999995,0.04466154183413602,0.006316095817832852
ASP  84,13.97716,0.024438788841686515,0.003456166662788533,-3.8612199999999985,0.03633581704062373,0.00513866052587575,11.830379999999998,0.43849601548934136,0.06201270121515893,-82.18402,0.4202269144145011,0.05942906016391853,0.384461568,0.0038755242934917448,0.0005480819017162433,-59.85323843200002,0.04538034228281747,0.006417749552149368
PRO  85,18.054680000000005,0.014652562912860179,0.002072185319489189,-3.7359799999999996,0.02650470901558637,0.003748331895659469,-4.66878,0.09136110550996239,0.012920411448558811,-7.379579999999996,0.09210191963289335,0.01302517838654346,0.624172032,0.004448667667749594,0.0006291366150222162,2.894512032,0.028452971694657984,0.00402385784604031
GLU  86,14.624279999999999,0.01021575254594506,0.0014447255800322978,-2.226139999999999,0.014347139087746881,0.0020289918679144794,-2.6556200000000003,0.5299225939700988,0.07494237194004445,-77.34230000000001,0.5260492847611992,0.07439460329859542,0.7336321920000002,0.004616093288606018,0.0006528141733926052,-66.86614780800001,0.020024376948218636,0.002831874545824196
THR  87,13.22048,0.008290331718476089,0.0011724299552840732,-1.9610599999999996,0.015559447291027997,0.0022004381382001105,-31.354799999999997,0.059377773619179536,0.008397285275576307,-8.58446,0.05088622996476633,0.007196399655420872,0.5679783360000001,0.004258103043819856,0.0006021867074552197,-28.111861664,0.01629896309399095,0.0023050214660140546
ASP  88,12.781839999999999,0.01854438998814037,0.002622572782716395,0.15829999999999994,0.00932148056909542,0.0013182564242212019,-13.496559999999997,0.48169509692340756,0.06812197389977055,-71.68074,0.4745691018166314,0.06711420600722984,0.9465193439999999,0.0029776886335587897,0.00042110876501030495,-71.290640656,0.01048253803843383,0.0014824547462044982
GLU  89,14.988040000000003,0.013178710100141256,0.0018637510558203053,-1.46862,0.0185837455858828,0.002628138504724659,23.624899999999997,0.6458718216489169,0.0913400689730515,-103.84420000000001,0.6381321179769336,0.09024550958288474,1.003508784,0.005186432687180086,0.0007334723446545213,-65.69637121599999,0.019290963321477644,0.0027281541960475614
GLN  90,19.66422,0.006777285590158664,0.0009584529197678128,-1.3879399999999997,0.008348436979471522,0.0011806472800985702,-66.57987999999999,0.034573191966866576,0.004889387697407125,-10.693039999999998,0.04443420304234882,0.006283945257572953,1.2485020320000002,0.004252655826587771,0.000601416354606539,-57.74813796800001,0.015033650779216997,0.0021260792823949524
LEU  91,8.348140000000004,0.006959913789033428,0.0009842804473398589,0.045040000000000004,0.012188453552440547,0.001723707631821595,-5.870900000000002,0.4716100613854323,0.06669573449628863,-101.27622000000002,0.46597529075364713,0.0658988575914554,1.4918991840000002,0.010825530427760776,0.0015309611950821902,-97.262040816,0.019617800914949263,0.002774376011785656
HIE  92,23.07256,0.35932749185098145,0.05081658123091658,-4.069719999999999,0.8504251651968001,0.12026828024046946,-38.9722,3.90622991642845,0.5524243325560636,-78.59316,3.141995323739542,0.44434523997453035,1.2643558560000006,0.09560499546240432,0.013520588121355039,-97.298164144,0.6723077945354734,0.09507868011212106
THR  93,13.506000000000006,0.47202249946360786,0.06675406204866811,-1.5616400000000001,0.17530085681478896,0.024791284920309856,-28.221479999999996,1.686026989582419,0.2384402235194538,-7.555020000000002,1.2097482629043061,0.17108424004565623,0.7359690239999999,0.06055435085008265,0.008563678423288564,-23.096170976,1.0046214746887083,0.14207493145560302
SER  94,9.739240000000002,0.37614936182311737,0.053195552896823706,-2.58364,0.4557022168039104,0.06444602554075746,-11.947840000000003,1.569658476994247,0.22198323064591607,-4.528919999999999,1.0210811885447686,0.14440268651240512,0.39405254399999995,0.026518186481312683,0.0037502378971411257,-8.927107455999995,0.6108627148586135,0.08638903361011
THR  95,14.949360000000002,0.5659042943819534,0.0800309528120135,-3.970739999999999,0.312539009405248,0.0441996905871554,-35.708499999999994,1.8695755908763978,0.26439791564990944,-3.0815000000000015,0.8466611659926238,0.11973597036813867,0.361791504,0.03283278553870818,0.004643257059932833,-27.449588496,0.5344317308442695,0.07558006019224935
LEU  96,13.337439999999997,0.16729126217494347,0.023658557183431822,-5.44384,0.12170576978928403,0.017211795025506318,-22.477079999999997,1.2807972648316488,0.18113208625752825,-1.2971999999999995,1.0409515646753225,0.1472127820537335,0.6275689919999999,0.01754497676847564,0.002481234409749913,-15.253111007999996,0.3303308565045706,0.046715837733908444
LEU  97,9.62224,0.5531164998443047,0.07822248556521516,-7.991280000000001,0.305459983631203,0.043198565161351093,-56.59205999999999,3.441632551043185,0.4867203430389985,-47.3125,3.1652122345903897,0.4476286069946979,0.22308436799999998,0.02960135412133342,0.0041862636462998435,-102.05051563199999,0.7924080367093469,0.11206341924477957


