#Frame       SA_00001
       1    5458.7785
       2    5590.4858
       3    5522.6861
       4    5574.0361
       5    5404.4642
       6    5655.2329
       7    5610.2085
       8    5495.9571
       9    5616.3910
      10    5637.0416
      11    6142.8216
      12    5982.2444
      13    5866.5471
      14    5898.5221
      15    5666.8360
      16    5877.0380
      17    5943.8190
      18    5949.2229
      19    5835.4850
      20    5878.9701
      21    5820.3556
      22    5518.8645
      23    5812.8482
      24    5674.3227
      25    5645.7750
      26    5580.5189
      27    5717.3862
      28    5673.4602
      29    5734.1162
      30    5773.9291
      31    5619.8712
      32    5693.0249
      33    5509.9608
      34    5534.1131
      35    5636.1939
      36    5817.0083
      37    5879.8610
      38    5823.0821
      39    5836.4475
      40    5801.3996
      41    5811.5783
      42    5805.4038
      43    5842.5728
      44    5795.7512
      45    5919.1978
      46    5869.7030
      47    5872.5663
      48    5787.2189
      49    5893.1711
      50    5869.2286
