| Run on Mon Jun 20 15:45:53 2016
| GB non-polar solvation energies calculated with gbsa=2
idecomp = 2: Per-residue decomp adding 1-4 interactions to EEL and VDW.
Energy Decomposition Analysis (All units kcal/mol): Generalized Born Solvent

Total Energy Decomposition:
Residue,Internal,,,van der Waals,,,Electrostatic,,,Polar Solvation,,,Non-Polar Solv.,,,TOTAL,,
,Avg.,Std. Dev.,Std. Err. of Mean,Avg.,Std. Dev.,Std. Err. of Mean,Avg.,Std. Dev.,Std. Err. of Mean,Avg.,Std. Dev.,Std. Err. of Mean,Avg.,Std. Dev.,Std. Err. of Mean,Avg.,Std. Dev.,Std. Err. of Mean
MET   1,5.871380000000001,0.44920199865981625,0.0635267558749813,-2.823639999999999,0.8895970044913635,0.12580801487981652,-20.10418,7.570552483643449,1.0706377997025884,-72.35668000000001,6.989520997722157,0.9884675389470201,1.4025839039999999,0.2751911818947529,0.038917910168104086,-88.010536096,2.195881690213524,0.3105445667666721
LYS   2,10.680040000000002,0.37047747353910665,0.052393426763272404,-3.0187600000000003,0.5610110002486569,0.07933893651921464,26.746800000000004,6.027883001518853,0.8524713893146201,-50.6359,6.131503614122701,0.8671255568831971,1.109795472,0.0552457814552753,0.007812933339795035,-15.118024528,0.6350017977664656,0.0898028154532633
PRO   3,17.5408,0.265402486800293,0.03753357963205207,-4.484040000000002,0.4670421377134868,0.06604973253541357,-7.732200000000002,0.9757404777910644,0.1379905417048527,-2.756160000000001,1.1469622201275826,0.16220495272339827,0.4542893280000001,0.05318862965904856,0.0075220081427866325,3.022689328,0.4488067109464924,0.06347085375045909
GLY   4,6.273439999999999,0.20533496146543873,0.029038748733378028,-2.45964,0.33109495677222417,0.0468238978300613,-9.766739999999999,1.3298295200513512,0.18806629429007246,-5.552059999999999,1.0065541696302327,0.1423482557954264,0.28921766399999993,0.034364456146092875,0.004859867994538,-11.215782336000002,0.4543952165309341,0.06426118778955062
ASP   5,15.38956,0.28142218533731117,0.03979910712567002,-4.2925,0.42230175230514533,0.059722486552385996,-53.14895999999999,11.294590204093346,1.5972962648075113,-31.642919999999993,10.710117481783287,1.5146393397347104,0.31370342400000006,0.08707242591502427,0.012313900563775387,-73.38111657600001,0.8567880889886617,0.12116813355274915
THR   6,14.785039999999997,0.20949997231536346,0.029627770216517493,-3.3012600000000005,0.2518020500313577,0.035610187418769465,-28.359740000000002,0.7883121414769468,0.11148417218600762,-10.663300000000003,0.9403075294816539,0.1329795660994494,0.6011701920000002,0.03526490242540327,0.004987210328576915,-26.938089808,0.4461836137228988,0.06309989178355617
PHE   7,9.69284,0.23719168282211311,0.033543969472912986,-5.797880000000001,0.4254582301472049,0.060168879929743076,-10.363900000000001,0.6279199391642131,0.08880128940505189,-1.1765,0.47485346160684105,0.06715442055442064,0.26246015999999994,0.05093770443562629,0.007203679244901486,-7.382979840000001,0.441472522961487,0.062433642938720245
GLU   8,14.814160000000001,0.26045117469491,0.0368333583589546,-3.7697600000000007,0.2384791445808216,0.03372604406093321,1.08814,6.245607682235573,0.8832623089479138,-79.47548000000002,5.554666511105499,0.7855484714465039,0.804979728,0.04416556219828975,0.006245953705065385,-66.53796027199998,0.4136111613295261,0.058493451390110196
VAL   9,10.894100000000003,0.13373769102214797,0.018913365644398418,-5.45042,0.5666724305981374,0.08013958367748124,-30.83114000000001,0.8325336752346284,0.11773804146491292,-0.8232199999999998,0.7989649126213242,0.11299070152893115,0.019335744,0.01293446486321193,0.0018292095631592571,-26.191344255999997,0.6758343034333488,0.09557740378324155
GLU  10,15.751559999999994,0.23899649871953707,0.03379920898488534,-4.299759999999999,0.3059032239124168,0.04326124880305935,9.083059999999998,5.77600455127937,0.8168503972748008,-86.77911999999998,5.569519065916124,0.7876489398914114,0.7809076799999997,0.06290372032658441,0.00889592944095798,-65.46335232000001,0.6088715889250722,0.0861074458801493
LEU  11,11.976880000000003,0.9695354483462241,0.13711301802527093,-6.528100000000002,0.4501660249285289,0.06366308977735104,-30.540139999999987,1.1479099966464084,0.16233898856410048,-1.9315,0.7262207446775395,0.1027031226399665,0.04749292799999998,0.03073925453226895,0.004347187065677338,-26.975367072000004,1.035496839754208,0.14644136745748804
ALA  12,8.101020000000002,0.5972995392598058,0.08447091092204183,-3.299159999999999,0.37520023240931627,0.053061325727879236,3.709200000000001,0.5807558178787319,0.08213127540711818,-4.01574,0.6843349416769543,0.09677957557253497,0.353439072,0.07671900650107209,0.01084970594856058,4.848759072000001,0.8224993311173067,0.11631897091088941
LYS  13,11.166379999999995,0.25574118870473983,0.03616726575236601,-7.629800000000002,0.44462217668483267,0.06287907123995369,-18.096079999999994,7.289908075799055,1.0309486869248174,-19.913380000000004,8.039636324834591,1.1369762727128465,0.298249056,0.09497252932235964,0.013431143902055744,-34.17463094400001,1.3523140322454017,0.1912460844988894
THR  14,14.6074,0.1779395402935519,0.025164451116557494,-2.1353999999999997,0.32466635181367354,0.04591475579810918,-38.08727999999999,1.2369252368678263,0.1749276445620033,-6.07988,0.6425044323582506,0.09086384821258649,0.5849624159999999,0.06611635926896031,0.009350265197289577,-31.110197584000012,0.7527907985459256,0.10646069569333202
ASP  15,11.935120000000001,0.15344688201442522,0.02170066616486643,-0.4257200000000001,0.18021742867991414,0.025486593181514056,-17.521259999999995,8.680757724553779,1.227644530573896,-62.99925999999998,8.56442048432961,1.2111919602804884,1.1179094399999998,0.08889564900578678,0.0125717432459942,-67.89321056,0.24921008786701293,0.03524362861417204
GLY  16,6.109299999999999,0.07579610807960917,0.010719188402128021,-1.5389799999999993,0.2741182584214372,0.03876617587536894,-5.95174,1.1719324009515197,0.1657362695610103,-6.316119999999999,1.1006993711272894,0.15566239787437494,0.35731353599999993,0.0505031231145395,0.007142220165077991,-7.340226464,0.2564670988318138,0.0362699249470432
SER  17,10.150700000000002,0.13511672731368063,0.019108390827047433,-3.7749599999999996,1.0380100955193068,0.14679679549635954,-16.246059999999996,3.9987357672644657,0.5655066354411792,-1.4884599999999997,2.127767620864648,0.3009117827005119,0.197082864,0.05421822166393049,0.007667614440488126,-11.161697136,1.182689695003839,0.16725758067533283
LEU  18,10.789599999999998,0.3210773115622584,0.045407188858163756,-7.4543399999999975,0.4027080138264574,0.05695151348297079,-32.23996,0.9596886570133264,0.13572047144038676,0.3756000000000002,0.5565944663756546,0.07871434430902663,0.008078688000000004,0.008810939092937588,0.0012460549562475632,-28.521021311999984,0.8648239542948363,0.1223045765228887
GLY  19,5.63394,0.15787835950504647,0.022327371721725196,-3.504499999999999,0.3865478624957176,0.05466612296477741,-12.515100000000004,0.8895531069025017,0.12580180682326414,-0.044599999999999966,0.6541991439921029,0.09251773019265011,0.006021936,0.007762761115524809,0.0010978202051037682,-10.424238064,0.48458220640345206,0.06853027283804404
ILE  20,14.112459999999999,0.26986590818413314,0.03816480273761335,-7.1108,0.5465146658599227,0.0772888452494903,-10.330179999999995,0.995344396477992,0.14076295447312392,-2.84408,0.6808164757113339,0.09628198934380211,0.005021424,0.00588837888191852,0.0008327425275200492,-6.167578575999999,0.6049057560138427,0.08554659241123266
SER  21,12.298120000000004,0.8773887083840972,0.12408150108698027,-5.485040000000001,0.4155520164792634,0.05876792975764621,-10.869279999999998,2.644660137257729,0.37401142339773713,-6.257979999999999,2.173381802537237,0.30736260213630445,0.125282592,0.03452381641107393,0.004882404939341958,-10.188897407999999,1.0945328964926926,0.15479032666834727
VAL  22,12.02996,0.4301084495797883,0.060826520268700106,-7.044039999999999,0.33882077622247153,0.04791649369475987,-33.61836000000001,0.7061528095244032,0.09986508803372758,1.59138,0.4614514878077651,0.06525909524349843,0.00041097599999999996,0.002743308409826354,0.00038796239589485986,-27.040649024000004,0.7470506889588676,0.10564892161057951
THR  23,12.954180000000001,0.3264016354124976,0.04616016195811124,-5.1599200000000005,0.4299512456081514,0.060804288269825334,-34.71558,0.9837234792358086,0.13911950859601283,-4.9268600000000005,0.6243257165935047,0.08829298957448356,0.19043783999999994,0.03271331637879616,0.004626361569309544,-31.65774216000001,0.7666889408684885,0.10842618982976802
GLY  24,5.911740000000001,0.47878441119151427,0.06771034077598562,-3.9192400000000007,0.4440234930721511,0.06279440459149122,-8.413079999999999,2.7849155451467493,0.39384653340101944,-0.9427000000000002,2.371952092686528,0.33544468187765325,0.022098383999999992,0.021778914060121182,0.0030800035637581465,-7.341181616,1.266195219059318,0.17906704514056596
GLY  25,5.2853400000000015,0.4326159317454528,0.06118113179730925,-4.35026,0.3292821774709395,0.04656753212271471,-8.931580000000002,1.9806064130967473,0.2801000451124549,0.09661999999999998,0.8590348279319062,0.12148587042121398,0.001008576,0.003939545999556802,0.00055713593821659,-7.898871424,1.520792794537258,0.215072579559387
VAL  26,13.026960000000004,0.6767369639674766,0.09570505926019979,-3.315580000000001,0.894996381892124,0.12657160215466917,-26.673299999999998,1.3714689679319663,0.1939550014823218,-3.78162,1.4179281630604568,0.20052532386708674,0.527013072,0.12494214707773048,0.01766948789093404,-20.216526928000004,0.6721290522348349,0.09505340213354779
ASN  27,19.575,1.2562214136051428,0.17765653604638942,-2.5456799999999995,0.7385466387439619,0.10444626729567735,-83.00720000000005,5.6809199923946,0.8034034100000903,-15.835599999999998,4.770896238653714,0.6747066165378869,0.7743129120000001,0.13494401868958908,0.019083966139194528,-81.039167088,1.0413210180293448,0.14726503064812577
THR  28,14.639259999999997,1.0586798913742177,0.14971994605930936,-1.81944,0.620104254460489,0.08769598467432803,-32.01514,3.0164373158412823,0.42658865621110365,-7.898380000000002,2.299882856929883,0.3252525528139621,0.508211856,0.11165032074741298,0.015789739784429758,-26.585488144000006,1.5624080622478715,0.22095786715920068
SER  29,12.132960000000002,1.0535924631468776,0.14900047505963895,-1.3822599999999996,0.9434131398279343,0.13341876572656497,-7.16224,1.9411958846031003,0.2745265547228542,-8.641620000000001,1.447503007112579,0.20470783842344478,0.7997315039999997,0.147965336976029,0.02092545863126054,-4.253428496000001,0.7471197611438893,0.10565868989266355
VAL  30,12.753879999999999,0.6244945681109184,0.08831686878507894,-4.026,0.8397300756790812,0.11875576617579421,-15.616980000000002,2.7200546354071578,0.38467381557886066,-6.199300000000001,2.1524440828973934,0.3044015614283212,0.24231254400000002,0.08168919799014827,0.011552597169704866,-12.846087456,0.6006872543208085,0.08495000618051439
ARG  31,14.213119999999996,1.0817503712040804,0.15298260460589402,-2.4425800000000004,0.9933748353969907,0.1404844164738565,-154.01820000000006,11.782429564397077,1.6662871687676064,-51.86638,11.89637724669153,1.682401804537786,1.3884932159999999,0.32264046606713714,0.045628252288252166,-192.72554678399996,1.0796055430403213,0.15267928009807924
HIE  32,30.03852000000001,0.935719172401292,0.13233067441824353,-4.490980000000001,1.7471727389127827,0.24708753831790037,-22.74028,5.451330681732676,0.770934578308692,-10.532560000000004,5.7890977229962095,0.8187020513764443,0.8707728959999999,0.326197687338212,0.046131319344843776,-6.854527104,1.3462665609344933,0.1903908429042945
GLY  33,4.7106,0.6398089714907058,0.0904826524810137,-3.2880200000000004,0.6670508673257218,0.09433523833647718,-12.157880000000002,4.592232200749428,0.6494397059866286,-0.8795599999999998,2.3336842645053766,0.33003279371601846,0.024542352000000003,0.05612666554591762,0.00793750916258154,-11.590317647999997,2.8213252383925553,0.3989956416000257
GLY  34,4.918780000000001,0.4145456930182524,0.05862561412897662,-3.9033800000000003,0.2771981161552094,0.039201733533096965,-9.39542,1.2868909369484376,0.18199386163275,-0.22458000000000003,1.0807009963907686,0.1528342005965942,0.0034633439999999993,0.00465223162330338,0.0006579249056976639,-8.601136656000001,0.5478563087597238,0.07747858220796633
ILE  35,14.362479999999998,0.6573362682828845,0.09296138656453745,-7.87582,0.5581574577124347,0.07893538466366125,-11.135780000000002,0.7924958874341068,0.11207584321342155,-2.6010799999999996,0.41562766221703773,0.058778627680475835,0.00038231999999999996,0.000936342491185784,0.0001324188250061146,-7.24981768,1.2100631607718826,0.17112877332916512
TYR  36,9.74132,0.6613041490872248,0.09352252964927525,-6.22726,0.7504855710804849,0.1061346872987339,-32.86782,2.9134240246829863,0.41202037686502857,-0.47025999999999996,2.1181307118305988,0.29954891795498106,0.42484132800000013,0.10421204534344923,0.014737808788734584,-29.399178672,1.0981667712180865,0.15530423416040898
VAL  37,12.01464,0.18469106746133357,0.026119261245298217,-6.549399999999999,0.5027286345534859,0.07109656531788472,-23.481200000000005,1.542498272284207,0.2181421976601393,-0.06217999999999991,0.8777707602785593,0.12413553138404813,0.007697232000000001,0.006518310338529147,0.0009218282884504679,-18.070442768000003,0.5396587794473626,0.07631927649481711
LYS  38,11.465579999999997,0.22875734654878557,0.032351174198177464,-4.534600000000001,0.5110497823108708,0.07227335331918514,47.41834000000001,3.8110433878924175,0.5389629245949764,-85.14032000000002,3.5520747764647673,0.5023392323439854,0.9356548319999998,0.037235428124851054,0.005265884745493294,-29.855345168,0.5001778969165448,0.07073583654186295
ALA  39,6.9515199999999995,0.12161204545611252,0.017198540403196766,-3.840859999999999,0.15388164412953426,0.02176215081282575,-6.53538,0.5457818205107449,0.07718520526629737,-2.4633000000000003,0.4424515453696585,0.06257209761547058,0.26185104,0.029213215406839885,0.0041313725428879615,-5.62616896,0.24591632956759965,0.03477782084835112
ILE  40,13.291760000000002,0.5984831680172155,0.08463830130619618,-5.59506,0.35804175231389734,0.05063475020181421,-10.911,0.4746356497356688,0.06712361730419487,-0.60156,0.37365321676656293,0.05284254467756072,0.27219758400000005,0.04346768525410694,0.006147259001132303,-3.543662415999999,0.5342393556167832,0.07555285422667177
ILE  41,15.515520000000002,1.0791874580442442,0.15262015395091155,-2.402399999999999,0.5698414867311831,0.08058775589380872,-1.7806000000000006,1.3602298335207905,0.1923655478509599,-3.2816400000000012,0.984295885595379,0.13920045907970213,0.4847512319999999,0.08400483816664234,0.01188007814402226,8.535631232,1.1139946406958536,0.15754263292830192
PRO  42,18.960919999999994,0.41808735163864263,0.05912648029440176,-2.0545600000000004,0.37933084029643166,0.05364548189735962,0.75942,1.977495093192395,0.2796600380318932,-4.930780000000001,1.8886270705462196,0.2670922017431432,0.9037331999999999,0.05947246971097809,0.008410677325308832,13.638733199999995,0.7154543692603068,0.10118052722670143
LYS  43,10.760079999999999,1.2853302741319192,0.18177315058060883,-1.2320000000000002,0.6553027697179371,0.09267380643957597,0.8825600000000006,7.9470227057936595,1.1238787291020325,-42.12082000000001,8.941934127894191,1.2645804517514798,1.3720350239999999,0.1744182905026217,0.0246664711954738,-30.338144976000013,2.0328537834634424,0.2874889390895459
GLY  44,5.14096,0.499356143849256,0.07061962310859479,-2.2318,0.5054341500136303,0.07147918298357935,-12.996939999999997,1.3836722937169983,0.19568081236544677,-4.06114,0.45805606687391487,0.06477891021003677,0.05711558399999998,0.023027105963810236,0.0032565245556222815,-14.091804416000004,1.2982746624637889,0.18360376353416424
ALA  45,9.72274,0.38406706758066533,0.05431528558334409,-4.67166,0.585080733232608,0.08274291080207491,-2.7523199999999997,1.9325488189435216,0.2733036749698035,-3.866819999999999,0.9738894124077992,0.1377287615278674,0.087928704,0.05002346953888325,0.007074386905884609,-1.4801312960000002,1.0744415683643231,0.15194898379582447
ALA  46,9.17196,0.407977987641521,0.05769680032723219,-5.3339,0.36119586099512085,0.05108080852923271,-4.946100000000001,0.5766016042294605,0.08154378087873868,-3.27838,0.3447636227910388,0.04875693911639689,9.043199999999999e-05,0.0003079653366468376,4.355287558267536e-05,-4.386329567999999,0.6159834200411,0.08711321068190865
GLU  47,16.500399999999996,0.8542755059114205,0.1208128006463068,-5.187800000000002,0.8129336750313533,0.1149661828539142,-26.319400000000005,10.398973583964905,1.4706369477202719,-53.10674,9.75812312242474,1.380007006303956,0.532327824,0.07858843337204893,0.011114082832040593,-67.581212176,1.5754507828068176,0.22280238638967106
SER  48,12.594019999999999,0.5945286028443061,0.0840790413361145,-2.0910999999999995,0.6838566882030206,0.09671194031762606,-10.472860000000004,1.90337349997311,0.2691776617923518,-10.021460000000005,1.2578519501117384,0.17788712873054663,0.7089151679999998,0.08956075094066149,0.01266580286366024,-9.282484832,0.7457215745862925,0.10546095645341544
ASP  49,17.16924,1.0507479728269904,0.1485982033807966,-3.6773,0.7408187970077454,0.10476759899892744,-24.533959999999997,12.901952573095297,1.8246116309965819,-55.863640000000004,12.774525838182841,1.8065907693243703,0.42281049600000004,0.056594915786380644,0.008003729746646268,-66.48284950400001,0.7633348367222181,0.10795184787244129
GLY  50,6.69668,0.2033129056405555,0.028752786856235495,-1.9241000000000001,0.2707737247223243,0.03829318738365901,-6.7642,1.72241824189133,0.24358672377615412,-0.9279799999999999,1.482478026683701,0.2096540531256193,0.31176374399999995,0.07816761250501687,0.01105456977429196,-2.607836256,0.5779008591320266,0.08172752326915755
ARG  51,12.685739999999996,0.5917593365550958,0.08368740794171213,-4.222360000000002,0.7020653747337073,0.09928703746209581,-199.10273999999998,14.703773485483607,2.0794275881232833,-8.993360000000001,12.33367669393032,1.7442452854481214,1.0499672159999998,0.14181247769660932,0.020055312927227696,-198.58275278399992,2.606800883394973,0.36865731637033355
ILE  52,12.009519999999998,0.20156142885001155,0.028505090633098595,-5.949840000000002,0.5624908305030206,0.07954821612078776,-12.446239999999998,1.1112170725830572,0.15714982547874876,-2.2238799999999994,0.4751572219802633,0.06719737875840116,0.019403279999999995,0.020067105895011372,0.0028379173314302167,-8.59103672,0.48582214939359497,0.068705627257367
HIE  53,29.42706,0.5811899658460274,0.08219267320146079,-6.395500000000002,0.5327882975441348,0.07534764362605874,-11.638559999999998,4.171870828105788,0.589991630557588,-11.207500000000003,3.3806843464008813,0.47810096527825485,0.6795361440000001,0.10730870274865133,0.015175742278780572,0.8650361440000002,0.790069062311389,0.11173263831321602
LYS  54,9.923820000000005,1.054298756330421,0.14910035999955681,-3.410320000000001,0.31457669589464926,0.04448786297407297,39.52614,5.011050137486167,0.70866950661645,-77.58027999999999,4.35973595090349,0.6165597710133277,1.21710096,0.053518886995417396,0.007568713583203234,-30.32353904,0.7327720616604962,0.10362961877283676
GLY  55,6.4154,0.09770363350455893,0.013817380359527757,-2.0275600000000003,0.24139802484693085,0.034138836066860696,-15.55712,0.4078675098607386,0.05768117640963986,-3.434620000000001,1.1559872990651725,0.163481291626901,0.29082355199999993,0.034397814573616806,0.004864585588600379,-14.313076447999997,1.0195796521278073,0.14419033719587873
ASP  56,12.06372,0.4970420119063889,0.07029235543072246,-6.990080000000002,0.33983571560384196,0.04806002779857193,-49.800200000000004,12.135739931293848,1.7162528000268493,-19.264960000000002,11.783936691886964,1.6665003087812489,0.022053888000000008,0.02520752160041632,0.0035648818921121504,-63.969466112,1.673248429072925,0.23663306216144062
ARG  57,13.442400000000003,0.6027092831539095,0.08523596424044247,-9.37788,0.9030251743999237,0.12770704488007015,-174.8539999999999,8.215136339710845,1.1617957228363143,-30.63852,8.264580989354513,1.1687882522476005,0.29016705600000003,0.12304775683852856,0.017401580654063383,-201.13783294399997,1.0904381169915836,0.1542112373978077
VAL  58,12.183879999999997,0.27074974718375727,0.038289796447635624,-6.797479999999999,0.18219508665161388,0.02576627625404536,-34.0035,0.5790567588757852,0.08189099217859425,1.8718599999999994,0.20457067336253795,0.02893066207330976,0.0034479360000000004,0.004763403039918415,0.0006736469182101852,-26.741792064000006,0.5129901769600115,0.07254776656210223
LEU  59,12.56314,0.46453348684448,0.06569495572719274,-6.155260000000002,1.0211032035989194,0.14440579991122074,-34.34272000000001,1.4144174212725569,0.20002883000204294,0.14566000000000007,0.6571838893338758,0.09293983692690663,0.264710448,0.0828773210434079,0.011720623143273656,-27.524469552,1.6304192792408512,0.2305761057056978
ALA  60,7.003620000000001,0.09496776084541435,0.013430469537578956,-5.56602,0.1159724950149791,0.016400987531242958,-5.482959999999999,0.37099670941938245,0.05246685780566808,-0.16948000000000008,0.2826315085053328,0.03997013124822084,0.052185744,0.026365030017537695,0.0037285783023175566,-4.162654256000001,0.144582938999501,0.02044711532208562
VAL  61,11.199840000000002,0.1820468467179874,0.025745311961583375,-5.476040000000001,0.18376811040001598,0.02598873540593788,-28.3911,0.5109017224478124,0.0722524144925471,-0.3680800000000001,0.32346516597618336,0.04574488246787827,0.009458928000000002,0.0038137262445560997,0.0005393423378229447,-23.025921071999996,0.3320544837181051,0.04695959543209403
ASN  62,18.44286,0.8813261146703776,0.12463833442404335,-2.7279999999999998,0.5020492406129113,0.07100048450538925,-86.51281999999999,2.3413417237984966,0.3311157219945835,-12.12814,3.258468026603913,0.46081696757823487,0.6053579999999998,0.11936927357961519,0.016881364562691615,-82.32074200000001,0.5293368709951798,0.07485953820255206
GLY  63,6.233879999999999,0.0901746394503564,0.012752619809279796,-1.1195199999999998,0.08509600225627661,0.012034392049455788,-6.351959999999999,0.4885257806912664,0.06908797846224932,-5.30278,0.5177840202246627,0.0732257183781783,0.5511385439999998,0.030958470129311907,0.004378188832719524,-5.989241456000002,0.135982806877058,0.01923087297350968
VAL  64,11.023900000000003,0.14389874912574344,0.020350356262214993,-1.3093000000000001,0.169467194465479,0.02396628047903991,-30.68831999999999,0.5455761153135448,0.07715611415832427,-0.3158000000000001,0.42394103363557517,0.059954315941389884,0.6856979039999999,0.030602322773812213,0.004327821990684427,-20.603822096,0.233520267102125,0.03302475288248129
SER  65,11.579880000000001,0.8177027733840883,0.11564063521098711,-3.4276399999999994,0.31310910302960543,0.04428031400069427,-8.175980000000003,4.793923539189994,0.6779631686102118,-6.909179999999999,3.0884779338049366,0.4367767381076975,0.46726199999999984,0.0535818245048381,0.007577614291143709,-6.4656579999999995,1.297064669208627,0.18343264464698122
LEU  66,11.733720000000003,0.48843624107952216,0.06907531564891949,-7.538219999999999,0.38726281980075467,0.054767233196507524,-36.18398,2.374926984056476,0.33586539504984997,0.9302999999999997,1.4300355135450307,0.2022375617930556,0.015083424000000005,0.020361828873169122,0.002879597454715585,-31.043096576000007,1.1693357814741416,0.16536905211288727
GLU  67,15.118639999999996,0.9159132220904704,0.1295296900637184,-2.137020000000001,0.39176362720394853,0.05540374348363012,-17.045680000000008,7.213002363620831,1.020072576806177,-64.7552,6.243830987462759,0.8830110463635228,0.8796021119999999,0.08680248540733214,0.012275725211074178,-67.93965788800001,0.7483476375537578,0.10583233783983895
GLY  68,6.41492,0.19751454022425557,0.027932774155102844,-1.8537799999999998,0.36740992311041537,0.05195960962132055,-8.900160000000001,1.2799060334258738,0.18100604710340226,-4.000439999999999,0.5544749646287107,0.07841460149742648,0.35960328,0.05217963260417963,0.007379314410847617,-7.979856719999998,1.0746105748988162,0.15197288492914546
ALA  69,7.987060000000001,0.27850072962200784,0.039385950896224584,-4.75254,0.3074397638562736,0.04347854836583238,-7.621759999999999,1.1501391665359464,0.16265424079316232,-0.37682000000000004,0.7860810311920775,0.11116864554360639,0.05478911999999998,0.017468821794454262,0.0024704644700395922,-4.70927088,0.5804589876410627,0.08208929727233477
THR  70,14.722140000000003,0.17428654681278039,0.024647839824180732,-4.34778,0.6109356198487665,0.08639934393269391,-29.146180000000008,2.6450253888383455,0.3740630777716357,-6.269159999999999,1.993729935171765,0.28195599140291416,0.35775964800000004,0.10990941238292222,0.0155435381624386,-24.683220352000014,1.3634549988436777,0.19282165510501215
HIE  71,31.958440000000007,1.056255710706451,0.14937711514150953,-10.531620000000002,0.946817530255961,0.13390021923805784,-11.258979999999998,2.5563466861128257,0.3615220153628275,-6.64342,1.4677564932917229,0.2075721139074329,0.085069872,0.06074000863433274,0.008589934398933225,3.609489872,1.0214429263842473,0.14445384396826655
LYS  72,11.72234,0.4511532161029151,0.06380269969209823,-4.0539,0.6045543565304986,0.08549689701971706,28.017259999999997,14.220495078315661,2.0110817003413857,-68.30215999999997,12.984602312524029,1.8363000692392535,1.0749167999999998,0.11682924375089154,0.016522150099430297,-31.5415432,1.1468443111721076,0.16218827787900245
GLN  73,20.810879999999997,0.2755256532521338,0.038965211561087426,-4.97996,0.7656602630409808,0.10828071281627064,-79.58552,0.9351866175247492,0.13225535978533207,-11.899919999999998,0.8091411209424634,0.11442983471106004,0.6931703520000002,0.06213510646956769,0.008787231026875886,-74.96134964800001,1.2088939039416848,0.17096341544244884
ALA  74,9.296899999999999,0.08903218519169526,0.012591052378580846,-6.344480000000002,0.11107371246148208,0.015708195058615742,-2.5069800000000004,0.37631691378411214,0.05321924832238781,-3.53286,0.25189243815565215,0.03562297022989493,3.816e-05,0.00026712,3.777647267811011e-05,-3.08738184,0.3242957240043281,0.04586234111065229
VAL  75,13.003699999999998,0.19068395317910536,0.026966783271280704,-5.799739999999999,0.39259596584784967,0.05552145394349934,-29.11418,0.5492443787602737,0.07767488494999641,-3.616260000000001,0.5544929867906333,0.0784171502160079,0.09826271999999996,0.030737690331448214,0.004346965854275841,-25.428217280000002,0.3956740733002736,0.0559567640740653
GLU  76,17.169319999999992,0.4210270984155875,0.05954222327059157,-4.729819999999999,0.44954193085851973,0.06357482954755067,-62.92839999999999,11.510504367750432,1.6278311386627409,-21.017139999999998,10.676638392321811,1.5099046814974781,0.493540848,0.07205275044990403,0.01018979768925384,-71.01249915199998,1.1472221873899016,0.1622417176462127
THR  77,15.480079999999997,0.753340848222164,0.10653848446454356,-4.959859999999999,0.5549781260554416,0.07848575926880107,-30.30082,0.7071659689209147,0.10000837040966681,-6.251579999999999,1.0602006996790767,0.1499350208323595,0.23593348800000002,0.05270049468756284,0.007452975433092261,-25.796246512000003,1.5088411209891897,0.2133823576769136
LEU  78,13.24836,0.16955739559244237,0.023979036844749203,-7.9215800000000005,0.2682958136087888,0.03794275783334731,-24.11660000000001,0.876263248116283,0.12392233696951478,-2.8509,0.7776221254568305,0.10997237562224421,0.004225247999999998,0.003967277450859217,0.0005610577576702065,-21.636494752000008,0.4312405649926493,0.06098662556580407
ARG  79,13.580200000000001,0.5277161737146144,0.0746303369950844,-4.6349,0.4821876087167672,0.06819162558555034,-159.11835999999997,7.570722443097253,1.0706618355990507,-50.83122,7.01449037433228,0.9919987420516239,1.1309542559999997,0.10733515376382055,0.015179483017219659,-199.87332574400003,1.1141954493984907,0.1575710315673731
ASN  80,20.495959999999997,1.0477157240396857,0.14816937864484706,-2.0799800000000004,0.43174258488131506,0.061057621899317294,-93.09487999999999,2.1150112778907983,0.2991077633765218,-13.024579999999993,2.587092987041686,0.3658701989394674,0.96009336,0.08793327997878236,0.012435643712994457,-86.74338664000001,0.7630558107767097,0.10791238764480209
THR  81,15.028979999999999,0.49616882167267473,0.07016886768361742,-3.2647999999999993,0.4318083834295091,0.06106692721924134,-41.40956,2.2794655089296714,0.32236510376900307,-0.80088,1.4547537199127556,0.20573324406133298,0.154035792,0.03241038703934184,0.004583520891279841,-30.292224208000007,1.478605998994727,0.2091064657184562
GLY  82,6.822899999999997,1.3062689194802255,0.18473432220353833,-1.24578,0.4694082355476948,0.06638434930011743,-4.444760000000001,1.6326557819699725,0.2308923949548786,-6.3038,0.725465698706702,0.10259634301474914,0.4723424639999999,0.09539901666120856,0.013491458319933801,-4.699097536,0.38183125247187827,0.05399909357836356
GLN  83,21.069279999999996,1.4919792497217244,0.21099772897356972,-3.65846,0.9787538855095282,0.13841670191129382,-75.18218,3.4158761200600916,0.4830778336375368,-8.401539999999997,3.268817108435411,0.46228054876665625,0.8613797760000002,0.1254202854215123,0.017737106863980726,-65.31152022399999,0.7919413005075511,0.11199741277811655
VAL  84,10.933760000000001,0.29773105716396125,0.04210552989809532,-2.6304399999999992,0.26348989809858037,0.037263098743931716,-28.3042,1.6782751383488896,0.2373439462046582,0.10049999999999999,1.2788609658598546,0.1808582522308562,0.532065456,0.04548193971946293,0.006432117599430004,-19.368314544,0.4576918540975789,0.0647274027452484
VAL  85,11.574599999999998,0.4581045732144924,0.06478577004250737,-5.66102,0.42603748614412207,0.0602507990984357,-28.079839999999994,1.5842094477689428,0.224041048667443,-1.59078,0.8867874895373751,0.1254106894646545,0.00090504,0.0018108870277297809,0.0002560980994540959,-23.756134960000004,1.1897702698735226,0.1682589251763433
HIE  86,29.821120000000004,0.4051757959208724,0.057300510573661104,-7.10032,0.32105759234131453,0.04540440013919393,-24.47306,3.724923147717248,0.5267836834299212,-4.06246,2.9693214121074885,0.419925461204724,0.522753984,0.04673245169638531,0.006608966699197366,-5.291966015999999,0.8218923388002356,0.1162331292341836
LEU  87,11.41494,0.19042399113564376,0.02693001908652414,-8.027820000000002,0.30005337458519016,0.04243395517741905,-29.102780000000003,0.5612495448546501,0.07937267182091728,-2.35938,0.36062489597918423,0.051000061882314894,0.004496975999999999,0.0047608943866698,0.0006732921410654369,-28.070543024000003,0.2791330458710746,0.0394753739177385
LEU  88,13.193560000000002,0.15342713710400374,0.021697873812855838,-5.974840000000001,0.2792482307911671,0.03949166352535607,-34.7391,0.34702975376760636,0.04907741843251446,1.3316399999999995,0.3226123841392347,0.04562428090392245,0.47494958400000004,0.05108547251912358,0.00722457680767826,-25.713790416000002,0.4623556953067884,0.06538696949433025
LEU  89,11.696639999999997,0.6627985141806249,0.09373386478749758,-8.558759999999998,0.2880766259175508,0.0407401871375281,-35.910599999999995,0.734284495274456,0.10384350918574185,-1.2062599999999999,0.6980714808671106,0.09872221557481382,0.0015095520000000004,0.003225827116647138,0.0004562008458233278,-33.977470448000005,0.6599037175300162,0.09332447871913728
GLU  90,15.554719999999998,0.38174813896091486,0.05398733955292147,-6.51782,0.7635914009468592,0.107988131533052,-50.825720000000004,13.598552855418054,1.923125787677959,-25.631939999999997,12.98216039403305,1.8359547298144383,0.188936064,0.09225167136703764,0.013046356479885035,-67.231823936,1.1835365992448876,0.16737735102170506
LYS  91,10.829879999999998,0.894247273185691,0.12646566218543623,-6.7389199999999985,0.6944092695233951,0.09820430067975792,-9.511540000000004,5.903946098026299,0.8349440643348507,-29.485660000000006,5.856641479926853,0.8282541810869389,0.4102384319999999,0.091126005262054,0.012887163252647878,-34.49600156799999,1.5916806667228358,0.22509763858464846
GLY  92,7.4994,0.5079107008126473,0.07182942015636692,-2.4608,0.1908784953838383,0.026994295693719434,-16.027120000000004,1.1796678285008457,0.16683022421611143,-2.716459999999999,1.0031762399498936,0.14187054439875857,0.27689270399999993,0.05325920887088363,0.007531989550646509,-13.428087296000003,0.6037818527029044,0.08538764848072018
GLN  93,18.888959999999994,0.4082417891400064,0.057734107492925436,-4.22844,0.8993459214340146,0.12718671993569114,-75.10662000000002,4.9015999138645405,0.6931909075514028,-8.336899999999996,4.864602110142213,0.6879586279711895,0.5477595839999999,0.17572844267610588,0.02485175469272519,-68.23524041600001,1.1933687170544636,0.1687678224570203
VAL  94,13.325039999999996,0.30685331740125876,0.043395612312803616,-0.17733999999999994,0.37586671094950674,0.05315558002693603,-12.808119999999999,1.1784286255857914,0.16665497445921124,-5.414019999999999,1.2976463230017659,0.1835149029152675,0.908386992,0.07335763287867912,0.010374335932061447,-4.166053008000001,0.49974746817018556,0.0706749647247893
PRO  95,15.598040000000001,0.13686328360820618,0.019355391186964048,-2.3599200000000002,0.37083655914701635,0.05244420913694829,-18.98436,4.742658730121751,0.6707132297845341,-61.12058000000001,4.807282376103879,0.6798523934443264,1.2056719680000003,0.07159840729882769,0.01012554386463149,-65.66114803199999,0.32351696628991666,0.04575220813849995
TYR  96,3.7963000000000005,0.4890211958596478,0.06915804074726235,-0.033279999999999976,1.4560086406337018,0.2059107166516595,-19.39022,5.2907469918339505,0.7482246150936227,-98.17118000000002,5.103244543189616,0.7217077645085245,1.7494053119999997,0.2837698425187059,0.04013111598824312,-112.04897468799999,0.608552393586343,0.08606230484244161
LEU  97,11.505360000000001,1.6271855795821053,0.23011879151429385,-3.3007600000000004,0.8173169901574313,0.11558607722385968,-21.936299999999992,0.7834114180942829,0.1107911052386874,-4.543820000000001,0.5346323106584527,0.07560842646160497,0.6200612640000001,0.14051813594966026,0.01987226536193959,-17.655458736,2.318805090739063,0.3279285607822958
VAL  98,13.329160000000002,0.28146718174572016,0.03980547057877303,-3.0537999999999994,0.4901208014357311,0.06931354845915816,-24.29528,1.1536751022709908,0.16315429762038025,-5.49684,0.5693157071432363,0.08051339943139939,0.5062721760000001,0.0558388918664342,0.007896811818539594,-19.01048782400001,0.7492210468588126,0.1059558565683101
THR  99,14.830159999999996,0.4116337381704092,0.058213801525092826,-4.15578,0.41036438880585424,0.05803428841641849,-38.67406000000002,1.965002630125206,0.2778933369621869,-2.8756,1.5679416825889916,0.22174043925274423,0.329848848,0.07505395776004947,0.010614232497403937,-30.545431152000006,0.5397349100382373,0.07633004298622975
SER 100,11.39004,1.0868784653308592,0.1537078266322157,-3.28924,0.450331236313892,0.06368645419553493,-0.15161999999999995,3.7858308355762538,0.5353973312522204,-8.3147,2.560585825548522,0.3621215202111028,0.5499394560000002,0.04924737932745531,0.006964631175621968,0.1844194559999999,0.5347916510313735,0.07563096059324678
VAL 101,8.815199999999999,0.7436029316779165,0.10516133509993034,-6.792520000000001,1.249723525264686,0.17673759586460344,-68.33048,7.770701104121871,1.0989430890596734,-39.749700000000004,7.634765288468239,1.079718861648712,0.09053092800000001,0.04478554845500515,0.006333633002338569,-105.96696907200003,3.2672808318845417,0.4620632864532767


