#Frame       SA_00001
       1   10958.4207
       2   11005.1467
       3   10999.0614
       4   10869.1898
       5   10904.7264
       6   10940.5033
       7   11017.5423
       8   10986.6185
       9   11093.3072
      10   10841.6712
      11   11038.5664
      12   10954.3513
      13   11031.1861
      14   11007.4119
      15   10683.8334
      16   10903.3945
      17   11050.9053
      18   10988.7976
      19   10842.7087
      20   10918.3030
      21   11115.0353
      22   11024.1451
      23   10962.7098
      24   10985.2272
      25   11027.0192
      26   10814.5200
      27   11075.7996
      28   10871.2183
      29   10987.1093
      30   11087.5312
      31   10949.6233
      32   11020.7526
      33   10927.1519
      34   10987.1098
      35   11010.2318
      36   11062.6350
      37   11013.5646
      38   10841.7730
      39   11070.8538
      40   10836.3826
      41   10905.0865
      42   10966.7766
      43   11075.1292
      44   10744.1853
      45   10884.2872
      46   10974.0343
      47   11028.9824
      48   10415.9862
      49   10920.0879
      50   10883.8996
