| Run on Mon Jun 20 15:50:29 2016
| GB non-polar solvation energies calculated with gbsa=2
idecomp = 2: Per-residue decomp adding 1-4 interactions to EEL and VDW.
Energy Decomposition Analysis (All units kcal/mol): Generalized Born Solvent

Total Energy Decomposition:
Residue,Internal,,,van der Waals,,,Electrostatic,,,Polar Solvation,,,Non-Polar Solv.,,,TOTAL,,
,Avg.,Std. Dev.,Std. Err. of Mean,Avg.,Std. Dev.,Std. Err. of Mean,Avg.,Std. Dev.,Std. Err. of Mean,Avg.,Std. Dev.,Std. Err. of Mean,Avg.,Std. Dev.,Std. Err. of Mean,Avg.,Std. Dev.,Std. Err. of Mean
GLY   1,0.9795199999999995,0.0016761861476071013,0.0002370485183007873,0.10284,0.023788535053676684,0.0033642068901897347,-12.776999999999997,0.6600085150966396,0.09333929933313953,-102.45586000000003,0.6519924542483897,0.09220565713629923,0.9989200800000002,0.013138144221819265,0.0018580141742910517,-113.15157991999999,0.021064188886308406,0.002978926160340597
SER   2,9.882979999999998,0.03149507263092246,0.004454075886257622,-1.7324200000000003,0.05133540298858376,0.007259922313634346,-3.4226799999999997,0.06213451214906401,0.008787146977264217,-7.793199999999998,0.10494188868145825,0.014841024223436585,0.508567968,0.011143780796649353,0.0015759685938734368,-2.556752031999999,0.058936446227862996,0.00833487215735165
LEU   3,11.197180000000003,0.04202175150965848,0.00594277308996311,-0.9926199999999998,0.042373524753078984,0.005992521339135635,-29.920140000000007,0.06387300211897601,0.00903300658661413,-1.3358800000000002,0.04033739704045684,0.0057045693965442415,0.984557952,0.00729604209841523,0.0010318161687223875,-20.066902048,0.021918469157927493,0.003099739634959745
GLN   4,18.462239999999998,0.031367218557549786,0.004435994589800794,-2.6430000000000002,0.05879489773780748,0.008314854177914653,-66.16936000000003,0.06563680673030092,0.009282446226885321,-12.116779999999999,0.06692482050825196,0.009464598882215498,0.9634224960000002,0.006973765894766307,0.0009862394309193452,-61.50347750400001,0.04316779094115435,0.006104847540666692
ARG   5,12.413940000000002,0.01615104949943248,0.00228410332486566,-4.270439999999999,0.01373049161559352,0.0019417847460822424,-118.29347999999999,0.7695723030376602,0.10883395881825565,-80.78759999999997,0.7622590111009085,0.10779970315400085,1.1979213119999998,0.0076080032500869645,0.001075934137885157,-189.73965868800002,0.023951387661282873,0.0033872377268241846
ARG   6,13.655420000000007,0.03409638690272083,0.004821957278574816,-5.215059999999999,0.05619729886750151,0.00794749822271548,-150.2169,0.8344871538770804,0.1180143050639091,-54.48694,0.8118619195405554,0.1148146137388508,0.35389281600000005,0.009306451657711986,0.0013161310151905863,-195.9095871840001,0.034286775108281806,0.0048488822368168375
ARG   7,11.581219999999998,0.02993278470247517,0.004233135008583429,-3.666420000000002,0.036324146239007586,0.0051370100252828175,-125.29255999999998,0.8525305897182374,0.12056603223174639,-80.93334,0.8504113501123092,0.12026632649248421,1.4021749440000002,0.008734913261965224,0.001235303280122383,-196.90892505600002,0.03239433943965123,0.004581251417967242
VAL   8,11.156699999999999,0.025386019774308634,0.0035901253459498846,-4.68192,0.06235506074087643,0.008818337258234558,-34.77978,0.07379953658151403,0.01043683055304265,-0.36602,0.04527272468054054,0.006402530124880358,0.12167467200000003,0.0025839434030200856,0.0003654247804955493,-28.549345327999994,0.04052152878163036,0.005730609557107337
THR   9,16.004419999999996,0.12874254774613353,0.018206945707704775,-4.73894,0.09287096639958477,0.013133938023298878,-30.004460000000005,0.14144980876411353,0.020004023794929004,-7.451259999999999,0.09807401490723379,0.013869760199819113,0.4683712319999999,0.010080582273925437,0.0014256096168403167,-25.721868767999993,0.046920064563605035,0.006635499165327149
VAL  10,11.553439999999998,0.06872907972642338,0.009719759667852967,-5.772960000000001,0.1044850151935423,0.01477641255514664,-22.46134,0.11073547037963401,0.015660360404664255,0.47768,0.08640727747128721,0.012219834368762957,0.000325152,0.0007305447420220065,0.00010331462820878756,-16.202854848,0.11545811354040392,0.01632824300548519
ARG  11,12.25248,0.13938726484136987,0.019712336036075574,-4.1880799999999985,0.15131263529531302,0.021398838099304554,-137.16691999999998,1.0135448453865832,0.14333688664190475,-61.21734000000001,1.0235819578325935,0.14475634869672593,1.1317527360000001,0.02237757375935365,0.0031646668303482216,-189.188107264,0.20830521398252222,0.02945880587271126
LYS  12,11.476499999999998,0.3173127952037329,0.04487480584916354,-7.667480000000001,0.16702888851927117,0.023621451945205704,16.418100000000003,3.591148675563287,0.5078651161479778,-54.42638000000001,3.3590109668769,0.47503588655172746,0.23433537599999993,0.04073743098391273,0.0057611427393687315,-33.964924624,0.5170238798574932,0.07311821829652246
ALA  13,7.753100000000001,0.23316451273721553,0.03297444161770845,-1.7932799999999998,0.09344132704537957,0.013214599199371567,-10.188939999999997,0.7393328995791102,0.10455746136934031,-1.7748000000000002,0.4442545666619501,0.06282708333195121,0.4683941280000001,0.01894957848243567,0.0026798750891113897,-5.535525872000002,0.6299988682467328,0.089095294375423
ASP  14,13.207340000000006,0.821595560114512,0.11619115838994623,-1.6552800000000003,0.30466939721606473,0.04308675935829944,-63.97682,5.000415621485856,0.7071655589407586,-16.70498,5.295795035648573,0.748938516296232,0.832535424,0.050331029158763745,0.00711788240445194,-68.297204576,0.4895267039690106,0.0692295303896774
ALA  15,7.360880000000004,0.09195708564292446,0.013004695767252798,-1.3429200000000001,0.3894743041588234,0.0550799843137232,-0.08839999999999996,0.3906502783820844,0.05524629218327688,-5.8258199999999984,0.461929288528037,0.06532666646937045,0.5951882879999999,0.077036651576789,0.010894627745970569,0.6989282880000002,0.30402198809284015,0.042995201882052615
GLY  16,6.137140000000001,0.19910740920413497,0.02815803984654573,-2.7313199999999993,0.19707515723704036,0.027870636017143267,-9.87018,0.6256546552212503,0.08848092987757548,-2.16762,0.5365684258321581,0.07588223449530201,0.13015915200000003,0.024716894906296326,0.003495496799623473,-8.501820848,0.4904273678983965,0.06935690350408517
GLY  17,4.90782,0.17408729879002288,0.024619661898574764,-3.805800000000001,0.1874136601211069,0.026504293991725106,-3.8427599999999984,0.6061431038954543,0.08572157982678755,-3.1001999999999987,0.5538866671080007,0.07833140366417662,0.074647584,0.03330691878605022,0.004710309626809145,-5.766292415999998,0.30418125879309776,0.04301772616049191
LEU  18,11.324980000000004,0.256804477375106,0.03631763747820095,-8.0572,0.20492896330195975,0.028981331922468975,-28.117059999999995,0.28317488659882406,0.040046976515152016,-1.9033999999999998,0.21828513462900037,0.030870179785676924,0.014421168000000005,0.007458011545323312,0.0010547221075731352,-26.738258831999996,0.33183272422845034,0.04692823390430856
GLY  19,5.868340000000002,0.17171413570226948,0.024284045956132358,-3.96412,0.17627508502338635,0.024929061594854342,-10.595560000000003,0.221141778956323,0.03127417030073451,-1.759519999999999,0.27689934922278686,0.03915948150831491,0.0,0.0,0.0,-10.45086,0.22854085061529814,0.03232055704964381
ILE  20,14.387039999999997,0.17948815671268928,0.025383458550843264,-8.082960000000002,0.28067653696016803,0.03969365652089829,-15.3523,0.5520281242834641,0.07806856601730555,0.4665400000000001,0.1929152363085919,0.027282334357602116,0.001877472000000001,0.0034896181580820543,0.000493506532666306,-8.579802528000002,0.5458217478818319,0.07719085184926748
SER  21,11.210460000000001,0.5802739080813439,0.08206312306998753,-5.949519999999999,0.27076028069128183,0.03829128611055568,-17.12904,2.119413050445837,0.29973026802110353,-1.03108,2.1393972313714906,0.30255645799090125,0.027240192,0.020755030705174485,0.002935204591072778,-12.871939807999997,0.665737291291941,0.09414947063225908
ILE  22,15.0634,0.32229930189188755,0.04558000438788879,-8.431200000000002,0.35283027081016005,0.049897735419550025,-7.1994799999999985,0.536173488341245,0.07582638189970813,-0.6821800000000002,0.37662313736678427,0.053262554876761146,0.0018540000000000002,0.0050209162185401975,0.0007100647811798582,-1.2476060000000002,0.34369848209102244,0.04860630547401702
LYS  23,9.335219999999998,0.21273516775571263,0.030085295943384435,-7.248739999999998,0.38066955801588603,0.05383480517286377,49.88289999999998,3.6042190901778737,0.5097135519093566,-86.93580000000001,3.6989854825340345,0.5231155436420819,0.5439824640000002,0.04328573476470687,0.006121527316153302,-34.422437536,0.572993363919537,0.08103349864047917
GLY  24,5.5481,0.35681032776531924,0.05046060047205038,-4.2030199999999995,0.24272737711269582,0.03432683486720232,-7.906779999999999,1.2423626570369957,0.17569661189675934,-6.54944,1.1107579603135878,0.15708489719893518,0.029028239999999997,0.02136056355706,0.0030208398682326732,-13.082111759999997,0.30405117653245334,0.042999329750769165
GLY  25,6.3631600000000015,0.2251370569230623,0.03183918792933582,-5.624879999999999,0.16149323701014978,0.022838592601128648,-10.716959999999998,0.8644881713476511,0.12225708964309642,3.0057999999999994,0.4793383356252685,0.06778867752066012,0.00026236799999999997,0.0011252005199856602,0.00015912738357529794,-6.972617631999999,0.563432380670409,0.07968137142242529
ARG  26,14.956440000000008,0.2740969288403316,0.03876315941708101,-5.7828,0.17393814992691056,0.02459856906407217,-178.29062,4.608241021864691,0.6517036951805096,-34.935120000000005,4.057589479678725,0.5738298072704043,0.8458663679999999,0.04483982711316211,0.006341309163789868,-203.20623363200005,0.615688583890823,0.0870715145536687
GLU  27,16.981020000000008,0.22575451180375194,0.0319265092359783,-7.1843200000000005,0.6447563707323911,0.09118232039162028,-89.64666000000001,7.310872362748526,1.03391348481776,13.219899999999997,7.954946388882832,1.124999307110898,0.19977451199999993,0.04270134379480195,0.006038881952616512,-66.43028548799998,1.0942504568414468,0.15475038366981292
ASN  28,18.52168,0.9659118684435258,0.1366005664409971,-6.73134,1.0359255303350725,0.14650199346084006,-91.78883999999996,1.8052931657785203,0.25530700791034433,1.6374000000000002,1.8837226122760218,0.2663986066029625,0.046601711999999997,0.03766697561160249,0.005326914776350484,-78.31449828800001,1.1897344086812702,0.1682538536378987
LYS  29,10.24682,0.4221521853550035,0.059701334591448656,-1.4481800000000005,0.34906754016951974,0.049365604949194994,59.96216000000001,2.5927727733834334,0.3666734420270555,-98.73449999999998,2.5715765456235666,0.3636758427501402,1.5059185919999998,0.06455157182013271,0.009128970834053257,-28.467781407999997,0.4677910375683098,0.06615564296856857
MET  30,12.98312,0.3979980723570763,0.056285427172572566,-6.913140000000001,0.26824511253701616,0.03793558761901454,0.5937799999999999,1.0918188547556777,0.15440650320501398,-6.033740000000002,0.9617423731956408,0.13601091076821617,0.26567006400000015,0.04077384202226505,0.0057662920377945254,0.895690064,0.6244750380653312,0.08831410681954462
PRO  31,18.635939999999994,0.20808396478397764,0.029427516510986667,-5.4234800000000005,0.2262224781050463,0.0319926896649807,-8.768379999999999,0.7558971594073007,0.10690000145931021,1.0084199999999996,0.3689101836490838,0.05217177850140835,0.23972313600000006,0.018291610734953865,0.002586824397902105,5.692223135999999,0.41155349373719097,0.05820245324851661
ILE  32,13.098339999999999,0.21969320517505195,0.03106931103197735,-8.118580000000001,0.2072510641709821,0.02930972657668595,-11.766920000000002,0.21193563551209965,0.029972225009137227,0.9140199999999996,0.25764211534607634,0.03643609737609144,0.00011476800000000001,0.00036468809546789433,5.157468506467102e-05,-5.8730252320000025,0.22351769038808428,0.03161017491771392
LEU  33,11.644659999999998,0.16235413268542898,0.022960341635105467,-7.931939999999998,0.2737965237179326,0.038720675717250706,-31.72952,0.326196335969397,0.04613112823243319,-0.6728400000000001,0.27100268338154854,0.03832556702776877,0.015720048000000007,0.029485689467551816,0.00416990619409333,-28.673919952000006,0.3007611859411768,0.042534054819342845
ILE  34,12.94674,0.09709723168061461,0.013731622191160774,-8.011800000000003,0.09330080385488036,0.013194726219188374,-15.577279999999995,0.3194133397342935,0.045171867705512285,-0.42169999999999996,0.2853914679873946,0.04036044846133405,0.004297967999999998,0.0015683143130686573,0.0002217931371605539,-11.059742032,0.17391880181058203,0.02459583282722035
SER  35,12.688780000000001,0.4161900666762656,0.05885816368185375,-4.202279999999999,0.6424955420857112,0.09086259093818665,-11.392599999999998,3.6782501437504362,0.5201831239092654,-2.4020599999999996,1.270716025081922,0.17970638365956842,0.2044978560000001,0.015105091821079063,0.002136182571426092,-5.103662143999999,1.709658672322884,0.24178224814278015
LYS  36,9.446239999999998,0.5808061487278233,0.08213839326405727,-6.16084,0.23818785527393335,0.03368484953209565,57.15326000000001,2.4316557059745105,0.3438880478411076,-91.00317999999999,2.5312438577904586,0.357971939336086,0.8630377920000001,0.02346013987398473,0.0033177647984959035,-29.701482207999998,0.7727254488439891,0.10927988097460066
ILE  37,12.4664,0.05207264156920125,0.007364183593575741,-6.2308,0.07872585344086185,0.011133516964546342,-15.627260000000001,0.9188207618463425,0.12994087827930773,-1.2797200000000004,0.7460449326950748,0.10550668619570976,0.2235648960000001,0.011249894125169812,0.0015909752847076554,-10.447815103999998,0.17784102037161698,0.02515051829558106
PHE  38,10.19042,0.08446326775581227,0.011944909878261984,-5.926459999999999,0.5054954088812345,0.07148784629571749,1.2626399999999998,0.3526210294352855,0.04986814422053431,-5.563740000000001,0.250249620179512,0.035390640683658166,0.3741670079999999,0.049083201779199816,0.00694141296408396,0.33702700799999996,0.5357403744530903,0.07576513034624006
LYS  39,9.481040000000002,0.05465892790723909,0.007729939715119078,-1.7883800000000005,0.0878992354915461,0.0124308290954371,41.783899999999996,0.9267841226526753,0.13106706756474634,-79.28526000000002,0.9342842139290756,0.13212774064495847,1.60656552,0.017050549123941664,0.0024113117816986994,-28.202134479999998,0.07064073143251774,0.009990108044782198
GLY  40,6.3613599999999995,0.04843088270929173,0.006849161116518099,-1.34816,0.01956973173040199,0.002767578002513759,-18.8264,0.07889512025492781,0.011157454906957518,0.14889999999999998,0.07743287415561953,0.010950662080440626,0.3263473439999999,0.00504358648187205,0.0007132708405665057,-13.337952656,0.036736051543912705,0.005195262232143842
LEU  41,11.364039999999997,0.2463759696076093,0.03484282376619025,-4.517800000000001,0.3027495995042525,0.042815258962193674,-27.875060000000005,0.33718952593433266,0.04768580006664877,-4.238339999999999,0.22115240084613094,0.03127567246279695,0.37174680000000015,0.024602390191390402,0.003479303387545911,-24.89541320000001,0.3158704767505123,0.04467083121738299
ALA  42,11.111720000000005,0.17873243018506801,0.025276582680362553,-5.731359999999999,0.06414008419092149,0.00907077769545533,-3.7234199999999986,0.12612201869621814,0.017836346935406474,-3.1322400000000004,0.14299126686618627,0.020222018890307118,0.03306455999999999,0.0080202426269534,0.0011342335896560316,-1.4422354400000001,0.12429790783354155,0.017578378703279544
ALA  43,9.470379999999999,0.058498851270919416,0.00827298688505808,-5.052859999999999,0.05446099888915256,0.007701948324942561,-7.904440000000001,0.16498559452258385,0.02333248653700263,-2.5195399999999997,0.11545773425804813,0.01632818936686004,0.0,0.0,0.0,-6.006460000000001,0.13076700042439154,0.01849324655110228
ASP  44,17.32414,0.053192484431871155,0.00752255328998719,-5.0887199999999995,0.04201573038773523,0.005941921574734653,-55.57436000000001,1.0973783624615667,0.15519273632479258,-28.28904,1.1018571224981475,0.1558261286434273,0.35895196799999995,0.006153272685960901,0.0008702041685465829,-71.26902803200001,0.03657383630049077,0.005172321532416747
GLN  45,19.914600000000004,0.06736764802146822,0.009527224149713735,-3.492659999999999,0.0371513714418318,0.005253997335379902,-73.26516000000001,0.3046489363154945,0.043083865749990964,-15.178459999999998,0.2682851624673247,0.03794125153447598,0.9349832159999997,0.0063164474055579815,0.0008932805586956446,-71.086696784,0.03833419017408797,0.005421273164678464
THR  46,15.321760000000005,0.035490595935455886,0.005019128210862515,-3.8299399999999997,0.04392922034364831,0.006212529919446351,-38.809200000000004,0.07992846801703461,0.011303592348939451,-4.3475600000000005,0.06944758023136524,0.009821370983719036,0.23659113599999998,0.004133765399720167,0.0005846027091952898,-31.42834886399999,0.02590715748441239,0.0036638253476991636
GLU  47,16.057940000000002,0.015652999712999882,0.0022136684485946595,-0.87914,0.029668845612861105,0.004195808384566168,-25.021460000000005,0.6081245665154313,0.08600180095783823,-56.548539999999996,0.6156591657720664,0.08706735420341619,1.15870392,0.008546210050121754,0.0012086166159771432,-65.23249607999998,0.03416254811799428,0.004831313887369097
ALA  48,7.6498800000000005,0.019370740822247694,0.002739436438403685,-2.2754800000000004,0.03975587503751131,0.005622329766205847,-9.386800000000001,0.05048326455393261,0.007139411740504043,2.1466000000000003,0.04752851775511239,0.0067215474408770385,0.236451168,0.005138640990667713,0.0007267135781168595,-1.629348832,0.07099902092304625,0.010040777830458314
LEU  49,10.27096,0.03726443881180909,0.005269987476188276,-7.739899999999999,0.0380080254684083,0.005375146509644503,-26.12128,0.08574148120896649,0.012125676558367828,-4.1051400000000005,0.07290871278520432,0.010310849043600061,0.060707664,0.0038031370229198633,0.0005378447957376507,-27.634652336,0.10923884653888301,0.015448705831328157
PHE  50,8.781739999999997,0.04033252285753422,0.005703880082984775,-4.14836,0.09739851333565253,0.013774229851425656,-5.43408,0.10055482882489185,0.014220600268626708,-3.5848199999999992,0.13974515233095852,0.019762948970233566,0.7674550559999999,0.012283844310510356,0.0017371979222003326,-3.6180649440000003,0.03305779583216564,0.004675078320800942
VAL  51,10.1763,0.03781547302352406,0.0053479154817421635,-3.2114600000000006,0.06832223942462962,0.009662223760601297,-19.63444,0.20278985773420735,0.02867881671194265,-7.49958,0.19687936306276063,0.027842946539473265,0.6094908,0.006172022811099698,0.0008728558366733307,-19.5596892,0.07965527212592097,0.0112649566154997
GLY  52,6.65456,0.07787609646099385,0.011013343179981289,-3.326099999999999,0.06126671200584794,0.008664421504067668,-17.12458,0.158654856843071,0.022437185028383287,-0.3638,0.11554289246855448,0.016340232556484587,0.03936095999999999,0.003372616495956951,0.0004769599989265545,-14.120559039999998,0.0793750595869215,0.011225328578199693
ASP  53,15.104139999999996,0.09823543352660125,0.013892588239892012,-7.240219999999997,0.048391028094516356,0.0068435248228442495,-102.09943999999997,1.1293762908815144,0.15971792675872593,25.51298,1.170944447700285,0.16559655187232164,2.4624e-05,0.000172368,2.4376516331912564e-05,-68.722515376,0.20024687786703063,0.028319185050242345
ALA  54,8.346219999999999,0.04444200265500956,0.006285048289373562,-5.1848800000000015,0.10959756201659694,0.015499435860689777,-5.958340000000001,0.1573510228755951,0.02225279506039457,-0.17392,0.10922982010421879,0.015447429300695956,0.0,0.0,0.0,-2.9709200000000004,0.08997596123408722,0.012724522466480198
ILE  55,12.944840000000001,0.14486771344916993,0.020487388510979535,-8.00898,0.16792075392871325,0.023747580760990147,-6.765920000000002,0.17876138732952868,0.02528067783900494,-1.38604,0.10125570798725524,0.014319719550326607,0.0005703839999999998,0.0011540710992586204,0.00016321030005143672,-3.215529616,0.19708775902349743,0.02787241817887504
LEU  56,12.035039999999997,0.049984381561602745,0.007068859031125026,-7.0746400000000005,0.09725425646207911,0.013753828848718348,-27.319220000000005,0.14474768253686576,0.020470413576571075,-5.55742,0.11445105329355437,0.016185823179563047,0.19488398399999998,0.006738233975378294,0.000952930187442316,-27.721356016,0.09086994511704567,0.012850950879662478
SER  57,9.646400000000002,0.034120375143930265,0.004825349728180403,-6.070799999999999,0.06400249995130161,0.00905132034569141,-14.748099999999999,0.07666035481331407,0.010841411347332233,-1.48954,0.0812997441570363,0.01149752008043435,0.16281273599999996,0.0045024030386358405,0.000636735944050864,-12.499227264000002,0.052618316620331,0.007441353699371374
VAL  58,11.657540000000001,0.08458633695803187,0.011962314491750925,-5.453459999999999,0.148307276962492,0.020973816247897903,-24.559140000000003,0.13491078681846347,0.01907926644290964,-3.7521800000000014,0.09516106136435107,0.013457806359128362,0.02605175999999999,0.0029821962816689793,0.0004217462427194885,-22.081188240000003,0.13491093454320582,0.019079287334343054
ASN  59,19.269600000000004,0.08768511846342154,0.012400548374926223,-2.4134399999999996,0.06265082920441924,0.008860165235481006,-88.57671999999998,0.14499283294192974,0.02050508307933735,-11.7226,0.09368521761730887,0.013249090534827302,0.588632688,0.007347653614932753,0.0010391151393857598,-82.85452731199997,0.11058563979047223,0.01563917115953916
GLY  60,6.263740000000001,0.022589209813058137,0.0031945966880918223,-1.0171800000000004,0.01326150820981502,0.0018754604767842545,-9.133939999999999,0.04256355718260111,0.006019395983047725,-6.0275599999999985,0.045862908761130874,0.0064859947579871124,0.51594552,0.007012326033257863,0.0009916926580015196,-9.398994479999999,0.04116950296032724,0.005822246944265406
GLU  61,15.418560000000003,0.05448418486048311,0.007705227316453807,-4.115,0.187176707952672,0.026470783894701668,-45.80058000000001,4.1951487892086154,0.5932836313871892,-33.68585999999999,3.8766414588405027,0.548239892755006,0.6876784800000002,0.02556603115435586,0.003615582799454313,-67.49520152,0.27022593328447303,0.03821571797558289
ASP  62,16.905679999999993,0.04383854012580619,0.006199705800055223,-2.4640199999999997,0.027291383255549334,0.0038595844335919858,-49.97836,1.7456737468379127,0.24687554882568327,-32.543200000000006,1.723017515871391,0.24367147391517205,0.6857637120000001,0.006995600471164773,0.0009893273063264836,-67.39413628799998,0.04884170452362159,0.0069072600946725
LEU  63,12.165279999999997,0.16285183941259213,0.023030727995469312,-7.51702,0.27517648809445927,0.03891583215093828,-31.84692,0.21534807544987794,0.03045481689321619,0.31554000000000004,0.1597972728177798,0.022598747044913773,0.012899232000000005,0.004566003208997534,0.0006457303664003385,-26.870220768,0.19284124797661098,0.027271870827347642
SER  64,11.602539999999998,0.050040867298943456,0.007076847320707814,-1.9780199999999997,0.19244443249936352,0.02721575264437935,-25.152419999999992,0.17934448304926714,0.025363140026506525,-0.03872,0.2796730977409161,0.03955174878560997,0.33921835199999995,0.013826332274010141,0.0019553386619781976,-15.227401648,0.056409696158248736,0.007977535735634084
SER  65,10.964079999999994,0.04197991901062947,0.005936857081215631,-0.8982800000000001,0.09804591577419057,0.013865786382315047,-13.688939999999997,0.7004436711114174,0.09905769393641661,-5.660580000000002,0.33874840752388746,0.047906259215256985,0.5587758719999999,0.011338384484703179,0.001603489711366791,-8.724944128000002,0.3151898233292908,0.04457457228742628
ALA  66,8.34084,0.07087040567103121,0.010022588887085545,-5.46556,0.0852504920807687,0.012056240209960323,-9.737800000000004,0.3336974078411715,0.04719193998977307,2.4332599999999998,0.3148141553361281,0.04452144481033826,0.024566832,0.006553001658642843,0.0009267343819906095,-4.404693168,0.17926678744091165,0.025352152208199207
THR  67,15.119760000000001,0.2505873548284376,0.03543840357575755,-6.9719999999999995,0.35898256225058367,0.05076780081902193,-33.75362,1.6414339936775693,0.23213382155990514,-1.9904400000000002,0.8535173615105898,0.1207055828369176,0.115895232,0.07180641860147446,0.010154961105164487,-27.480404768000007,0.7883739501096189,0.11149291324666727
HIE  68,30.85826,0.2754482753623188,0.038954268674967006,-11.521299999999997,0.5501093800328091,0.07779721460310536,-25.639499999999998,1.8872710059766395,0.2669004252525678,-0.9263999999999999,1.1834902618948753,0.16737079793082188,0.024350687999999995,0.01620588289727702,0.002291857938355935,-7.204589312,1.021966003441362,0.14452781823510033
ASP  69,15.979240000000003,1.9376268532408385,0.27402181746714965,-5.184900000000002,0.8965350467215306,0.1267892022216385,-83.04861999999999,13.157692371977737,1.8607787001983933,0.2120200000000001,11.902777538860416,1.683306942536625,0.22754808000000004,0.10590479096634664,0.014977199170489505,-71.81471192,1.1177573597347108,0.15807476175791704
GLU  70,17.700879999999994,0.2271518998384351,0.03212412974703298,-5.62908,0.21952100947290754,0.03104495888224185,-74.02738000000001,5.326087190010911,0.7532224738495038,-8.243500000000001,5.014192558129372,0.7091139120056801,0.5565389759999999,0.03166606345658266,0.004478257640726625,-69.64254102400001,0.4419817040398659,0.06250565201739497
ALA  71,9.353340000000001,0.08956106520107215,0.012665847306793728,-6.461759999999999,0.1988281227593574,0.028118542778746588,-6.172719999999999,0.36277155566557606,0.05130364540654438,0.15636,0.32960405094597967,0.0466130519060917,0.0,0.0,0.0,-3.12478,0.29353086992683053,0.04151153372256966
VAL  72,12.962520000000001,0.13608927070111856,0.019245929231898534,-5.353539999999999,0.3693013517440928,0.05222709802392129,-32.38260000000001,0.4113999027702486,0.058180732205665824,1.1469800000000006,0.40127838167536367,0.056749332965242656,0.13029191999999998,0.0327694528928879,0.004634300471266832,-23.49634807999999,0.40390253511051133,0.05712044430301603
GLN  73,21.442819999999998,0.6594519448755232,0.09326058841762795,-5.509539999999999,0.5369009297812741,0.07592925765474026,-80.8876,7.3005285616864235,1.0324506504429085,-6.826419999999997,6.387957482920503,0.9033936108208873,0.5397190560000001,0.1500294815178349,0.02121737275183257,-71.241020944,1.1808980183337967,0.1670041993307167
ALA  74,9.24588,0.06828898593475471,0.009657521006963564,-5.524399999999998,0.14857011812615525,0.021010987601738154,-5.7984399999999985,0.4086977445496973,0.05779858932534766,1.25888,0.3336565683453572,0.04718616441288696,0.040792896,0.0070718211518380715,0.0010001065383606323,-0.7772871039999998,0.20377096542384135,0.028817566292025545
LEU  75,13.14728,0.26291725238180336,0.03718211441002162,-7.51488,0.34695888171366973,0.04906739561052741,-28.661419999999993,0.31920934134261386,0.04514301797629072,-0.64744,0.27173105527340785,0.03842857436856065,0.014397552000000001,0.008276664489762522,0.0011704971172633951,-23.662062448,0.3647599013196918,0.051584839945617994
LYS  76,11.73754,0.7220570395751361,0.10211428581741241,-4.84688,0.279800832021636,0.03956981314082739,69.01607999999996,4.558016247624085,0.6446008394906905,-100.96934000000002,4.315077995169528,0.610244182346645,0.8946540000000003,0.060518525048566627,0.008558611889849879,-24.167945999999997,0.8776211337849982,0.12411437100239969
LYS  77,10.78338,0.17428091002754986,0.024647042662368616,-2.9770000000000003,0.13191952092089904,0.018656237562809666,30.74646,5.092440193895292,0.7201797987780595,-75.15,4.893348979993082,0.6920240492930767,1.2564197280000005,0.05079910589236932,0.00718407845094157,-35.340740272,0.4695101740846296,0.0663987655862636
THR  78,14.311000000000002,0.12086571060441684,0.01709299271626279,-3.9033,0.12777828454002835,0.018070578297327645,-43.353680000000004,0.500041495877433,0.07071654652191958,-1.7175200000000002,0.5628178476203473,0.07959446332503291,0.092606544,0.00644950817833916,0.0009120981936443434,-34.57089345600001,0.18912743723577102,0.026746658675569367
GLY  79,5.4711,0.0596440273623063,0.008434939241032554,-2.3657999999999992,0.15338722241438846,0.021692229023316655,0.14586,0.5153040271529032,0.07287499439451094,-4.0582199999999995,0.2996528184416174,0.0423773079843458,0.30623025600000003,0.010817471930244868,0.0015298215514342555,-0.5008297440000001,0.4099540425775571,0.057976256696285845
LYS  80,10.476700000000001,0.06513132886718423,0.009210960861935421,-2.79508,0.13200997538064888,0.018669029755185203,39.783739999999995,2.6205647697397048,0.37060382384430174,-82.70802000000002,2.6382716576569316,0.373107955948298,1.2578142239999999,0.043779827345346106,0.006191402559014096,-33.984845776,0.13322724782073375,0.018841178074572303
GLU  81,15.642460000000003,0.10765244261032453,0.015224354436211222,-3.7226599999999985,0.049281481308995616,0.006969453924101779,-81.27759999999998,1.0465425361647898,0.1480034648244581,-4.9536799999999985,1.0532308282613143,0.14894933216365988,0.6314856480000001,0.009805930943135453,0.0013867680531476152,-73.67999435200001,0.09564599046884725,0.013526385690765157
VAL  82,12.684920000000002,0.09771281185176359,0.013818678373837457,-5.846400000000001,0.10242714483960175,0.014485385738731815,-28.669,0.1879926594301987,0.02658617685927733,0.33875999999999995,0.05920289182126223,0.008372553254533623,0.0,0.0,0.0,-21.49172,0.1203714318266274,0.01702309114114849
VAL  83,12.001320000000003,0.05264995346567484,0.00744582782494697,-4.118260000000001,0.04371993138134329,0.006182931990551675,-28.889660000000003,0.08553797051660804,0.012096895800245703,-1.22274,0.08001170164419916,0.011315363361377612,0.34922059199999994,0.008796347231435492,0.00124399135540391,-21.880119408,0.05207879152961314,0.007365053329317996
LEU  84,11.541520000000002,0.10061933015073547,0.014229722133606617,-6.798500000000001,0.09360924099676492,0.013238345818107648,-38.101960000000005,0.06253605680309247,0.008843933966826763,1.4988400000000002,0.05604582410848259,0.007926076456859306,0.0013605120000000004,0.0026441780019234714,0.0003739432391648765,-31.858739488000005,0.0797814848907156,0.011282805795871416
GLU  85,15.638839999999998,0.05494483051248945,0.007770372449305363,-5.8418399999999995,0.05052894615966418,0.0071458720951417,-89.35974,0.958049660717295,0.13548868236133407,6.967180000000002,0.9640053669974881,0.13633094642083005,0.235642896,0.007227235722541093,0.0010220854777284929,-72.35991710400002,0.10571630057427175,0.014950542603604573
VAL  86,11.519700000000002,0.01634166454075012,0.0023110603625280317,-6.588620000000001,0.029503145594996356,0.0041723748633111886,-25.846380000000007,0.06015143888350711,0.00850669806653121,0.73572,0.05268663587666312,0.007451015501258987,0.0,0.0,0.0,-20.179579999999998,0.03586758425073415,0.005072442409694786
LYS  87,9.42238,0.024940641530931482,0.0035271393507328975,-7.384740000000001,0.058145613763920835,0.008223031557744455,51.945159999999994,0.8718630938398291,0.12330006118408526,-90.93090000000001,0.8554402901415933,0.12097752601186167,0.6002082719999999,0.006672045069597234,0.0009435696626188949,-36.34789172799999,0.05869436333961237,0.008300636466973401
TYR  88,10.58714,0.037618086075679735,0.005320000751874476,-4.184300000000001,0.09293314801510075,0.013142731831698175,-28.26655999999999,0.0751415091709506,0.010626614136674062,-6.205439999999999,0.06838484042545744,0.00967107687904018,0.754804368,0.011637334801082859,0.0016457676705567783,-27.31435563199999,0.09748651188654187,0.013786674725839344
MET  89,13.0056,0.033249962406195044,0.004702254778323658,-6.81388,0.05600201424931916,0.007919880807159847,-1.3272199999999998,0.20431145733903439,0.028894003391707446,-2.4791400000000006,0.21245780851735033,0.030046071423730288,0.517357008,0.009242407878551868,0.0013070738570831997,2.9027170080000007,0.047680864774344155,0.006743092562955507
LYS  90,7.2903600000000015,0.024942942889116193,0.003527464811928567,-4.245240000000001,0.13272430975518254,0.018770051891238683,-2.801400000000001,1.1152451569049713,0.15771948262659208,-110.05298,1.1275382652476829,0.15945799068079053,1.267295904,0.040390957191410275,0.00571214394573235,-108.54196409599999,0.09353791642244544,0.013228259000074339
GLN  91,15.80508,0.9342980432388786,0.13212969640470665,-3.216160000000001,1.1403273978993915,0.16126664716549402,-68.41098,8.603276660645125,1.2166870534332248,-98.20680000000002,6.929604231123098,0.9799940285532268,1.040102928,0.12842429593592994,0.018161938105080808,-152.988757072,0.9174956595769378,0.12975348051921537
PRO  92,18.024640000000005,0.2342577862095735,0.03312905383490758,-6.331360000000001,0.4010689097898133,0.05671970916709453,-6.746059999999999,1.0977781089090772,0.15524926900955055,-1.0507400000000002,0.7235929742610823,0.10233149978379084,0.186004368,0.043468128595583334,0.006147321699085171,4.0824843679999985,0.8939326191846501,0.12642116338986353
ASN  93,19.96732,0.5351013526427036,0.07567475901514997,-6.3848,0.4258503493012459,0.06022433395231418,-92.35542000000004,2.973227970336842,0.42047793196773925,-5.1975,2.829322535519767,0.40012663020598876,0.18246326399999993,0.05652722668043716,0.007994157061481249,-83.78793673599999,1.3877118361338496,0.196252089932616
VAL  94,10.525440000000001,0.18528790138592996,0.02620366630836307,-5.948099999999999,0.43141591301204035,0.061011423520519886,-28.841679999999997,1.2124967866349072,0.17147293999928825,-0.5708000000000001,0.6274505876959554,0.08873491308385892,0.08563392000000002,0.0323047384854667,0.004568579929506308,-24.74950608000001,0.5913502281741095,0.083629551279625
ILE  95,13.975720000000003,0.35452757523201206,0.050137770512835925,-7.3380600000000005,0.38217024530960064,0.05404703440522899,-15.448959999999998,1.0092894720545258,0.14273508597398912,1.3945600000000002,0.5123095220664944,0.07245150742393147,0.020918448,0.005340535749987638,0.0007552658087970886,-7.395821552000004,0.6371993030011102,0.09011358962388531
SER  96,10.865579999999998,0.8720490144481832,0.12332635432867117,-5.012980000000001,1.0469832565996409,0.14806579210607623,-12.803500000000001,4.588536382115757,0.6489170383030478,-2.54906,2.4579568947400197,0.34760759762697935,0.03547411199999999,0.028067962858523532,0.003969409374270828,-9.464485888,1.3652328850075603,0.19307308617754398
VAL  97,11.443499999999998,0.2920588468099801,0.041303358216972,-6.105640000000001,0.4840726292613392,0.0684582077474989,-21.248020000000007,1.5972484276404173,0.22588503888481792,-0.9766199999999996,1.170934787082526,0.16559518565465606,0.022521456000000006,0.015003550899332595,0.0021218225165591203,-16.864258544,0.7503725399846402,0.10611870228786256
ARG  98,13.07504,0.7137062689930636,0.10093330851606908,-6.49532,0.6652558136536584,0.0940813794116552,-119.37781999999996,11.075920176112401,1.5663716528819955,-83.50204000000002,9.772297909826273,1.3820116239626563,0.9264736800000002,0.22105786326737806,0.03126230283019433,-195.37366631999993,1.982791929326991,0.2804091237818146
LEU  99,11.165239999999999,0.20086269539172147,0.02840627479977883,-6.7302599999999995,0.3086014782854934,0.04364283959597309,-34.889379999999996,0.43351613072677986,0.06130843915813197,-1.43446,0.4802833001469026,0.06792231568490575,0.06362280000000002,0.010774522196218099,0.0015237475417981582,-31.825237199999997,0.2699979650160494,0.03818347839388335
PHE 100,9.47138,0.15137409157453852,0.02140752932966192,-6.1769,0.33453916063743944,0.04731098181183783,-3.264460000000001,0.2783736488965753,0.03936797896768229,0.08660000000000002,0.2911997252745957,0.041181860084265255,0.5349310559999999,0.040041721681167625,0.005662754586227606,0.651551056,0.30447432730815305,0.04305917230736148
LYS 101,11.859059999999998,0.14776622212140936,0.020897299538473236,-8.522440000000003,0.43319423634202575,0.06126291641767487,42.90738000000002,5.944971097961572,0.8407458754653324,-72.74806000000001,5.257871939901208,0.7435753806629223,0.35005291199999994,0.08073737092185429,0.011417988494803348,-26.154007087999993,0.46059194367839934,0.0651375373469777
ARG 102,12.0336,0.141521729780375,0.020014194962590666,-6.581480000000003,0.2701841771828476,0.03820981277105984,-121.34176000000001,2.3869720447457317,0.3375688238684852,-78.9706,2.2677774053021027,0.32071215630215005,0.6452220959999999,0.010670506560443074,0.001509037509516968,-194.215017904,0.22583056941172283,0.03193726540604971
LYS 103,10.844620000000004,0.3206385435344718,0.04534513768860061,-1.6846399999999997,0.2309785063593604,0.032665293631008764,48.48660000000002,2.129920946889565,0.3012163089873767,-89.19764,2.025809228529998,0.28649268857676996,1.420790112,0.05043787638397892,0.007132992883952062,-30.13026988799998,0.14419016198309845,0.020391568263727126
VAL 104,9.929079999999999,0.025647487206877297,0.003627102424875632,-0.05611999999999999,0.024733491464004873,0.003497843907323487,-28.636659999999992,0.14641401709067825,0.02070606886911633,-2.7698600000000004,0.1324602597007781,0.01873270957443027,0.9787852799999999,0.008661549486166108,0.0012249280754501823,-20.554774720000005,0.043912476597513385,0.006210161996159457
GLY 105,5.240080000000001,0.02594905778622348,0.0036697509452080406,-1.67106,0.15310498489598642,0.021652314610683187,-10.27586,0.13000184767921963,0.018385037612151368,-3.4846800000000013,0.12469810583961956,0.01763497524806256,0.267524928,0.025925781857533896,0.003666459231805077,-9.923995072,0.0649371752545312,0.009183503394715657
GLY 106,5.826219999999999,0.2648201872969888,0.03745123004655848,-3.14386,0.07235993642891585,0.010233240347022776,-6.358499999999998,0.4794997497392917,0.06781150492358112,-1.98042,0.1660978133510499,0.023489778032156967,0.15361574399999997,0.009337364879068702,0.0013205028048805174,-5.502944256000001,0.09567692980096008,0.013530761173073629
LEU 107,10.625879999999997,0.14217181717941682,0.020106131204235943,-6.875040000000001,0.1798573835014201,0.025435675104064727,-28.846220000000002,0.10830480875711937,0.015316612941454255,-2.31496,0.1918439949542315,0.027130837952410978,0.13164479999999995,0.017927282356721315,0.0025353005845367184,-27.278695199999998,0.19996483662062992,0.028279298394661496
GLY 108,5.878240000000001,0.07753310518733197,0.010964836888882465,-4.243060000000001,0.1356963389336418,0.01919036028843325,-9.973919999999998,0.15554328529397093,0.021997142359880126,-3.5252399999999993,0.07557818732945366,0.010688369754088777,5.7312e-05,0.00029641958413033375,4.192005960301106e-05,-11.863922688,0.17430376056780258,0.02465027421676191
PHE 109,8.81494,0.1229912858700712,0.01739359445311611,-8.3523,0.2118631869863168,0.02996197924036362,-6.696420000000001,0.21508836230717424,0.03041808790834238,-1.02872,0.26334434036067644,0.037242513771226504,0.12251649599999995,0.008189876373010467,0.0011582234240870375,-7.139983503999999,0.2504715329034661,0.035422023882046065
LEU 110,10.369299999999999,0.022204729227025356,0.003140222922168151,-3.9035599999999993,0.05102554654296334,0.007216101994855835,-30.407779999999992,0.145599353022356,0.020590857971696394,-0.47613999999999995,0.10425257982419434,0.014743541229975931,0.6835416480000002,0.0074061061378752225,0.0010473815744557764,-23.734638352000005,0.11281750279651116,0.015954804252789067
VAL 111,12.188299999999996,0.16832162665588768,0.0238042727257457,-5.082619999999999,0.11325791627967174,0.016017088124882832,-20.75144,1.2235990545926987,0.17304303779118915,-4.248420000000001,0.5504463675963237,0.07784487184137272,0.240886368,0.05168049519563632,0.007308725721582646,-17.653293631999993,0.5671636381755495,0.0802090509192729
LYS 112,9.730640000000001,0.03971234568749776,0.0056161737864908025,-5.936559999999999,0.17223462601932743,0.02435765440267908,16.55996,2.269107762623875,0.32090029723887536,-59.21754000000003,2.2158095875767123,0.3133627970387321,0.892358352,0.013345620795002755,0.0018873557926581302,-37.971141648,0.27865775733433373,0.039408157968268555
GLU 113,15.213260000000005,0.04579423981067812,0.006476283501882692,-4.079340000000001,0.21837212367880546,0.030882481895078157,-46.205999999999996,1.264309123592979,0.17880031096172325,-33.447720000000004,1.226357762482057,0.17343317800236477,0.7663322880000001,0.03261077336537851,0.004611859797279358,-67.75346771200002,0.09237157583723431,0.013063313532679163
ARG 114,12.669420000000002,0.08111894723122495,0.011471951533982575,-9.051099999999996,0.07683052778721296,0.01086547744009595,-129.55197999999996,1.913564762323885,0.27061892393576864,-72.80272,1.8861690278448224,0.2667445820106224,0.4722989759999998,0.014180765979012622,0.002005463157235863,-198.26408102400003,0.16026174232755716,0.022664432952917365
VAL 115,12.60088,0.027692338290311765,0.003916288038398267,0.34313999999999995,0.022535314508566346,0.0031869747410357705,-28.60973999999999,0.1332702232323797,0.01884725571557213,-6.775799999999999,0.10970834061287611,0.015515102320017642,1.2249573120000001,0.006218287819385772,0.0008793986968914778,-21.216562687999996,0.06372927857792113,0.009012681008514921
SER 116,10.246560000000002,0.04035054398549213,0.005706428655341509,-2.34868,0.05229204145947085,0.007395211423615985,-4.58064,0.386486520334146,0.05465744787309342,-5.532859999999997,0.16243484970916752,0.02297175674607401,0.45976464,0.008803304767096728,0.0012449752995331914,-1.7558553600000002,0.21932389004488695,0.031017081985390455
LYS 117,11.415960000000002,0.18594407331224397,0.02629646303210725,-4.136699999999999,0.07879067203676779,0.011142683698288757,37.43636,1.2857822017744946,0.18183706280074297,-63.10222000000002,1.130697931190645,0.15990483492370108,0.9440202240000001,0.007839699207359876,0.001108700894397394,-17.442579776,0.5134139664018373,0.07260769943972428
PRO 118,20.523020000000002,0.09704833641022641,0.013724707355708883,-5.5912,0.2981900736107882,0.04217044462654082,-2.7298999999999993,0.40218857517339346,0.05687805376417241,1.0325600000000001,0.2780612997164463,0.039323806123008835,0.14490359999999997,0.019021375362260146,0.002690028701229774,13.379383599999999,0.1879369352543186,0.02657829627074916
PRO 119,19.415000000000003,0.05562301681677109,0.007866282476238442,-8.46546,0.1597210330544658,0.022587965114186693,-8.015060000000002,0.11009603262592683,0.015569930250305649,-1.9322999999999997,0.0857634537550865,0.012128783945640107,0.03352809600000001,0.005003554603717623,0.00070760947806518,1.035708096,0.22384695183118375,0.0316567395175537
VAL 120,11.493979999999999,0.4926969246910326,0.06967786730375737,-7.447179999999998,0.1556928630349544,0.02201829584687292,-28.412180000000006,0.23079789340345108,0.03263975110183004,0.72852,0.16185329653732758,0.022889512707788294,0.00029016000000000003,0.0007384409999451547,0.00010443132771347877,-23.636569840000003,0.5374690939451761,0.07600960820136471
ILE 121,13.803060000000002,0.06640072589852386,0.009390480711711086,-7.79164,0.0711232057770024,0.010058340220928925,-14.904259999999999,0.19591547258967384,0.02770663184150511,0.47902000000000006,0.10419932629340715,0.014736010043427583,0.223243632,0.01118212085524722,0.001581390696958565,-8.190576368,0.23032776271936425,0.03257326458287771
ILE 122,12.916700000000002,0.05658029692364281,0.008001662327251236,-8.539099999999998,0.10413630490865977,0.014727097473724655,-15.817599999999997,0.12347598956935193,0.017462141907641632,-0.41964,0.145303648956246,0.02054903910162223,0.0027332640000000004,0.0013081366836473923,0.0001849984639451905,-11.856906735999992,0.10877026038271359,0.015382437741608652
SER 123,12.490140000000004,0.07193914372485145,0.010173731272119225,-4.538679999999999,0.07372284313564752,0.010425984461913694,-9.43546,0.19073156110091774,0.026973516048151052,-9.272580000000001,0.26502385477534085,0.03748003297756846,0.340698384,0.01276153228917522,0.0018047532040013764,-10.415881616000004,0.0691218721950937,0.009775308911492125
ASP 124,15.124520000000002,0.1464280355669489,0.020708051381042904,-3.232780000000001,0.07869848537292587,0.01112964653526124,-50.131819999999976,0.8334400203991172,0.11786621802729405,-31.174559999999992,0.9179003902387957,0.12981071807832611,0.5672976479999999,0.004283519475312423,0.0006057811336676112,-68.84734235199998,0.054393687834393564,0.0076924291042887805
LEU 125,10.763340000000003,0.08625812657321157,0.012198741246473086,-5.997579999999999,0.21974021843988015,0.031075959711650496,-24.79826000000001,0.13652440221224338,0.019307466120343397,-6.36134,0.10748964787367134,0.015201331783765431,0.292808016,0.02285758649110016,0.0032325508818829888,-26.101031984000002,0.2849908540970225,0.04030379310163012
ILE 126,12.925380000000002,0.10212245394592566,0.014442295939314986,-3.73288,0.23172126704296667,0.03277033585424412,-5.662240000000001,0.06975401350457903,0.009864707192813169,-1.7686199999999996,0.08052152258869498,0.011387462930786397,0.4209091199999999,0.025927196321021997,0.003666659267149912,2.1825491200000005,0.3224523024998682,0.045601641941374546
ARG 127,11.377160000000002,0.0944896523430373,0.013362854784744204,-1.9190600000000009,0.02985391766581041,0.004221981525295881,-130.415,0.8213835401374887,0.1161611742372462,-75.42300000000002,0.8210496209103899,0.11611395092727617,1.813676112,0.007235795131664492,0.0010232959609753139,-194.566223888,0.060025576300413455,0.008488898409330573
GLY 128,5.351700000000001,0.035024134536100406,0.0049531606071333105,-2.1130800000000005,0.13194799581652497,0.018660264521167803,-21.2085,0.8460603110890219,0.11965099665276946,2.191800000000001,0.3712513973037612,0.05250287611169414,0.251688096,0.007895120456205112,0.0011165386425734526,-15.526391904,0.3908613259333903,0.05527613881421312
GLY 129,4.60322,0.0378075600904985,0.005346796424021874,-3.0929600000000006,0.08615543163375622,0.012184217988856601,-6.986880000000001,0.2472538485038752,0.03496697459031229,-5.125020000000001,0.14019008381474096,0.019825871784102757,0.019234223999999998,0.007067560795481285,0.0009995040329866013,-10.582405776,0.19817913879694105,0.028026762586605403
ALA 130,10.280979999999998,0.08870952372786003,0.012545421156759754,-5.521600000000001,0.4874770558703111,0.0689396663757501,-4.168279999999999,2.255184294375963,0.3189312214757285,-4.147220000000001,0.14777811610652686,0.02089898160197962,0.05960606399999998,0.00862975659461534,0.001220431881608367,-3.496513935999999,1.815905321675733,0.25680779338992993
ALA 131,9.346000000000004,0.08559626160016351,0.012105139404338659,-5.989180000000002,0.5467709096138818,0.07732508358870252,-6.788279999999998,1.7051207703855014,0.2411404918963236,-2.2898199999999997,0.30786118235334875,0.04353814594123223,0.00042768000000000016,0.0006618770109317894,9.360354454827018e-05,-5.720852320000001,0.9108045756483438,0.12880721835533593
GLU 132,17.23712,0.10113943642345141,0.014303276268081639,-7.501599999999997,0.09703669409071089,0.01372306088309325,-54.62299999999999,1.5753491168628067,0.2227880086539859,-23.75386,1.54012900771338,0.2178071330512479,0.4897162079999998,0.012554776819489294,0.001775513565068911,-68.151623792,0.1763333578038787,0.024937302610503292
GLN 133,20.439140000000002,0.3282154176754259,0.046416669505653735,-3.5084799999999983,0.07137793496602017,0.010094364368313048,-80.0872,1.1635374854305855,0.16454904922254215,-8.164139999999998,0.7608948944499703,0.10760678792715926,0.9149978879999998,0.02221440137756856,0.0031415907708157026,-70.40568211200002,0.7045859883150563,0.09964350605332035
SER 134,11.50708,0.14057522399074937,0.019880338830135343,-2.89528,0.22333625231922552,0.03158451569994283,-12.916219999999994,2.5135072491640256,0.3554636040890855,-5.218040000000001,1.4391025392236585,0.20351983286156566,0.34992417599999986,0.07539797380293611,0.010662883712756357,-9.172535824,1.2424235670299717,0.1757052258705744
GLY 135,6.01992,0.24660501535857574,0.03487521572693232,-2.03314,0.4720747826351252,0.06676145600569248,-8.066419999999999,1.407561964390912,0.19905932199221432,-2.2474000000000003,0.6435174900498039,0.09100711620527258,0.31742510399999996,0.0908654068724178,0.012850309074952269,-6.0096148959999995,1.1613201385106577,0.16423546901387734
LEU 136,10.952300000000003,0.6817666829641535,0.0964163689422024,-5.86892,0.250340635135404,0.03540351214215829,-31.578900000000004,0.5829833359539696,0.0824462940343614,-0.17606000000000002,0.24035460553107776,0.03399127429208855,0.12590193599999996,0.023830807332138538,0.0033701850931410512,-26.545678064,0.784627072410774,0.11096302472084131
ILE 137,11.500779999999997,0.14177493290454554,0.02005000329181439,-6.516900000000001,0.2964550050176086,0.0419250688729286,-10.08044,0.22310017122370038,0.031551128791231675,-2.2091800000000004,0.5723338078429389,0.0809402233256121,0.011679264000000002,0.013738214374186479,0.001942876909076352,-7.294060736000001,0.7772408809557644,0.10991845950784541
GLN 138,18.575419999999998,0.18179252899980144,0.025709346004962337,-5.655460000000001,0.4160518337899702,0.05883861459959726,-73.88145999999998,1.5224976218055657,0.2153136785438214,-11.079399999999998,1.3513332527544937,0.19110738133311544,0.6716021759999999,0.06032294434894473,0.00853095260205551,-71.369297824,0.44282111065838015,0.06262436203981983
ALA 139,7.146519999999999,0.05810791340284506,0.008217699921550482,-3.0266200000000003,0.12241828131451023,0.01731255937173852,0.32049999999999995,0.1712821356709451,0.024222951925807906,-5.126519999999999,0.1908448836097292,0.026989542271039384,0.436452192,0.012608273643280408,0.0017830791584438387,-0.24966780799999996,0.1029598048286027,0.014560715236789682
GLY 140,6.212479999999999,0.08345207966253962,0.011801906286700347,-2.503840000000001,0.13738433098426925,0.01942907841355078,-10.972579999999995,0.18498779311096755,0.02616122458909985,-2.92684,0.396503334664417,0.05607403934085767,0.1838406239999999,0.020660918375431957,0.0029218950977619364,-10.006939376000004,0.14188807287958066,0.02006600370052851
ASP 141,13.199539999999995,0.12447284201857782,0.01760311813297964,-6.829079999999999,0.17377926688764778,0.02457609960917652,-87.61358,2.4892528846225837,0.3520335189609607,11.493780000000001,2.455622343032404,0.3472774421582822,0.010475567999999998,0.0031598818781365897,0.0004468747807557733,-69.73886443199999,0.3228253711504445,0.04565440181590867
ILE 142,12.60886,0.05383345056744998,0.007613199590182935,-6.7783799999999985,0.16247250721278259,0.022977082321307764,-11.827860000000003,0.22398580401429238,0.03167637618160543,-0.89634,0.1796309115937453,0.025403647139731703,0.16267276800000002,0.022557809824443786,0.0031901560591161447,-6.731047232,0.15936252202449838,0.02253726399810267
ILE 143,13.88536,0.09137105887508373,0.012921819066953397,-8.796200000000002,0.16190861620049132,0.022897336089579504,-9.401379999999998,0.17957281420084745,0.025395430927634237,0.10974,0.12183592409466103,0.017230201623892858,0.0,0.0,0.0,-4.2024799999999995,0.20512544844557848,0.029009119117960017
LEU 144,12.931059999999997,0.3566736553210059,0.05044127206961532,-6.54072,0.17237598904717297,0.02437764615379881,-32.890859999999996,0.3095755810777093,0.04378059853396282,-1.1912000000000003,0.20596193823131215,0.02912741663793713,0.22106620800000001,0.03628974152278228,0.0051321444636532754,-27.470653792000004,0.34126101898581224,0.048261596135899795
ALA 145,7.029379999999998,0.05968513717871987,0.008440753047024428,-5.8521399999999995,0.10356640575011894,0.01464650156180531,-5.91588,0.16623689602494296,0.02350944729252804,0.71702,0.12078236460675885,0.017081205812237047,0.07165180800000001,0.018519421731315842,0.002619041737973389,-3.9499681919999996,0.10275407592492576,0.014531620776214473
VAL 146,11.29794,0.23359498367897624,0.033035319402112996,-5.65968,0.2580485566710091,0.03649357685949433,-27.293960000000002,0.32069056487451314,0.04535249461706253,-1.6077399999999997,0.17504157334759662,0.024754616700729603,0.008785872000000002,0.009549318477358265,0.0013504775702100052,-23.254654128000002,0.5956030986846022,0.08423099799512053
ASN 147,22.253680000000003,0.9791825455960322,0.13847732360209203,-4.06006,0.3841196902008569,0.054322727545660345,-94.91248,1.6295701671299925,0.23045602311938265,-5.12654,0.6502320881039291,0.09195670376867537,0.512773344,0.06144372161446048,0.00868945444298469,-81.33262665600002,0.6153796177034542,0.08702782013641952
ASP 148,14.12574,0.3512996902930917,0.04968127864699582,-0.9292999999999999,0.10398273895219445,0.01470537996788945,-59.40372,3.851582713846337,0.5446960510523261,-17.9438,3.601328260517247,0.5093047268580997,0.8069402880000002,0.04034637076095764,0.005705838472267958,-63.344139712000036,0.15814461557471612,0.022365026016204295
ARG 149,15.05142,0.20415592962220339,0.02887200845106071,-4.2486000000000015,0.19573471843284865,0.02768106934350136,-148.88988,1.7903840218222755,0.2531985365517149,-47.80500000000001,1.497899475932719,0.21183497539356028,1.0445021279999998,0.03191136782031905,0.004512948916537155,-184.847557872,0.22845167927769555,0.03230794631814256
PRO 150,19.274900000000002,0.12650996008173157,0.017891210132286364,-4.58158,0.14685122948071475,0.020767900038279045,-1.13192,0.43601857024672735,0.06166233754894478,-6.421179999999998,0.529540883785222,0.07488838996800959,0.5963117759999998,0.016560418148187407,0.0023419967943736166,7.736531776000001,0.11723682798409162,0.016579791214470396
LEU 151,11.875659999999996,0.08642629461028306,0.012222523798351502,-8.74684,0.12636983184282308,0.01787139300669278,-29.904280000000004,0.359296425809711,0.05081218782922718,-0.49574000000000007,0.1794693076823999,0.025380792895415984,0.0,0.0,0.0,-27.271200000000004,0.2176891361545575,0.03078589287310585
VAL 152,13.44354,0.07464856596048199,0.010556901439301618,-2.9608000000000008,0.37714904215706857,0.05333692904545485,-30.373539999999988,0.19872888164728736,0.028104507966083145,-1.7703199999999994,0.20245734760685022,0.028631792678769166,0.5965695360000002,0.046307048602012825,0.00654880561664366,-21.064550463999993,0.37854272980355524,0.05353402624259218
ASP 153,13.140220000000005,0.019861812604445226,0.0028088844758519323,-1.8853799999999996,0.0473746303415824,0.006699784474147776,-61.82578,1.8919065863829736,0.26755599532057867,-20.70966,1.6973904749349775,0.24004726302959542,0.7445784959999999,0.01617074192733653,0.002286888254727456,-70.53602150400002,0.2936682676191492,0.041530964690561244
LEU 154,11.478920000000002,0.26978241899714295,0.038152995583558044,-6.808040000000001,0.24069341162562422,0.03403918870948077,-32.031259999999996,0.36379119340624794,0.051447843958700945,1.5608400000000002,0.1760261753262856,0.024893860447909734,0.2861029439999999,0.02768026575661667,0.0039145807243098855,-25.513437056,0.32134383168801084,0.045444880495812204
SER 155,11.469679999999999,0.0886499723635967,0.012536999322059851,-3.7644199999999994,0.07152288864416761,0.010114863914068246,-11.134600000000002,0.6142250727542091,0.08686454282386036,-4.93078,0.6700127548039679,0.09475411248067304,0.4270523039999998,0.01482473724482593,0.002096534447025038,-7.933067696000002,0.15942756001172737,0.022546461758463535
TYR 156,11.27382,0.277777298568508,0.039283642295494456,-7.952500000000003,0.34563351978643103,0.04887996112927202,-26.619939999999996,2.0931570262166264,0.2960171054652089,-3.114239999999999,1.1185987763268863,0.15819375603354308,0.4290742080000002,0.03476950468812244,0.004917150508693766,-25.983785792000003,1.1132901019508026,0.15744299610345505
ASP 157,13.770640000000004,0.04152722480402927,0.005872836452557459,-3.9471599999999993,0.12319827271517644,0.017422866813474176,-39.69398,1.0362748185684871,0.14655139027652728,-38.604099999999995,1.0862256901768659,0.15361551028461992,0.714476304,0.017250814194081407,0.002439633539524822,-67.760123696,0.18783975803986272,0.026564553337285447
SER 158,13.408540000000002,0.053544079037072645,0.007572276275900507,-5.293539999999999,0.04872297609958607,0.006890469359921478,-6.6907200000000016,0.42780406917183356,0.06050063166612047,-9.422519999999999,0.35539162848898526,0.050259966096298334,0.34310519999999994,0.008804651085421214,0.0012451656976965673,-7.655134800000001,0.13768074233073208,0.01947099730817168
ALA 159,9.24846,0.05494623189974699,0.007770570635391938,-6.501999999999999,0.14622352751869436,0.020679129575497304,-5.475940000000001,0.2727971708064196,0.03857934587314483,0.07843999999999998,0.17791921312775635,0.025161576421202224,2.376e-05,0.00016632000000000002,2.3521199969389318e-05,-2.6510162400000006,0.20666031250131225,0.029226181674361786
LEU 160,13.386979999999996,0.09191811355805765,0.012999184282155539,-5.5623400000000025,0.10354817429572172,0.014643923244798275,-39.35894,0.3460333168924155,0.0489365009782201,2.8682400000000006,0.21680198892076138,0.030660431308120222,0.162143424,0.03133888134337002,0.004431987102539504,-28.50391657599999,0.3093716708801904,0.043751761277279075
GLU 161,17.563,0.09028266721877916,0.012767897242801432,-3.8810999999999996,0.14133255109847156,0.019987441056824696,-33.116260000000004,2.05880654564727,0.2911592139156872,-49.65616000000001,1.8917637839855577,0.26753580001186217,0.9313865279999995,0.021177728469482866,0.0029949830821797475,-68.15913347200001,0.20096946123305426,0.02842137376985993
VAL 162,13.0694,0.08840407230480787,0.0125022238022471,-5.6095999999999995,0.20837053534511069,0.02946804370839979,-25.850019999999994,0.6774517987282176,0.09580615216154935,-1.3502999999999998,0.7380650987548458,0.10437816725733406,0.208262304,0.03778042103520267,0.005342958382014938,-19.532257695999995,0.1327169121478323,0.0187690057115743
LEU 163,13.210820000000002,0.1720757612215483,0.02433518752751879,-6.732140000000003,0.49681646550809483,0.07026045835318126,-28.33006,2.1652669988710826,0.3062149955962374,0.76874,0.9712097777514392,0.13734980396054447,0.14850576000000001,0.00992465571521705,0.00140355827143436,-20.93413424,0.8676666510797648,0.12270659455758474
ARG 164,11.591420000000001,0.19135831207445167,0.027062152020851275,-3.65778,0.3524076781229422,0.04983797178858771,-141.56135999999998,2.0633926893363737,0.2918077925760994,-66.49967999999997,2.3004958721124,0.3253392462524677,1.3809761279999997,0.03730208399194377,0.0052753113086187195,-198.74642387199998,0.44909340867021436,0.063511398931378
GLY 165,5.729640000000001,0.3079874516924253,0.04355600312241563,-1.5296599999999998,0.153668423561904,0.02173199687097379,-13.190219999999997,0.3419911864362065,0.04836485740701489,-3.9378399999999996,0.2460631106037649,0.03479857882155552,0.46034524800000015,0.011790031843517195,0.001667362293391268,-12.467734752000002,0.20589711689697804,0.02911824951692249
ILE 166,12.553460000000003,0.15263986504152877,0.021586536730052886,-3.8130599999999997,0.164820436839617,0.023309129713484446,-17.652919999999998,0.2600152180163952,0.036771704774218324,1.952599999999999,0.4910756764491634,0.06944858817859488,0.15470755200000003,0.06544302565429022,0.009255041444302762,-6.805212447999996,0.38202093368625617,0.05402591855295362
ALA 167,8.23268,0.13813304311421074,0.019534962298398427,-2.2555000000000005,0.08252811642100402,0.011671238151968962,-7.021759999999998,0.5266937842807977,0.07448574929475134,-1.4470999999999998,0.3107543885450373,0.04394730708473501,0.4696063199999999,0.008346725731210529,0.001180405273048642,-2.0220736799999997,0.3601181225898441,0.05092839330228944
SER 168,11.057580000000003,0.03354166960511723,0.00474350840601942,-3.1066,0.18588630933988032,0.026288293972793926,0.025779999999999963,1.1055435457728475,0.15634746762260016,-16.24364,1.0774481288675017,0.15237417565979353,0.49969540800000006,0.04149065260561607,0.005867664362657283,-7.7671845919999996,0.18728802578838766,0.026486526614001978
GLU 169,16.62954,0.10890513486499097,0.015401511873814123,-2.2276,0.2661802396873199,0.0376435705001529,-56.48358000000001,3.8345255721665548,0.5422838069424394,-24.939979999999995,4.248763624820784,0.6008659141539024,0.8574783840000002,0.03204626530601249,0.004532026301916924,-66.164141616,0.16034208864003793,0.02267579563739706
THR 170,14.486219999999998,0.07909748162917181,0.01118607312695315,-4.282559999999999,0.1568929775356739,0.022188017667204737,-36.249359999999996,0.2783649230786122,0.039366744950671675,-2.3654,0.2979265010031827,0.042133169830906245,0.36374673599999985,0.010103079703575067,0.0014287912338532209,-28.04735326400001,0.17239408318775984,0.024380205051700552
HIE 171,28.89616,0.2986505891509039,0.04223557135879234,-6.5701600000000004,0.38899004408853644,0.05501149959781164,-14.279199999999998,2.4113805008749853,0.3410207008379431,-10.14014,1.8300239453078155,0.2588044682921832,0.833956128,0.06989137527625104,0.009884133080858185,-1.2593838720000008,0.8406227580032822,0.1188820105207718
VAL 172,11.469,0.5150142522300373,0.07283401403191567,-5.62436,0.4679958871614061,0.06618461307584891,-31.07072,0.8134197696147036,0.11503492700915123,0.7782800000000004,0.4535420174581397,0.06414052721953561,0.0014764319999999997,0.001607917444328533,0.00022739386569456974,-24.446323568000004,0.6651826339356782,0.09407103023668939
VAL 173,11.459859999999994,0.4943904129330637,0.06991736270771734,-4.42244,0.39936174879425224,0.056478280143786856,-30.133339999999993,0.4233731503065405,0.05987400511081324,0.4045,0.2577228938220272,0.0364475211777152,0.29316859199999995,0.0635655982722347,0.008989533117695408,-22.398251408000007,0.48312012078645455,0.06832350270715318
LEU 174,11.18784,0.2124902218927682,0.030050655367242114,-7.699160000000001,0.2472581129103806,0.03496757766846383,-30.390159999999995,0.44022691239890416,0.06225748700361627,-1.12548,0.28153708388061327,0.0398153562334935,0.0,0.0,0.0,-28.02696,0.27651589176733454,0.039105252434905535
ILE 175,13.533480000000004,0.3642224726727873,0.05150883605749198,-6.305660000000001,0.5526445009225933,0.07815573483756419,-14.01818,0.347992108531228,0.04921351594836726,0.16716000000000006,0.22348739203811918,0.0316058900839701,0.32796432,0.06539351590374096,0.009248039708233114,-6.295235680000002,0.4057751463485958,0.05738527152401116
LEU 176,11.203259999999995,0.19174084697878854,0.027116250625830705,-8.886900000000002,0.21067712263071545,0.02979424441060975,-27.25945999999999,0.26651320492706493,0.03769065889593752,0.30083999999999994,0.17757301146289095,0.025112616112225344,0.0010764000000000001,0.0010715837669543148,0.0001515448296445642,-24.641183599999994,0.17477208656996746,0.024716505515149263
ARG 177,10.985400000000002,0.3406779711104641,0.04817914071461678,-7.4448799999999995,0.3548925268303204,0.05018938246282966,-118.44142000000005,5.06478582011032,0.7162688797314952,-87.52880000000003,4.446492527823906,0.6288290037839194,0.859285296,0.07641872676925421,0.010807239981636319,-201.57041470400006,0.6665642686555274,0.09426642289259501
GLY 178,6.387100000000001,0.07423375243102592,0.010498237947380357,-2.65284,0.2114823264483381,0.0299081174265454,-8.117519999999999,1.312376626430081,0.18559808240388692,-0.46056000000000014,1.0927863498415413,0.15454332767220974,0.021170016,0.007504156820945588,0.001061248035035582,-4.822649984000002,0.4373633900497582,0.0618525237893842
PRO 179,17.77916,0.08335043131257716,0.011787531039189371,-4.479179999999999,0.34829893425047825,0.04925690765771212,-9.745060000000002,1.4958669514365002,0.21154753302271945,-1.20976,1.1373671449448504,0.1608480041778573,0.338040144,0.0380195792812287,0.005376780465523275,2.6832001440000006,0.4475057787276469,0.06328687415169715
GLU 180,14.358699999999994,0.11338963797527257,0.01603571638572058,-1.1498599999999999,0.13608938386222474,0.019245945235295644,-40.438719999999996,5.872328645571535,0.8304726813279293,-38.60161999999999,5.840778776464704,0.8260108560497317,1.2873578399999996,0.06854574631431172,0.009693832408068523,-64.54414215999999,0.3380667839032421,0.04780986307838193
GLY 181,6.051239999999999,0.057597416608780386,0.008145504772579058,-2.169200000000001,0.06351566735850799,0.008982471820158008,-5.089560000000001,0.7515869120733711,0.10629044043562763,-6.658240000000001,0.5870793663551565,0.08302556020888652,0.313575696,0.013956080895737846,0.0019736878880328513,-7.5521843040000025,0.2008804027571673,0.028408778999415563
PHE 182,8.67498,0.3006461368453044,0.04251778442017069,-5.4052999999999995,0.25045704222483056,0.03541997459062063,-8.165259999999996,0.8504851276771845,0.12027676021576877,-2.8618399999999995,0.8231188580029016,0.11640658524327573,0.617629392,0.021367410438175322,0.0030218081634459976,-7.139790607999999,0.4193912368256204,0.0593108775059219
THR 183,14.985859999999995,0.2727175102560397,0.038568080170071496,-4.79022,0.3884864625698049,0.054940282416456585,-30.616200000000003,1.8400688791455089,0.26022503645882383,-9.265320000000001,1.048870620048073,0.14833270560466624,0.21223368,0.02228109688488421,0.003151022939915217,-29.473646319999997,0.542140162979204,0.07667019711923503
THR 184,14.413479999999993,0.33222548005880115,0.04698377796650688,-7.598140000000001,0.3432825664085029,0.048547486114114746,-32.87272,2.9185791957046074,0.4127494281425415,-1.8985000000000005,0.7347258604404768,0.10390592764611642,0.004746527999999997,0.0025369345072382174,0.00035877671869885916,-27.951133472000006,2.2099202605790724,0.31252992042740085
HIE 185,29.50325999999999,0.6183096250265939,0.0874421857458432,-9.6235,0.4426073768025533,0.06259413550805497,-18.418259999999997,4.260732729519675,0.602558601173366,-4.80576,3.4763770771307287,0.4916339610401215,0.20102817599999995,0.06242988555379757,0.008828919084758068,-3.1432318239999995,1.3624853229997684,0.19268452223205595
LEU 186,11.077039999999997,0.2895989613243031,0.040955477875399084,-8.4078,0.3865129234578955,0.05466118183866298,-32.92327999999999,0.9723905190822295,0.13751678600091027,-0.16068000000000005,0.8203974509955524,0.11602172017342267,0.035722944,0.01622373712089984,0.0022943829068752383,-30.378997056,0.6785932518597009,0.09596757801148505
GLU 187,15.089139999999997,0.4941074381145137,0.069877344025097,-5.631500000000001,0.7132651750926855,0.1008709284184496,-91.0112,6.296114884593458,0.8904051060051182,7.25608,5.967323670926525,0.8439070066494296,0.23285016000000006,0.038092327137941764,0.005387068566082995,-74.06462984,1.3125796387527584,0.18562679268189286
THR 188,15.091419999999998,0.3480269006844909,0.04921843630186812,-6.730280000000001,0.644228997795016,0.09110773859557383,-39.46793999999999,1.396378135177122,0.1974776896968737,-2.24474,0.6055917043685451,0.08564360015786344,0.0021353759999999996,0.005140591476107004,0.0007269894184130053,-33.349404624,1.1191946024309418,0.1582780185692602
THR 189,14.937359999999996,0.48856179793358295,0.06909307206950566,-5.817760000000002,0.675771368437558,0.09556850343078202,-33.77103999999999,2.5385736543186574,0.35900852910204745,-4.9209,1.1434850633042848,0.16171320848959767,0.200008224,0.03840378023860953,0.005431114685983745,-29.372331775999996,1.6090131798419323,0.22754882609695204
PHE 190,10.419240000000002,0.38045028899970307,0.05380379585121436,-8.556280000000001,0.5156694693308675,0.07292667572294496,-10.997299999999996,0.7102939743515361,0.10045073717998296,-0.63118,0.46372732030795855,0.06558094656224474,0.072747936,0.028008825290709825,0.003961046059226038,-9.692772064,1.0273204708267143,0.1452850542746653
THR 191,13.336640000000003,0.27204696359254116,0.03847325055149913,-4.6656,0.48039746044291604,0.06793846038879643,-29.362439999999996,1.561623938853517,0.22084697536531364,-8.27132,1.4289136634520705,0.20207890823141425,0.31928284799999995,0.050867619532029645,0.007193767742783087,-28.643437151999994,0.367679654702531,0.051997755428897584
GLY 192,5.201479999999999,0.10707982816569794,0.015143374524851056,-2.9642,0.16658799476554126,0.02355910015259666,-8.907580000000001,0.9866679905621712,0.13953592538124315,-2.585079999999999,0.815097879766599,0.11527224762274786,0.22131100799999998,0.019936102909243754,0.002819390711511823,-9.034068991999998,0.3857667244194346,0.054555653358620865
ASP 193,13.052000000000005,0.27685317408300963,0.039152951357423166,-1.3538599999999996,0.23416780393555578,0.03311632841967868,-47.982479999999995,3.7451367731499636,0.5296423217530888,-35.59162000000001,3.1286949668510506,0.44246428546491967,0.922222512,0.023696595949838452,0.003351204737433689,-70.953737488,1.0811489628106805,0.15289755261524693
GLY 194,4.91926,0.14330593986295986,0.0202665203722821,-0.9318600000000002,0.2071848459709342,0.029300361909027583,-3.5920199999999993,0.8265599431378244,0.11689322816998456,-9.402479999999997,0.8801825319784581,0.12447660740878258,0.40117118400000007,0.050601346489085694,0.007156111047920518,-8.605928816,0.13935960674202247,0.019708424590154917
THR 195,15.838420000000006,0.1485985316203481,0.02101500587662235,0.01936000000000001,0.1999072544956786,0.02827115505245585,-15.08526,1.5517948422391181,0.21945693119151782,-15.234319999999999,1.5630872584728164,0.22105392001048363,0.8085036959999999,0.04780522676344141,0.00676068000411801,-13.653296304000001,0.16215630726987015,0.022932364896538927
PRO 196,18.586020000000005,0.2967015665610675,0.041959937940800524,-5.689759999999999,0.3335305419298512,0.04716834158628438,-0.31620000000000004,1.0851652040127346,0.1534655348930176,-3.82796,0.7386606246443618,0.10446238733630385,0.188716608,0.03810130280760398,0.0053883379174597635,8.940816607999999,0.3677859030932024,0.05201278122040437
LYS 197,10.46434,0.5569106431017699,0.07875905845044452,-3.20886,0.32499353901269634,0.04596102705553847,50.808179999999986,4.429802703010759,0.6264687061234812,-90.01024,4.259230120855439,0.6023461002181758,1.1780591039999997,0.07097606596185661,0.010037531508714502,-30.768520895999988,0.7842121266216637,0.11090434252458037
THR 198,14.505859999999998,0.8289793485968594,0.11723538377128923,-4.577120000000001,0.2654448824143909,0.03753957527729631,-38.694379999999995,1.5665926067744949,0.22154965112139116,-5.09376,0.9427076441824397,0.13331899357555962,0.35835566399999996,0.04471032645888274,0.00632299500562806,-33.50104433600001,1.23240718236084,0.1742886951660712
ILE 199,14.313439999999998,0.25222467444724217,0.03566995553684285,-3.5294600000000003,0.25666649255404067,0.036298123477665735,-5.1965200000000005,0.43692485578185003,0.06179050567846009,-0.7747800000000001,0.37651907202690255,0.05324783781525778,0.6105805919999999,0.04201505335561543,0.005941825827934056,5.423260592,0.30706736756509134,0.04342588357727564
ARG 200,12.145920000000004,0.23024220638252882,0.032561165089687746,-8.25274,0.35077296418056614,0.04960678832579685,-168.64014,4.322468951929056,0.6112894214754689,-38.1865,4.08888559023112,0.5782557456696767,0.29259763200000005,0.028058621640140332,0.003968088326498167,-202.64086236800006,0.5679918723196224,0.08032618091520974
VAL 201,10.837200000000001,0.25406676287929114,0.035930466181212276,-3.4414,0.48030969176147215,0.06792604802283148,-34.38465999999998,1.2706393604800668,0.17969554164759866,-1.1339,0.3400703015554281,0.048093203261999465,0.30027312,0.053200008900329845,0.007523617410521583,-27.822486879999992,1.0775915377217649,0.15239445673445984
THR 202,14.489880000000005,0.587015081237145,0.08301646892031145,-3.8197999999999994,0.595594996621031,0.08422985219030198,-36.46004,2.331810763848494,0.32976784071221066,-3.8839799999999998,0.7349475488767883,0.1039372791254417,0.40967553599999995,0.03684819176366603,0.005211121254110107,-29.264264464000004,1.4068040526510492,0.19895213708605475
GLN 203,20.1432,0.32122583955852985,0.04542819388883568,-3.1370999999999984,0.1387260970402042,0.019618832788934285,-63.52931999999999,0.582445205663127,0.08237019091879808,-12.877260000000001,0.6053199752197164,0.08560517185310687,0.81335664,0.025216242696810873,0.0035661152413921445,-58.587123359999985,0.36466837777884603,0.05157189656234394
PRO 204,18.140559999999997,0.11748875010054398,0.016615418381845264,-3.465200000000002,0.16573665858821923,0.023438703035785893,0.31996,0.3890280175000253,0.05501686984916535,-2.34268,0.4810470845977567,0.0680303311178185,0.7570303199999998,0.024014184954870673,0.0033961186052514037,13.409670320000005,0.24815808296596525,0.03509485265429758
LEU 205,9.18878,0.21907006093945794,0.030981185129048183,-2.59546,0.37202119348230717,0.05261174173129041,-56.31804000000001,2.324240598216597,0.3286972576216067,-52.025459999999995,2.5432121516698256,0.3596645116883528,1.2289996799999998,0.04327351218922354,0.006119798782951737,-100.52118032,0.5549700572454933,0.07848461816675495


