#Frame       SA_00001
       1    6251.1156
       2    6125.1314
       3    6248.9964
       4    6266.8386
       5    6248.1819
       6    6230.0019
       7    6120.4420
       8    6205.9317
       9    6128.5700
      10    6179.7258
      11    6185.1955
      12    6235.6243
      13    6273.7143
      14    6264.8289
      15    6255.9514
      16    6252.5880
      17    6251.3107
      18    6116.9798
      19    6230.2837
      20    6287.8718
      21    6323.0529
      22    6270.8686
      23    6172.4675
      24    6113.0895
      25    6156.2116
      26    6286.7332
      27    6184.3515
      28    6253.4224
      29    6231.1935
      30    6234.1298
      31    6135.6331
      32    6277.7823
      33    6271.9536
      34    6150.6360
      35    6233.2118
      36    6271.6567
      37    6151.3451
      38    6156.2418
      39    6269.2544
      40    6213.9575
      41    6255.0635
      42    6262.8267
      43    6274.8517
      44    6254.7382
      45    6264.7978
      46    6155.8490
      47    6271.4132
      48    6252.4346
      49    6192.3565
      50    6281.4859
