| Run on Mon Jun 20 15:45:54 2016
| GB non-polar solvation energies calculated with gbsa=2
idecomp = 2: Per-residue decomp adding 1-4 interactions to EEL and VDW.
Energy Decomposition Analysis (All units kcal/mol): Generalized Born Solvent

Total Energy Decomposition:
Residue,Internal,,,van der Waals,,,Electrostatic,,,Polar Solvation,,,Non-Polar Solv.,,,TOTAL,,
,Avg.,Std. Dev.,Std. Err. of Mean,Avg.,Std. Dev.,Std. Err. of Mean,Avg.,Std. Dev.,Std. Err. of Mean,Avg.,Std. Dev.,Std. Err. of Mean,Avg.,Std. Dev.,Std. Err. of Mean,Avg.,Std. Dev.,Std. Err. of Mean
ARG   1,8.59892,0.022586580086504014,0.003194224788596005,-3.48846,0.10286325096944787,0.014547060459078059,-214.49390000000002,1.4006721279403338,0.19808495197712028,-85.72037999999996,1.380673775953955,0.1952567579166955,1.6066254239999995,0.018576384894095584,0.0026270975457092665,-293.49719457599997,0.021043975149398427,0.0029760675062521632
MET   2,11.120159999999998,0.010309917556738305,0.0014580425235687794,-5.49684,0.025923240538432108,0.00366609983501107,-8.219239999999997,0.08251946679463423,0.0116700149100768,-0.030500000000000003,0.07242989714199516,0.010243134285949782,0.44212608,0.004953336272046232,0.0007005075334922368,-2.1842939200000004,0.027084730890693628,0.0038303593758844444
LEU   3,12.282599999999997,0.018592471598018877,0.0026293725491954864,0.20700000000000002,0.012539537471533352,0.0017733583958128094,-14.681559999999998,0.053443113682485034,0.007557997618521745,-6.5816599999999985,0.04541216136686179,0.0064222494501691456,1.18264968,0.007879887793344635,0.0011143844187326184,-7.59097032,0.025947996200855562,0.003669600814365548
PRO   4,18.489019999999996,0.01762326871284207,0.0024923065627046694,-4.6802199999999985,0.022476912599617063,0.003178715463865315,0.28398,0.064766809401112,0.009159410024668586,-5.1862200000000005,0.06342784561993552,0.008970051950781972,0.4777578719999998,0.005013583049262277,0.0007090277144350569,9.384317872000002,0.017108635431370166,0.0024195264260740553
ARG   5,13.130760000000004,0.042214480927044835,0.005970029145556715,-5.402280000000001,0.02515236768149485,0.0035570819500964734,-229.52127999999996,0.685214536933506,0.09690396912665641,22.546440000000008,0.6716439282832435,0.09498479524637053,0.6038123039999999,0.004321595870853837,0.0006111659491657063,-198.642547696,0.05436744075531034,0.007688717206767563
LEU   6,12.41502,0.011880218853359803,0.0016801166626381973,-3.47644,0.043424951352873144,0.006141215514862508,-31.245179999999987,0.05211513792167614,0.007370193485377878,-6.136619999999998,0.04717621858546599,0.006671724814504366,0.8769373919999999,0.005929161837682262,0.0008385101084355238,-27.566282607999987,0.04543743026422046,0.006425823011904229
CYS   7,10.635360000000002,0.012418953255863042,0.001756305212491902,-5.3823599999999985,0.023919665549798925,0.0033827515427954135,-4.77472,0.07298110440373028,0.010321086764472217,-1.2423400000000004,0.08404751275319879,0.011886113241929938,0.052091856000000006,0.0019256130398559042,0.0002723228076846703,-0.711968144,0.030100540066573905,0.004256859199690356
CYS   8,10.03756,0.016372122647815537,0.002315367789337644,-3.9938399999999996,0.03829274604939469,0.0054154120803562725,4.207680000000001,0.039449430920991985,0.00557899202363674,-7.357480000000001,0.06482476070138325,0.009167605576148662,0.6341395679999999,0.011170013486362174,0.0015796784564303765,3.5280595679999993,0.025419972229945707,0.0035949269482736666
LEU   9,13.20352,0.24468144514857015,0.034603181819015644,-7.32992,0.19751231252759235,0.027932459111219447,-33.499300000000005,0.15816222684122033,0.022367516625398376,0.29410000000000003,0.04643070105005933,0.00656629271354846,0.019786176000000003,0.0024460716904097265,0.00034592677591143177,-27.311813824,0.07683883699024664,0.010866652538858225
GLU  10,15.502519999999997,0.16104449571523213,0.022775130998601706,-4.11488,0.2973071569942386,0.04204558136118392,-6.484340000000002,2.173765632353217,0.30741688386944466,-67.5359,2.4998035222795822,0.35352560444758185,0.9097928639999999,0.07038079727141042,0.009953347803185993,-61.722807136,0.1938583560382302,0.027415711628861732
LYS  11,9.884540000000001,0.09067551157775024,0.012823453824837298,-6.255860000000001,0.46556426022621505,0.06584072909681102,9.080860000000001,0.8092957187579664,0.1144516981437998,-47.40316,0.790943976776946,0.11185636990352672,0.8034187679999998,0.08018846475020247,0.01134036143956132,-33.890201231999995,0.5889367677160297,0.08328823642841822
GLY  12,6.982559999999998,0.10983699923084835,0.015533297396262894,-1.4214600000000004,0.06037721755760883,0.008538627992832136,-4.4656,0.06561615654699159,0.009279525849955166,-2.6945800000000006,0.06732461362679219,0.0095211381672538,0.16478337599999995,0.0052747229660938776,0.00074595847564108,-1.4342966240000004,0.15761952836665816,0.022290767471097872
PRO  13,18.47848,0.14508387091601674,0.02051795779310183,-1.0505199999999997,0.02605474237064206,0.0036846970024698926,-5.712600000000002,0.13702087432203466,0.01937767787944408,-5.1067800000000005,0.12954463169115812,0.018320377507026326,1.1757500639999998,0.006046567354335567,0.0008551137558303763,7.784330063999997,0.10707912531660391,0.015143275126978948
ASN  14,18.746119999999994,0.20456310908916422,0.0289295923235103,-2.36968,0.35221899097010656,0.04981128739552914,-89.32232,1.9840501449303793,0.2805870623388847,-7.94498,1.5033745440175625,0.21260926694761045,0.5487504480000001,0.03968653147580458,0.005612523105662956,-80.34210955200001,0.6340965150631461,0.08967478914558168
GLY  15,5.589940000000001,0.10417646759222204,0.014732777334904162,-3.173839999999999,0.0677461024710022,0.009580745691240875,-11.08348,0.4564160487975618,0.06454697662942523,-0.9061,0.28328369172968654,0.040062363884324166,0.092883024,0.005628672303929584,0.0007960144710371034,-9.480596976000001,0.04584672925016278,0.006483706629602748
TYR  16,9.311300000000003,0.09680211774517795,0.013689886778166791,-11.218240000000002,0.4289270595333401,0.06065944648608615,-32.0966,0.2406397307170724,0.03403159708258933,0.4382600000000001,0.4695243469725504,0.06640076993529516,0.016373232000000005,0.0076561554595877875,0.0010827438886585865,-33.54890676800001,0.9880874094924135,0.13973666153142691
GLY  17,7.092319999999997,0.054168418843586544,0.0076605712580906414,-4.143399999999998,0.09247853805082415,0.013078440273991184,-13.476639999999996,0.36685309103253666,0.051880861673670495,-0.7761200000000003,0.34270043128073197,0.048465159774832,0.001832400000000001,0.0037882418718978308,0.0005357383032787553,-11.302007599999998,0.23112552646669182,0.03268608541398173
PHE  18,9.988239999999998,0.059481613966450436,0.008411970518319512,-9.91744,0.060794131295817934,0.008597588499123635,-4.6520399999999995,0.3278472790797628,0.04636460684617176,-2.0923,0.18216698383626143,0.025762301915784127,0.000261936,0.0007457724966127405,0.00010546815791545807,-6.673278063999998,0.13106830626627416,0.018535857631903543
HIE  19,29.391539999999996,0.08748284631892629,0.012371942773922675,-9.5023,0.19649195912296266,0.02778815934889536,-29.540719999999997,1.2104133350224446,0.171178295446599,1.1788999999999998,1.0306404077077516,0.14575456425100383,0.2110891679999999,0.034134433654136,0.004827337901760374,-8.261490831999998,0.3669094268669464,0.051888828763777484
LEU  20,11.32312,0.055844297829059066,0.007897576337105772,-9.38204,0.22393329006650134,0.03166894958788745,-34.32357999999999,0.34782208613069865,0.04918947114989368,2.19886,0.18456977108941566,0.02610210734787492,0.0,0.0,0.0,-30.18364,0.20767722648366704,0.029369995028923082
HIE  21,29.286679999999997,0.06764597253420013,0.00956658517977837,-9.774220000000001,0.22659781905391937,0.03204577089102173,-32.82840000000001,0.7498409164615503,0.10604351936821953,1.8752399999999998,0.6150392364719521,0.08697968296102278,0.17451777599999999,0.009400588903140102,0.0013294440321114749,-11.266182224,0.4070305455345518,0.057562811779508276
GLY  22,5.46722,0.11075834776660959,0.015663595755757508,-3.2715399999999994,0.36145081048464384,0.05111686383181306,-6.788720000000001,1.683434050267479,0.2380735265248939,-4.86596,1.124765414831021,0.15906585041422303,0.0909936,0.048241108701289184,0.006822323018927789,-9.3680064,0.3455764673827253,0.048871892700963364
GLU  23,15.623299999999999,0.0439878392286373,0.0062208198816626125,-5.200299999999999,0.3338753210406956,0.04721710071574229,-39.65142,4.634802261542548,0.6554600217190965,-32.80951999999999,4.470086452139411,0.6321656885595786,0.42976238399999994,0.03519767446008637,0.0049777028585447245,-61.608177616000006,0.5645625466423183,0.07984120102694596
LYS  24,9.9059,0.18194540389903754,0.025730965780546948,-1.5546799999999998,0.17796813647392346,0.025168495227168842,66.29715999999999,3.89421973370796,0.5507258362270739,-102.61507999999999,4.033887488961357,0.5704778395976299,1.4641431839999999,0.06352099746874473,0.008983225611576584,-26.502556815999995,0.16443716852767667,0.02325492738900706
GLY  25,6.445240000000001,0.04956715041226027,0.007009853636120562,-1.43136,0.155055571973406,0.021928169280630832,-2.73914,0.777328991097077,0.10993092016352811,-8.06894,0.4826662784989248,0.06825931971533288,0.4885768799999999,0.02459835103117488,0.0034787321640301723,-5.30562312,0.2127575603391197,0.030088462732899515
LYS  26,9.986979999999997,0.10567298424879504,0.01494441675010844,-4.38304,0.1395200286697041,0.019731111676737856,37.43797999999999,2.468350076387273,0.3490774154711547,-73.58547999999999,1.8354229293545838,0.25956799993838076,0.904121136,0.0714009919877448,0.01009762512359614,-29.639438864,0.7755037082369721,0.10967278618593536
LEU  27,11.259000000000004,0.05583869625906434,0.00789678415548006,-2.6199599999999994,0.08692823706945822,0.012293509181681145,-27.961779999999997,0.6463136480070688,0.09140255265584274,-6.227100000000004,0.619065626569558,0.08754910050936668,0.886615344,0.033194005490514975,0.0046943412754173255,-24.663224656,0.1509624817041488,0.021349318903550747
GLY  28,4.976579999999999,0.01909669081292389,0.002700679914408265,-3.5624000000000007,0.019972981750184346,0.002824606167214102,-8.4587,1.0065822221756053,0.1423522230244389,-1.8264600000000004,1.0064918123859716,0.14233943714937178,0.03446423999999999,0.0015058319332517086,0.00021295679426590634,-8.836515760000001,0.05967427734130332,0.008439217234088463
GLN  29,18.964800000000004,0.04258685242817113,0.006022690428270119,-8.986099999999999,0.10136493476550974,0.014335166549444792,-79.01068,0.36651146994330636,0.05183254915591228,-3.0766800000000005,0.2891562511860969,0.04089286920723396,0.082925712,0.024589656016338616,0.003477502503239524,-72.02573428800001,0.07938583159368212,0.011226851970005178
TYR  30,9.013540000000003,0.02471696583221117,0.003495506830062543,-9.645940000000001,0.07081084945106793,0.010014166365685969,-27.590460000000004,0.18508454392428522,0.0261749072203363,-1.6877799999999998,0.1581025350840386,0.022359074936141546,0.20219688000000002,0.010840711579005714,0.001533108134080493,-29.708443120000005,0.045105610575274464,0.006378896621467245
ILE  31,12.586719999999998,0.04398728907366508,0.006220742078000301,-8.526919999999999,0.03870753931737883,0.005474072706872696,-5.461759999999999,0.10482243271370338,0.01482413059846605,-1.8186999999999995,0.08477198829802694,0.0119885695560403,0.001687104,0.0008923660829412995,0.00012619962170973398,-3.2189728960000012,0.05119654690015709,0.007240285097287239
ARG  32,13.2096,0.26856165027786955,0.03798035281562632,-7.8538000000000014,0.23416020157144288,0.033115253283035224,-150.63935999999993,2.333793270715131,0.3300482095220403,-53.13366,2.291082971958703,0.3240080611466055,0.7410205440000002,0.07779576028714018,0.011001981929319987,-197.67619945599995,0.3235203287411952,0.04575268366092004
LEU  33,11.665459999999998,0.03402834700748468,0.0048123349843122755,-4.56102,0.05042360161674129,0.007130974127009345,-36.08673999999999,0.18264236200812045,0.025829530541574046,0.4841799999999998,0.15600226793223315,0.02206205230707255,0.6292352159999998,0.01769458091489288,0.002502391631034964,-27.86888478399999,0.08206978721744519,0.011606420614398505
VAL  34,11.158520000000001,0.06986536767197643,0.009880455050189186,-6.369080000000002,0.030669098453832904,0.004337265497916621,-29.174779999999995,0.12195003731253393,0.017246339669929046,-3.1120000000000005,0.15616990747257858,0.0220857601182272,0.13278657599999996,0.003649320576029433,0.0005160918652068019,-27.364553424000015,0.12110895119607018,0.017127392130626373
GLU  35,16.82562,0.23561162025681362,0.033320514881988526,-4.095360000000001,0.19791955537537131,0.027990051947070292,-19.444999999999997,2.691769061416706,0.38067363134318016,-51.279740000000004,2.648912998269185,0.374612868769866,0.3432460319999999,0.019162486630930203,0.002709984848225461,-57.65123396800001,0.43065324300178853,0.06090356569330855
PRO  36,17.8232,0.012213107711721457,0.001727194256463992,-1.6699400000000002,0.06300425699903209,0.008910147473527117,-8.349440000000001,0.27659466083054607,0.03911639206265445,-2.2180000000000013,0.2906291107236053,0.04110116300057545,0.9773762400000002,0.012730713772510045,0.0018003948075773653,6.563196240000001,0.06392468824751218,0.009040316109010373
GLY  37,6.2085799999999995,0.01434306801274955,0.002028416130967013,-1.6095199999999994,0.016722727050399167,0.0023649507394537927,-19.284019999999998,0.10341227973512727,0.014624704851733736,3.7130200000000007,0.10078084937124797,0.014252564400829889,0.320438016,0.003925045390587937,0.0005550852424299463,-10.651501984000001,0.02594838128658646,0.003669655273711879
SER  38,12.60404,0.02060287358717494,0.002913686325084122,-4.8618,0.058736360118733365,0.00830657570843429,-5.2008600000000005,0.14126018688929795,0.01997720721222032,-2.2439400000000003,0.15302632583970213,0.021641190540263117,0.004720175999999998,0.003713762258549137,0.0005252052953469527,0.30216017599999995,0.08311191435187253,0.01175379964712092
PRO  39,19.39568,0.014567690276579419,0.002060182516158928,-7.9298399999999996,0.05885587821130129,0.008323478119180142,-7.746040000000001,0.10296212119021823,0.014561042819790886,-1.5701799999999997,0.05513789622393334,0.007797676064060679,0.126463824,0.003742831781128678,0.0005293163466553224,2.2760838239999996,0.04834550485808139,0.006837086865007305
ALA  40,9.551640000000003,0.02756211893084724,0.0038978722399744393,-6.989460000000004,0.019537870916711785,0.002763072203030866,-7.767680000000001,0.04653963472097589,0.00658169826102939,-1.2895200000000004,0.04251599228524269,0.006012669290754009,0.0,0.0,0.0,-6.495019999999999,0.03943779405608389,0.0055773463224190875
GLU  41,17.476840000000003,0.023216683652185068,0.0032833348894245845,-5.90396,0.028180816170085977,0.003985369242647861,0.86066,0.6669054688634665,0.09431467588875021,-76.16872000000001,0.6516802295584424,0.09216150189719612,0.5847079680000001,0.007485304798626885,0.001058581956471455,-63.150472031999996,0.022201553847366322,0.003139773855670202
LYS  42,11.288199999999996,0.036478486812214966,0.00515883707846825,-3.6489600000000006,0.03062153490594723,0.004330538996467171,-9.94278,1.1354879178573307,0.1605822413344624,-32.99572000000001,1.1202203361835468,0.15842307922769197,1.3313891519999999,0.005236071353316432,0.0007404923121413343,-33.967870848000004,0.049107713466456926,0.006944879440139526
ALA  43,7.323699999999998,0.012980369795795641,0.0018357015009832277,-3.92822,0.033603743839047844,0.004752287028369279,-8.55666,0.04329693291664588,0.006123110973987869,-3.01752,0.03665418939220627,0.005183685175625014,0.179963136,0.003099745632257122,0.00043837023130447866,-7.998736863999999,0.024246717827435132,0.003429003719459227
GLY  44,6.099219999999999,0.028453674630962877,0.004023957256245897,-1.99548,0.01565789257851505,0.002214360404271702,-11.281400000000001,0.08749399979436472,0.012373520113545937,-1.4932200000000007,0.06144958584073839,0.008690283769818194,0.27966988800000003,0.0030668950699069913,0.00043372446022376483,-8.391210112000003,0.018301621791762746,0.002588240175133386
LEU  45,10.27812,0.017396137502325867,0.002460185358869646,-7.366259999999999,0.031325906211845306,0.004430152141841922,-27.234580000000005,0.09005111659457123,0.01273515103948835,-2.2024000000000004,0.07702960469844121,0.010893631166877384,0.004542767999999999,0.0012532603926463204,0.00017723778444654565,-26.520577232000004,0.036106847185237934,0.00510627929838963
LEU  46,10.730180000000002,0.011590841208683785,0.0016391924836633566,-3.4789999999999996,0.023364074987015607,0.0033041791718939465,-31.865380000000005,0.07139156532568935,0.010096291992263466,-0.24618,0.06849574877319023,0.00968676168799459,0.8632733759999993,0.006180913937522216,0.0008741132318304806,-23.997106624000004,0.01948697017644302,0.002755873751308574
ALA  47,7.003240000000001,0.010869333005146253,0.0015371558149827342,-3.41424,0.01855215351388564,0.0026236707110564744,3.406359999999999,0.07754295841667204,0.010966230345939054,-9.224739999999999,0.07367599609109195,0.010419359289336936,0.41827996799999995,0.0037175998277052926,0.0005257480095816706,-1.811100032,0.023248938645890765,0.00328789643437987
GLY  48,6.1622,0.015116877984567031,0.002137849386651395,-2.6602399999999995,0.017582445791208764,0.0024865333297617175,-12.052639999999997,0.0632887857370784,0.008950385913550117,-1.9669999999999996,0.05294638797880096,0.007487749995828812,0.16891689600000004,0.005284811072684846,0.0007473851493570414,-10.348763104,0.027917148539959923,0.003948081008799557
ASP  49,11.97308,0.02058041787860144,0.0029105106083223875,-8.353379999999998,0.03682547487856913,0.005207908601410217,2.22288,1.2161126862260758,0.17198430542348925,-69.05466000000001,1.200417054359609,0.169764607877932,0.02787379199999998,0.0026938477465397043,0.00038096760181246495,-63.184206207999985,0.10011149872375194,0.014157903924462678
ARG  50,13.183219999999999,0.04470314977775561,0.006321980069649779,-9.325320000000001,0.042211107542601996,0.005969552076953699,-173.25802,2.3122092162262406,0.32699576326312135,-30.345739999999992,2.291896461972178,0.32412310600759664,0.4202637119999998,0.004671071893474016,0.0006605893222570726,-199.32559628800004,0.07011042171018363,0.009915110924623877
LEU  51,12.836860000000001,0.02668783243336774,0.0037742294577609217,-8.775199999999998,0.02434337692336289,0.0034426733798980026,-33.87826,0.12741865012644016,0.018019718310808393,0.4375800000000001,0.1358590578504061,0.019213372218327522,0.0,0.0,0.0,-29.37902,0.026854042518603596,0.003797735113435295
VAL  52,12.47024,0.016023183203830716,0.002266020299924618,-6.70288,0.01794395720040778,0.0025376587635459035,-32.61621999999999,0.09889070532874258,0.013985257666854906,-0.12403999999999997,0.09748106687967674,0.013785904685583756,0.05650344,0.0020045251288023313,0.0002834826623269932,-26.91639656,0.02450094874102736,0.00346495740005689
GLU  53,15.44794,0.01605167904019419,0.002270050219750257,-7.8444800000000035,0.0198688097261961,0.0028098740182996985,-17.120260000000005,1.1052314293394496,0.15630332769328506,-60.1998,1.0851871359347638,0.15346863653517584,0.3244353120000001,0.004448904693630554,0.0006291701355437649,-69.392164688,0.02392363299151422,0.0033833126237835832
VAL  54,11.35474,0.020826723218685714,0.0029453434435655975,-6.893119999999999,0.037809861147688695,0.005347121842650491,-25.73349999999999,0.049859502611182875,0.007051198480591157,-2.3842999999999996,0.03567646282916186,0.005045413759050031,0.002217887999999999,0.0014752172472744512,0.00020862722385422326,-23.653962112000002,0.03656377925578389,0.0051708992515145605
ASN  55,17.4472,0.05619288211138071,0.007946873599074708,-4.460859999999999,0.07915832489389224,0.011194677663967818,-89.59888000000001,0.2978299273045745,0.04211951224747223,-7.616800000000001,0.1847064698379609,0.026121439470290133,0.413659296,0.0067313337845340635,0.0009519543530948285,-83.81568070399999,0.10348534039122699,0.014635037188806946
GLY  56,6.0657,0.008679285685382052,0.0012274363527977961,-2.1145,0.013951702405053864,0.0019730686759420503,-7.8461599999999985,0.049012390270506224,0.006931398704487303,-6.64378,0.05876233147185736,0.008310248612416403,0.32853124799999983,0.0022788383814944745,0.0003222764145565839,-10.210208752000002,0.0299495678668008,0.004235508506444313
GLU  57,13.850860000000004,0.013117941906553658,0.0018551571354670558,-3.42748,0.024883118775555744,0.0035190044046531535,-19.46572,1.2030749775470915,0.17014049497988035,-61.56464000000002,1.1880085986208362,0.16800978723854412,0.711534384,0.004770620961489649,0.0006746676864680036,-69.895445616,0.026981998624933213,0.003815830839531275
ASN  58,20.37262,0.006632917912786242,0.0009380362470369745,-4.87184,0.023966109404651964,0.003389319695737619,-92.98582000000002,0.15425131312447934,0.021814429903449766,-3.82298,0.15369729860997877,0.021736080419433944,0.5755550399999999,0.0025812549282951975,0.00036504457275374593,-80.73246496,0.009527619050324444,0.0013474088078093095
VAL  59,12.901979999999998,0.021984076055321235,0.0031090178513676903,-6.7118199999999995,0.040721340842409276,0.005758867249735263,-32.18158,0.22215157798206536,0.031416977448482104,0.82778,0.21790046259703114,0.030815778945209274,0.0,0.0,0.0,-25.16364,0.028167896619992357,0.003983542142351646
GLU  60,16.721320000000002,0.024577583280316596,0.003475795160537795,-4.93112,0.02267477894041861,0.0032066979901351836,-55.17911999999998,2.094620811889732,0.2962241160203402,-22.84988,2.0513470856000966,0.2901042869590179,0.4198844159999999,0.0029331718531086723,0.00041481314154373077,-65.81891558400001,0.04124520588907603,0.005832952955120196
LYS  61,9.456019999999999,0.013819536896538163,0.001954377650479966,-1.71858,0.05792757201885607,0.008192195798441047,27.103140000000007,1.953482818045659,0.2762641895142984,-69.27724000000002,1.9201860176549987,0.27155531084468826,1.3455604800000003,0.008089515646628919,0.0011440302740491975,-33.09109951999999,0.0786694757685822,0.011125543957671052
GLU  62,15.636360000000007,0.030519344680569823,0.004316087116200101,-4.318300000000001,0.05155046071563128,0.0072903360690627205,-65.80586,2.6495390543265116,0.37470140646657374,-21.384260000000005,2.610008167113631,0.36911089478366405,0.306544176,0.0023349403914141613,0.000330210436887065,-75.56551582400002,0.05399569150460152,0.007636143923552117
THR  63,14.703180000000005,0.026005145643555782,0.0036776829660604194,-3.9846399999999993,0.0324510462081411,0.004589270966074914,-25.809939999999997,0.46858529255645665,0.06626796758619055,-9.829040000000003,0.4524247102004301,0.06398251611181655,0.5525464320000001,0.007645694497616975,0.0010812644852291272,-24.367893568,0.028489266475268667,0.004028990703138609
HIE  64,30.98390000000001,0.06637687850396377,0.009387108180829672,-10.351819999999998,0.2762107666258401,0.03906210122357329,-11.982540000000002,0.29692074430722337,0.04199093435491892,-10.441580000000002,0.37380209148686655,0.05286359874241551,0.143702496,0.02235095026748496,0.0031609017000203783,-1.6483375040000012,0.3002267996990552,0.04245848119222745
GLN  65,21.02692,0.18757759354437786,0.02652747767877671,-4.362819999999999,0.0433062074073545,0.0061244225850422915,-75.34647999999999,0.8508194459469728,0.12032403995889714,-10.24932,0.5946189179633699,0.08409181382274124,0.723947328,0.028085460117515632,0.003971883860367927,-68.20775267200001,0.1258826606054461,0.01780249658958312
GLN  66,20.957319999999996,0.03324060168126348,0.004700930971908471,-6.22664,0.04997749893712715,0.007067885681037216,-73.02186000000002,0.34343313817553395,0.04856878017761932,-11.17846,0.19776199938316674,0.027967770164969406,0.6780978720000002,0.0073170421190671235,0.0010347860201239897,-68.79154212799999,0.098573158205771,0.013940349722055009
VAL  67,12.662099999999995,0.019739554203648597,0.0027915945269998683,-7.005239999999999,0.03225185886177212,0.0045611016214061025,-26.838059999999995,0.2898152797909938,0.04098606992633766,-1.7254599999999995,0.1730809302031889,0.02447733988815008,0.0,0.0,0.0,-22.906660000000002,0.19401676319262076,0.02743811378347334
VAL  68,13.042199999999996,0.029597297175905993,0.0041856899075753155,-5.699179999999999,0.11886996088165892,0.016810751083760133,-29.517000000000007,0.17557049865964125,0.024829418035707197,-3.3970600000000015,0.18431195403443243,0.026065646510298083,0.033641135999999995,0.011896187914147292,0.0016823750288726,-25.537398864,0.15420106910614576,0.02180732432623422
SER  69,14.506180000000006,0.1483291866081733,0.02097691473970483,-4.31968,0.030909830151533053,0.004371310101094686,-7.0019800000000005,0.5946156906775903,0.08409135741560934,-5.919300000000001,0.48782264195094094,0.0689885396279695,0.39210019200000007,0.002791120748932216,0.000394724081736089,-2.3426798079999998,0.06970832890376162,0.009858246414606411
ARG  70,14.167580000000001,0.06333216876118661,0.008956521199657175,-7.008819999999999,0.1452244731442337,0.02053784195090626,-190.07006,1.916389943720082,0.27101846492043524,-18.65312,1.7245347388788586,0.24388604165060257,0.6765372000000002,0.005963968790236156,0.0008434325548721832,-200.8878828,0.19303910109031044,0.027299851483022795
ILE  71,14.174639999999997,0.03781838706299674,0.0053483275891565195,-7.176640000000001,0.06486594175671745,0.009173429456845308,-8.667499999999995,0.573505788985673,0.08110596648830211,-1.8341599999999998,0.5709232298654529,0.08074073747495755,0.000133632,0.00046787849253411936,6.616801096844305e-05,-3.503526368,0.07851594116179264,0.01110383088534951
ARG  72,12.66698,0.03655269620654009,0.005169331871659258,-3.024619999999999,0.10289448770465925,0.01455147800053608,-138.41559999999998,1.883040350071125,0.26630212015663657,-70.85624000000001,1.6514518771062665,0.23355056422101877,1.4017325759999997,0.033739399646226846,0.004771471656602001,-198.22774742400006,0.12489923757888906,0.017663419571412424
ALA  73,8.482339999999999,0.037216990743293626,0.005263277305987978,-1.8660399999999995,0.3010401939940943,0.04257351251658757,-10.384199999999998,0.18641673744612944,0.026363307834966064,-3.3784599999999996,0.3985696531348075,0.056366260901358496,0.5864585760000002,0.01658527331823783,0.002345511846231656,-6.559901423999998,0.14202655129863087,0.02008558750636019
ALA  74,8.300480000000002,0.914279699873056,0.12929867513628787,-3.4050599999999998,0.16679789087395913,0.02358878394491805,-0.21567999999999998,1.6783073310928482,0.23734849894616983,-3.8226200000000006,1.0546554297968578,0.14915080124491417,0.09429782399999999,0.012643741369366466,0.0017880950523695824,0.9514178240000004,0.1226785628137809,0.017349368734368858
LEU  75,12.566199999999998,0.45682259138530756,0.06460447043355245,-1.1033800000000002,0.6467302649482234,0.09146147118869226,-24.227940000000004,1.127112885384524,0.15939783288362658,-5.799659999999999,0.5896045322078189,0.08338267258849419,1.1009916000000004,0.1168549194737427,0.01652578119497828,-17.463788400000002,0.8621939565255494,0.12193263867145507
ASN  76,19.690980000000003,0.6676820048495244,0.0944244946610656,-3.0680600000000005,0.31833136257679573,0.04501885302848116,-83.11110000000002,2.8771874339353696,0.4068957490560843,-16.661780000000004,1.4938972828142845,0.21126897981482762,0.7608381119999998,0.1311694682354293,0.0185501640947811,-82.389121888,1.1697358525399764,0.16542563070560892
ALA  77,7.866040000000001,0.6242258232402654,0.08827886252098936,-3.0376600000000002,0.2010669152297303,0.0284351558462406,-3.5912200000000007,0.6052045369955501,0.08558884642288364,-1.84156,0.5813403189182723,0.0822139363368521,0.41046263999999977,0.03259545624531422,0.004609693629386217,-0.19393736000000011,0.8804840110529206,0.12451924298837025
VAL  78,10.971699999999997,0.08793139371183127,0.012435376954564007,-7.00748,0.34787895825991505,0.04919751408353957,-20.61906,0.26967116345646797,0.03813726167410687,-1.8125399999999998,0.13064336339822094,0.018475761635180086,0.003220560000000001,0.0018626817467296962,0.0002634229788609943,-18.464159440000007,0.12445292703985891,0.017600301729679774
ARG  79,12.61146,0.08768288544508454,0.012400232578444501,-7.005659999999999,0.021945031328281017,0.003103496093115747,-169.39057999999997,0.8078656593887461,0.1142494572083048,-34.97261999999999,0.7936153196610757,0.11223415483717523,0.8412467039999999,0.0076405137601442625,0.0010805318183094268,-197.916153296,0.08820238455944625,0.012473700847761615
LEU  80,11.271339999999999,0.04850138554778646,0.006859131723556604,-7.83524,0.14865309414887823,0.021022722183406815,-34.89648,0.11229038071068458,0.01588025793250883,-0.25256,0.09153166883652887,0.01294453274552619,0.0013335840000000005,0.0001905119999999919,2.694246541948116e-05,-31.711606416,0.09098856293578746,0.012867725972462853
LEU  81,13.61642,0.021236845340247834,0.003003343470219835,-7.196959999999999,0.02742185989358693,0.003878036616700547,-35.9049,0.08448958516095681,0.011948631721390171,1.3508799999999994,0.08355133511800804,0.011815943127826642,0.23102121600000003,0.002302162835539287,0.0003255749904810961,-27.903538784,0.0276953460968898,0.0039167134064838315
VAL  82,11.88944,0.010792886547703082,0.0015263446532915832,-6.7026400000000015,0.014431576489780752,0.0020409331198272644,-32.30866000000001,0.06707953786100164,0.009486479220074803,0.33963999999999994,0.06500207996672135,0.00919268230713978,0.0,0.0,0.0,-26.782220000000006,0.015264717481476,0.002158757048809703
VAL  83,11.654639999999999,0.01996673233198046,0.0028237223660160142,-5.70774,0.020909146324370624,0.0029569998309568486,-31.2434,0.05569452396603919,0.0078763951142686,-1.3785799999999997,0.056652304454459124,0.008011845729918579,0.11772071999999997,0.005832572816313972,0.0008248503580359859,-26.557359280000014,0.02881306835419431,0.004074783204008462
ASP  84,14.042100000000003,0.020511703974682948,0.0029007929948378745,-4.44604,0.022849910284194096,0.0032314653022915752,-2.940740000000001,0.896495082195097,0.12678355038410888,-67.30272,0.8910219085978011,0.12600952675105706,0.3262374720000001,0.0036804398706105313,0.0005204927980516093,-60.321162527999974,0.02543040263406615,0.003596402030170483
PRO  85,17.985279999999996,0.013997199723355976,0.0019795029684014954,-3.931599999999999,0.018588168279938685,0.002628763968116265,-0.69644,0.10303730586540066,0.014571675538523447,-11.018960000000002,0.09973403832179135,0.014104522962491532,0.5757775199999998,0.00568055602518523,0.0008033519372637152,2.9140575200000005,0.03054695208286951,0.004319991392475513
GLU  86,13.88076,0.02010926154801309,0.002843879041050789,-2.977839999999999,0.03503276180957882,0.004954380687849258,7.254900000000003,0.712861480232983,0.10081383734388445,-87.09964,0.7084351137557745,0.10018785459347426,0.7558427520000002,0.0045454594758903046,0.0006428250438021369,-68.18597724800001,0.034571211620269944,0.004889107634105609
THR  87,13.115099999999998,0.015255490814567486,0.002157452201061951,-2.04318,0.027273202965548884,0.0038570133523233344,-31.766799999999993,0.06964768481751822,0.009849670045682097,-8.556159999999998,0.09079148858802431,0.012839855450922607,0.561109536,0.003429642785224869,0.0004850247340960046,-28.689930464,0.0429959370726652,0.006080543733510327
ASP  88,12.402460000000001,0.019969186262222216,0.002824069404158915,0.24285999999999996,0.012905828140806087,0.0018251597190384313,-32.5754,0.5464914271971366,0.07728555880628195,-52.66182000000001,0.5435220948574991,0.07686563179969111,0.9951871680000004,0.0037687452543333213,0.0005329810651807422,-71.59671283200001,0.024266382443009858,0.00343178471606369
GLU  89,15.00762,0.009118969237393748,0.0012896169970385279,-1.6998599999999997,0.008392877933186584,0.0011869321800454338,14.972400000000002,0.41619283991916456,0.058858555877625694,-95.31904,0.4080425938539133,0.05770593702541007,0.9893969279999999,0.00393341095455798,0.0005562683118322797,-66.04948307200003,0.021451623127588505,0.0030337176361952016
GLN  90,19.651499999999995,0.0071028163630761955,0.0010044899231707897,-1.4954399999999999,0.008863768950134446,0.0012535262263021663,-66.8415,0.04664815110219606,0.0065970447948355115,-10.36804,0.05220113408724611,0.007382355179743992,1.246484448,0.003949478830329821,0.000558540652615786,-57.80699555200001,0.018577583810385427,0.002627267098076991
LEU  91,8.309539999999998,0.007582110524325047,0.001072272353491226,0.26665999999999995,0.012107204466764334,0.0017122172759322237,-11.694240000000004,0.2708648784910474,0.03830607847325797,-95.58630000000002,0.26701582348790864,0.03776173989448208,1.5294386880000002,0.012293746128119138,0.001738598250675781,-97.17490131200002,0.02843158109684702,0.004020832758687158
LYS  92,5.12464,0.4418298206323193,0.06248417245990979,-1.5399200000000004,1.3275328371079937,0.18774149427337575,119.83274,9.726319243804452,1.3755092586558682,-237.6466,10.245150392258266,1.4488830633283674,1.623445056,0.27101898754056547,0.038327872784049255,-112.60569494400005,0.5913912271767184,0.08363534941417833
ASN  93,17.888499999999993,0.6918600797850691,0.09784379080965763,-1.1241,0.3330227169428536,0.04709652428789199,-82.55044,0.9911107134948266,0.14016422128376588,-13.078639999999996,0.7719017750984355,0.1091633959164074,1.050422544,0.04467792174924975,0.006318412287643287,-77.814257456,0.3628545772282873,0.05131538642853995
TYR  94,9.400240000000004,0.24650984239969337,0.03486175623801006,-1.9341000000000002,0.7790611593450159,0.11017588574638283,-14.998579999999999,0.954391326238889,0.1349713157378282,-9.957920000000001,0.8411206058586268,0.11895241683967446,1.002931056,0.1138686128518788,0.01610345366237383,-16.487428943999998,0.7392882611762827,0.10455114854587218
LYS  95,9.08758,0.2718236994818512,0.03844167623816624,-3.08764,0.18454752883742537,0.02609896181843268,60.856039999999986,1.2210964574518044,0.17268911710940826,-96.70912000000003,1.2568010445558735,0.17773850824155887,1.167800544,0.03979284442671841,0.00562755802736678,-28.685339456000005,0.38305532969986755,0.05417220424008501
GLN  96,18.72898,0.3624154240647221,0.051253280792552654,-3.8236800000000004,0.26056749144895425,0.036849808032064654,-86.47032000000002,3.086572522653053,0.43650727227840846,-3.2168200000000002,2.764535691142365,0.39096438680780105,0.650263968,0.025744501596586065,0.003640822331442781,-74.13157603200001,0.6945657997772446,0.0982264374005495
THR  97,15.036019999999992,0.5836460053835526,0.08254000964383006,-3.8707,0.404126329258561,0.05715209357495119,-39.8546,1.4211324357709394,0.20097847645955738,-1.9090200000000002,0.4061217792731622,0.05743429282231984,0.37285559999999995,0.01426818048733882,0.0020178254355581716,-30.225444400000004,0.21578962810614535,0.030517261868715718
SER  98,10.918940000000003,0.211273132224456,0.029878532895686986,-4.1494,0.21461696111908507,0.03035142171299093,-0.08054,0.8189699923684626,0.11581984703840699,-7.719079999999998,0.7024683292505396,0.09934402383636819,0.5000091839999999,0.022103894417260753,0.0031259627266153095,-0.5300708160000001,0.33745864021810074,0.047723858573642086
VAL  99,8.796219999999998,0.08492662480049477,0.012010438459943096,-6.644640000000002,0.054525135488041915,0.007711018609741942,-70.28394,1.7226422891593347,0.2436184088446566,-40.57598000000001,1.6860900627189097,0.23844914340795845,0.145200384,0.0198917167077291,0.0028131135546953985,-108.56313961599999,0.10877082432520041,0.015382517495119976


