#Frame       SA_00001
       1    6153.3712
       2    6163.2651
       3    6140.8228
       4    5964.3890
       5    6178.4665
       6    6178.0359
       7    6102.1959
       8    6158.3595
       9    6014.8607
      10    5990.5296
      11    6198.2814
      12    5970.2320
      13    6089.1530
      14    6141.9596
      15    5923.8415
      16    6035.3303
      17    6103.3286
      18    6081.2126
      19    6124.4113
      20    6202.7405
      21    6101.6428
      22    6176.8905
      23    6161.2891
      24    6165.8161
      25    6200.8288
      26    6021.4886
      27    6098.0163
      28    6122.9447
      29    6065.7094
      30    6160.2100
      31    6147.8562
      32    6123.3588
      33    6170.9475
      34    6192.4149
      35    6024.0874
      36    6076.2331
      37    6051.1020
      38    6056.8279
      39    6180.2153
      40    6140.5305
      41    6147.5803
      42    6215.6074
      43    6120.7001
      44    6100.9908
      45    6117.4174
      46    6099.7809
      47    6131.1455
      48    5916.5293
      49    6121.0050
      50    6008.7935
