| Run on Mon Jun 20 15:45:52 2016
| GB non-polar solvation energies calculated with gbsa=2
idecomp = 2: Per-residue decomp adding 1-4 interactions to EEL and VDW.
Energy Decomposition Analysis (All units kcal/mol): Generalized Born Solvent

Total Energy Decomposition:
Residue,Internal,,,van der Waals,,,Electrostatic,,,Polar Solvation,,,Non-Polar Solv.,,,TOTAL,,
,Avg.,Std. Dev.,Std. Err. of Mean,Avg.,Std. Dev.,Std. Err. of Mean,Avg.,Std. Dev.,Std. Err. of Mean,Avg.,Std. Dev.,Std. Err. of Mean,Avg.,Std. Dev.,Std. Err. of Mean,Avg.,Std. Dev.,Std. Err. of Mean
ARG   1,7.7463,0.02812489999995511,0.003977461502032357,-1.8598000000000001,0.06682843706087713,0.009450968204368922,-256.73318,1.2593658037293516,0.17810121996229422,-48.030559999999994,1.2534893882279399,0.17727016931227063,1.5631172640000002,0.007081698475768404,0.0010015034029068552,-297.314122736,0.021820030345750255,0.0030858182846352504
MET   2,9.77238,0.021082589973513182,0.0029815284670493374,-4.197540000000001,0.03843134658055993,0.005435013155448872,-4.928180000000001,0.06584609024077046,0.009312043384774028,-3.269799999999999,0.060939314075600215,0.008618120444742748,0.521280288,0.006900062435444654,0.0009758161877426957,-2.1018597119999995,0.03448923702048594,0.004877514675027145
LEU   3,12.274679999999998,0.01795042060949224,0.002538572827624544,0.4995999999999998,0.01394417441084532,0.0019720040567913315,-15.396560000000004,0.06021699427740659,0.008515968999245144,-6.737800000000001,0.0567337641972164,0.008023365877218056,1.2259596959999994,0.005723390039740968,0.0008094095816952764,-8.134120304,0.01600011777758408,0.002262758356062627
PRO   4,18.325180000000003,0.018661929158530672,0.0026391953316039995,-4.577660000000002,0.038698635634623835,0.0054728135359819775,-0.19002000000000002,0.05398165984850766,0.0076341595477170685,-4.633979999999999,0.0531693483127095,0.007519281348637281,0.44916105599999995,0.0038025193179367354,0.0005377574390611822,9.372681056,0.03221659409312616,0.004556114429996796
ARG   5,12.915239999999999,0.039485977258448664,0.00558416045624537,-5.0941600000000005,0.04849633388198711,0.006858417310128002,-236.37836,0.6464984689982626,0.09142869029107849,28.797719999999995,0.6307709581142559,0.0892044843716252,0.65986272,0.004540092553764739,0.0006420660463963194,-199.09969728000004,0.06500839678477327,0.009193575640115786
LEU   6,12.387319999999999,0.012149798350761968,0.0017182409607745838,-3.49442,0.045427344188290836,0.006424396625367149,-31.260859999999997,0.08243712998248955,0.011658370726435042,-6.1167,0.07052212418805008,0.009973334447410012,0.8640460799999999,0.01294992888689853,0.001831396506361902,-27.620613919999997,0.05024425678753575,0.00710561093802895
CYS   7,10.61884,0.02370768651678715,0.003352773180453015,-5.466140000000001,0.045312254413154646,0.0064081204732783425,-4.861079999999999,0.09924894760149613,0.01403592077492925,-1.0385999999999997,0.1056200738496267,0.014936934089698994,0.04428590400000001,0.002927978486871849,0.00041407868864708225,-0.7026940960000003,0.0426875810260942,0.006036935603200282
CYS   8,10.032760000000001,0.0416463972026742,0.005889689974799878,-4.1207600000000015,0.04394704085591907,0.006215050120460526,4.265319999999999,0.0762971663956668,0.010790048748738875,-7.3296,0.0903225331797542,0.012773535141070226,0.6185538719999999,0.010636251931262136,0.0015041931734007937,3.466273872,0.046388286015610354,0.006560294321851835
LEU   9,13.475679999999997,0.26359601210945455,0.03727810553126532,-7.47628,0.21900283468485987,0.03097167790094817,-33.8767,0.40065527576689036,0.056661212482586876,0.45800000000000013,0.18394086006105284,0.02601316589729125,0.014226623999999998,0.004886171630655641,0.0006910090188155869,-27.405073376000004,0.2506573733031371,0.03544830568341122
GLU  10,15.703240000000003,0.18055088590185606,0.025533751154088208,-3.84712,0.3033648390964228,0.042902266979729285,-0.84174,2.2215644290454417,0.3141766545241705,-73.20298000000001,2.583245388963098,0.3653260664009374,0.964328688,0.06433027033626088,0.009097674078066774,-61.22427131199996,0.32507614147722097,0.04597270880810009
LYS  11,9.88606,0.10890002938487292,0.015400789849891586,-6.418399999999999,0.5622701130239999,0.07951700195555936,6.22682,2.5565571512485263,0.361551779627759,-44.56826000000001,2.5041260336490874,0.35413689986780844,0.7836121439999999,0.0801907090036063,0.011340678824921428,-34.090167856,0.5477023608958833,0.07745681069227217
GLY  12,6.70048,0.10101252199606427,0.014285327857634466,-1.5518600000000005,0.10160354521372969,0.01436891116264445,-4.4101,0.3622523015799971,0.05123021178953004,-2.6013200000000007,0.3324493007963712,0.04701543099876807,0.146766096,0.008246846267925122,0.001166280183890565,-1.7160339039999994,0.18256412090815613,0.02581846557910359
PRO  13,18.406040000000004,0.07600893631482965,0.010749286859798495,-1.0124800000000003,0.061998787084902404,0.008767952554615085,-5.73076,0.45730088825629567,0.06467211182573165,-5.118360000000001,0.39372603469924977,0.05568126981310588,1.1767186080000003,0.015446869395631946,0.0021845172195508592,7.7211586080000005,0.039158923262662994,0.005537908036598529
ASN  14,18.441499999999998,0.4244804942514104,0.06003060719331792,-1.4550399999999997,0.4219252521478205,0.05966924138951356,-86.59358000000002,3.006633945726873,0.4252022503138276,-11.077340000000001,2.2710101770797886,0.3211693392713561,0.708668784,0.07790986110241893,0.01101811822136449,-79.97579121599996,0.7622147823924004,0.10779344827005899
GLY  15,5.472019999999999,0.2539338094858812,0.03591166373199989,-3.28404,0.0801543411176319,0.011335535629163444,-11.136280000000001,0.6405212577268403,0.09058338496655702,-1.0972200000000003,0.39744772184527494,0.05620759585678772,0.06457679999999998,0.01353741993403476,0.0019144802870251845,-9.980943199999999,0.11756977792986625,0.016626877447360983
TYR  16,9.834879999999997,0.18060062458378395,0.025540785265943906,-11.617659999999999,0.31431586724192523,0.04445097623225919,-31.507,0.7694040810913878,0.10881016864246493,-0.06490000000000001,0.6720820560020927,0.09504675586257534,0.024424704,0.010700383083552853,0.0015132626879348083,-33.33025529600001,1.3983207885641562,0.19775242237356708
GLY  17,7.215439999999998,0.11140092638757255,0.01575447009582319,-3.939380000000001,0.14670608576330807,0.02074737361691407,-14.887459999999997,0.5674274653205197,0.0802463617119268,-0.4979999999999999,0.5609621377597602,0.07933202631976574,0.008367408,0.005342258911128887,0.0007555095005826994,-12.101032592000001,0.1917218153696504,0.02711355914985501
PHE  18,9.85104,0.08695354161859745,0.012297087785339387,-9.943559999999998,0.26703364282432673,0.037764259929205575,-6.513260000000002,0.5235758134214932,0.07404480162712009,-0.8164599999999997,0.4311514448543582,0.060974022074978894,0.0017009280000000002,0.00342042517070846,0.00048372116654982124,-7.420539072,0.20502392307679845,0.028994761262614653
HIE  19,30.33874,0.7848888025700127,0.11100003895492905,-9.822820000000002,0.3767026779835328,0.053273803618657675,-22.045779999999993,7.276805189889322,1.0290956590288403,-5.04678,6.748336969328074,0.9543589665487511,0.23168937600000003,0.057283904608155085,0.008101167480253956,-6.344950623999999,1.156359787249819,0.16353396941115608
LEU  20,11.550780000000001,0.16121107778301413,0.022798689260552254,-9.09436,0.19959616829985552,0.02822716082073585,-34.33846,1.1418250340574005,0.1614784449021097,1.87782,0.4822829746113779,0.06820511235970497,0.0,0.0,0.0,-30.00422,0.9109982061452968,0.12883460184282394
HIE  21,28.982300000000006,0.39052140786344774,0.055228067139752285,-9.89802,0.5301360764935816,0.07497256292804837,-31.209759999999992,5.438203753299482,0.7690781502864397,1.2633799999999997,2.3496335790075866,0.3322883674039764,0.213983424,0.02686067090130516,0.0037986725083066102,-10.648116576,2.5410707568562776,0.3593616727295813
GLY  22,5.40904,0.14381014706898992,0.020337826039183493,-3.080399999999999,0.3458941456573192,0.04891681919340356,-9.656339999999998,1.9181198774842148,0.2712631144995596,-3.6705599999999983,1.476519951236693,0.20881145401533924,0.10240948800000002,0.052534522320137736,0.007429503395793086,-10.895850511999999,0.655150174559336,0.09265222622529136
GLU  23,15.421579999999999,0.12904713712432037,0.01825002115066344,-4.72784,0.4823801554790643,0.0682188558098135,-21.900719999999993,2.727736827775079,0.38576024164240796,-51.13369999999999,2.458343948677802,0.3476623353197975,0.48386303999999997,0.044124727494900706,0.006240178805930558,-61.85681696,0.7130545381882947,0.10084113986175704
LYS  24,9.671700000000001,0.16125758896864317,0.022805266935504116,-1.11666,0.2133300363286888,0.030169423063757677,43.29050000000001,4.758430481787004,0.6729436922952722,-80.30993999999998,4.655714567754457,0.6584174684256345,1.5850173599999997,0.055994925064274455,0.007918878244996208,-26.879382640000003,0.17933545572643708,0.025361863370268703
GLY  25,6.3600999999999965,0.038022230340246946,0.005377155381885101,-1.1838599999999995,0.036610386504390684,0.005177490511823023,-4.84618,0.32991936530005916,0.046657644089686715,-6.264380000000002,0.3418430569720208,0.04834390873729104,0.627632496,0.00893803681265114,0.0012640292881441234,-5.306687504000001,0.03516074156638834,0.004972479758628181
LYS  26,9.847439999999999,0.07927248198472411,0.011210821914577368,-4.148680000000001,0.13618611382956114,0.019259624918465147,20.300339999999995,1.158922768954068,0.16389642975978239,-56.16303999999998,1.1550450027606236,0.16334803080553428,0.939571488,0.02581454114193328,0.003650727418936029,-29.224368511999998,0.14393125288027764,0.020354952987264023
LEU  27,11.158559999999998,0.11876231052021645,0.0167955270236455,-2.65724,0.09913234789916962,0.014019431086889368,-27.844259999999995,0.6012965261834478,0.08503617023364607,-6.291740000000001,0.5717022935059851,0.08085091371159679,0.8832885120000001,0.024614002979506222,0.0034809456837909467,-24.751391488,0.24359358142443507,0.034449334655747094
GLY  28,5.016660000000001,0.08903114286579393,0.012590904971438239,-3.522179999999999,0.12210908074341814,0.017268831807625326,-7.15656,0.3991648361265994,0.05645043248726708,-3.255,0.2898761114683319,0.040994672824649005,0.036615456,0.005239006020999033,0.0007409073368251137,-8.880464543999999,0.2075243679404212,0.029348377566424798
GLN  29,19.066660000000002,0.1832566080660033,0.02591639805214326,-9.24832,0.3781344967071859,0.05347629336444267,-79.68946,1.8250568781275474,0.2581020189150278,-2.8063600000000006,1.1093817153712229,0.1568902667726712,0.06575443199999997,0.039012260538110057,0.005517166795182794,-72.611725568,0.9903326736839465,0.1400541898385046
TYR  30,8.950720000000002,0.09396042571194256,0.013288010836817883,-9.148859999999997,0.2718221484722017,0.03844145689227807,-27.489739999999998,0.7938257191601179,0.11226390981968144,-1.8308399999999998,0.5528662536274043,0.07818709540582784,0.23099342399999995,0.01634668262608169,0.0023117700269613367,-29.287726576000008,0.3949527971635804,0.05585476022459254
ILE  31,12.801779999999999,0.10405792425368943,0.01471601277519598,-8.549679999999997,0.15502108759799937,0.02192329245349183,-5.6296,0.3805461864215774,0.05381735779467549,-2.0239800000000003,0.30691018164928796,0.04340365413188132,0.0022815360000000002,0.0015378152593546462,0.0002174799196203639,-3.399198464000002,0.2466846278435604,0.03488647463253228
ARG  32,13.91092,0.43525545786347347,0.06155441716074354,-7.25436,0.39465102356383025,0.05581208299283926,-162.8373,6.135456006687203,0.8676845096000514,-40.77986,6.675475299961765,0.9440547704492533,0.85569768,0.09398054996517519,0.013290856836003305,-196.10490232,0.8639290251498463,0.12217801442946792
LEU  33,11.831359999999997,0.05256910119127078,0.007434393586645876,-4.40416,0.5749710378792996,0.08131318397406401,-36.22552000000002,0.4173209910836334,0.05901810054534558,0.7059000000000001,0.376903820622715,0.053302249483487975,0.671365584,0.08652607362108364,0.012236634681382938,-27.421054415999997,0.6512321959445556,0.09209814037588034
VAL  34,10.900199999999998,0.08504445896138106,0.012027102726786719,-6.26228,0.11577271526573961,0.016372734408156762,-28.863459999999996,0.3958519526287822,0.05598192000994957,-3.390659999999999,0.43301827259367287,0.06123803138573421,0.11114596800000001,0.007504513739701657,0.0010612985109701317,-27.505054032000004,0.21357304485727438,0.03020378965944748
GLU  35,16.347360000000002,0.6716682740757062,0.09498823826135927,-4.21656,0.2996359230799795,0.04237491861938885,-4.51582,6.211794963422409,0.8784804683952854,-65.57806000000001,5.506199118847834,0.7786941471001393,0.43273007999999996,0.0600322809123496,0.008489846584643627,-57.53034992000002,1.1940514520546899,0.168864375766703
PRO  36,17.851499999999998,0.03574087296239184,0.005054522727446839,-1.91174,0.15703971599566938,0.02220876961922947,-8.40314,0.8775847995493097,0.12410923256551078,-2.0944,0.8015717809404229,0.11335936838215016,0.936602352,0.026707505137681442,0.003777011598285821,6.378822352000002,0.1067139474472489,0.015091631177426911
GLY  37,6.240259999999999,0.01350675386621807,0.001910143450124083,-1.6320000000000006,0.027763285108185706,0.0039263214336027205,-19.44372,0.29120110164648555,0.04118205473264461,3.834480000000001,0.26448555650543704,0.03740390610617846,0.31463179199999997,0.005410433378722967,0.0007651508262506108,-10.686348208,0.042625216359768764,0.006028115907507251
SER  38,12.514879999999996,0.030456289992772397,0.00430716983673467,-4.752079999999999,0.09672183621090294,0.013678533254708806,-5.9023200000000005,0.6115631264227784,0.0864880867634385,-1.91806,0.598792231412532,0.08468200947072516,0.015510960000000002,0.017885480233440755,0.0025293888715687825,-0.04206904000000017,0.11802801984605507,0.016691682640633188
PRO  39,19.409960000000005,0.018652570865219063,0.0026378718690718054,-7.802360000000001,0.08349293622811259,0.011807684277614874,-7.944900000000001,0.17691741010984624,0.025019900079726747,-1.53738,0.16638592368346541,0.023530522986113155,0.12184113599999997,0.010818723822813462,0.0015299985957791696,2.2471611360000003,0.09380580908511799,0.013266144743755514
ALA  40,9.50368,0.04606666473768179,0.0065148102045324,-7.037279999999999,0.0583064456127961,0.008245776615938548,-8.076099999999999,0.21008800536927222,0.02971093064851364,-1.0860199999999998,0.17486651937978523,0.024729860331186994,0.0,0.0,0.0,-6.6957200000000014,0.07184734928992013,0.010160749578636202
GLU  41,17.504519999999996,0.02814337577718999,0.0039800743715064524,-6.009540000000002,0.04761353168983511,0.006733570226824597,8.349200000000002,1.2194766746436645,0.17246004522787126,-83.46376000000001,1.1946812723064604,0.16895344580089408,0.5644556639999998,0.011002908728554044,0.0015560462749474437,-63.05512433599999,0.05304771480609104,0.007502079773167398
LYS  42,11.305319999999996,0.06559190193977496,0.009276095730507587,-3.687199999999999,0.03487749991053258,0.004932423339514158,-15.8871,2.1340570118907296,0.3018012369093271,-27.179119999999998,2.100403053130541,0.29704184841870673,1.3157382239999995,0.006413445269575613,0.0009069981281771402,-34.13236177599999,0.09064951585908543,0.012819777475047357
ALA  43,7.299880000000001,0.017099286533937347,0.0024182042923197827,-3.93612,0.04243472163222529,0.006001175884781996,-8.668619999999999,0.12252720351006258,0.017327963296357878,-2.93984,0.10814164045362644,0.015293537458679344,0.17320219199999998,0.004297381509890597,0.0006077415213978651,-8.071497808000002,0.040538645421668906,0.005733030215555815
GLY  44,6.145339999999997,0.05211740975949764,0.0073705147717637465,-2.0719199999999995,0.024811964855704596,0.003508941720806203,-11.457339999999997,0.1351216651765517,0.019109089146311573,-1.2863200000000004,0.10533156032262714,0.014896132115417907,0.26536881600000006,0.0038311013375955643,0.0005417995470453352,-8.404871184,0.030828477243081465,0.004359805062447613
LEU  45,10.294700000000004,0.01860994357632551,0.0026318434600637593,-7.420019999999998,0.04285113300745454,0.00606006534621956,-27.378460000000004,0.11635019724838727,0.016454402693345405,-2.06806,0.08855809618549904,0.012524006068347379,0.002067264,0.0008508507078824106,0.00012032846106420535,-26.569772736000004,0.0681592586098109,0.009639174792728971
LEU  46,10.739939999999999,0.016675023238977276,0.0023582044017448197,-3.4857599999999995,0.03020699256792637,0.004271913856806476,-31.69479999999999,0.15887479347238093,0.022468288764786556,-0.45922,0.13638332596032388,0.019287514925464065,0.8516600639999998,0.0070025277664189055,0.0009903069738163791,-24.048179935999997,0.04403132828652282,0.0062269701632102666
ALA  47,7.021459999999998,0.016516912545659315,0.002335844173060172,-3.3691799999999996,0.0221410839843504,0.0031312221256310055,2.6187400000000003,0.18732931537801675,0.026492365843765808,-8.425400000000003,0.20657957304621327,0.029214763391119825,0.41607158399999994,0.003918070922043686,0.0005540989036293838,-1.7383084159999997,0.06384268067360571,0.009028718486686788
GLY  48,6.196759999999999,0.018630684367441898,0.002634776650872874,-2.6348199999999995,0.04972391376392554,0.007032023321921372,-11.861799999999999,0.1743361121513231,0.024654849421579805,-2.1652800000000005,0.2194251617294518,0.031031403964370055,0.18894081600000004,0.009276774979599311,0.0013119340991232737,-10.276199184,0.06315077309537304,0.00893086797858225
ASP  49,12.018920000000003,0.045729570300949714,0.006467137852109698,-8.398919999999999,0.06138952353635829,0.008681789677274022,10.10508,0.7916489585668636,0.11195606938437948,-76.28403999999996,0.8068446432903952,0.11410506372693589,0.01894363199999999,0.0027736906092382225,0.0003922590877411587,-62.54001636800002,0.12377232302327687,0.017504049786594183
ARG  50,12.944559999999997,0.11553824648183637,0.016339575514741852,-8.992579999999997,0.1354921532785278,0.019161484076162822,-186.7875,1.3904555548461182,0.19664011035403872,-17.408299999999993,1.3126093287799847,0.18563099148580992,0.4365488159999999,0.010039735692447678,0.0014198330378900742,-199.80727118399997,0.23493270734842506,0.0332245020977172
LEU  51,12.749100000000006,0.05267912299791599,0.00744995301975732,-8.81944,0.05589996779933713,0.007905449259804187,-33.33792,0.19371420598456746,0.027395325732771068,-0.12474000000000003,0.11459717448523758,0.0162064878366659,0.0,0.0,0.0,-29.533,0.21616706502059999,0.030570639509051915
VAL  52,12.493919999999996,0.05803614046519627,0.008207549695367055,-6.614339999999999,0.03910478743077432,0.005530252073831799,-32.49105999999999,0.13216707759713248,0.0186912473637082,-0.26539999999999986,0.13566208018455292,0.019185515369674104,0.058830768,0.0024563865140029596,0.00034738551225333537,-26.818049232000003,0.04783105554065285,0.0067643327448212035
GLU  53,15.505419999999999,0.03230485412633507,0.0045685962835947495,-7.8887800000000015,0.0863285097749638,0.012208694934321212,-10.636600000000001,1.3064004286588153,0.18475292040993216,-66.59425999999999,1.2586862644840981,0.17800511860061402,0.314660304,0.006040832900217631,0.0008543027815517371,-69.299559696,0.03296467448551234,0.004661908973662587
VAL  54,11.369520000000005,0.03882228226037266,0.005490299809489543,-6.830559999999999,0.05987091447448929,0.00846702592415024,-25.661899999999992,0.0954903660082154,0.0135043770684789,-2.497359999999999,0.06691599509835514,0.009463350780778538,0.0012467520000000005,0.0009639037317574809,0.00013631657302734672,-23.61905324799999,0.07028389489810197,0.009939643738130098
ASN  55,17.374280000000006,0.04781340397638638,0.006761836436662928,-4.62044,0.11329539443418704,0.01602238833632366,-89.50796,0.37864748566490847,0.053548840958578564,-7.47236,0.30027319294269456,0.04246504218766318,0.39765513600000013,0.011520744513536118,0.0016292793139678202,-83.82882486399998,0.13385444909830443,0.018929877729880123
GLY  56,6.084720000000001,0.021806457758835374,0.0030838988309860992,-2.0732999999999997,0.026984625252208662,0.0038162023007228987,-7.8818399999999995,0.05212191861395845,0.007371152420076671,-6.61872,0.06252584745536512,0.008842490147024862,0.33482865599999995,0.005010081286854716,0.0007085324904461587,-10.154311344,0.0691804522260505,0.00978359337891846
GLU  57,13.846379999999996,0.013404312740211597,0.0018956560871497704,-3.3872799999999987,0.034635842706825515,0.004898247850021389,-14.003260000000004,2.055004601551988,0.29062153782539396,-66.99056000000002,2.0147928643903845,0.2849347394193418,0.710556768,0.0044220580995582934,0.0006253734537997132,-69.82416323199999,0.09588119862434441,0.01355964914711364
ASN  58,20.37142,0.01964595632611082,0.002778357788217543,-4.867739999999999,0.03863253033402813,0.0054634648347172575,-92.85373999999997,0.3008500496977417,0.042546622052316595,-3.978860000000001,0.32362799693474026,0.045767910242874806,0.575726544,0.0038398216281675564,0.0005430327823648098,-80.75319345599999,0.025533332880815492,0.003610958565263616
VAL  59,12.86416,0.047005259280578096,0.006647547517745734,-6.69384,0.11260823415723797,0.015925209198005115,-31.834760000000003,0.26575872967761743,0.037583959982913175,0.5039200000000001,0.21871148483790204,0.030930474810451858,0.0,0.0,0.0,-25.160519999999998,0.17447971114161667,0.024675157385541432
GLU  60,16.66556,0.084877360939606,0.012003471497922719,-4.92226,0.048853581240274724,0.006908939716049232,-44.03368,1.6365301150910803,0.2314403083993808,-33.886559999999996,1.549215300208558,0.21909212885908486,0.42397329599999983,0.006412312673889947,0.0009068379549592049,-65.75296670399999,0.12811845313036904,0.01811868540072296
LYS  61,9.447759999999999,0.051631990084018545,0.007301866062913219,-1.82488,0.17216638928664205,0.02434800427139751,15.728640000000002,2.049816311380107,0.28988780279273385,-58.03158000000002,1.9994041721466747,0.28275844969151775,1.327528944,0.016360279908962654,0.002313692973147505,-33.352531056,0.2283106641578737,0.032288003768647384
GLU  62,15.703499999999996,0.10196965234897659,0.014420686530239223,-4.63204,0.3155380775754428,0.04462382287523249,-57.6132,3.568732290323665,0.5046949605454525,-29.27606,3.7488920411769393,0.5301733968504982,0.29569795200000004,0.009999905725198686,0.0014142002299028342,-75.52210204800002,0.16697229467009972,0.023613448366301186
THR  63,14.645800000000001,0.1204410229115742,0.01703293280676369,-4.27368,0.47201900131245084,0.06675356733538718,-26.84938,2.3616486266165833,0.33398755173209654,-8.980500000000001,1.853537409927297,0.26212977434850826,0.44517470400000003,0.11591124751673902,0.016392325826975706,-25.012585296,1.0068879365982892,0.14239545757271616
HIE  64,30.931840000000008,0.17629865115615062,0.024932394349311132,-11.190459999999998,0.5838210756730613,0.08256476832160922,-12.139220000000002,2.271190641844042,0.3211948608430699,-8.929260000000001,1.2025147784538848,0.17006127086435616,0.09138225599999998,0.038721945847202316,0.005476110097859006,-1.2357177439999996,1.1649856158929146,0.1647538457965333
GLN  65,21.0953,0.07905295693308398,0.011179776384046354,-4.247779999999999,0.46870725575780414,0.06628521578753616,-76.04998,3.1184517664379423,0.4410156781702873,-10.13826,2.457496138837249,0.34754243690231523,0.7373455200000001,0.09750209338276891,0.01378887828216798,-68.60337448000001,1.0971621431970209,0.15516215830315586
GLN  66,20.95038000000001,0.1363521748990454,0.01928310950012983,-6.297339999999999,0.16757441451489066,0.02369860097136892,-73.15684000000002,1.2662513551407746,0.1790749839813394,-11.016019999999996,0.924610544824172,0.13075967724035206,0.6794429760000001,0.0071957240672493065,0.0010176290566998457,-68.84037702399998,0.11432748058016758,0.016168347358841963
VAL  67,12.654699999999997,0.045326482325838476,0.006410132603986516,-7.169880000000003,0.12551759079891495,0.01775086792242219,-28.116300000000003,0.34231828756312066,0.04841111649200984,-0.8503599999999998,0.2325445987332335,0.032886772538514804,0.0,0.0,0.0,-23.481840000000002,0.19506833264260173,0.027586828161267368
VAL  68,12.999579999999998,0.1112183599954863,0.015728651309051,-5.234560000000001,0.5076353084646428,0.07179047379701474,-30.893060000000006,0.38634297767604925,0.05463714787570747,-2.3693999999999997,0.364587767211132,0.051560496506530766,0.08806219199999997,0.031074553728553236,0.004394605532761142,-25.409377808,0.49891317733887336,0.07055697818392878
SER  69,14.53462,0.1172573051028869,0.016582687116382257,-4.291499999999998,0.25361295313925314,0.0358662877923024,-7.432439999999999,0.7276789171056107,0.10290933936237219,-5.4034,0.38889993571610787,0.054998756349574456,0.4084875360000001,0.018642572127488814,0.0026364578340213325,-2.184232464,0.3278155792200401,0.046360123809017245
ARG  70,14.085820000000002,0.071845581631735,0.010160499594018296,-7.336259999999998,0.19092216319756153,0.02700047125516009,-195.51322,3.4285599734579484,0.4848716013873769,-13.032520000000003,3.2428658143068407,0.4586104815548805,0.6759180000000002,0.012176216664814036,0.0017219770745773302,-201.12026200000003,0.15795269688108704,0.022337884614263975
ILE  71,13.885760000000003,0.09857597273118629,0.013940747756056403,-7.7892600000000005,0.07111618943657767,0.010057347960550238,-8.73166,0.5469991447890858,0.07735736091672095,-1.50432,0.5652779295178605,0.07994237144343408,0.006170399999999997,0.0027637344196575833,0.0003908510699077089,-4.1333096000000005,0.07880510026601564,0.011144724158037092
ARG  72,12.638579999999997,0.045739737647371784,0.0064685757320300415,-2.8934599999999993,0.18413519055304367,0.026040648379026855,-141.79676,4.269296028901932,0.603769634585871,-67.48066000000003,4.112393442315186,0.5815802579936314,1.4381303039999997,0.038677030298791486,0.005469758080086604,-198.09416969600005,0.15040335346383404,0.021270246229494853
ALA  73,8.396980000000003,0.041576671342769086,0.005879829249127284,-2.0425999999999997,0.24572830524789127,0.03475123019405236,-10.449620000000003,0.25743775092226984,0.036407195882110076,-3.10812,0.3111930359117944,0.044009341190251725,0.5672675519999999,0.018065564713926084,0.002554856663036309,-6.6360924479999985,0.19907862411089042,0.028153969019619664
ALA  74,8.803399999999998,0.8079203178531893,0.1142571870824762,-3.504800000000001,0.07324097213987099,0.010357837612159556,-1.1910999999999998,1.701638178344621,0.24064797900668106,-3.01446,1.0113830769792413,0.1430311664218675,0.09119073600000002,0.008256679214060678,0.0011676707724688638,1.1842307360000002,0.1569388798888393,0.02219450924024387
LEU  75,12.700940000000003,0.5001709471769488,0.07073485370026378,-1.4222799999999998,0.6528044129752806,0.09232048544066486,-24.839420000000004,1.2129800672722164,0.17154128620245976,-5.5449,0.8431166763858914,0.11923470384078554,1.0364542560000003,0.11698899807315731,0.016544742772349894,-18.069205743999998,0.7108974545629558,0.10053608216994432
ASN  76,19.234899999999993,0.582285505572956,0.08234760591545488,-2.7796000000000003,0.321996273270355,0.04553714966925294,-81.05220000000001,2.540794521403841,0.3593226071372569,-17.723419999999997,1.330663174360858,0.18818419081315596,0.85349592,0.11099440348780099,0.01569697907599597,-81.46682408000001,1.0464608816004706,0.1479919171252291
ALA  77,7.489160000000002,0.5666136023781821,0.08013126411083013,-3.1678200000000016,0.1815040153825544,0.025668544017918328,-3.9551600000000007,0.5187584162208831,0.07336351878147598,-1.5536400000000004,0.4916277355886248,0.06952666113082072,0.3771563039999999,0.029845925948799402,0.00422085132583752,-0.8103036960000003,0.7831077991946068,0.11074816704211593
VAL  78,11.043780000000003,0.10032951509872866,0.014188736095893828,-7.237359999999999,0.3242313223610927,0.045853233342922024,-20.4423,0.28979967218730207,0.04098386267785596,-1.8983199999999996,0.16349256129867917,0.02312133975357067,0.0012048480000000008,0.0008500204369872522,0.00012021104302816769,-18.532995151999998,0.1055949683363886,0.014933383633967828
ARG  79,12.602580000000003,0.0647787279893971,0.009161095567588299,-7.074360000000001,0.03274554015404798,0.0046309186993087415,-174.05792000000002,1.2272920734630066,0.17356530952843807,-30.318279999999994,1.2064465349115565,0.17061730519499488,0.833956128,0.007043428851106202,0.0009960912606844338,-198.01402387199997,0.07984750555529016,0.01129214252779524
LEU  80,11.184659999999997,0.05396614123756814,0.007631964884711083,-7.775180000000001,0.17233649526433578,0.024372060889467032,-34.97756000000001,0.12610252336380703,0.0178335898790566,-0.15661999999999998,0.11200087321088173,0.01583931538924584,0.001005408,0.0012972903656221302,0.00018346456293987678,-31.723694591999994,0.13303790156816334,0.01881440047073534
LEU  81,13.64288,0.03943939147683625,0.005577572231828367,-7.137620000000002,0.03479476397328772,0.0049207227110594255,-35.694559999999996,0.08951986595394991,0.012660020853389744,1.14744,0.08586411590413925,0.01214301972328091,0.24664967999999995,0.003164232568950993,0.0004474900613513154,-27.79521032000001,0.09492089291926495,0.013423841411898877
VAL  82,11.939100000000003,0.024938524414361146,0.003526839945236208,-6.61754,0.025356032812821984,0.0035858845491870068,-32.63792000000001,0.05120071873764622,0.0072408750842029536,0.6234599999999998,0.04935350443484495,0.006979639532239842,0.0,0.0,0.0,-26.692899999999998,0.04995808242944911,0.007065139772187995
VAL  83,11.278560000000002,0.036712482890968234,0.005191929121279749,-5.241179999999999,0.05674493457570832,0.008024945607294068,-31.547140000000002,0.08787650652725429,0.012427614734481082,-1.1673000000000004,0.055946492293966976,0.007912028816932995,0.14272416000000002,0.005557525299051144,0.0007859527651149718,-26.534335839999994,0.04059042462587332,0.005740352900839291
ASP  84,13.943479999999996,0.02515968203567659,0.0035581163559848554,-3.82318,0.033838256456288775,0.004785452120754253,5.617660000000001,0.5816611938233331,0.08225931490110833,-76.08802,0.5874657263198002,0.08308019975908223,0.38845310399999994,0.003890280848329225,0.0005501687937147499,-59.96160689599999,0.04304785915853096,0.0060878866253121335
PRO  85,18.078559999999996,0.022985351858481017,0.003250619633418148,-3.7533600000000003,0.03349672222769676,0.0047371518869453065,-4.48404,0.09026936578929787,0.012766016136604292,-7.564759999999999,0.08639434240746709,0.012218005074494498,0.6227114399999999,0.004906226079442362,0.0006938451461615966,2.89911144,0.025293905952679566,0.0035770984843669002
GLU  86,14.634819999999998,0.014216455260004396,0.002010510383756854,-2.18586,0.021364465825327573,0.0030213917323034752,-9.96768,0.7638949781219926,0.10803106382888206,-70.1104,0.760472695105107,0.10754707992320618,0.73406592,0.004205652817594974,0.0005947691253275432,-66.89505408000001,0.034906444220696914,0.004936516683112952
THR  87,13.22342,0.011704853691769438,0.001655316283649313,-1.9523400000000004,0.016927622396524303,0.002393927317189522,-31.13622000000001,0.11891447178385099,0.016817045875915478,-8.810960000000001,0.10999908363242343,0.015556219592158554,0.5676333119999999,0.006424813800038146,0.0009086058811735768,-28.108466687999993,0.020543659242041816,0.0029053121520866915
ASP  88,12.764100000000001,0.02076944871751713,0.0029372436059325207,0.17215999999999998,0.01103151848115242,0.00156009230496152,-20.042859999999997,0.8733499415470759,0.12351033320336245,-65.2131,0.8602101196806041,0.12165208177428935,0.9500456159999995,0.003086364899870074,0.00043647790998285383,-71.369654384,0.018717721809883202,0.0026470856040263497
GLU  89,14.987539999999997,0.01300032307538107,0.0018385233208435814,-1.4636199999999997,0.018647133828059867,0.002637102955902839,17.051439999999992,1.7963614019456946,0.2540438657555148,-97.36152,1.7816899083731397,0.2519690032364571,1.0029618720000002,0.005533418208605691,0.0007825435076892404,-65.783198128,0.030156670162070263,0.004264797193921181
GLN  90,19.661959999999993,0.010242968330094452,0.0014485744731377666,-1.3870600000000002,0.008107798714822138,0.0011466158903492617,-66.73566000000002,0.07141893583774192,0.01010016276719885,-10.536500000000004,0.07849999999938359,0.011101576464541622,1.2472958879999998,0.004958587091806846,0.0007012501115441405,-57.749964112,0.017776136576444758,0.0025139253433004616
LEU  91,8.347480000000003,0.009165675096437568,0.0012962222029687335,0.04991999999999999,0.010089281441212832,0.0014268398648762354,-10.066139999999999,1.0552868048071167,0.14924009115515935,-97.1356,1.0404369851192494,0.14714000951502165,1.4965657920000002,0.012583393736475667,0.0017795606082804543,-97.30777420800001,0.028163613816830604,0.003982936462520013
LYS  92,3.856160000000001,0.3024016111068132,0.042766045971072954,-0.58466,1.04183243585521,0.14733735605066356,85.36892000000003,3.6928919282310884,0.5222537849282536,-205.3024,4.04730577544924,0.5723754718711271,1.9688565600000008,0.2340332326773094,0.033097297169826914,-114.69312344000002,0.6238407402450815,0.08822440356154654
GLN  93,18.401479999999996,0.6427960559929472,0.09090509002251614,-2.60834,1.240037864099319,0.17536783652654217,-73.13054000000001,3.562016115684701,0.5037451500192835,-9.721780000000003,3.401732366251046,0.48107760479157496,0.814475232,0.16082773096243966,0.02274447583327735,-66.24470476800003,0.9960150462782165,0.14085779867743195
SER  94,10.67708,0.6901129426405787,0.09759670830515121,-2.5512199999999994,0.3321198753462397,0.04696884320483139,-7.96926,1.958870478719811,0.2770261197937834,-8.728859999999997,1.1751090334092773,0.16618551323145384,0.5117829119999999,0.05767159631247509,0.008155995366880844,-8.060477088,1.3123974423228095,0.1856010262156679
SER  95,10.5164,0.5897050788317769,0.0833968920284194,-3.21658,0.4409855820772406,0.062364779098462726,-10.56624,2.0081421818187866,0.28399419087016253,-5.949940000000002,1.220176141546779,0.17255896478595278,0.37252483200000003,0.07979440061212649,0.011284632354710127,-8.843835168,1.0879223698886327,0.1538554570305583
SER  96,11.453219999999996,0.7239356405096546,0.10237996010940069,-4.16928,0.20886685136709401,0.029538233393350977,-12.69768,1.7535654015747313,0.24799159734152076,-6.038499999999999,1.6006062007876922,0.22635989971724277,0.361584576,0.03197919413220196,0.004522541005552211,-11.090655424000001,0.87256219300048,0.12339892873552889
THR  97,15.849659999999998,0.5562956627549895,0.07867208709574357,-3.70228,0.262085637912496,0.037064506363905604,-27.00718,0.9482815128431104,0.13410725764104028,-2.7442200000000003,0.7123502871481118,0.10074154372452283,0.6290962560000001,0.05052747572430642,0.007145664144179146,-16.974923744,0.6447266078371873,0.091178111282615
LEU  98,10.207220000000001,0.12750941769122384,0.018032554782922462,-8.000340000000001,0.35965003044622357,0.05086219507649459,-60.639860000000006,3.0664455841249247,0.4336608933348556,-41.53527999999999,3.477688726956646,0.4918194563374112,0.20859119999999998,0.027135975492913716,0.003837606457030251,-99.75966879999999,0.537245855495231,0.07597803751700916


