#Frame       SA_00001
       1    6060.0081
       2    5995.1217
       3    6060.5370
       4    5978.0220
       5    6004.1154
       6    6025.7379
       7    5951.7384
       8    5924.4734
       9    5984.0660
      10    5994.1606
      11    5986.7236
      12    6020.3902
      13    6013.6975
      14    6025.5036
      15    5937.3077
      16    6003.2693
      17    6046.7260
      18    5919.3093
      19    5964.5661
      20    5983.9377
      21    6017.8511
      22    6010.1340
      23    5986.0857
      24    5983.0678
      25    6023.2647
      26    5981.8007
      27    6060.6639
      28    5972.9308
      29    5964.0326
      30    6037.7076
      31    5978.9703
      32    6034.5839
      33    6007.7737
      34    6112.4205
      35    5969.1203
      36    5958.3893
      37    5863.6010
      38    6004.6785
      39    6039.7993
      40    5995.3312
      41    5896.6793
      42    6051.9230
      43    6027.0904
      44    5930.1294
      45    5933.3018
      46    6055.2639
      47    5996.1658
      48    6029.4590
      49    6006.4097
      50    5985.2844
