| Run on Mon Jun 20 15:45:52 2016
| GB non-polar solvation energies calculated with gbsa=2
idecomp = 2: Per-residue decomp adding 1-4 interactions to EEL and VDW.
Energy Decomposition Analysis (All units kcal/mol): Generalized Born Solvent

Total Energy Decomposition:
Residue,Internal,,,van der Waals,,,Electrostatic,,,Polar Solvation,,,Non-Polar Solv.,,,TOTAL,,
,Avg.,Std. Dev.,Std. Err. of Mean,Avg.,Std. Dev.,Std. Err. of Mean,Avg.,Std. Dev.,Std. Err. of Mean,Avg.,Std. Dev.,Std. Err. of Mean,Avg.,Std. Dev.,Std. Err. of Mean,Avg.,Std. Dev.,Std. Err. of Mean
ARG   1,7.781560000000001,0.029944722406652958,0.004234823254898612,-1.9432800000000003,0.05706418841969591,0.008070094918894767,-261.10174,1.0374355846919203,0.14671554739597753,-43.614900000000006,1.0398899220585833,0.14706264311503492,1.5592737600000002,0.009381430359118833,0.001326734604832455,-297.31908623999993,0.025144097182469786,0.0035559123249075896
MET   2,9.78532,0.027052127457898905,0.003825748554200623,-4.2093,0.050148280130037706,0.007092037788958452,-4.642079999999999,0.05656954657769049,0.00800014199874664,-3.5669999999999993,0.05384830545159117,0.007615300388044931,0.529606944,0.010175347135586644,0.0014390113921000855,-2.1034530559999998,0.04942491949016094,0.006989739146218392
LEU   3,12.229060000000004,0.012900248054911355,0.0018243705757232777,0.51286,0.01007374806116915,0.0014246431132035082,-15.501360000000002,0.028158664739705436,0.0039822365573208484,-6.618079999999997,0.03142663838297844,0.0044443978221002985,1.216677744,0.007959186451980533,0.0011255989425847065,-8.160842255999999,0.014771461090933656,0.002089000061086485
PRO   4,18.310700000000004,0.022452839460830577,0.003175311007929241,-4.573580000000001,0.02351943026511906,0.0033261497260219613,-0.27740000000000004,0.039727572289279894,0.005618327153165717,-4.576059999999999,0.04207679170290713,0.005950556948739898,0.45248486400000004,0.006863414136003001,0.0009706333355318662,9.336144864,0.02311725972335367,0.003269274222566806
ARG   5,12.901499999999999,0.03886759575868209,0.005496708105876319,-5.08426,0.057847665467259,0.008180895305541943,-232.80668000000003,0.5679855434749198,0.08032528588140847,25.29814,0.5570366239307266,0.07877687483013548,0.669425184,0.004184460873253602,0.0005917721318174809,-199.02187481600006,0.05987609070436922,0.008467757953600056
LEU   6,12.39714,0.010398095978195588,0.0014705128355221335,-3.5003800000000007,0.04578772324535037,0.006475361920376031,-31.33081999999999,0.035727126960173494,0.00505257874917028,-6.06424,0.036107373208414686,0.005106353689300698,0.8689514400000004,0.005705042342308594,0.0008068148254405583,-27.629348560000007,0.04615826188090844,0.006527763996754976
CYS   7,10.62664,0.021698626683781086,0.0030686492141073947,-5.465979999999999,0.04730306121175144,0.006689663070742358,-4.43952,0.11716539420834036,0.0165696889530225,-1.4368200000000002,0.12433128166314254,0.01758309847552455,0.04347763200000001,0.002341993068259648,0.0003312078360116572,-0.672202368,0.0332001476962341,0.004695209914480413
CYS   8,10.01592,0.024749012101570732,0.0035000388569377183,-4.10084,0.04615294573474889,0.006527012180155136,4.09576,0.06481838010930399,0.009166703224163216,-7.1715599999999995,0.07336570315898612,0.01037547724204768,0.6288446879999999,0.014266842946311628,0.002017636278692083,3.4681246879999996,0.04631598175981721,0.006550068955935838
LEU   9,13.46756,0.17293491955058143,0.024456690863633238,-7.486880000000001,0.1792248464917912,0.025346220862292716,-33.437520000000006,0.364162119939965,0.05150030089216362,0.017839999999999995,0.15628069106578715,0.022101427284227596,0.014870015999999996,0.002962962993718292,0.0004190262450525996,-27.424129983999997,0.2753652806260753,0.03894253144680689
GLU  10,15.69786,0.12335380172484744,0.017444861936956095,-3.88568,0.2655162849996149,0.037549673127737535,-5.974480000000001,1.697723231154004,0.24009432186538654,-68.19716,2.020578564273195,0.28575296094355085,0.970972704,0.04860524796071125,0.006873820086854507,-61.388487295999994,0.3018017528545676,0.04268121320349025
LYS  11,9.81112,0.24511741186622527,0.03466483682350076,-6.39938,0.5547780056923687,0.07845745797564459,12.642840000000001,2.2692143165421768,0.32091536623851397,-50.91728000000001,2.106225467892512,0.29786526221092086,0.7455503520000001,0.06952807367754174,0.009832754476045532,-34.11714964799999,0.5740539691867296,0.08118349087579797
GLY  12,6.85446,0.09640440031452138,0.01363364103972412,-1.3487400000000003,0.10829918005229289,0.015315816922383835,-3.2612599999999996,0.6134881518008318,0.08676032646319405,-3.7173800000000004,0.48600460450493543,0.06873143030666519,0.17370158399999996,0.010632582665136281,0.0015036742608088797,-1.299218416,0.24710312401240644,0.0349456589283106
PRO  13,18.456899999999997,0.06536704062538201,0.009244295538460831,-1.1253000000000002,0.06466938997701571,0.009145632837589032,-4.825559999999999,0.4537353043350299,0.0641678621118083,-5.886620000000001,0.41560601006241515,0.05877556560340365,1.1341802880000003,0.030535124925677327,0.004318318779864962,7.753600287999997,0.04084164575964328,0.005775880934292514
ASN  14,16.952399999999997,0.9252084738047036,0.13084423716771243,-1.6758999999999997,0.26352952396268664,0.0372687026873757,-81.88479999999997,3.373941007191017,0.4771473131016276,-14.023859999999999,2.6076707691731325,0.36878033679685246,0.7504665119999997,0.13359344213203542,0.018892965770722973,-79.88169348800001,0.4103042897838697,0.0580257891312209
GLY  15,5.525880000000001,0.14451320216500257,0.020437253044371155,-3.2722599999999993,0.0960980353597524,0.01359031449231711,-11.836959999999998,0.6285044776292914,0.08888395562755613,-0.4697599999999999,0.4598697450365702,0.06503540303557749,0.06598785600000003,0.005624563592107457,0.0007954334114388298,-9.987112144000003,0.19940061718744664,0.02819950571720527
TYR  16,9.703759999999999,0.21980687523374173,0.031085386405840833,-11.527440000000002,0.33062239246600944,0.04675706714496707,-30.885159999999996,1.0164338121098877,0.14374544823403895,-0.6825199999999998,0.6813555676737368,0.09635822846026178,0.016772543999999997,0.007003212454985497,0.0009904038034020668,-33.37458745600001,1.5457136224280976,0.2185969168382661
GLY  17,6.811379999999999,0.3498952351776423,0.04948265869979454,-3.9691199999999984,0.08974667459023822,0.012692096438339972,-11.795020000000005,1.288047320403994,0.18215739894936517,-2.2290799999999993,0.3071133888322066,0.04343239196728684,0.008006543999999999,0.007164443345638514,0.0010132052946255658,-11.173833455999997,0.8228145438593237,0.11636354872436874
PHE  18,9.65054,0.1601519540935845,0.02264890655197005,-10.052339999999997,0.1203271557050014,0.01701682955197921,-6.8521600000000005,0.21209482407635902,0.029994737671792258,-0.46520000000000006,0.21764595103056703,0.03077978557430184,0.0,0.0,0.0,-7.719159999999997,0.16088136747320653,0.022752061181373837
HIE  19,29.803020000000007,0.12100305615808554,0.017112416310735783,-9.905240000000001,0.42115648208233797,0.05956052088421837,-24.555699999999998,2.393426407893145,0.33848160865844046,-2.5191999999999997,2.0169077618969102,0.28523383109301753,0.2334453119999999,0.04808084829514871,0.006799658774940261,-6.943674688000001,0.7286381636777186,0.10304499731356567
LEU  20,11.40664,0.11341653494987292,0.01603952019234724,-9.23278,0.31310262151562673,0.04427939737619693,-35.92896,0.9398067239597476,0.13290874150333026,2.8251400000000007,0.4410522422570796,0.062374206271502586,0.0,0.0,0.0,-30.929959999999998,0.6114478541952919,0.08647178480869086
HIE  21,28.48963999999999,0.26118382492128983,0.0369369707476168,-10.616100000000001,0.6360138127430593,0.08994593598378565,-19.47988,5.266306244950047,0.7447681715218483,-5.955260000000001,2.91023959020559,0.41157002982238633,0.29038305600000003,0.06640604407512342,0.009391232815458506,-7.271216944000002,2.2745974819903574,0.3216766607970455
GLY  22,5.233460000000001,0.23084299512868484,0.03264612944898124,-3.2731999999999988,0.24221651471361308,0.03425458801387339,-7.56942,2.9297076310785704,0.41432322656592663,-5.0487400000000004,2.312611024880753,0.3270525875879904,0.06542553600000003,0.020104177776748312,0.002843160087223724,-10.592474464000002,0.7192531393777832,0.1017177544487487
GLU  23,15.412799999999999,0.2310176616627007,0.03267083102711103,-5.241860000000002,0.20932042518584798,0.0296023784179529,-26.188879999999997,3.318255443090504,0.46927218510369345,-45.45789999999998,3.2122252925351007,0.4542772574101022,0.5487350400000001,0.043922405560351,0.0062115661635499825,-60.92710495999997,0.44034222564309144,0.062273794759001355
LYS  24,9.69424,0.08669430431094605,0.012260426093704018,-1.55162,0.22121264792050108,0.031284192685763705,42.26746000000001,1.586277985851994,0.22433358412857665,-78.8832,1.5007497059797765,0.21223805879240346,1.4816937600000002,0.05485035125975779,0.007757011065247764,-26.99142624,0.1400922746755687,0.019812039482988614
GLY  25,6.3930799999999985,0.031311876341528905,0.004428168018553943,-1.2433599999999998,0.05313257381306023,0.007514080649021933,-4.952439999999999,0.21395496348533352,0.0302578011097999,-6.139219999999998,0.16701584236243772,0.02361960694001263,0.6124175999999999,0.023153575420620347,0.003274410037726963,-5.329522399999999,0.04086511674723506,0.005779200233189972
LYS  26,9.81482,0.07564646455728471,0.010698025612248769,-4.61372,0.16344785590519503,0.02311501745619302,14.129639999999995,1.5311177454396216,0.2165327481190829,-50.333560000000006,1.4393586371711338,0.20355605058062723,0.8717912639999998,0.030840665425078694,0.004361528731675729,-30.131028736000005,0.20065897505147498,0.02837746439296804
LEU  27,11.088940000000001,0.08892073099091627,0.012575290374348336,-2.7144199999999987,0.021086573927708876,0.0029820918832548795,-27.113899999999997,0.193061052520617,0.027302955884068097,-6.90184,0.12753389510239366,0.018036016411607275,0.88426152,0.006637466940933653,0.000938679576767143,-24.75695848000001,0.16915201545278322,0.023921707435606936
GLY  28,4.985220000000001,0.029049812391740443,0.004108263866879333,-3.5483400000000005,0.03565086815209194,0.005041794125106346,-6.6389,0.26962828115758064,0.038131197201239656,-3.6168600000000013,0.25232978500365216,0.03568482041428521,0.005882111999999998,0.001748104225798914,0.0002472192704566543,-8.812997888000002,0.08082682228970788,0.011430638828562486
GLN  29,18.93316,0.04175373516302599,0.0059048698547285745,-8.91932,0.15802005442346764,0.022347410409260252,-79.19278,0.42338754303874415,0.059876040550521446,-3.403760000000001,0.4222906847184653,0.05972092135926743,0.10178496000000001,0.007929441688492059,0.0011213923977912085,-72.48091504,0.29405918870350883,0.04158624928049314
TYR  30,8.859919999999999,0.05760029166633642,0.008145911367117892,-8.821160000000003,0.17275269722917574,0.024430920735803333,-26.433320000000002,0.5091782571946887,0.07200867969902247,-2.2433200000000006,0.1366976868860584,0.01933197227392946,0.2103765120000001,0.018812384031977727,0.002660472863859395,-28.427503488000003,0.44408154105977676,0.06280261381662808
ILE  31,12.730319999999995,0.06600104241696816,0.00933395693168383,-8.583939999999998,0.16137700083968828,0.022822154324258152,-6.059299999999999,0.32683850752321714,0.046221945004511454,-1.5075,0.37613264947356007,0.0531931894136834,0.000577296,0.0023913734022908257,0.0003381912698217977,-3.4198427040000015,0.22661730460707527,0.032048526564376074
ARG  32,13.640080000000001,0.3524898773013432,0.04984959650787877,-7.3674,0.8776592277188167,0.12411975829818471,-148.58168,2.3540699347298832,0.3329157628469747,-54.04798000000001,3.0427384671704023,0.4303082007026705,0.8965415520000001,0.12669246689749666,0.017917020493694417,-195.46043844800002,0.9185798991515096,0.12990681515033747
LEU  33,11.744700000000002,0.06852364555363719,0.009690706888520053,-5.126040000000001,0.39432585307077817,0.05576609694070348,-35.79728,0.32237512559028647,0.045590727478151294,0.37242000000000003,0.22222628917389572,0.031427543206556864,0.599154768,0.056315223670467866,0.007964175308285,-28.207045232000006,0.31223644500287306,0.04415690151902241
VAL  34,11.158900000000001,0.07984391022481546,0.011291634071283385,-6.352480000000002,0.05313802405034405,0.0075148514289704255,-28.44444,0.2508086250509927,0.035469695910726226,-3.6125199999999995,0.2048290252869563,0.02896719855284752,0.12144585599999999,0.008332955171274541,0.0011784578217863472,-27.129094143999996,0.13317801981838231,0.01883421618371491
GLU  35,17.328960000000002,0.05054501360074035,0.007148144374449955,-3.583160000000001,0.44307210970675504,0.06265985866565528,-54.22617999999998,5.118573807966693,0.7238756499234196,-19.2631,3.8376896448253985,0.5427312743890864,0.29643998399999993,0.026806691573198274,0.0037910386785169558,-59.44704001600001,2.1416681743670547,0.30287761782927153
PRO  36,17.72474,0.1025387360950327,0.014501167125419085,-1.7285599999999999,0.10753030456573616,0.015207081508297362,-9.02482,0.256320946471424,0.03624925588201959,-1.45448,0.23921465172518183,0.03383006047881086,0.9854472959999998,0.020742688693232182,0.0029334591670052003,6.502327296,0.046249617222893745,0.006540683593118061
GLY  37,6.120560000000003,0.11443341470021179,0.01618332870577042,-1.5493399999999995,0.09330350690087662,0.013195108487619137,-20.112979999999997,0.7869603164075335,0.1112929952512956,4.240199999999999,0.34904549846690597,0.049362487781717576,0.31638225600000003,0.012402676989685453,0.0017540034008545879,-10.985177743999998,0.49227913980110577,0.06961878359800847
SER  38,12.560799999999997,0.025681900243483616,0.003631969163184742,-4.630520000000001,0.2738571335568833,0.038729247242876436,-4.271940000000001,1.5152878988495877,0.21429406974529175,-3.55846,0.7544975072192078,0.10670206074860959,0.039706272,0.02660535553586939,0.0037625654630584595,0.13958627200000007,0.5254644005757859,0.07431188818385252
PRO  39,19.4449,0.05805454331915502,0.00821015225193254,-7.784520000000001,0.12730219793846087,0.01800324948444756,-7.068119999999999,0.2772674982755764,0.03921154564665789,-2.4128600000000002,0.2370612587497145,0.03352552472370838,0.14163854399999995,0.01693583727512991,0.002395089076463252,2.3210385440000003,0.11847577901414562,0.016755005349452245
ALA  40,9.612560000000002,0.09959481110956571,0.014084833261313441,-7.036859999999999,0.05613484123097474,0.007938665379050488,-7.062559999999998,0.12913452830299926,0.018262380129675383,-2.0239000000000003,0.09567826294408598,0.013530949707982552,0.0,0.0,0.0,-6.510759999999999,0.09199599121704434,0.013010197846310023
GLU  41,17.374200000000002,0.1255052190150371,0.017749118287967113,-5.891959999999999,0.11488985333794138,0.01624787887695725,-2.9429000000000003,1.9799178089001561,0.28000266177306227,-72.21512000000003,2.0060688586376227,0.2837009786939641,0.5817762719999999,0.021022916510658077,0.0029730893650009916,-63.094003728000004,0.058127862394435695,0.008220521134996796
LYS  42,11.5592,0.41450804576020095,0.058620290002684365,-3.6979600000000006,0.0527518568393103,0.007460239138251654,-6.668520000000001,1.705454956778395,0.24118775298924267,-36.22014,1.6587999398361046,0.2345897372179893,1.3057598879999999,0.014891844100821925,0.0021060247896128132,-33.721660112,0.36308368423595394,0.05134778705228764
ALA  43,7.338260000000002,0.01645212448241919,0.0023266817572887653,-3.9377,0.04357074706727892,0.00616183414252736,-8.173440000000003,0.09326288865333429,0.01318936419996372,-3.3713800000000003,0.08080616065622565,0.01142771683233335,0.16971580799999997,0.0044394986918741735,0.000627839926018607,-7.974544191999999,0.05204551923849584,0.007360347916783065
GLY  44,6.207600000000003,0.036346664220645246,0.005140194548785742,-2.0970799999999996,0.022225066929081463,0.0031430991075756757,-11.15534,0.11017397333307431,0.01558095273081654,-1.6906799999999997,0.08286747009533202,0.011719230008836541,0.275920848,0.0033066390522211854,0.00046762937935237173,-8.459579152,0.03947249257193414,0.005582253433590051
LEU  45,10.312500000000002,0.02054190838135898,0.002905064542994342,-7.51778,0.045397043956659666,0.006420111525515565,-27.785239999999995,0.1867271335398838,0.02640720447151557,-1.69726,0.1737423160890879,0.02457087397713013,0.005685407999999999,0.001171935982524648,0.00016573677607193958,-26.682094591999995,0.04624286702373288,0.0065397289707978595
LEU  46,10.773499999999995,0.020071123538199447,0.002838485511978752,-3.4950599999999996,0.03383631776661208,0.004785177948630851,-31.60104000000001,0.12557307991661792,0.017758715268704157,-0.54118,0.12673747512081818,0.017923385617678377,0.8754410879999999,0.01314978779912405,0.0018596608247849482,-23.988338912000003,0.03562136224271974,0.005037621359385914
ALA  47,6.99274,0.015513619822033796,0.0021939571553820274,-3.4141000000000004,0.036798505404422165,0.005204094541799346,3.6272799999999994,0.20159911110916218,0.028510419709293765,-9.353620000000001,0.1651559130033676,0.023356573207547346,0.4120574400000001,0.004332803985215505,0.0006127510158995962,-1.7356425600000005,0.07619300476009867,0.010775318068968934
GLY  48,6.1417800000000025,0.017601465846969044,0.002489223171843046,-2.6326400000000003,0.04247246637528375,0.006006513797536152,-10.623099999999999,0.2600770078265445,0.036780443172971286,-3.4269399999999983,0.21993066270988298,0.03110289259860192,0.21170937600000003,0.006582313376270379,0.0009308796848511407,-10.329190623999999,0.07757032998623875,0.010970101270429522
ASP  49,12.083379999999998,0.04280368675708836,0.0060533554331443995,-8.44318,0.05137146678845402,0.00726502250512307,4.89244,1.1430782328432298,0.16165567397403663,-70.75174000000001,1.1023380935079654,0.15589414821594658,0.014215679999999993,0.002291063532248782,0.0003240053119564636,-62.20488432,0.15724729964133052,0.022238126379931555
ARG  50,13.236339999999995,0.035789724784059784,0.005061431418321783,-8.6609,0.04147300326735299,0.005865168369303428,-186.48012000000003,1.1721858664855929,0.16577211500059835,-18.420500000000004,1.1465714325762022,0.16214968701788138,0.4319879040000001,0.005942154275232704,0.0008403475165747359,-199.89319209599992,0.08014840388136102,0.011334695977157716
LEU  51,12.836659999999997,0.01979960605919836,0.002800087141856283,-8.83548,0.05749930086539276,0.008131629111080948,-32.60140000000001,0.09894705654713533,0.013993226932585633,-0.8732799999999998,0.10565264596781493,0.014941540482828697,0.0,0.0,0.0,-29.47349999999999,0.04153612885931911,0.005874095676132559
VAL  52,12.574259999999997,0.014900751660441362,0.002107284508774959,-6.48386,0.026872298004083823,0.0038003168289506796,-32.26482000000001,0.03473193918001977,0.004911837943590143,-0.47342,0.037917325855076116,0.005362319647316865,0.06016867200000002,0.0023206128589692778,0.0003281842178171755,-26.587671327999995,0.03535990821766086,0.005000646176568383
GLU  53,15.469839999999998,0.014700149661119747,0.00207891510196698,-7.888659999999998,0.021152408846630097,0.002991402346776492,-10.852039999999999,0.3868435838940903,0.05470794428600367,-66.38318,0.3808572273163274,0.053861345619856296,0.3259218240000001,0.0024849050900578352,0.0003514186479569728,-69.32811817600002,0.022192146032769054,0.003138443389770627
VAL  54,11.34568,0.019625942015113047,0.002775527337212082,-6.839639999999999,0.0492137216638004,0.0069598712631801125,-25.39887999999999,0.05738593556483034,0.008115596836525161,-2.7490600000000005,0.0512493551178897,0.00724775330705946,0.0015351840000000006,0.0006116395380810478,8.649889300378329e-05,-23.640364816000005,0.053431847673931825,0.007556404364312769
ASN  55,17.37671999999999,0.05653319025367814,0.007995000438097009,-4.589640000000001,0.08181827668675365,0.011570851654040143,-89.51937999999998,0.25470876624944516,0.03602125916852838,-7.514760000000001,0.19506261148667192,0.027586019067636528,0.40400121600000005,0.007355737919397046,0.0010402584326873355,-83.84305878400001,0.10867460127488981,0.015368909500843762
GLY  56,6.080660000000002,0.01356113564553105,0.0019178341951091229,-2.075759999999999,0.014652726708860047,0.0020722084837416365,-7.82644,0.04360695357387083,0.006166954515794203,-6.686280000000002,0.05812883621730242,0.008220658854347345,0.33668035199999996,0.0024708362265556737,0.0003494290101997795,-10.171139648,0.04735260407786341,0.006696669490059795
GLU  57,13.850280000000003,0.014463803091112946,0.0020454906494945823,-3.379119999999999,0.034598635811378876,0.0048929860004059455,-13.375319999999999,0.5547507346547695,0.07845360126852131,-67.61793999999999,0.5347450012864087,0.07562436332304573,0.7119616319999998,0.00538367339745249,0.0007613663934064548,-69.81013836800001,0.051549373552553866,0.007290182320985861
ASN  58,20.360600000000005,0.011038115771834792,0.0015610253027573127,-4.9242,0.021475567512877547,0.0030371038836370465,-92.70464,0.09712646601205077,0.013735756549961165,-4.1238600000000005,0.0831860589281515,0.011764285273655932,0.572446944,0.0035784012284813876,0.0005060623548930923,-80.81965305599999,0.018070124588053738,0.002555501526619713
VAL  59,12.885359999999997,0.04751494922786616,0.006719628561351733,-6.63658,0.04311384464416418,0.00609721838218236,-31.62980000000001,0.1438654927331557,0.02034565309807167,0.30206000000000005,0.10885502468880338,0.015394425224736384,0.0,0.0,0.0,-25.078960000000002,0.04408127039616986,0.006234033044089903
GLU  60,16.73208,0.042718539300375835,0.006041313764335957,-5.19062,0.026888577500498816,0.0038026190974125482,-45.31007999999999,0.6630604750699306,0.09377091165174432,-33.123680000000014,0.6453066694206899,0.0912601443784551,0.39273839999999993,0.002017015458547696,0.00028524906169943387,-66.49956159999999,0.042533891051336245,0.006015200558529934
LYS  61,9.47578,0.018463249984876886,0.002611097853409773,-1.8299999999999994,0.07930725061431426,0.01121573894132852,13.1888,0.5969964153996002,0.08442804273462366,-55.55247999999999,0.5936678276620738,0.0839573093424278,1.3271256,0.009892106176538625,0.0013989550715295584,-33.39077440000001,0.10527311886564153,0.014887867245310517
GLU  62,15.713279999999997,0.058502663187401355,0.00827352597145682,-4.582419999999998,0.11292972859268434,0.015970675377088687,-54.41066000000001,0.8782785346341905,0.12420734152208403,-32.48702,0.8796415062966658,0.12440009482310431,0.29670508800000006,0.005416735658774671,0.0007660421032429101,-75.470114912,0.03989453788779633,0.005641939654552885
THR  63,14.64202,0.03177891753854247,0.004494217618054298,-3.882220000000001,0.09980927612194812,0.014115163194230014,-28.265220000000003,0.44516236543510057,0.06295546546564071,-7.499740000000002,0.5519798115873288,0.0780617335702946,0.5452277760000002,0.007818715190265326,0.0011057333062405759,-24.459932224000003,0.1440907277907809,0.020377506145393215
HIE  64,30.909320000000008,0.13982652680953825,0.019774457059357417,-11.25634,0.37551983223265767,0.053106523968349376,-12.76076,1.9571643422053207,0.27678483565397816,-8.283339999999999,0.9783539566026301,0.1383601434228818,0.09903686400000002,0.03387644759495159,0.004790853163380196,-1.292083136,1.1477596155663494,0.1623177214678061
GLN  65,20.905199999999994,0.4152949795028952,0.05873157923984509,-4.106559999999999,0.6615068906670665,0.09355120163846216,-76.16266000000002,1.208339068471712,0.17088494985779668,-10.50752,1.4509913058319825,0.2052011583593037,0.7208627039999999,0.06365747520641259,0.009002526478333772,-69.15067729600001,1.4605748717200688,0.20655647924478648
GLN  66,20.95448,0.0332278437442414,0.004699126727152019,-6.267639999999999,0.0554666602564368,0.007844170319419365,-73.88822,0.31305023813860383,0.04427198924797406,-10.287720000000002,0.19521998258364626,0.027608274701603194,0.686428128,0.008087721325152461,0.001143776518672471,-68.802671872,0.15314032857592882,0.021657312961835058
VAL  67,12.659299999999998,0.07033157185776381,0.009946386278426748,-7.13192,0.05623623031459324,0.007953003960763474,-28.358999999999995,0.24471289299932864,0.034607629216720656,-0.5051200000000001,0.14828737505263173,0.020971001692813754,0.0,0.0,0.0,-23.336740000000006,0.17680450333565895,0.025003932650592798
VAL  68,12.9802,0.09529449092147922,0.01347667614805957,-5.582879999999999,0.22714318303660366,0.03212289700509592,-31.291419999999995,0.31190845387740096,0.044110516569224344,-1.75408,0.32219601735589426,0.04556539774873028,0.06656486399999997,0.02190046025209306,0.0030971927910722896,-25.581615136000003,0.2541070819758362,0.03593616816252794
SER  69,14.481660000000003,0.20768270125328053,0.02937076927826691,-4.054160000000001,0.526701029427496,0.07448677391322354,-8.9606,1.3354703441110223,0.18886402727888718,-4.409579999999999,0.45673375570456975,0.06459190717110025,0.4109421599999999,0.016429496678061525,0.002323481702507832,-2.531737840000001,0.5960028799684539,0.08428753560648114
ARG  70,14.12886,0.09551481769877596,0.013507835059720268,-7.211059999999999,0.11731008652297654,0.016590151536395467,-197.62259999999998,0.9288734036511068,0.13136253651710536,-11.027499999999998,0.8050170991973139,0.11384660996270884,0.678875616,0.00672890722298691,0.0009516111854698369,-201.05342438400004,0.14573678689753425,0.02061029405671705
ILE  71,13.828299999999997,0.074216238115792,0.010495761049166408,-7.780580000000003,0.07326857170666938,0.010361740780327746,-8.885240000000003,0.4732095332935776,0.06692193398280201,-1.2529000000000003,0.5106771680817523,0.07222065770954988,0.0036093599999999985,0.00149231685429067,0.00021104547346958194,-4.0868106399999995,0.09327503112834973,0.01319108140524848
ARG  72,12.628340000000003,0.022448705973104457,0.003174726444489023,-3.03918,0.12880631816801646,0.018215964207255287,-140.81853999999998,1.5358030369803772,0.21719534840314375,-68.3679,1.4459511782899304,0.20448837668669767,1.4306142240000002,0.027970461885362754,0.003955620654411973,-198.16666577599995,0.10835884133959688,0.01532425430254923
ALA  73,8.391540000000003,0.029011866536965254,0.004102897512633442,-2.06118,0.21369826297843417,0.030221498175967386,-10.661280000000001,0.18577750563502157,0.02627290680528916,-2.9411999999999994,0.2955774686947705,0.04180096649600533,0.5588867520000002,0.012694691131679875,0.0017953004368559133,-6.713233248000002,0.13339309764531349,0.01886463278169609
ALA  74,8.861220000000001,0.7393906758946787,0.1045656321742464,-3.56654,0.06038549825913014,0.008539799060871876,-1.90114,1.6112146599382722,0.22786016239790588,-2.40006,0.9374121272951401,0.13257009439538012,0.085406688,0.005451785221911794,0.0007709988599972873,1.078886688,0.29277974305205196,0.04140530834123218
LEU  75,12.729279999999996,0.4878446490432858,0.06899165190081574,-1.4637199999999995,0.6329418627330655,0.08951149664707911,-25.03380000000001,1.3660415074218815,0.19318744265606116,-5.41872,1.0112133313994622,0.14300716077175984,1.042879536,0.11158342996161838,0.01578027999878291,-18.144080464,0.6276513646977605,0.08876330723975545
ASN  76,19.127219999999994,0.47249123970746937,0.06682035192967802,-2.6647999999999996,0.16919976359322472,0.023928460042385982,-81.11580000000002,2.14285965942595,0.30304611926223696,-17.47162000000001,1.0688895712839603,0.151163812838894,0.8677677599999999,0.08274916386729382,0.01170249898161606,-81.25723224000001,0.8438106276209797,0.11933284336561428
ALA  77,7.383659999999999,0.49264659178766007,0.06967074915629906,-3.18354,0.164780364121468,0.023303462575335696,-3.79284,0.459301877200609,0.06495509439605231,-1.6981799999999994,0.41665197419429506,0.05892348726950969,0.36892857599999984,0.019799544422747287,0.0028000784251457785,-0.9219714239999998,0.6670905741472813,0.094340853729034
VAL  78,11.057420000000002,0.09621852004664914,0.013607353600143875,-7.342220000000001,0.23854754578487633,0.03373571745197889,-20.636999999999993,0.25710270321457146,0.03635981298088317,-1.67482,0.14412101720429574,0.020381789715332117,0.00038246399999999995,0.0008332644828048295,0.00011784139326263925,-18.596237536,0.055858017375067015,0.007899516573909176
ARG  79,12.635900000000001,0.04733888465041946,0.006694729270023873,-7.0520400000000025,0.03602496911820433,0.005094699991103648,-172.45944000000003,0.5689690733119704,0.08046437800486404,-31.919639999999994,0.5703911906758148,0.08066549577118753,0.84256632,0.005279588760348122,0.000746646602863687,-197.95265368000003,0.045779204121737825,0.006474157134360792
LEU  80,11.2096,0.05188795621306629,0.007338065140033965,-7.780479999999999,0.12044405174195315,0.017033361148063694,-35.01190000000001,0.07268844474171283,0.010279698438153757,-0.10598000000000002,0.06362907825829316,0.008998510543417722,0.0012247200000000008,0.0004082399999999958,5.7733854470318636e-05,-31.687535279999988,0.07832195632710105,0.011076397286937954
LEU  81,13.6609,0.019725364382621208,0.0027895877832654105,-7.158679999999999,0.026902371643150673,0.003804569883774505,-35.73616,0.043987434571305946,0.006220762654474001,1.2088400000000001,0.04351613953465363,0.006154111471202719,0.2455048799999999,0.00181859529265149,0.00025718821273356047,-27.779595120000003,0.044054115727387586,0.006230192794002539
VAL  82,11.987939999999998,0.013011395008210804,0.0018400891286005307,-6.620099999999997,0.016031531431562964,0.0022672009176126903,-32.47072,0.050713722007028304,0.007172003346075833,0.4697200000000001,0.062490332052245336,0.008837467510548348,0.0,0.0,0.0,-26.633160000000018,0.019403463582730093,0.0027440641355709343
VAL  83,11.32898,0.043157613464911405,0.006103408228173341,-4.959120000000001,0.019944563168691625,0.0028205871728770606,-32.1742,0.07041704339295048,0.00995847377885253,-0.5578000000000002,0.06921011486769711,0.009787788309929704,0.22787712,0.0035694477636727426,0.0005047961437568306,-26.13426288000001,0.041592165879148685,0.005882020507476355
ASP  84,13.99192,0.026580323549990185,0.003759025405666109,-3.8928400000000014,0.044982378771899804,0.006361469012702431,4.664840000000001,0.5854949823866891,0.0828014944792652,-75.05984000000001,0.5758552026330729,0.08143822375267985,0.37713196800000004,0.004858335108955523,0.0006870723401638268,-59.918788031999995,0.060746366098548395,0.008590833480144833
PRO  85,18.03614,0.012846805053282012,0.0018168125939514632,-3.718459999999999,0.03162860098086595,0.00447295964660276,-4.451619999999999,0.12200129343579483,0.01725358838039607,-7.585919999999998,0.12274751973065086,0.01735912071507455,0.6269181119999999,0.004405375636255425,0.0006230141972140424,2.9070581119999988,0.04158268455908192,0.005880679646333593
GLU  86,14.621339999999998,0.01072307792163106,0.0015164722227154145,-2.2377799999999994,0.01761509579889924,0.002491150738130463,-8.46856,0.6868287460495444,0.09713225276909719,-71.61742000000002,0.6803719597359819,0.09621912529169868,0.7329768479999995,0.005035309096846906,0.0007121002415501515,-66.96944315200001,0.02837637484731157,0.004013025416005078
THR  87,13.217679999999998,0.010856224025332213,0.001535301925278545,-1.9583599999999992,0.011410100788461015,0.0016136319283085513,-31.24984,0.09054907177754097,0.012805572536809329,-8.689459999999999,0.07875130729085189,0.011137116682533393,0.5644929600000002,0.003615894766587293,0.0005113647419021646,-28.11548703999999,0.012158076865055177,0.0017194117194935592
ASP  88,12.778579999999993,0.022764085753529745,0.003219327880766592,0.15408000000000002,0.010770032497629355,0.0015231126025346412,-18.48574,0.5939832930310974,0.08400192288276102,-66.73794000000001,0.5755823628287615,0.08139963837751861,0.9464532480000001,0.0026137980856610937,0.00036964687020467514,-71.344566752,0.019359228243550707,0.002737808313910568
GLU  89,14.991479999999997,0.01478409956896821,0.002090787411790907,-1.4640199999999999,0.021009988100921924,0.002971261011762113,17.933000000000003,0.7844010453842567,0.11093105967220494,-98.23085999999998,0.7865084617469963,0.11122909335238028,0.9994543200000001,0.0026644161079486216,0.0003768053395666277,-65.77094568000001,0.012796817399800207,0.0018097432722009458
GLN  90,19.66318,0.00893910509247559,0.001264180365725738,-1.38802,0.008741830471959975,0.0012362815213412192,-66.54043999999999,0.04660350203376574,0.006590730463023362,-10.734999999999998,0.05758784594016245,0.008144151275643012,1.2548535840000001,0.00434274499289505,0.000614156886688003,-57.745426416,0.01709218585248213,0.002417200104318177
LEU  91,8.347500000000002,0.011358256907671489,0.001606300096374691,0.044879999999999996,0.013503540276534914,0.001909688979912701,-11.502579999999998,0.4035637788503788,0.05707253693327421,-95.71198000000003,0.3931960065893436,0.055606312518959054,1.47786048,0.007037361030848436,0.0009952331413141762,-97.34431952000001,0.011913489347247664,0.0016848218210065036
MET  92,5.6399,0.7684456324295099,0.10867462353281832,-3.63858,0.5114054395487001,0.07232365084811457,-6.495939999999998,4.355562009247486,0.6159694865234803,-92.52152000000002,3.868629944773047,0.547106893570072,1.2525661439999995,0.05185011663767193,0.00733271381596225,-95.76357385599997,0.9459256404359883,0.13377408697010304
GLN  93,18.274059999999995,0.3580907935151722,0.050641685675010005,-3.4136800000000007,0.5088720640789723,0.07196537745332733,-69.20808,2.09508559099647,0.2962898457119659,-12.475679999999997,1.5370801337601216,0.2173759571617815,0.8536209119999999,0.08857350260236929,0.012526184864715928,-65.96975908800002,1.2049402695988274,0.1704042871116155
THR  94,14.271019999999998,0.4120760361875655,0.05827635191054014,-3.18772,0.2907713218321172,0.041121274688413215,-34.397560000000006,4.333332552020432,0.6128257665340111,-4.560440000000001,2.524858595327666,0.3570689268586667,0.5006308320000001,0.08899624623745205,0.012585969842930022,-27.374069167999995,2.004216319506841,0.28343899009760626
SER  95,11.4564,0.8155416604931739,0.11533500769497207,-4.004320000000001,0.12083185672659946,0.017088205054947965,-5.50324,1.3931871167937218,0.19702641154931505,-6.344319999999998,0.7665745218829173,0.10841000854164926,0.314333712,0.023426819903491592,0.003313052643078977,-4.081146287999999,0.9478844240424635,0.13405110080430618
LYS  96,10.77926,0.14843393277823178,0.020991728085135167,-5.17948,0.20745825989823002,0.029339028477439928,-2.0761799999999995,3.612952563707419,0.5109486515805676,-27.25478,3.5679471200678243,0.5045839207029943,0.8247725279999998,0.03777851147318597,0.005342688329164717,-22.906407471999998,0.3044156841806629,0.04305087891673783
LEU  97,10.10742,0.28303788368349986,0.0400276013770584,-8.338259999999998,0.3196944047055273,0.04521161629493497,-80.89666000000001,1.5466186680621763,0.21872490961929417,-24.46424,2.0595914406503106,0.29127021483152105,0.22270622399999992,0.03625477510668434,0.005127199465665947,-103.36903377599998,0.6579533595109448,0.09304865644293189


