#Frame       SA_00001
       1    6026.1232
       2    6032.0186
       3    6066.6854
       4    6012.3044
       5    6065.7032
       6    6043.6328
       7    6029.7427
       8    6048.7804
       9    6057.9849
      10    6074.3022
      11    6027.1818
      12    6068.4023
      13    6060.3290
      14    6062.1533
      15    6060.4773
      16    6013.4364
      17    6071.3848
      18    6049.4279
      19    6062.5370
      20    6039.3185
      21    6063.3236
      22    6064.1636
      23    6073.5754
      24    6064.1605
      25    6074.5676
      26    6068.5123
      27    6065.1774
      28    6069.9919
      29    6049.2077
      30    6065.9428
      31    6072.2065
      32    6079.4750
      33    6065.0868
      34    6061.2979
      35    6089.0663
      36    6058.2357
      37    6093.4202
      38    6070.9353
      39    6060.9261
      40    6020.9679
      41    6078.8749
      42    6067.5335
      43    6048.5969
      44    6069.1405
      45    6088.3744
      46    6079.9689
      47    6038.4230
      48    6061.7826
      49    6053.8592
      50    6004.2397
