| Run on Mon Jun 20 15:46:05 2016
| GB non-polar solvation energies calculated with gbsa=2
idecomp = 2: Per-residue decomp adding 1-4 interactions to EEL and VDW.
Energy Decomposition Analysis (All units kcal/mol): Generalized Born Solvent

Total Energy Decomposition:
Residue,Internal,,,van der Waals,,,Electrostatic,,,Polar Solvation,,,Non-Polar Solv.,,,TOTAL,,
,Avg.,Std. Dev.,Std. Err. of Mean,Avg.,Std. Dev.,Std. Err. of Mean,Avg.,Std. Dev.,Std. Err. of Mean,Avg.,Std. Dev.,Std. Err. of Mean,Avg.,Std. Dev.,Std. Err. of Mean,Avg.,Std. Dev.,Std. Err. of Mean
GLY   1,1.1651399999999996,0.00402000000002325,0.0005685138520772722,0.05556,0.024755734689158405,0.003500989574391791,-25.01302,0.30293263211455657,0.04284114368217853,-89.91868000000002,0.29348365813812327,0.04150485696738029,0.9991571039999998,0.005747348790760696,0.0008127978607582383,-112.711842896,0.009587180562880793,0.001355832077694574
SER   2,11.24478,0.01332860082617899,0.0018849488055839565,-0.51972,0.015307566756345566,0.0021648168513755425,-4.30892,0.10420284832962866,0.014736508134566745,-12.120959999999998,0.08045991797202995,0.011378750722347149,0.8388113759999998,0.008201493053223709,0.0011598662707577694,-4.866008624,0.009799942496932454,0.001385921158963833
HIE   3,27.206479999999992,0.026251278070714007,0.0037124913477231164,-1.7718000000000003,0.02224410034142427,0.0031457908385630197,-5.359979999999999,0.1356939924978575,0.019190028452302308,-22.61816,0.10127158732773547,0.014321965228193477,1.3226618880000003,0.006482255600999815,0.0009167293785702896,-1.2207981120000004,0.08341310984872966,0.011796395122779026
GLY   4,3.9204600000000003,0.011505146674388565,0.001627073446401202,-2.09988,0.03211456990214117,0.004541686030538684,-5.77306,0.06409380937347676,0.009064233448012665,-5.71106,0.07234180257645338,0.010230675833013727,0.16947374399999998,0.0031740423979642303,0.0004488773806748235,-9.494066256000004,0.04988802979300797,0.00705523283333449
GLY   5,5.68192,0.013684794481659398,0.001935322195425121,-4.02218,0.015078050272044834,0.002132358318886914,-8.25858,0.42229805067036885,0.05972196306217561,-2.690939999999999,0.4135746322007749,0.05848828539118004,0.023748480000000006,0.001513663313686236,0.00021406431870816753,-9.26603152,0.019689922026142302,0.0027845754771439173
SER   6,11.462720000000001,0.007592206528145719,0.0010737001440441225,-3.09694,0.017658323816313208,0.0024972641029805966,-2.75004,0.037784102477159395,0.005343479016529367,-5.963020000000001,0.019932375673659773,0.0028188636008005205,0.4353323040000002,0.0018805350787912162,0.0002659478212944895,0.08805230399999994,0.008849530067906548,0.0012515125442661937
PRO   7,18.844499999999996,0.00828311535764184,0.001171409407747796,-3.483999999999999,0.014715977711382947,0.0020811535263017943,0.33018000000000003,0.16216395283786095,0.02293344614313339,-3.3361800000000006,0.15325856452412825,0.021674034049985427,0.6101841599999998,0.012051101643799984,0.0017042831386198636,12.964684159999996,0.03367542122911564,0.004762423742084218
ARG   8,13.762139999999999,0.015422075088868784,0.0021810107750614488,-5.67638,0.025653763856337605,0.003627990077154935,-181.40521999999999,0.6863069077259775,0.09705845368564175,-26.814679999999985,0.6682547550154145,0.09450549376631093,0.5456318400000001,0.0037881599695880736,0.0005357267205430304,-199.58850815999995,0.038133212182602585,0.005392850584548751
VAL   9,10.748240000000001,0.007752573763368083,0.0010963794959452967,-2.22776,0.02215631738354006,0.003133376453604512,-30.238479999999992,0.016380769218913,0.0023165905991490493,-2.8354599999999994,0.020421762901443746,0.0028880734062789472,0.73348416,0.006049263810815734,0.0008554950923628363,-23.819975839999987,0.03488220951167692,0.004933089377695328
VAL  10,11.023499999999999,0.03427375088917693,0.004847040334087094,-4.655059999999999,0.041466810825127404,0.005864292625725465,-21.905360000000005,0.024665571140578952,0.0034882385230685163,-1.4251000000000005,0.031822790575289056,0.004500422202413249,0.06850799999999997,0.001915553471141117,0.00027090016983386266,-16.893511999999994,0.027049133097530677,0.0038253250876962848
ARG  11,11.97242,0.026037734156912205,0.0036822916778170424,-4.74208,0.08018250183179496,0.011339518155552996,-182.97848000000002,0.44914965166983095,0.06351935289266264,-23.34334000000001,0.42987898808795605,0.06079406951332096,1.1397227039999998,0.008242646627248183,0.001165686265010323,-197.95175729599995,0.09634386624637993,0.013625080229708994
ILE  12,14.111580000000005,0.0412247935085412,0.005830066208580929,-7.408819999999999,0.05815864166246632,0.00822487398082568,-14.454199999999998,0.1008529622772541,0.014262762705799488,-2.08622,0.060037418332236615,0.00849057312553161,0.008850528000000002,0.0012055952791944617,0.00017049691945697856,-9.828809472,0.06527072983274641,0.009230675135546014
VAL  13,11.45632,0.06357560538479666,0.00899094833712594,-2.8384600000000004,0.01910519301130746,0.0027018823068346684,-20.351100000000002,0.07530903000282049,0.010650305159915106,-2.7565399999999998,0.08025215511125222,0.011349368616800219,0.6472061280000001,0.004674142581589359,0.0006610235831349263,-13.842573872000001,0.05457053476475556,0.007717439037026979
LYS  14,11.097899999999997,0.23023789870490613,0.03256055589207611,-6.225480000000001,0.13094185579861323,0.018517974835270092,11.76648,3.9957565853790444,0.5650853154984652,-50.92994000000001,3.8782951223957607,0.5484737560977507,0.6820004159999999,0.022825601389175477,0.003228027505389412,-33.609039584,0.18977862939713988,0.026838751154201257
SER  15,11.202980000000002,0.020874376636896286,0.00295208265459828,-2.314339999999999,0.019465466858065165,0.002752832722859975,-19.38298,0.29141355424874754,0.04121210006779264,-3.8653200000000005,0.3163380748503009,0.04473695957482908,0.382086144,0.007340441524707169,0.001038095195804752,-13.977573855999998,0.03729162479717237,0.0052738321551089986
GLU  16,15.939440000000005,0.01848151508506868,0.0026136809286507073,0.46915999999999997,0.012827096319903525,0.001814025358147358,-36.85836,0.7119422100141201,0.10068383290278429,-45.89872,0.7070071580966569,0.09998591116751512,1.34555832,0.0031321129634349575,0.00044294766317743025,-65.00292167999999,0.024639419659379613,0.003484540145129691
SER  17,10.394160000000001,0.015986694467605516,0.0022608600133602647,-1.12762,0.018372686248886935,0.0025982902070401568,-5.98508,0.07198050847274577,0.010179581130866854,-11.82108,0.059609341550074475,0.008430033926424538,0.58548024,0.006867482477411469,0.0009712086858914881,-7.954139759999997,0.008799485737243618,0.0012444352071518537
GLY  18,5.23198,0.019693135860175574,0.002785029981911624,-2.80998,0.015519652057922469,0.002194810242362547,-11.541539999999992,0.1850472599099909,0.026169634464468825,-0.5695800000000001,0.20442124057934863,0.02890952908644481,0.133261776,0.0019872803931550013,0.0002810438884237939,-9.555858223999998,0.020837991784910727,0.0029469370594839886
TYR  19,10.30594,0.04619844586147353,0.006533446869785505,-9.515559999999999,0.04632198614097439,0.006550918103662452,-34.732400000000005,0.23835502931507002,0.03370849151172087,1.5731800000000005,0.15739932528444642,0.022259626052563854,0.04106275200000001,0.00374661278801201,0.0005298510617767058,-32.327777248000004,0.07333484936257463,0.010371113856314096
GLY  20,6.4951599999999985,0.07184075723452675,0.010159817321222077,-3.0402,0.02610823624838708,0.0036922621792109863,-18.532300000000006,0.07583910600645903,0.010725269227258522,4.43682,0.07648547313055361,0.010816679342575186,0.023208912,0.0019266829826040423,0.00027247412043920823,-10.617311088,0.08589518561490776,0.012147413643915693
PHE  21,9.530299999999997,0.04258227330740223,0.006022042842800606,-9.52394,0.035628308968980574,0.005038603774835131,-2.19112,0.8669964853446639,0.122611818810423,-5.578620000000001,0.3598859202580648,0.05089555493360774,0.00011448,0.00045312489404136693,6.408153706021727e-05,-7.763265520000001,0.5067498047034064,0.07166524465414745
ASN  22,17.558679999999995,0.038440312177139786,0.005436281082276672,-6.471240000000002,0.1353674347839183,0.01914384621750727,-82.20036000000002,2.495330348951076,0.35289300220877995,-11.34836,2.1403045648692287,0.3026847743247109,0.23969952,0.026166611389142055,0.0037005176707870986,-82.22158048,0.2345682069240591,0.03317295395335429
VAL  23,10.590039999999998,0.08648513398293077,0.012230844942231494,-7.00312,0.08693092430206584,0.012293889213761039,-25.462419999999995,0.2410430741599138,0.03408863845930538,1.3683799999999997,0.09257621508789676,0.013092253893047235,0.0,0.0,0.0,-20.50712,0.21566535558610958,0.030499687080389228
ARG  24,11.9176,0.2515701890129115,0.03557739731908224,-8.134619999999998,0.17295073171281863,0.024458927041061864,-95.56238000000003,0.9845168335768804,0.13923170584290395,-108.04676,0.9358940016885708,0.1323553990131605,0.7988423039999999,0.008749787602849689,0.0012374068295834002,-199.02731769600004,0.15362268972651635,0.021725529129947335
GLY  25,6.588740000000001,0.036190501515853575,0.005118109807280418,-4.0278800000000015,0.01880387194149389,0.0026592690724787558,-20.758160000000004,0.16943274299777636,0.023961408305753037,2.2778199999999997,0.1024862312703549,0.01449374182190415,0.04827095999999998,0.003785586431928435,0.0005353627673568766,-15.871209039999997,0.05385747207533204,0.0076165967444064816
GLN  26,19.792859999999997,0.06171126639480825,0.008727290988675683,-7.522119999999998,0.06706612856007668,0.009484582858551801,-79.04732000000003,0.10355586703298938,0.014645011162135846,-4.543119999999999,0.06776478141346658,0.009583387292617266,0.307935072,0.007375790003713349,0.0010430942256467318,-71.01176492799999,0.17297771039569063,0.024462742402983118
VAL  27,12.21854,0.016101192501507516,0.002277052480601191,-2.1573400000000005,0.03922734250490899,0.005547583978629687,-21.216579999999993,0.03746042712189407,0.005297704408807152,-7.062060000000003,0.02293940714074493,0.0032441220691239703,0.6161954399999999,0.006888723294432268,0.000974212591042158,-17.601244559999994,0.04831950993273734,0.006833410627409863
SER  28,11.15082,0.015248199894334546,0.002156421109234391,-2.251040000000001,0.03653981937552944,0.0051675108127536935,-11.099920000000003,0.07518878639766337,0.010633300146194923,-6.377860000000002,0.08104295404275975,0.011461204474205029,0.6599566079999998,0.002129859191275877,0.00030120757542473375,-7.918043392,0.04797469278873299,0.006784646119250891
GLU  29,14.332900000000006,0.04567723721667264,0.006459736836355153,-2.21966,0.0441300849761115,0.006240936468189404,-25.16672,0.8499807771945317,0.12020543428649307,-53.68348000000002,0.7450051339408077,0.10535963644566744,0.982140912,0.01516024184546836,0.002143981962671747,-65.754819088,0.0834856358185119,0.011806651843788056
GLY  30,4.932060000000001,0.015300209148891658,0.002163776328550749,-2.1253000000000006,0.030503278512248617,0.00431381501688658,-10.473159999999998,0.0538190895502644,0.0076111686356556026,-1.5703799999999999,0.04126930578529823,0.005836361195129119,0.22106318400000005,0.003160411369635003,0.00044694966216159496,-9.015716815999998,0.023820669325149244,0.003368751362443082
GLY  31,5.394319999999999,0.018085839765433074,0.002557723988318209,-1.7252200000000002,0.011498330313513135,0.0016261094674015957,0.23318000000000003,0.05028466565465035,0.007111325614820308,-11.023660000000001,0.047607398584318165,0.006732702874724443,0.38610734399999996,0.002136099363618717,0.0003020900690606127,-6.735272656000001,0.028655489769240896,0.004052498226810394
GLN  32,18.56802,0.009218438041931057,0.0013036840102794978,-1.9967200000000005,0.01876383756052524,0.002653607356026048,-67.62314,0.04514155954104469,0.006383980572961799,-14.274979999999996,0.039520875497886326,0.005589095812596938,1.1484439200000003,0.005414675402480949,0.0007657507390036554,-64.17837608,0.00963716643375148,0.0013629011473458095
LEU  33,11.91116,0.006885811499081945,0.0009738008009946299,-3.193139999999999,0.013024607479869285,0.00184195765426172,-22.9756,0.022121482770385677,0.003128450095368217,-0.7022400000000003,0.025660522208237477,0.003628945852446544,0.7836082559999998,0.0037094979237859128,0.0005246022273412875,-14.176211743999998,0.01512369831694861,0.0021388139273067876
ARG  34,11.136620000000002,0.011023411449540258,0.0015589457975558692,-3.923519999999999,0.016007798099829995,0.002263844517650984,-125.94259999999997,0.6879173206192579,0.09728620046111153,-81.18186000000001,0.6932819054306205,0.0980448673207845,1.2205153439999998,0.009109521092409423,0.0012882808275609177,-198.69084465600005,0.05457419693308725,0.007717956945839216
SER  35,10.414819999999997,0.021517146652361933,0.0030429840619341083,-3.3237800000000006,0.009631801492895414,0.0013621424301338118,-12.929,0.01360441105124106,0.0019239542616763523,-7.259959999999999,0.0356303017108752,0.0050388855910965,0.585864,0.002724570949849493,0.00038531251889248986,-12.512055999999998,0.019419275137867474,0.0027463002271426837
ILE  36,12.814099999999996,0.06713903484662075,0.009494893364473088,-4.354920000000001,0.06531488038719305,0.009236918966834488,-6.937240000000004,0.311120398559712,0.04399906871740675,-4.278679999999999,0.18516645916585628,0.026186491784895783,0.22523255999999997,0.0048481776739717816,0.0006856358619325339,-2.5315074400000004,0.12587855547136104,0.017801916035953273
ASN  37,19.75626,0.012377091741511708,0.0017503851003581887,-3.0545199999999992,0.05192041602303015,0.007342655650382259,-81.51065999999999,0.425343466393607,0.060152649884062374,-17.597019999999997,0.43257917148206304,0.06117593311100503,0.6695792639999998,0.010119681900905737,0.0014311391391162436,-81.736360736,0.04951090647905653,0.007001899542806769
GLY  38,6.061739999999998,0.05546559654442337,0.00784401988782378,-1.0244399999999996,0.057743280128524206,0.008166132989366776,-7.902100000000001,0.2848628617422459,0.0402856922492296,-7.298540000000003,0.20894374458199053,0.02954910773608709,0.538033248,0.004548996549151984,0.0006433252614999143,-9.625306752000002,0.18554855035317291,0.026240527638812426
GLU  39,14.710020000000002,0.05750390943172488,0.008132280860781946,-2.61822,0.42997503601953335,0.06080765274206841,1.3119400000000006,3.8195729730429284,0.5401691900951033,-79.69918000000001,3.2757600015257995,0.4632624221237096,0.807545664,0.07112967521317479,0.010059255137366515,-65.487894336,0.2365639590467649,0.03345519592526083
LEU  40,11.165499999999998,0.04598836809506689,0.006503737387144972,-3.122020000000001,0.08285927588383593,0.011718071172333469,-19.133100000000002,0.30257767597759755,0.042790945303885025,-11.438180000000006,0.22407710190892569,0.03168928765368608,0.9251071200000004,0.009197818405990009,0.0013007679533995954,-21.60269288,0.058961429759519686,0.008338405362282135
TYR  41,9.60384,0.5839746350655889,0.08258648489916345,-7.597019999999999,0.2751554825912509,0.038912861524186104,-35.121520000000004,3.6050762113442354,0.5098347671471631,0.7009599999999999,2.0273376725153613,0.2867088431981128,0.173097216,0.011813946584191656,0.0016707443484515138,-32.240642784,0.7312441955227351,0.10341354587148552
ALA  42,10.449580000000001,0.03401122755767023,0.0048099139285014796,-4.07756,0.02917818363097192,0.004126418301633313,7.319319999999998,0.09621422763829725,0.013606746561933225,-1.9318799999999998,0.06592135920928531,0.009322688024383982,0.10873367999999997,0.0033286715101380495,0.0004707452394322161,11.868193679999996,0.0408973649582685,0.005783760818930547
PRO  43,19.310499999999998,0.04874884614237578,0.006894127936458717,-6.44908,0.036562735127545175,0.005170751589482956,1.6486999999999998,0.08774354677126653,0.012408811385464312,-9.061020000000001,0.06848751419079299,0.009685597142183925,0.13444991999999997,0.007836843960677112,0.0011082971015391255,5.5835499199999985,0.03553591506185627,0.005025537303181548
LEU  44,11.829060000000002,0.0548151110548475,0.00775202734767527,-8.12434,0.04542537176507745,0.006424117682601239,-36.997980000000005,0.317625281738758,0.04491899811875269,3.2555800000000006,0.23331995971197664,0.03299642513970215,0.05583830399999999,0.0040919037162162365,0.000578682573139787,-29.981841696,0.08830239150355221,0.012487843965430229
GLN  45,20.283360000000002,0.08023983050871221,0.011347625654793924,-8.025920000000001,0.1051609889644885,0.014872009682614701,-82.06104,0.21613023481076069,0.030565430930825938,1.45818,0.17223282962315906,0.024357400353896608,0.001376640000000001,0.0006918042358933621,9.783589329075486e-05,-68.34404336,0.10871285323581648,0.015374319145036747
HIE  46,29.856020000000004,0.12025397955871343,0.01700648088212695,-9.916159999999998,0.2138465206639148,0.03024246497892066,-13.13664,0.3970413963304783,0.05615013275141136,-11.341180000000001,0.16936737466221635,0.023952163827083164,0.31185345600000003,0.02234205007041348,0.0031596430220797505,-4.226106543999999,0.18187480664695965,0.025720981821411467
VAL  47,11.421679999999997,0.03961436103322557,0.005602316663793185,-7.222840000000002,0.07967618464737813,0.011267914092646512,-34.33245999999999,0.18029633496130953,0.025497752214844634,2.12428,0.12921115122155324,0.01827321624673615,4.752e-05,0.00033264000000000004,4.7042399938778636e-05,-28.009292479999996,0.1371918446675769,0.01940185673758702
SER  48,12.60184,0.09273690958842867,0.013114979527252334,-4.96528,0.04889255157999691,0.0069144509543457725,-9.860180000000003,0.15132768286052112,0.021400966146384353,-7.227379999999998,0.09649640200564788,0.013646652043659356,0.17927899200000003,0.0032557148526146016,0.00046042760997870916,-9.271721007999998,0.07801122605888941,0.011032453390983481
ALA  49,6.985679999999997,0.11537633032838727,0.016316677112724352,-3.2693,0.060139255066923705,0.008504975014665838,-2.23248,0.6538953200627752,0.09247476300050725,-3.653100000000001,0.1909092192640179,0.026998640706523306,0.29030284799999995,0.007426609455475358,0.0010502811814381517,-1.8788971520000006,0.6615566726223843,0.09355824187009934
VAL  50,10.91552,0.022833519221149002,0.0032291472559255667,-5.64586,0.03197562196429387,0.0045220358247219416,-26.93942,0.14403306425995524,0.020369351290658422,-0.07272,0.153120088819201,0.021654450627988694,0.14906750399999996,0.003417164507423631,0.0004832600391258476,-21.593412495999996,0.03727886126847327,0.0052720271195699974
LEU  51,14.66054,0.013779999999017238,0.0019487862888111413,-2.52654,0.029728242464020574,0.004204208367813365,-23.467299999999994,0.021530675797716853,0.003044897372018933,-1.0110399999999997,0.028799277768726976,0.004072832920708366,0.6213343680000001,0.011693613000703889,0.0016537266098737783,-11.723005632000003,0.02934914627656703,0.004150596070839291
PRO  52,18.138700000000007,0.007077428899782094,0.001000899593680313,-2.1388600000000006,0.005230716967794981,0.0007397350876790734,-6.266059999999998,0.01810790987430518,0.002560845173047207,-4.303899999999998,0.01811325481587647,0.0025616010619332282,0.9278992800000003,0.0022322843817502813,0.0003156926847744887,6.3577792800000035,0.007100954916233385,0.0010042266748337158
GLY  53,5.300739999999999,0.0080444017803651,0.0011376502098970596,-1.23796,0.012310905734340067,0.0017410249854600429,-19.869559999999996,0.05397227436517052,0.007632832239934588,2.8408800000000003,0.034733637874537496,0.0049120781752726725,0.305155152,0.0022080457816128435,0.00031226482906975846,-12.660744848,0.018936677738672494,0.0026780506484319314
GLY  54,4.342,0.00644670458448834,0.0009117017055996218,-2.1283800000000004,0.011265682402692436,0.0015932080843275558,-11.565520000000001,0.0379801211166814,0.005371200238378361,-1.9003200000000005,0.04123078461535969,0.005830913479032563,0.07004390399999998,0.002770055669690567,0.0003917450296604886,-11.182176096000001,0.01187582141064415,0.001679494770325374
ALA  55,9.359599999999999,0.01858494014019701,0.0026283074402158745,-4.547719999999999,0.014574004254357072,0.0020610754474594956,-5.694999999999998,0.045935171709914756,0.006496214282209836,-0.9985800000000001,0.04204049952128894,0.005945424459194643,0.11385403199999997,0.004673520922878542,0.0006609356673169258,-1.767845968000001,0.028756811273392923,0.004066827251343578
ALA  56,9.351180000000005,0.015673787032078317,0.0022166082194512698,-6.205719999999999,0.0294835818722515,0.00416960813510756,-8.3804,0.0666048046313962,0.009419341802893085,-0.15132,0.03639804390348465,0.0051474607332159346,0.0,0.0,0.0,-5.386260000000001,0.04122174668779724,0.005829635323059106
ASP  57,17.11304,0.013443154390784426,0.0019011491260522758,-5.376220000000001,0.01573186575030102,0.002224821790550849,-42.55002,0.6690150817432035,0.09461302020333831,-35.089499999999994,0.6527273933278109,0.09230959321766279,0.45652406400000006,0.0029334226675060996,0.0004148486120559788,-65.44617593600002,0.02451828672266725,0.0034674093609348205
ARG  58,13.751540000000002,0.027124313814151275,0.0038359572466036625,-3.263280000000001,0.013885301581005089,0.0019636781813497975,-162.39222000000004,0.46271452492667436,0.06543771566583265,-48.787079999999996,0.45058681028156566,0.06372259781266229,1.5701124960000001,0.004382708708835531,0.0006198086095965884,-199.12092750399995,0.04405073222164017,0.006229714294030902
ALA  59,7.523399999999998,0.012364465215225875,0.0017485994398862802,-3.392920000000001,0.013873485502684342,0.0019620071355282713,-9.15178,0.026583671679945804,0.0037594989027452913,-3.1439800000000004,0.023768458090508485,0.0033613675788293617,0.2601270719999999,0.0020564170867966615,0.0002908212934043609,-7.905152927999998,0.025062456615391866,0.003544366605187447
GLY  60,6.5416,0.022165739329015152,0.0031347089179119933,-2.1425200000000006,0.015010982645993737,0.002122873524251151,-15.37088,0.052390701464651884,0.007409164055355067,1.9381799999999996,0.03394860232766367,0.0048010573835392785,0.19339488000000002,0.0039094249684567635,0.0005528761811471564,-8.840225119999998,0.02767329035059695,0.003913594252930271
VAL  61,11.161479999999997,0.015367810516065016,0.002173336605579902,-5.713500000000002,0.03163052323281056,0.004473231494079797,-20.021380000000008,0.040568899413440336,0.005737308776103722,-2.2996000000000008,0.03580279318706051,0.005063279569598002,0.018692208000000002,0.002066614739504208,0.00029226345928069916,-16.854307791999997,0.029199317535280683,0.0041294070870432475
ARG  62,11.2826,0.024216523284571516,0.003424733566256489,-5.077039999999999,0.031397426646177944,0.004440266658663925,-133.16234000000003,0.5946536676049535,0.08409672816418276,-65.68378000000001,0.6055020161808542,0.08563091633272173,1.2865282560000002,0.0038640452019587357,0.0005464585130232729,-191.35403174400003,0.027793260573101972,0.003930560604505023
LYS  63,8.960039999999998,0.013756394876983736,0.0019454480204390162,-3.4086199999999995,0.04969623325764663,0.007028108707182072,51.63882,0.6209653030569748,0.0878177553346293,-90.57742000000002,0.6541688800296073,0.09251345022202886,1.1917098720000001,0.005710829916196989,0.0008076333119891787,-32.195470128000004,0.031208646942136972,0.004413569176888373
GLY  64,6.265719999999999,0.010002079784418192,0.001414507688306197,-2.8367999999999993,0.03830195817454991,0.005416714871589552,-14.506460000000002,0.1351873085756657,0.019118372524842303,-3.8215200000000005,0.08016888174344114,0.011337591984185926,0.15444547199999997,0.004575663742499602,0.0006470965721501771,-14.744614527999998,0.02758314317469599,0.003900845517053394
ASP  65,14.540000000000003,0.03380355010880245,0.0047805439020226935,-6.6184,0.0322651514794187,0.0045629814814216255,-80.45107999999999,0.7600294425887834,0.1074843945511921,7.712460000000002,0.7074737934368794,0.10005190337019765,0.011768399999999997,0.000927857661497799,0.00013121888888419715,-64.80525160000003,0.044344836920653885,0.006271306979441188
ARG  66,13.956099999999994,0.09225621930375229,0.013046999655263302,-9.071419999999998,0.07573271155868497,0.010710222780158193,-144.83558000000005,1.0735608429807058,0.1518244304176007,-58.779740000000004,0.9905595753914685,0.1400862785857149,0.615234384,0.010245930626963,0.0014489934051784943,-198.1154056160001,0.15050457542294257,0.021284561176232977
ILE  67,13.08502,0.021677167712464095,0.003065614457280288,-8.4175,0.05111252292767994,0.007228402313143074,-12.727820000000001,0.0686756696362035,0.009712206340457314,-0.6801599999999999,0.03953194151569321,0.005590660783843335,0.0,0.0,0.0,-8.740460000000002,0.03933050215763378,0.005562172956626996
LEU  68,13.21044,0.026198595382264964,0.003705040890472425,-7.492039999999999,0.05035909451162525,0.007121851444716892,-34.21063999999999,0.06131973907670534,0.008671920664345615,-1.5986400000000003,0.05714114454576195,0.008080978158613795,0.12693599999999997,0.005235694057372803,0.0007404389544372835,-29.963943999999998,0.03659626489575784,0.005175493414777913
GLU  69,15.463380000000004,0.012094444998916832,0.0017104128146843637,-6.1288,0.028342194692836036,0.004008191612202748,-13.628260000000003,0.3875280020849556,0.05480473563478932,-67.394,0.37429234563435254,0.052932931148853946,0.3978534240000001,0.0032204096029151592,0.00045543469368391717,-71.28982657599998,0.02335081160815605,0.0033023034468673386
VAL  70,10.86644,0.012666743860632775,0.0017913480958813006,-6.48424,0.023233217599342455,0.003285673142655538,-26.455820000000003,0.03717347979104771,0.005257123928110183,-1.8613600000000003,0.02340406802244223,0.003309835041204026,0.0,0.0,0.0,-23.93498000000001,0.019404628301742062,0.002744228851713242
ASN  71,18.36258,0.03520289192621298,0.004978440719680472,-4.132840000000001,0.017416497925864183,0.0024630647575800005,-89.50803999999998,0.07408426556296638,0.010477097311759708,-8.401779999999997,0.06908119570516782,0.009769556387119833,0.3440630879999999,0.002834202501776453,0.00040081676165240154,-83.33601691199998,0.046204561335759314,0.006534311728453035
GLY  72,6.144859999999999,0.010526176894574581,0.001488626212424568,-1.2070199999999998,0.01015970472015868,0.0014367992204954354,-5.212040000000001,0.024560097719392868,0.0034733223287973913,-6.494479999999999,0.024557068229113632,0.003472893894173394,0.5089425120000001,0.0033771700228621697,0.00047760396487715355,-6.259737488000001,0.015117731763621719,0.0021379701292432362
VAL  73,10.72882,0.011671657978487342,0.001650621700855694,-2.37726,0.009995619040296411,0.0014135940011101925,-30.374920000000003,0.040422191923929755,0.005716561203966965,-0.1818,0.04177894206415485,0.005908434648872757,0.5245434719999998,0.0022281741296002622,0.0003151114073409557,-21.680616527999995,0.013603544808195573,0.0019238317564100283
ASN  74,20.46138,0.011231901002421009,0.0015884306728855752,-4.4127,0.031470144581926304,0.004450550527760235,-92.80894000000002,0.04827770080874878,0.006827497924392307,-4.98132,0.038830627087485976,0.005491479946257474,0.598172112,0.0031032705658973164,0.00043886873220052143,-81.14340788800001,0.01781181815012987,0.0025189714798436913
VAL  75,13.505540000000002,0.01623848515005285,0.0022964685931598844,-6.31448,0.02608926215883611,0.0036895788377333196,-34.574,0.039188773903049215,0.0055421295546465,2.14644,0.04190997971843872,0.005926966171659738,0.023234255999999995,0.0008805697019909149,0.00012453136151703865,-25.213265744000005,0.026065955931274615,0.0036862828394227977
GLU  76,15.321579999999994,0.018722275507799386,0.0026477295941615517,-5.95354,0.07268595737828477,0.010279346671844306,-1.6083399999999994,0.22943649317404133,0.03244722003500513,-78.04688,0.23957300682667837,0.03388073954327906,0.504449712,0.005044808583585566,0.000713443671848291,-69.782730288,0.10131471208857093,0.014328063990358237
GLY  77,6.1100400000000015,0.008979888640342342,0.0012699480303772232,-3.6504400000000006,0.03270728359239659,0.004625508404475026,-12.257060000000003,0.04055781552195485,0.005735741277137458,-2.6995399999999994,0.03929336330737506,0.005556920730054315,0.048073248,0.0019205343000571926,0.0002716045654143601,-12.448926752000004,0.02209563802936082,0.0031247950970408798
ALA  78,7.082159999999999,0.014442105110397046,0.0020424220916341286,-4.362699999999999,0.02989397932697913,0.004227647099751481,-12.49196,0.20547476341384627,0.029058519714526443,2.554979999999999,0.16607040555139826,0.023485901983958755,0.068313744,0.0009619313065206285,0.00013603762997527435,-7.149206256000001,0.059181398611136554,0.008369513655607756
THR  79,14.968039999999998,0.06936799261954646,0.009810115595715936,-6.8278,0.03638461213221814,0.005145561193906755,-30.6836,0.0710976792893399,0.01005473023042372,-5.93902,0.08498105435916116,0.012018135961949094,0.119529216,0.0025112807492076988,0.00035514872944559947,-28.362850783999992,0.0688419252459818,0.009735718434274223
HIE  80,30.71004,0.03204057427549291,0.004531221468662457,-11.923559999999995,0.03906208391887367,0.005524212885262712,-7.137520000000002,0.2984949071591758,0.042213554600380426,-8.84956,0.16053574804388349,0.022703183212937007,0.01944863999999999,0.002246256918520324,0.0003176686998745838,2.8188486400000006,0.38813593466998253,0.05489071028546469
LYS  81,11.569699999999997,0.014873130134794155,0.0021033782351565873,-3.49164,0.029410719134299605,0.0041593037878872394,14.790260000000004,1.367536146652052,0.19339881656307736,-56.21445999999999,1.3296409321322473,0.1880396239307828,1.043421264,0.009967646079225208,0.0014096380270175294,-32.302718736,0.02757533278444371,0.0038997409610711737
GLN  82,20.77878,0.037825541634297764,0.0053493393983332065,-6.179439999999999,0.06743742581093284,0.009537092219335064,-76.64334000000001,0.4660554735228493,0.06591019714742284,-10.008119999999998,0.34324607149984093,0.048542324954636014,0.595007136,0.011108889182807533,0.0015710341745226182,-71.45711286400001,0.20705671433614403,0.029282241359458654
VAL  83,13.20962,0.0534209284836991,0.007554860157621045,-7.575640000000002,0.05929410088679298,0.008385452164282119,-25.105079999999997,0.029419612508677587,0.0041605615009533,-2.9994399999999994,0.06001305191377748,0.008487127193586474,0.0,0.0,0.0,-22.470540000000007,0.11685002524459555,0.016525089046454555
VAL  84,13.07604,0.0709439102392094,0.010032984002806942,-6.21452,0.3053450009415536,0.04318230415343705,-32.15814000000001,0.27048438106297495,0.038252268010935155,-2.08284,0.19694642520238953,0.02785243055821176,0.098675712,0.027015880294794296,0.003820622431234614,-27.28078428800001,0.23738502672769285,0.033571312430260285
ASP  85,14.381079999999999,0.032335639780674524,0.004572950032584088,-4.32898,0.10058498695131976,0.01422486527176772,-67.04189999999998,2.0150884074901554,0.28497653552533797,-14.843260000000003,2.088272403782585,0.29532631553587957,0.525817296,0.01250341673765418,0.00176825015263933,-71.30724270399998,0.05646690235912631,0.007985625914147374
LEU  86,12.59222,0.02764582427793703,0.003909709963684192,-6.016900000000001,0.04195008939207299,0.005932638536103332,-31.016300000000005,0.08212484398743186,0.011614206817480066,-2.1011,0.08413019671913638,0.011897806520531913,0.3319260479999999,0.0033338097295548303,0.0004714718933907821,-26.210153952,0.0554722586448636,0.007844962051103426
ILE  87,14.448399999999994,0.026291443478971,0.0037181715942326454,-7.779420000000001,0.10315039311597986,0.014587668490873505,-9.4976,0.26300288971796515,0.03719422535824617,-1.0713200000000003,0.2464139151914908,0.034848190082125995,0.0,0.0,0.0,-3.8999399999999995,0.11056317831905245,0.01563599462778789
ARG  88,13.871159999999998,0.5311851790101731,0.07512092842877671,-4.349660000000001,0.17421465035980493,0.024637672130292294,-145.30304,0.5169685854956094,0.07311039849287257,-62.395600000000016,0.7458764777073753,0.10548286306288436,1.2181430879999997,0.05179674453795483,0.007325165861235025,-196.9589969120001,0.617761049468096,0.08736460544636178
ALA  89,8.420479999999996,0.07214187133766525,0.010202401286070105,-2.1574200000000006,0.06047845566810993,0.008552945223722104,-5.0814,0.29460909694032605,0.0416640180491499,-7.005660000000001,0.2534138599208721,0.03583813175934131,0.367752384,0.009269294992810631,0.0013108762692469816,-5.4562476160000015,0.08158625113128737,0.011538038285304386
GLY  90,5.590460000000003,0.12644733449130566,0.01788235353635317,-0.5024400000000001,0.0456531094231246,0.006456324651068575,-5.17154,0.9030320528087541,0.12770801763397568,-8.813880000000001,0.7788976220274264,0.11015275807713391,0.5507835839999999,0.01037218355995511,0.0014668482661911767,-8.346616415999998,0.0589375789376681,0.00833503234670851
GLU  91,14.617299999999998,0.10540858598874372,0.014907025189585197,-1.3327200000000001,0.23141296765738753,0.032726735737008385,-7.623619999999999,2.558024823100827,0.36175933977162267,-66.80574,1.8876157004007974,0.26694917240551963,0.8532253440000003,0.015509320519822805,0.002193349142232475,-60.29155465599999,0.5768848848091072,0.081583842802508
LYS  92,10.806580000000002,0.06888747055870059,0.009742159514169166,-2.774819999999999,0.09177727169623871,0.012979266235042117,19.210220000000003,0.742145788642606,0.10495526395564499,-61.81198000000001,0.7281366489867214,0.1029740724257919,1.291252464,0.006106722161158458,0.0008636209301954629,-33.278747536000004,0.1373968118084599,0.01943084346863478
GLU  93,15.082340000000002,0.05106842860223327,0.007222166433836037,-4.1254800000000005,0.040756466971499,0.005763834834550498,-36.44037999999998,0.9415879754971306,0.13316064851154674,-46.8323,0.9266790005178088,0.13105220104986295,0.5240566080000002,0.011550006768260805,0.0016334176217175473,-71.79176339199998,0.05886378710909286,0.008324596606232169
LEU  94,12.833820000000003,0.039009070739000166,0.005516715689466549,-8.253900000000002,0.03234022263308795,0.0045735981457878305,-32.17794000000001,0.0632712920664311,0.008947911934921608,0.14221999999999999,0.03732467816338139,0.005278506606986487,0.0,0.0,0.0,-27.455799999999996,0.06767274192886012,0.009570370943876838
ILE  95,13.115359999999995,0.07976685025856001,0.011280736146343938,-5.022120000000002,0.049778565668182034,0.007039752268342276,-12.764999999999997,0.06995083988134096,0.009892542645958116,-0.76034,0.03315937876378327,0.004689444316760869,0.36714628800000004,0.0038762222169791845,0.0005481806030023868,-5.064953712,0.08483158772690455,0.01199699818810314
LEU  96,11.501019999999999,0.023582612238841453,0.003335085006435532,-8.19266,0.028384228014955017,0.004014136021623974,-34.69060000000001,0.04196474710202957,0.0059347114493247255,0.3074,0.03049655718273797,0.004312864477351466,2.7215999999999998e-05,0.000190512,2.6942465419482306e-05,-31.07481278400001,0.0359229580259108,0.005080273444080247
THR  97,16.203339999999997,0.01870466252168526,0.0026452387417779033,-5.2931799999999996,0.01562522319852378,0.0022097402562459042,-45.04972,0.07153769356086997,0.010116957645467274,2.3720200000000005,0.06518879965143085,0.0092190884581876,0.13189392,0.002860106815346249,0.0004044801848098387,-31.635646079999994,0.016824669412034227,0.0023793675664942567
VAL  98,11.88374,0.011685563744299332,0.001652588273116344,-6.680240000000001,0.01666920513950993,0.002357381598227424,-26.920579999999994,0.03218017402593759,0.0045509638547007345,-1.5036,0.035619657494146584,0.005037380271530655,0.00011491200000000001,0.0003111831670511758,4.400794552259853e-05,-23.220565088000008,0.01153858062752981,0.0016318017213988116
LEU  99,11.576199999999996,0.016017490441816908,0.002265215221799889,-8.664860000000001,0.034065237413352205,0.004817552075542205,-33.95347999999999,0.1551408701807048,0.02194023226879164,0.3779399999999999,0.11384400028108682,0.01609997291923194,0.0,0.0,0.0,-30.6642,0.06432728814262552,0.009097252332198298
SER 100,11.959439999999999,0.013433033909314926,0.0018997178738370845,-4.894459999999999,0.011491231440335275,0.001625105535129026,-0.14117999999999997,0.1640732385247515,0.023203459914417936,-10.733259999999998,0.14097372946769807,0.019936696015153424,0.262516464,0.001380492851950681,0.00019523117139877663,-3.5469435359999992,0.03777198193631862,0.005341764913205336
VAL 101,7.88078,0.009362243319272516,0.0013240211476352093,-2.0659799999999993,0.009525733567742103,0.0013471421603053532,-70.51006000000001,0.6641909487470635,0.09393078477235504,-40.149519999999995,0.6487266370360613,0.0917438008369086,1.02761712,0.0022607390055968775,0.00031971677627009687,-103.81716287999998,0.01557783771939266,0.0022030389375212265
ASN 102,11.058659999999998,0.011851767802624865,0.0016760930764568858,-2.0344399999999996,0.030395499666903646,0.004298572786404203,-48.873360000000005,0.5740212107578775,0.08117885813436151,-114.39985999999999,0.529382773048943,0.07486602973324934,1.1895684479999997,0.006824419547585171,0.000965118667951901,-153.059431552,0.07684604100135534,0.010867671339879564
LYS 103,8.99388,0.017998488825501632,0.0025453706999245007,-4.539340000000001,0.038286086245439215,0.005414470241848614,61.67308,1.1961117312359044,0.16915574324273783,-95.18088000000002,1.190139851275974,0.16831119187951807,0.9149231520000001,0.010155722647853093,0.0014362360704293445,-28.138336847999998,0.03004774024199057,0.004249392176888689
VAL 104,10.764059999999999,0.044414146395477125,0.006281108819370786,-2.9502600000000005,0.3804503547113545,0.05380380514424523,-33.278600000000004,0.9774684445033023,0.1382349131008303,-0.58296,0.39855689480926043,0.05636445660165631,0.587598912,0.02119561803030343,0.0029975130481334814,-25.460161088000003,0.1745200510479293,0.02468086230980265
THR 105,14.916660000000004,0.5729441023345412,0.08102653200031866,-3.94188,0.4307673915235538,0.06091970873206908,-44.234379999999994,1.3644100687111806,0.1929567223809758,0.5307999999999999,0.31702315372855655,0.04483384435892153,0.30977121599999996,0.010821652051612507,0.0015304127098673035,-32.419028784,0.15767119118848624,0.022298073697427846
ASP 106,16.74016,0.06612937622630305,0.00935210607305107,-4.145499999999999,0.04139963767958706,0.005854792908380423,-25.01309999999999,0.7816249036463697,0.11053845394252597,-48.8104,0.776552200435088,0.10982106537459715,0.7926030720000001,0.008909186966238988,0.0012599493037372786,-60.43623692800001,0.10789041605911903,0.01525800896408821
LEU 107,9.479339999999997,0.0721716315461718,0.010206610015119006,-8.171980000000001,0.10316772557331838,0.014590119670497245,-64.49406000000002,1.4702020733211396,0.2079179711519799,-37.03324000000001,1.5569050396216337,0.22017962223599352,0.11237428800000002,0.024509563865370013,0.003466175762625581,-100.10756571200004,0.08054650329083259,0.011390995735562457


