#Frame       SA_00001
       1   11383.6166
       2   11084.1811
       3   11112.8677
       4   11180.8012
       5   11283.5953
       6   11206.2125
       7   10791.0150
       8   11199.8492
       9   11154.1377
      10   11171.3326
      11   11109.3114
      12   11150.1279
      13   11166.1155
      14   11184.3706
      15   11194.3347
      16   10855.5627
      17   10917.6422
      18   11009.8155
      19   11171.9995
      20   11232.4540
      21   10981.1708
      22   11141.1166
      23   10859.9865
      24   11159.3887
      25   11170.5186
      26   11025.2260
      27   11183.4886
      28   11161.1856
      29   11148.5696
      30   11148.0252
      31   11074.8897
      32   10954.5607
      33   11068.8689
      34   11116.8471
      35   10941.4769
      36   11137.1757
      37   10996.9253
      38   11019.2361
      39   10886.4720
      40   11129.1385
      41   10930.9663
      42   11006.9764
      43   11015.6309
      44   10916.8956
      45   10962.3338
      46   10900.2618
      47   10641.4760
      48   11116.9038
      49   11043.6650
      50   11146.8452
