| Run on Mon Jun 20 15:50:19 2016
| GB non-polar solvation energies calculated with gbsa=2
idecomp = 2: Per-residue decomp adding 1-4 interactions to EEL and VDW.
Energy Decomposition Analysis (All units kcal/mol): Generalized Born Solvent

Total Energy Decomposition:
Residue,Internal,,,van der Waals,,,Electrostatic,,,Polar Solvation,,,Non-Polar Solv.,,,TOTAL,,
,Avg.,Std. Dev.,Std. Err. of Mean,Avg.,Std. Dev.,Std. Err. of Mean,Avg.,Std. Dev.,Std. Err. of Mean,Avg.,Std. Dev.,Std. Err. of Mean,Avg.,Std. Dev.,Std. Err. of Mean,Avg.,Std. Dev.,Std. Err. of Mean
GLY   1,0.9790999999999996,0.001962141687296471,0.00027748873854722977,0.14526,0.0469824690709205,0.006644324495387023,-19.16692,0.9028517007792423,0.127682512005362,-96.22202000000001,0.9291110265192243,0.13139614146538753,1.0364420159999999,0.02909908863243875,0.004115232579669163,-113.22813798400004,0.022033231157821714,0.003115969432629292
SER   2,9.91378,0.038175012770056145,0.005398762080317949,-1.5965200000000002,0.13971560256463642,0.019758770002203798,-3.2691199999999996,0.10137803312355834,0.014337018937004505,-8.1828,0.16219876694967195,0.0229383696020419,0.523892016,0.01742180768760077,0.0024638156712860856,-2.6107679839999998,0.049573058128625926,0.007010689113381258
LEU   3,11.167759999999998,0.02909127704397189,0.004114127854233813,-0.89632,0.08092896638410754,0.011445084184924117,-30.016859999999998,0.10169149620466822,0.01438134931106539,-1.28244,0.06159355810472263,0.008710644522651401,0.9771780959999999,0.007499364702092998,0.0010605703270881984,-20.050681903999998,0.028238001562893612,0.00399345647845568
GLN   4,18.3534,0.10281673015652067,0.014540481422620632,-2.49712,0.1752308922536152,0.024781390437180115,-65.71812,0.29389750866582776,0.04156338427028778,-12.691600000000001,0.42980646807592576,0.06078381363486529,0.9804648959999998,0.01666729158209909,0.002357110980343145,-61.57297510399999,0.07264824340890587,0.010274013111145648
ARG   5,12.82452,0.6335949886165648,0.08960386259531727,-4.559899999999998,0.4321313804851712,0.061112605900913726,-125.37134,1.6629409804324597,0.2351753687953596,-73.87438000000003,1.598701346592139,0.22609051265347327,1.164028608,0.050309228638583704,0.007114799345321399,-189.81707139200006,0.10096127149995751,0.014278079942967214
ARG   6,13.781159999999998,0.16833708563490338,0.023806458955524145,-5.07806,0.12239581855603507,0.01730938265797013,-158.71214000000003,1.0908081959676992,0.1542635744685249,-46.22644000000001,1.0486033980488987,0.14829491470712655,0.370179792,0.017585093867931428,0.0024869078243632574,-195.865300208,0.1241812819139182,0.017561885307553985
ARG   7,11.864200000000004,0.4884845545151909,0.06908214820051625,-3.5630599999999992,0.1825482303392942,0.025816218313303756,-137.81620000000004,8.575975424404275,1.2128260755770885,-69.92448000000002,6.509453400217075,0.9205757282222646,1.37751912,0.03014372675894294,0.004262966720296588,-198.06202088,1.4409743637949586,0.20378454883107724
VAL   8,11.117400000000002,0.06402062167744652,0.009053883144780183,-4.7100599999999995,0.16095557275222352,0.022762555392572388,-34.85346000000001,0.21387372068335755,0.030246311642559937,-0.36310000000000003,0.07886399685534567,0.011153053393577897,0.11219140799999999,0.014879313747452655,0.0021042527300451984,-28.69702859199999,0.08564926977849144,0.012112635892809464
THR   9,15.653300000000007,0.2185223329543497,0.030903724694545047,-4.559940000000001,0.17877308634129874,0.025282332329116097,-29.553759999999993,0.29088991457324564,0.0411380462347035,-7.57096,0.2218712203058724,0.031377328885683356,0.4703307839999999,0.02374129760106338,0.0033575265055759656,-25.561029215999994,0.0911154459827158,0.012885669945042982
VAL  10,11.416079999999997,0.06833061978340739,0.009663408922305404,-5.69374,0.2317011704761305,0.03276749377050643,-22.732400000000002,0.14099333317546525,0.01993946839809314,0.6032800000000001,0.13940760954840187,0.01971521321213629,0.002500128,0.0029544710453846047,0.0004178253022021524,-16.404279871999996,0.07760664298228272,0.010975236703579099
ARG  11,12.78598,0.2887791883082746,0.040839544463665584,-3.8459999999999983,0.2352974288002559,0.03327608150008396,-142.7942,1.1830428563682487,0.16730752523445827,-56.00154,1.3054213298397666,0.18461445492705192,1.1697346079999995,0.029541878137004367,0.004177852471932479,-188.686025392,0.2302343712932413,0.03256005704073446
LYS  12,11.654400000000004,0.4048137349447179,0.05724930741937274,-7.172200000000003,0.3563257498412915,0.05039207080483171,8.59776,3.836513639021762,0.5425649620533932,-47.547619999999995,3.9255705261273652,0.5551595078101406,0.287915184,0.04215225788237395,0.005961229478190144,-34.179744816,0.7183162939479654,0.10158526449747914
ALA  13,7.226600000000001,0.20066190470533243,0.02837787870858987,-1.66198,0.13320022372353443,0.018837356290095288,-10.295180000000006,0.7427570178732108,0.105041704822409,-2.32742,0.46394319005671325,0.06561147515488423,0.44742743999999995,0.021011445184223633,0.0029714670744587913,-6.610552560000001,0.5173751374033225,0.07316789361504222
ASP  14,13.11884,0.9893781554087467,0.13991920056947255,-1.3701999999999999,0.13644060979048866,0.019295616082416436,-48.83558000000001,5.393279210610143,0.7627248605309724,-31.979099999999995,5.9988056619630905,0.8483592325188715,0.9899455679999999,0.05170663677855288,0.007312422699692896,-68.076094432,0.27174226270466756,0.03843015933868933
ALA  15,7.402299999999999,0.281846997500383,0.039859184637917745,-1.3638199999999998,0.21647906965801636,0.03061476362802767,0.4480200000000001,0.868870358338918,0.12287682447068689,-6.242200000000001,0.5236910157716902,0.07406109369972666,0.5898067199999999,0.02665419123419263,0.0037694718737481285,0.8341067200000001,0.15053506862637975,0.02128887356641908
GLY  16,6.026660000000001,0.16489240249321616,0.023319307193818944,-3.270240000000001,0.32254237303026173,0.04561437983793981,-9.42256,0.972433713113628,0.13752289455941202,-1.8894,1.0581285177141762,0.14964197004851276,0.086707584,0.02142518763324472,0.003029979092732299,-8.468832416000003,0.3189210384903737,0.04510224579591983
GLY  17,4.775339999999997,0.12434349359749662,0.017584825503843184,-3.459360000000001,0.25748869955784703,0.036414401107251845,-4.30244,0.5559502913030996,0.07862324419661164,-2.98776,0.5577830603379774,0.0788824368791938,0.08788478399999997,0.012767492431505476,0.0018055960954130887,-5.886335216,0.38720650198046147,0.05475926865398133
LEU  18,11.20164,0.21256930728592904,0.030061839730801482,-7.670640000000001,0.1857789826648522,0.02627311568885101,-28.94246,0.39072246979193687,0.0552565015903669,-0.9740000000000001,0.270061030139485,0.03819239714917089,0.0034968959999999998,0.005563862682739753,0.0007868490065112111,-26.381963104,0.47441952381455776,0.0670930524833133
GLY  19,5.8639600000000005,0.2082845131064592,0.029455878326743127,-3.87106,0.14398144463786544,0.020362051173694024,-12.13222,0.5967880122790672,0.08439857008267379,-0.2613,0.4623407509618853,0.06538485604480598,0.0,0.0,0.0,-10.400620000000002,0.36683565202958446,0.05187839542622157
ILE  20,14.75832,0.3548614625456631,0.05018498930956288,-8.03454,0.3391160397268446,0.04795825025999569,-12.328439999999999,1.3085007170040235,0.1850499460362009,-1.4676599999999995,0.8142843142293736,0.11515719208108552,0.0037265759999999997,0.004908732334057744,0.0006941995840883799,-7.068593424,0.7982682838380729,0.1128921833416098
SER  21,11.21796,0.7701423494393885,0.10891457555350627,-5.64006,0.5443145564836669,0.07697770279762978,-20.37430000000001,3.471241865672801,0.49090773247117603,1.2197000000000002,1.5789580393411347,0.22329838736542634,0.033830639999999995,0.020549006223211874,0.0029060683294155364,-13.542869359999997,1.6480366692986101,0.23306758090102778
ILE  22,15.227040000000004,0.25136976429130364,0.03554905298312897,-8.988600000000002,0.3425687084366637,0.04844653135157643,-4.3901,0.8553298837290745,0.12096191218726596,-2.2883999999999998,0.4495548464870571,0.0635766560932551,0.000138528,0.00039396189411667725,5.571462537179982e-05,-0.43992147200000015,0.6219931996069845,0.08796312185880331
LYS  23,9.490079999999999,0.27411281181299124,0.03876540560861561,-6.82764,0.32039530333638805,0.04531073832989617,42.14744,4.7754957906377955,0.6753570914175596,-79.09225999999998,4.645156173090623,0.6569242859325862,0.5781777120000002,0.05529231708128799,0.007819514471139101,-33.70420228799999,0.6073136014532183,0.085887113178879
GLY  24,5.256340000000002,0.4646983800272869,0.06571827514473957,-4.0854599999999985,0.3102649970589886,0.04387809667704701,-7.4041400000000035,1.1840872266855769,0.1674552215011488,-6.812839999999999,0.851667314389855,0.12044394666400035,0.05570812799999999,0.03041938774878313,0.004301951071341507,-12.990391872000002,0.3881446084239292,0.0548919369395115
GLY  25,6.3046799999999985,0.19811667673372066,0.028017929116911398,-5.494020000000002,0.33127991125329886,0.046850054343617054,-10.394580000000001,1.1472914030881651,0.16225150622413406,2.9337999999999997,0.701259238798322,0.09917303262480198,0.00033350400000000004,0.0008911371559889084,0.00012602582519341025,-6.649786496000001,0.7783440674190143,0.11007447363366087
ARG  26,15.276539999999995,0.28216436415707835,0.0399040670609321,-5.756760000000001,0.17680696366371754,0.025004280593523633,-183.61847999999998,5.050858213175783,0.7142992186696728,-29.462840000000007,4.481475298871938,0.6337763147104715,0.852608304,0.04069599343861338,0.005755282585513353,-202.70893169599995,0.579679816781844,0.08197910587268346
GLU  27,16.91242,0.37911887792616106,0.05361550589148468,-6.946980000000001,0.6972057512671352,0.09859978292065054,-83.48704,6.8258720965456465,0.9653240893958925,6.278220000000002,7.474587976042559,1.057066368887025,0.21981758399999995,0.05784250101403085,0.008180164941562193,-67.02356241600002,1.435624331567379,0.20302794001753963
ASN  28,19.14384,1.2452100121666183,0.17609928872087982,-6.12032,1.4247265483593656,0.20148676073628222,-90.35749999999999,3.8353963615253135,0.5424069551545521,-0.1909599999999999,3.7550308012584925,0.531041548626847,0.088708032,0.0851784705216557,0.012046054823392237,-77.43623196799999,1.6119744313254123,0.22796761029790552
LYS  29,10.227000000000002,0.36033079246710636,0.050958469364762685,-1.37256,0.3390381193907262,0.04794723066038336,55.187039999999996,2.749844366214226,0.3888867197115406,-93.92924,2.8084725710610643,0.3971779999547393,1.5187852800000008,0.06015163216888135,0.008506725401210976,-28.36897472000001,0.4278521823594693,0.060507435898368815
MET  30,12.876,0.41125913971612704,0.058160825303643846,-6.843840000000001,0.4171957027582963,0.05900038210045571,0.28841999999999995,0.9973884717601263,0.14105203037177452,-5.788260000000003,0.8052789283223317,0.11388363819267129,0.24637118400000005,0.05810453023323824,0.008217221469116305,0.7786911840000001,0.5775586405377942,0.08167912625143157
PRO  31,18.527980000000007,0.3925170309676786,0.05551029086569112,-5.559999999999999,0.2421930634845238,0.034251271509250156,-8.901159999999999,0.9979575213404648,0.14113250613519226,1.4277799999999998,0.34257141094960214,0.04844691354462143,0.21942835199999997,0.017721043429440718,0.0025061339957317685,5.714028351999999,0.4500262954960065,0.06364332905149744
ILE  32,13.01814,0.16242327542563484,0.022970119895199342,-8.143279999999999,0.304103077261664,0.04300666962228384,-11.981799999999998,0.20524307540106965,0.029025754081535644,1.2186599999999996,0.26823263112455326,0.037933822480736276,3.8304000000000005e-05,0.0001876505102151337,2.653778965324731e-05,-5.888241695999999,0.34838905460270325,0.049269652600148366
LEU  33,11.815119999999997,0.36219445826809055,0.05122203150991096,-8.254419999999998,0.2776623914037807,0.03926739196841733,-31.057000000000002,0.3095397874263029,0.04377553654723624,-1.31944,0.2171014656790684,0.030702783717441555,0.00557856,0.009590037614775034,0.001356236125848298,-28.810161439999998,0.2302237905047133,0.03255856069127077
ILE  34,12.983079999999998,0.09601517380107863,0.013578596098309527,-8.0438,0.14664105837053631,0.020738177354835713,-16.315420000000003,0.2862017533138983,0.04047504011114739,0.48723999999999995,0.307065436674335,0.04342561050808613,0.0037771199999999993,0.0022880018573419036,0.00032357232573877514,-10.885122879999997,0.21884854713822782,0.03094985834685294
SER  35,12.627059999999998,0.4478476709775654,0.06333522501736764,-4.3278,0.7293461181085444,0.10314511718932727,-11.278180000000003,3.459076811462841,0.4891873340061031,-2.122439999999999,1.3463945953545722,0.19040894970562713,0.20742681599999999,0.028220738286468313,0.003991015082490515,-4.8939331840000015,1.5440299001356637,0.2183588025481431
LYS  36,9.577980000000002,0.8116199231166982,0.11478039027638431,-6.180660000000001,0.3075343629580119,0.04349192669909904,34.267019999999995,3.3345618152315426,0.4715782543671894,-68.3211,3.3715410556600935,0.47680790870122064,0.8654695199999993,0.03546486529467005,0.005015489348745727,-29.791290479999997,1.0586566550514458,0.14971665994702898
ILE  37,12.459140000000001,0.07874922475785157,0.01113682216789208,-6.262560000000003,0.14178887967665468,0.020051975663241194,-15.980519999999991,1.3079010702649723,0.184965143181101,-1.01196,0.9902257310330811,0.1400390658637796,0.22761576000000006,0.013657441630055847,0.0019314539180543889,-10.568284239999999,0.3338888559744361,0.047219014844428454
PHE  38,10.099299999999998,0.1675768778800765,0.023698949343814408,-5.537239999999998,0.6342654195208964,0.08969867584307126,0.23838,0.9286190368498805,0.13132656361909417,-5.04824,0.49835022062801704,0.07047736408237658,0.42207407999999996,0.07273346588986425,0.01028606538998469,0.17427407999999997,0.902294891593847,0.12760376729519798
LYS  39,9.43784,0.11078905361107186,0.015667938217925774,-1.81842,0.11842518144381406,0.016747849772433644,31.147260000000003,1.3453977524878584,0.19026797483546098,-68.76088,1.3641203706417182,0.1929157528870931,1.6059994560000002,0.024997437655008493,0.0035351715356288908,-28.388200544,0.11863878552963605,0.01677805795194842
GLY  40,6.363480000000002,0.0553459086109242,0.007827093457943086,-1.34,0.021383170952868083,0.003024037036808846,-18.73674,0.12306011701561533,0.017403328647070327,0.0607,0.12339177444222124,0.01745023209014711,0.32975236800000013,0.005055168846131007,0.000714908834228442,-13.322807632000002,0.0440905723271502,0.006235348535784768
LEU  41,11.37362,0.2794738549489467,0.039523571599749154,-4.787220000000001,0.2668986541741742,0.03774516965122436,-29.025900000000007,0.3783505385215259,0.053506846290830606,-3.2518200000000004,0.3003839336582365,0.04248070328984581,0.3307118400000001,0.0245550990560231,0.003472615411044265,-25.36060816,0.29644524575555015,0.04192368870485242
ALA  42,11.117859999999999,0.16211292483953343,0.02292622969440384,-5.664459999999999,0.15690343654618888,0.022189496794656663,-4.29716,0.17901478821595765,0.025316514136035462,-2.5921200000000004,0.18381214758551362,0.025994963204435832,0.04958279999999998,0.014501863176516368,0.002050873158390842,-1.3862972000000005,0.1521579682421816,0.02151838623112279
ALA  43,9.342279999999997,0.05867232397026547,0.008297519629469747,-4.86018,0.07633811367857439,0.010795839569021899,-8.766179999999997,0.1788291575780005,0.025290261999456363,-1.8236200000000005,0.20874586367159223,0.02952112314936509,0.00019137600000000002,0.0005059527450503654,7.155252339701236e-05,-6.107508623999999,0.11036306829091032,0.015607694796211343
ASP  44,17.28742,0.06829116780396195,0.009657829569865984,-5.04424,0.0650023261121569,0.009192717117361105,-43.89900000000001,1.5162113441070346,0.2144246646260108,-39.83954,1.5237507697785633,0.21549090042972877,0.359206704,0.009117349474337668,0.0012893879279503538,-71.13615329599999,0.05559528651860402,0.00786236081986279
GLN  45,19.9713,0.05790828956067452,0.008189468847053422,-3.4635599999999998,0.053450971927529345,0.007559108942193557,-74.46974,0.3560712743273891,0.05035608253252645,-13.982560000000003,0.34355559433644933,0.04858609809397559,0.9424141919999997,0.015027033118172994,0.002125143403794991,-71.00214580800001,0.06617579765168129,0.00935867105398653
THR  46,15.32204,0.049423055348673375,0.006989475516801002,-3.6902599999999994,0.10917450434970208,0.015439606471670914,-39.345680000000016,0.15005724773960077,0.021221299488572286,-3.86352,0.10626367958996363,0.015027953686379561,0.246189888,0.00861315135937268,0.0012180835467197103,-31.33123011200001,0.06827727171807482,0.009655864366553437
GLU  47,16.042679999999997,0.01959738758394302,0.0027714891308294317,-0.9002199999999998,0.05628900070173775,0.007960466820482619,-17.32186,0.835888078871759,0.11821242577664329,-64.15144000000001,0.8586512949978939,0.12143163067352429,1.1533122720000002,0.015229353254577263,0.0021537557918794,-65.17752772800003,0.051558097303472425,0.0072914160456722405
ALA  48,7.656840000000002,0.037836680615102924,0.005350914688105774,-2.2147799999999997,0.07504752894000265,0.010613323324953908,-9.543140000000001,0.13883198622780832,0.019633807781456125,2.309919999999999,0.07050016737571711,0.009970229285231235,0.233475696,0.005236070032568951,0.0007404921253594344,-1.557684304,0.18885224780262996,0.026707741012712383
LEU  49,10.3232,0.054196309837557216,0.00766451564028478,-7.869539999999998,0.10591528879265699,0.014978683787323858,-26.06112000000001,0.11572495668378462,0.016365980324724715,-4.15392,0.13821936767328089,0.019547170434618715,0.056597184000000016,0.00951731079226389,0.0013459509999739418,-27.704782816,0.12515734120219701,0.0176999209358704
PHE  50,8.75478,0.07938294275210145,0.011226443426110885,-4.13772,0.20251489229189276,0.02863993072617213,-5.493019999999999,0.1610804134586782,0.022780210534592834,-3.5027199999999983,0.24670111795452532,0.03488880668638943,0.7959723839999998,0.03951197012778658,0.005587836403079637,-3.582707616000001,0.0599655825420717,0.00848041401066011
VAL  51,10.16766,0.06068990360850797,0.008582848478226782,-3.246759999999999,0.1031155778726326,0.014582744871941604,-20.104440000000007,0.36063910825050616,0.051002071801000456,-7.040139999999997,0.34142501431506056,0.048284788577778674,0.604948896,0.008138239776083904,0.0011509209065182038,-19.618731104000002,0.08674426951187908,0.012267492240184637
GLY  52,6.676099999999999,0.1415050882478456,0.020011841494490493,-3.365180000000001,0.12251998857326143,0.017326942950210294,-17.428780000000003,0.3160536846802018,0.0446967407312731,-0.025760000000000005,0.2124504233933178,0.03004502700947363,0.035685504,0.005203028763824389,0.0007358193843217771,-14.107934496,0.15202418769822498,0.02149946680515828
ASP  53,15.199259999999997,0.1520243151610353,0.021499484831121782,-7.29332,0.036151038712738316,0.005112528924142932,-92.91584,1.3767541444995053,0.1947024383204568,16.555920000000004,1.4063240855506656,0.1988842594877692,0.0,0.0,0.0,-68.45398,0.2716394293924176,0.03841561651220457
ALA  54,8.386159999999999,0.07717832856450128,0.010914663897720455,-5.391120000000001,0.16108117705056804,0.022780318522793507,-5.904179999999999,0.2615290186576215,0.03698578851397345,-0.13832000000000005,0.18461727329803135,0.02610882517464162,0.0,0.0,0.0,-3.0474599999999996,0.1939158797004633,0.027423846703190476
ILE  55,12.899019999999997,0.11634388509985683,0.016453510020739456,-7.964339999999998,0.20746244093815439,0.029339619765776512,-6.832399999999998,0.24430096193020776,0.034549373366249296,-1.27886,0.13021228974255405,0.0184147986141575,0.0018489600000000006,0.0028689006920421616,0.0004057238267787583,-3.1747310399999997,0.38512151533870825,0.054464407015367915
LEU  56,11.984540000000003,0.07325386269677944,0.010359660612200203,-6.986599999999999,0.18428510520386043,0.026061849512265204,-27.400460000000006,0.24820452936998882,0.035101421167746935,-5.51458,0.18542999649464756,0.026223761591352604,0.193771584,0.015262998354757822,0.0021585139275776748,-27.723328416,0.18315706452035466,0.025902320468912957
SER  57,9.55478,0.05421412731005348,0.007667035411409923,-6.174779999999999,0.08887930917833149,0.01256943244543479,-14.220020000000003,0.48265144731981413,0.06825722226986845,-1.6922000000000006,0.285976222787836,0.04044314527827875,0.150528384,0.008301290392977405,0.0011739797458946127,-12.381691615999996,0.15522620229597797,0.02195230005226417
VAL  58,11.49956,0.15504736824574228,0.02192700909833843,-5.325359999999998,0.23701795375036877,0.03351940047196905,-24.869080000000004,0.2129375345021801,0.03011391492312719,-3.6669799999999992,0.14686939640376281,0.020770469229175165,0.019594943999999996,0.004957347655840187,0.0007010748288287662,-22.342265055999995,0.22601755540623877,0.03196370921899153
ASN  59,18.923120000000004,0.12139961120088989,0.017168497662711918,-2.63738,0.10640054323169887,0.015047309128213336,-88.61103999999997,0.1406199075685404,0.019886658042308086,-11.4116,0.1681166261855925,0.02377528128120727,0.5760643679999999,0.01429287466696144,0.00202131771993157,-83.160835632,0.13684280067046845,0.019352494462129454
GLY  60,6.269400000000001,0.03113518909499564,0.004403180668519372,-1.0005600000000003,0.017840582950091357,0.00252303943686614,-9.27638,0.05329798870499825,0.0075374738473816556,-5.88898,0.06612397144762694,0.009351341721920531,0.5225325119999998,0.007809879257066482,0.001104483716583973,-9.373987487999997,0.053674225570074854,0.007590681775107262
GLU  61,15.464279999999997,0.10473414724970247,0.014811645148411002,-4.065100000000001,0.1343273985454733,0.018996762882130428,-34.98506000000001,2.624975637296327,0.37122761471634236,-44.510079999999995,2.5959746673648145,0.36712625821643047,0.7205447520000001,0.028080049167086233,0.003971118636419668,-67.37541524800002,0.09142170828463785,0.012928981975145158
ASP  62,16.97034,0.0720426568078434,0.010188370232704252,-2.5451200000000003,0.0850462556494982,0.01202735681685698,-44.57314000000001,2.4734402196939445,0.3497972704410264,-37.720620000000004,2.5371848564107444,0.3588121234183708,0.6828423840000002,0.013009989453252957,0.001839890353112126,-67.185697616,0.08558615149410288,0.012103709619427862
LEU  63,12.22956,0.19517634692762686,0.027602103687948628,-7.425860000000001,0.3116164957122209,0.04406922744954002,-31.760000000000005,0.3896925454758948,0.05511084829677045,0.16796000000000003,0.31339635990228093,0.04432093825721653,0.011816064000000001,0.005600807507128231,0.0007920737936821789,-26.77652393600001,0.24828696555351712,0.035113079404624534
SER  64,11.639380000000003,0.07180498311361184,0.010154758096524094,-1.98722,0.1673809176698511,0.023671236385115785,-25.164139999999996,0.42364947822487753,0.059913083779790696,-0.053319999999999965,0.5046776967530862,0.07137220433754306,0.3414788639999999,0.017079067771162925,0.0024153449274667838,-15.223821136,0.09040039204716135,0.012784546047694046
SER  65,10.94898,0.05236506087090082,0.007405537927812062,-0.8181600000000002,0.12388791062892252,0.017520396342548813,-13.64718,0.9160495333768865,0.1295489673907138,-5.74428,0.46103405687649585,0.06520006159506293,0.5675225759999999,0.01310618340324599,0.0018534942319819647,-8.693117423999999,0.3956944157259589,0.05595964092749488
ALA  66,8.46378,0.14651761532325722,0.020720719871671435,-5.24672,0.0906651068493506,0.01282198237403574,-10.284100000000002,0.4080478525858775,0.05770668072241653,2.697659999999999,0.3790293714212727,0.0536028477601713,0.026706383999999993,0.006859155537042764,0.0009700310786912386,-4.342673616,0.1725922922569997,0.02440823604709099
THR  67,15.48644,0.20723302439515137,0.02930717536712175,-6.653340000000001,0.44600159685810525,0.063074150711679,-34.16102000000001,1.4136126412844547,0.19991501692465288,-2.89658,0.8287099876313789,0.11719729037823359,0.12536164800000005,0.06473715190026273,0.009155215820675874,-28.099138352000008,0.8673843225811781,0.12266666727841018
PHE  68,11.061220000000002,0.3005032638756512,0.042497579131032685,-8.636919999999998,0.6132226949485957,0.08672278519512833,-10.14382,1.6060004195516173,0.22712275745067778,0.41425999999999996,0.9260158056966415,0.1309584111388039,0.04818542399999999,0.025128178084457786,0.0035536610244766577,-7.257074576000003,1.3387513897517682,0.18932803720327798
ASP  69,16.700580000000006,2.197122673771289,0.31072006834447935,-5.371860000000002,0.8941585767636463,0.1264531186171373,-76.52969999999999,14.784659004860515,2.0908665279735246,-5.0871200000000005,13.321051081112179,1.8838811103973623,0.22572518399999997,0.11562816392377645,0.016352291761330406,-70.06237481599999,0.9966698484863579,0.1409504016937745
GLU  70,17.869559999999996,0.2811169977074206,0.03975594707714405,-5.57098,0.25193717391445847,0.03562929682157763,-66.84365999999997,5.561987470716121,0.7865838114835967,-15.083720000000001,5.175135298869002,0.7318746526776282,0.5733688320000001,0.03211943558197171,0.004542374141579335,-69.055431168,0.4756390385171831,0.06726551790650992
ALA  71,9.553500000000001,0.06736059679050067,0.009526226955067163,-6.503839999999998,0.24515263490328992,0.03466981811317324,-5.559780000000002,0.47082061509664275,0.0665840899314515,-0.04474,0.39215572468089765,0.05545919444059749,0.0,0.0,0.0,-2.55486,0.28889396047685123,0.04085577569940399
VAL  72,13.211560000000002,0.14258375222969152,0.02016438761772748,-5.671380000000002,0.3623345354779011,0.051241841418900314,-31.97306000000001,0.40892979397353474,0.057831406069580836,1.0004000000000002,0.4504843171521066,0.06370810309528918,0.14171803199999997,0.040851134230938876,0.0057772228067717556,-23.290761968,0.4533424357972508,0.06411230211037262
GLN  73,21.456200000000003,0.7740817269512537,0.10947168766396499,-5.817699999999999,0.5748421435489924,0.08129495556306067,-84.34976,7.025670178879781,0.9935798051731994,-3.298860000000001,5.436558470245674,0.7688454721255759,0.4986211679999999,0.15284158290837704,0.021615063944359865,-71.511498832,1.441642460302355,0.20387903194525067
ALA  74,9.195780000000001,0.12139708233718782,0.017168140027377432,-5.080519999999999,0.19386502933744662,0.027416655375887496,-5.42296,0.34280192298176765,0.048479512868839295,0.5807800000000001,0.4362596149083707,0.061696426411908145,0.052143552,0.014676395676680797,0.002075555781271584,-0.6747764479999999,0.2334564219500902,0.033015723814491346
LEU  75,13.36666,0.46567171311992017,0.06585592523077043,-6.814300000000003,0.3242689778563093,0.04585855863412534,-28.915520000000004,0.47572720081960645,0.06727798593888765,-0.4822199999999999,0.2415065456669861,0.0341541832284129,0.009208800000000003,0.004435427214959113,0.0006272641322313902,-22.836171199999995,0.4937002501181019,0.0698197589464009
LYS  76,11.274980000000003,0.5301602584124367,0.07497598276780927,-4.323480000000001,0.20250167801772564,0.028638061945597725,55.75582,4.696596804878918,0.664199089845791,-89.07916000000002,4.6572050646709515,0.6586282565210326,1.0120190399999998,0.06979308702152492,0.009870233022572618,-25.359820959999997,0.5948869441024796,0.08412971844284119
LYS  77,10.673700000000004,0.2509624075432884,0.03549144403935224,-2.7829799999999993,0.1818877115145556,0.025722806845288947,22.761999999999997,5.120335840547963,0.724124838960797,-67.2603,5.1071971109404855,0.7222667420004723,1.289928672,0.04709199753805663,0.006659814159756009,-35.317651328000004,0.33963795025148397,0.04803205955422472
THR  78,14.021139999999995,0.3043350134311119,0.043039470349927646,-3.5668399999999996,0.14582926455277304,0.020623372372142568,-43.799859999999995,0.6767730198524547,0.09571015833235373,-1.4459599999999997,0.4800030816567758,0.06788268680598925,0.11382192000000002,0.010231000972025757,0.0014468820331291143,-34.67769807999999,0.32528263838363675,0.046001911880664215
GLY  79,5.4572400000000005,0.08193376837410268,0.011587184645099178,-2.0263800000000005,0.19819120969406614,0.028028469669247835,1.1992399999999999,0.573938727043228,0.0811671931755683,-4.971660000000001,0.223684743333097,0.031633799771761055,0.34633872000000004,0.01754093831779797,0.0024806632865779794,0.004778719999999964,0.4369266192800216,0.06179075507476323
LYS  80,10.485059999999999,0.13932213176683345,0.019703124828338726,-2.415500000000001,0.19023198994909976,0.026902866018323916,36.57441999999999,2.422118164665161,0.34253923581397,-79.80966000000001,2.4280264546331773,0.3433747941942902,1.333566288,0.027424788590759957,0.003878450797026765,-33.832113712,0.192786998309894,0.027264198765905103
GLU  81,15.54718,0.21902681936224733,0.030975069846553217,-3.9639399999999982,0.16973713912995092,0.024004456419598554,-75.47377999999999,1.2289342747277339,0.17379755185851042,-10.51422,1.265435044401719,0.17895954020951108,0.5964420959999999,0.019105502728099525,0.0027019261074034515,-73.80831790400002,0.15157340270972988,0.021435716180713882
VAL  82,12.555319999999995,0.22491949137441583,0.03180841951437572,-5.97018,0.2853884153219751,0.04036001674925028,-28.868360000000006,0.27601969205086,0.03903507919803714,0.3767800000000001,0.07724643422191024,0.010924295492158663,0.0,0.0,0.0,-21.906439999999996,0.26681860205049546,0.03773384857132404
VAL  83,11.918039999999998,0.08032009960186302,0.011358977418811252,-4.339299999999998,0.13068194213438375,0.01848121749237015,-28.800920000000005,0.18949837360689475,0.02679911700025143,-1.1967599999999998,0.1727052471698532,0.024424210284060395,0.30862267200000004,0.028481904254813582,0.004027949527936933,-22.110317328000004,0.22046181428335865,0.03117800877449043
LEU  84,11.68496,0.1158136365029,0.01637852154501489,-7.1580200000000005,0.36007285318390153,0.05092199124150498,-37.74712000000002,0.699463441216513,0.09891906849525488,1.30154,0.4320408411250032,0.061099801701805914,0.003345695999999999,0.00441050054850739,0.0006237389692553126,-31.91529430399999,0.09313960205323005,0.01317192884177109
GLU  85,16.046699999999998,0.39575286480343186,0.05596790687530192,-5.717699999999999,0.16224885207611459,0.022945452708550734,-90.27502000000003,11.353146926715755,1.6055774359375843,7.2780000000000005,10.173938916663497,1.438812239870095,0.20863238399999998,0.036977524449142755,0.0052294116578960395,-72.45938761599997,0.6829762747783947,0.09658743105706594
VAL  86,11.559800000000003,0.05992728927550121,0.008474998524966953,-6.513880000000001,0.12366351765973349,0.017488662384515984,-26.37996000000001,0.507068041192863,0.0717102500900906,0.9997800000000001,0.17644923235877133,0.024953689747209597,0.0,0.0,0.0,-20.334260000000004,0.17182861344962247,0.024300235554422008
LYS  87,9.353819999999999,0.0795428664306961,0.0112490600496322,-7.342959999999998,0.09607204796417923,0.013586639319590076,46.504259999999995,0.8137389952563339,0.1150800723323363,-85.59862,0.8225600498449427,0.1163275578357007,0.6092104319999998,0.015697565106854324,0.0022199709470348047,-36.474289567999996,0.11012226135569647,0.015573639552842052
TYR  88,10.56284,0.05372498859927347,0.007597860751543245,-3.96192,0.216000911109192,0.030547141797556465,-28.56542,0.1248113921088318,0.01765099634589762,-5.908359999999998,0.12448401664476492,0.017604698463770465,0.7795739519999998,0.02289668305517339,0.003238079970998444,-27.09328604800001,0.20358135402742086,0.02879075119118571
MET  89,12.99516,0.03868351586891366,0.005470675278209254,-6.818020000000001,0.08113457709257685,0.011474161930172762,-1.6202400000000003,0.23098723427929824,0.032666527945283505,-2.1511600000000004,0.2415929104920076,0.03416639705909864,0.5186082239999998,0.010477980860815464,0.0014818102639650944,2.9243482239999996,0.04873120617639212,0.006891633268545327
LYS  90,7.306000000000004,0.04505152605577039,0.006371247915367535,-4.25048,0.16939802123992712,0.023956497907667053,-1.4387599999999994,1.1202156142457584,0.1584224114448459,-111.35668000000004,1.1108329206448422,0.15709549819064517,1.24606296,0.04304869810524825,0.006088005270294704,-108.49385704000004,0.1286132173987347,0.018188655634572993
GLN  91,15.607999999999997,0.8446152733641573,0.11944663745790504,-3.0040599999999995,1.1031023055002664,0.1560022241123506,-72.26270000000001,7.529715854532614,1.0648626282295741,-94.44207999999999,6.544905847573377,0.9255894614093246,1.07172864,0.1488635215819484,0.021052481116381135,-153.02911136000003,1.029369765900667,0.14557486836335412
PRO  92,18.069639999999996,0.28640822334593474,0.04050423938310034,-5.773340000000002,0.8108732973775752,0.11467480145175586,-5.90722,1.4971509247901469,0.2117291142757647,-1.4906799999999996,0.9743013381906035,0.1377870166307407,0.251116128,0.07400296939622639,0.010465600297602445,5.149516128000003,1.5214963991179982,0.21517208427345005
ASN  93,19.676120000000004,0.7012150779894827,0.09916678734332339,-6.385860000000001,0.5855276939650041,0.08280612059503518,-93.10114000000002,4.176896532163277,0.5907023724414455,-4.028479999999999,4.026121752952835,0.5693795986791239,0.21011198399999997,0.07433442330596335,0.010512474959047604,-83.62924801600002,1.5752690178298656,0.22277668094011407
VAL  94,10.516120000000003,0.1695800271256354,0.023982237426867094,-5.89612,0.5596730702830036,0.07914972464892141,-27.824500000000004,1.760339095174502,0.2489495422771363,-1.12982,0.9822333264555834,0.13890876916883257,0.10107115200000003,0.04609366644462218,0.006518628822548632,-24.233248848000002,0.8104878617176396,0.11462029261798555
ILE  95,14.280740000000003,0.44184399101930233,0.06248617645525533,-7.362919999999998,0.5024079155427525,0.07105120880041571,-15.83702,0.8999626767816344,0.12727394231341815,1.5413200000000002,0.5653656671571058,0.07995477941936921,0.02293502400000001,0.009652063177964774,0.001365007865115974,-7.354944976000001,0.5702347392555263,0.08064337019914508
SER  96,10.74256,1.057438341654035,0.14954436441404506,-4.90972,0.9533436744427518,0.13482315539995401,-12.812059999999997,5.128462753730406,0.725274158045081,-2.85626,2.727299226780957,0.3856983555163285,0.046698767999999974,0.03270384556097,0.004625022193407892,-9.788781232000002,1.708653487121288,0.2416400934883008
VAL  97,11.234440000000001,0.2717029377831166,0.03842459795494967,-5.918400000000002,0.4685877079053484,0.06626830916810661,-20.962300000000006,1.3199165162992896,0.18666438385507036,-1.1544800000000002,1.0268008811838831,0.14521157320268924,0.020589695999999998,0.012977431592190504,0.001835285976244488,-16.780150303999996,0.6337670810518378,0.08962820014091175
ARG  98,12.998199999999999,0.8202835363458051,0.11600561020916011,-6.470300000000002,0.6920758412197197,0.09787430408436962,-131.61396,12.719732319447633,1.7988417955918228,-71.80826,11.072230407302786,1.565849840772738,0.8912026080000003,0.2025214038736753,0.028640851602899066,-196.00311739199998,2.105180407700029,0.29771746838115026
LEU  99,11.125739999999999,0.19991966486573237,0.028272910143820267,-6.66132,0.331075184210481,0.0468211015675633,-34.580639999999995,0.594912758646461,0.08413336917066169,-1.6818799999999998,0.5401926930272194,0.07639478327739396,0.06411585599999998,0.015077945732282893,0.0021323435347319997,-31.733984144,0.33466873811998704,0.04732930683515753
PHE 100,9.469300000000002,0.171366303572061,0.024234855064535363,-6.259720000000001,0.3415441429742069,0.04830163591432188,-3.400840000000001,1.0366692116581808,0.14660716588216238,0.12373999999999999,0.4476909563527055,0.06331306222257774,0.5258982239999999,0.04570327185201103,0.006463418689793852,0.45837822400000006,0.7925704948400103,0.11208639429394977
LYS 101,11.906619999999998,0.233484208459661,0.03301965342035995,-8.705579999999998,0.4610476370181733,0.06520198211711685,41.082239999999985,6.143441187347832,0.8688137846788774,-70.5654,5.361222383001805,0.7581913404939357,0.38361023999999994,0.07195879885476711,0.010176510927248918,-25.898509759999992,0.5732355033724978,0.08106774233031545
ARG 102,12.243660000000004,0.6377688800810966,0.09019413998701868,-6.8332799999999985,0.5822833001211865,0.08234729401747451,-127.17508,4.320951200094731,0.611074778952627,-72.97948000000001,3.737466431902597,0.5285575716910832,0.6406839360000002,0.02563959186786574,0.003625985855324665,-194.10349606399998,0.7881285832156003,0.11145821312773943
LYS 103,10.90872,0.40268697719198676,0.05694853845359329,-1.77646,0.3144667365557139,0.04447231237522977,43.81352,1.8567741407074303,0.26258751720520973,-84.63753999999999,1.8040231618255167,0.25512740222888386,1.4122553760000005,0.05703622278258885,0.008066139980567046,-30.279504623999998,0.444760158756249,0.06289858485162982
VAL 104,9.953679999999999,0.09060142162266174,0.012812975922905123,-0.09535999999999994,0.16194934516693796,0.02290309603525253,-28.665099999999992,0.7004924910378699,0.09906459811662693,-2.743919999999999,0.539094197334756,0.07623943252674496,0.974573424,0.026750627651538312,0.0037831100426798216,-20.576126576000007,0.2202073319237561,0.03114201953405697
GLY 105,5.26882,0.08953785568129642,0.012662564985029427,-1.84058,0.3536656098633281,0.050015870201367045,-10.17438,0.16743869206364384,0.023679406918241743,-3.43576,0.2887258602896544,0.04083200274294687,0.24917961600000002,0.03061293097645721,0.004329322217089722,-9.932720384000003,0.06997517814008247,0.009895984595517797
GLY 106,5.756519999999999,0.2711035403679212,0.0383398303595676,-3.2400199999999995,0.25495752508997266,0.0360564389811318,-6.228879999999998,0.5535125162090042,0.07827849073660313,-2.1119,0.2975377791138496,0.04207819625411763,0.15001200000000003,0.016491843723149678,0.0023322989061815872,-5.674268000000001,0.7702502592880899,0.10892983631066097
LEU 107,10.63908,0.17327952446834352,0.024505425358469196,-6.986959999999999,0.22819158266691378,0.032271163102693075,-28.69092000000001,0.19776732186944618,0.027968522878197597,-2.4465600000000003,0.32967906575941336,0.04662366060274538,0.13849617599999994,0.01548935931992798,0.002190526202271225,-27.346863824000003,0.3867147840292032,0.05468972923442815
GLY 108,5.85172,0.0688639354088838,0.009738831141362828,-4.249039999999999,0.13340194301437527,0.018865883705785225,-9.81332,0.1919998375000508,0.027152877416600222,-3.6243200000000018,0.15959805011336758,0.02257057269986253,3.8304000000000005e-05,0.0001876505102151337,2.653778965324731e-05,-11.834921695999997,0.21455715767250064,0.030342964228467297
PHE 109,8.823219999999997,0.12548821299249607,0.017746713273195158,-8.51634,0.2516740439537173,0.03559208462566294,-6.737500000000001,0.17925905834845945,0.025351059149462132,-0.9348600000000001,0.2399705823637549,0.033936965214939205,0.12203121599999996,0.008908227610190259,0.0012598136303037528,-7.243448784000001,0.2530694541000793,0.03578942542106876
LEU 110,10.403260000000003,0.06325656013365302,0.008945828525008134,-3.9154599999999995,0.06424086238523194,0.009085029884373862,-30.343820000000004,0.21125962131852094,0.029876622165045653,-0.5310599999999999,0.1631860790631363,0.023077996620157554,0.6791028480000001,0.008300407494434663,0.001173854885185278,-23.707977152,0.1727061903811559,0.024424343674282045
VAL 111,12.17952,0.20707749660439867,0.029285180416020913,-5.07502,0.17139328925018005,0.02423867141573394,-20.318680000000004,1.1421676311294142,0.1615268954446768,-4.476299999999999,0.5558540186056097,0.07860962918116399,0.263959488,0.05082821563621794,0.007188195190396362,-17.426520512,0.5321141674840283,0.07525230723867814
LYS 112,9.722440000000002,0.06985761518960351,0.0098793586836178,-5.840379999999997,0.19491802276862838,0.0275655711350342,11.611419999999999,2.446421567023961,0.34597625593673254,-54.297360000000005,2.361440626058464,0.3339581360110692,0.8903095200000002,0.010116693046694505,0.0014307164513000957,-37.91357048,0.29585811655179606,0.041840656096570984
GLU 113,15.243560000000002,0.08281404711749922,0.011711674858857192,-4.1212800000000005,0.21621535930638905,0.030577469352446717,-41.98004,2.7472025040757053,0.388513103984919,-37.59350000000001,2.609254454820249,0.36900430376892124,0.7551207360000001,0.028189921833884444,0.003986656977971681,-67.696139264,0.17363364447381477,0.024555505489913705
ARG 114,12.70196,0.11764182249516042,0.016637066087494413,-9.025799999999998,0.14869203072130951,0.02102822864628728,-135.26602000000003,5.572437360759686,0.7880616491060883,-67.18697999999999,5.218608153483204,0.7380226427366761,0.46641672000000006,0.03016631258383202,0.004266160838284141,-198.31042328000004,0.48144534144845175,0.0680866531417746
VAL 115,12.603239999999998,0.06959355142551389,0.009842014427967118,0.33158,0.06138276305283139,0.008680833600524828,-28.71898,0.27215844576359866,0.038489016511326364,-6.667700000000001,0.25130732181931537,0.03554022228405358,1.2222709920000001,0.011650081919220909,0.0016475703852919786,-21.229589007999998,0.06330600833294509,0.00895282155641551
SER 116,10.251060000000003,0.04835469367055995,0.006838386359330234,-2.3593,0.07258216034259471,0.010264667554283605,-4.428100000000001,0.5720176308471572,0.08089550914605761,-5.7072199999999995,0.3699384429874998,0.05231719633161082,0.463769424,0.0070084952506067905,0.0009911509035235547,-1.7797905759999997,0.22972031751797548,0.03248735885865746
LYS 117,11.409099999999999,0.162831108821543,0.023027796247167543,-4.1318,0.11412677161821361,0.01613996282523345,34.33353999999999,1.5407845171862307,0.21789983608992486,-59.98877999999999,1.3786190959081621,0.19496618227798573,0.9410846400000001,0.009747298838615413,0.0013784762214073434,-17.436855360000003,0.5307131358442787,0.07505417144405337
PRO 118,20.553420000000006,0.09951845858824039,0.014074035384195478,-5.728420000000001,0.3691928542103607,0.05221175415555249,-2.4656199999999986,0.6527666318065029,0.09231514237653608,0.8732599999999999,0.4147892867468978,0.05866006348445255,0.15197529600000004,0.023892072411952358,0.003378849283818309,13.384615296,0.22106406859826586,0.03126318039650438
PRO 119,19.41346,0.07226263488139124,0.010219479830207859,-8.554739999999999,0.17094008424006935,0.024174578548550544,-8.020340000000001,0.12121297125294302,0.01714210278814521,-1.9435800000000005,0.10377592977178221,0.014676132733113224,0.03270830399999999,0.004106648414508491,0.0005807677883695875,0.9275083040000002,0.21932410007748726,0.031017111688485647
VAL 120,11.32434,0.4439805225457824,0.06278832764137392,-7.5065399999999975,0.234666334185494,0.03318683124375027,-28.26862000000001,0.35515207390535936,0.050226087962189095,0.674,0.1914096131337193,0.027069407086229312,0.00020088000000000001,0.0007033604049134412,9.947018238648202e-05,-23.776619119999992,0.6787324797174503,0.09598726780395399
ILE 121,13.811499999999997,0.07856188643390484,0.011110328528044309,-7.793780000000002,0.13712392788989589,0.019392251854776107,-14.92942,0.17739922096777888,0.02508803842470544,0.5618400000000002,0.14440088088373879,0.02042136841644052,0.21787502399999994,0.018737578361043547,0.0026498937444216415,-8.131984976,0.22783439939591918,0.032220649760083736
ILE 122,12.918739999999998,0.08018922870363827,0.011340469478892312,-8.441260000000002,0.13184169446719612,0.01864523124017586,-15.784980000000003,0.1823168110732991,0.025783490686847287,-0.44214,0.21341293400354158,0.030181146565364275,0.003066048,0.0014489064756898575,0.00020490631885307996,-11.746573951999997,0.15937763004725963,0.02253940059517163
SER 123,12.523299999999997,0.09455035695338228,0.013371439713069049,-4.515179999999999,0.06784325758690908,0.00959448549949782,-9.40732,0.19547352148041794,0.027644130516243554,-9.31108,0.2402637583988868,0.033978426567443834,0.33687,0.012573170175511576,0.0017781147784233376,-10.373410000000002,0.08763200894772474,0.012393037555187274
ASP 124,15.16714,0.1519326179593403,0.02148651688849491,-3.1710000000000003,0.11092664242640692,0.015687396214793543,-44.77191999999998,1.482862499897068,0.2097084258488906,-36.542099999999984,1.4993523301749787,0.21204044001091576,0.5687647199999997,0.0075835412557647775,0.0010724746894718441,-68.74911528000003,0.06406360290245063,0.009059961607913005
LEU 125,10.788639999999997,0.10048716534968352,0.014211031208195017,-5.920939999999999,0.33133308980542,0.04685757492658076,-24.966739999999994,0.1549181474205168,0.021908734513980937,-6.283900000000001,0.12993848544591002,0.018376076839182496,0.302997744,0.03437966852668647,0.004862019350033144,-26.07994225600001,0.3419622707234428,0.04836076810769928
ILE 126,12.946079999999997,0.12606456123772086,0.01782822122369984,-3.8393200000000007,0.2757575340765828,0.03899800446176643,-5.573599999999999,0.09341092013254597,0.013210299012519649,-1.8313,0.14046042147167287,0.019864103302188085,0.412378848,0.02463788102896969,0.0034843225499303723,2.1142388480000003,0.28952934255967294,0.04094563229528552
ARG 127,11.472700000000001,0.4752091855172292,0.06720472751227377,-1.98746,0.19448786183204675,0.02750473719198251,-137.22456000000003,5.238856769028108,0.7408862294089643,-68.6638,4.99723019681897,0.7067150718641758,1.8015373440000002,0.04396979205122434,0.006218267625356617,-194.60158265600003,0.2555758726240928,0.03614388652803307
GLY 128,5.377560000000001,0.05098280494429892,0.007210057420004962,-2.1789199999999997,0.19027368078638843,0.02690876199307595,-20.930960000000006,0.8565653264052911,0.12113663016608997,2.10544,0.43135851260871,0.061003305877632336,0.24838703999999998,0.019925942126744884,0.0028179537598704008,-15.378492960000003,0.38631452260553467,0.054633123721043474
GLY 129,4.648219999999999,0.09887432224804155,0.01398294074936282,-3.2232400000000014,0.34376559222817793,0.04861579628063083,-7.07938,0.42406267885774124,0.0599715191736884,-5.11952,0.34960767954952227,0.04944199219287213,0.013635504,0.008273379449994057,0.0011700325424840452,-10.760284495999999,0.34400645239143285,0.048649859051581874
ALA 130,10.3075,0.13193956950064087,0.018659072860147386,-5.413660000000001,0.46234868270601714,0.06538597776281843,-5.207479999999999,2.0282714733486764,0.28684090257841577,-4.153039999999999,0.35758556794144564,0.05057023598916782,0.05709744,0.014354824377609104,0.002030078732029872,-4.40958256,1.5149346309426388,0.21424411011877592
ALA 131,9.30568,0.11427185830274676,0.016160481180932103,-6.122940000000001,0.4282508335076336,0.06056381368440777,-5.93732,1.3139934770005506,0.1858267396043958,-2.6013599999999997,0.2907757046247184,0.04112189450888699,0.00038016,0.0008036361206416745,0.00011365131010243569,-5.355559840000001,0.7199128205913645,0.10181104746065764
GLU 132,17.11124,0.3801756730777198,0.05376495929508313,-7.475999999999999,0.3827838032101186,0.05413380459565036,-48.561920000000015,4.9575686816824565,0.7011060866031436,-29.634520000000006,4.9532732096664835,0.7004986151249653,0.48155587200000005,0.05088695346381384,0.007196501973637408,-68.07964412799998,0.2761889217180551,0.03905901188708746
GLN 133,20.5761,0.3325427641669948,0.04702864871540017,-3.59624,0.2256256687524817,0.0319082880769259,-79.28622,2.0497507096227974,0.2898785253032436,-8.804480000000005,1.712705383187638,0.24221311812533663,0.9138260159999999,0.028473665394505365,0.004026784377138295,-70.19701398400001,0.5966624298149228,0.08438081004027487
SER 134,11.43514,0.14749440802954908,0.020858859220957943,-2.8616199999999994,0.23077867232482033,0.032637032830821734,-11.541200000000003,1.955756283385002,0.2765857060659468,-6.136959999999999,1.0970759674698956,0.15514997121495105,0.38322504,0.06913265815468668,0.009776834276526085,-8.72141496,1.0480768117169226,0.14822044415388247
GLY 135,5.97202,0.18021403829893035,0.025486113709237167,-2.212839999999999,0.3828260889751424,0.05413978470588956,-8.29972,1.722967487098927,0.24366439877831933,-2.3263399999999996,0.9574287986059338,0.13540087919950902,0.28252569599999994,0.08398029797924056,0.011876607637437583,-6.584354304000002,1.137136419605673,0.16081537468747253
LEU 136,10.827939999999996,0.5074158613997891,0.07175943929548084,-5.9166599999999985,0.4586030357509912,0.0648562632904525,-30.902939999999997,1.0015857708654872,0.1416456181037883,-0.3778399999999999,0.5215261588837133,0.0737549367025693,0.12728332799999995,0.031321957728386564,0.004429593741956106,-26.242216672000005,0.9003873136889341,0.12733399504075688
ILE 137,11.590620000000001,0.3166578525790197,0.044782182974918976,-6.333300000000003,0.34963399434259923,0.04944571366659818,-10.144220000000002,0.9889248159490749,0.13985508868824986,-2.1389,0.8951660683917821,0.12659559944958598,0.007124832,0.012789165915906165,0.0018086611889714223,-7.018675168000001,0.8376951650427542,0.11846798635378313
GLN 138,18.581340000000004,0.3131104348305335,0.04428050234578776,-5.626699999999999,0.4647202276639354,0.06572136486714499,-74.71189999999997,1.4649367255973051,0.2071733385358142,-10.36674,1.3080463265496545,0.18498568552188274,0.6435457920000002,0.06669169788817515,0.00943163036511464,-71.480454208,0.5230472053721814,0.07397004515986845
ALA 139,7.149219999999998,0.0666658203281628,0.009427970725481582,-2.96712,0.14769558422647475,0.020887309831569834,0.45193999999999973,0.27118078176744076,0.038350753943045324,-5.3102,0.30036411237031485,0.04247790013642556,0.43333315199999994,0.019462589614441635,0.0027524258191645107,-0.24282684799999998,0.136785489622036,0.019344389455932753
GLY 140,6.2847,0.07997130735464011,0.011309650746163928,-2.66626,0.18776632392418774,0.026554168185052605,-11.088459999999992,0.2709948493977956,0.03832445913516169,-2.5437,0.4931665540159828,0.06974428291982064,0.16411219199999993,0.018451696312826223,0.0026094639174388473,-9.849607808,0.20862209976245763,0.029503620289482044
ASP 141,13.34154,0.2417665162919489,0.034190948626777,-7.037779999999999,0.225203400507215,0.03184857032898434,-80.59143999999999,5.530593570892805,0.7821440435930049,4.951219999999999,5.366878121552603,0.7589911827103132,0.008042976000000002,0.009668032153578308,0.0013672662193049605,-69.328417024,0.6771188661379248,0.09575906838309454
ILE 142,12.632640000000004,0.08851864436338759,0.012518426738158344,-6.82252,0.24569576634529192,0.034746628498316286,-11.717479999999998,0.34114596524066154,0.0482453250792204,-0.9428800000000002,0.2573976410148304,0.03640152348460144,0.15861657599999998,0.03319784563035715,0.004694884353201948,-6.691623424,0.21280316632739213,0.03009491239361355
ILE 143,13.84704,0.11859172989699567,0.01677140328056181,-8.856580000000003,0.17280707045710836,0.024438610271440564,-9.4365,0.25443885316508563,0.03598308769407206,0.14801999999999998,0.18584095242975918,0.02628187953704986,0.0,0.0,0.0,-4.298020000000002,0.20910738772215598,0.02957225037090822
LEU 144,13.0926,0.470001531912373,0.06646825407666089,-6.579679999999997,0.23792548749564765,0.03364774512505751,-33.11642000000001,0.28913755134826546,0.04089022465080642,-1.1234399999999998,0.18751342991903316,0.026518403571859358,0.20402856000000003,0.03833119176566232,0.005420849125692355,-27.522911439999994,0.3818573252975192,0.05400278083272664
ALA 145,7.021200000000002,0.08554039981176646,0.012097239354461707,-5.82424,0.09765317403960244,0.0138102443135586,-5.8732799999999985,0.16039539145503082,0.02268333379378462,0.64902,0.15345950475614067,0.021702451290119263,0.081773568,0.015764861484471617,0.0022294880920273002,-3.9455264319999994,0.1266107568511715,0.0179054649481249
VAL 146,11.234879999999999,0.22146526951195916,0.031319918773842534,-5.59712,0.22337937595043586,0.03159061430235448,-27.52614,0.4047804842130095,0.05724460505579865,-1.5250599999999996,0.19064568287795186,0.026961371033387967,0.009698687999999999,0.009161924034451279,0.0012956917226953021,-23.403741311999994,0.5924040346534194,0.08377858202114066
ASN 147,21.815440000000002,0.8591876200224431,0.12150747848588003,-4.0944600000000015,0.2914964294806842,0.041223820395491606,-93.88101999999998,1.6179385710232745,0.228811067022766,-5.594419999999999,0.9438500111776298,0.13348054866534015,0.534274272,0.05178190065396582,0.00732306661902947,-81.22018572800002,0.5244664650596939,0.0741707587897294
ASP 148,14.011880000000003,0.0988936074778012,0.013985668092710778,-0.9337800000000003,0.08399316400755329,0.011878427168610955,-53.38286,3.6603646813395767,0.5176537375581901,-23.769880000000004,3.4711316347266163,0.4908921434612673,0.821506896,0.04026711751821564,0.00569463037119318,-63.253133104000014,0.29777706960063305,0.04211203703929323
ARG 149,14.94592,0.166458383988293,0.023540770420695238,-4.233819999999999,0.4149097583812785,0.0586771007463748,-152.18052,2.575461063498093,0.36422519653628377,-44.48284,2.0995286648199363,0.296918191237943,1.0419828479999997,0.09376040821961405,0.0132597240917816,-184.90927715199993,0.33203287140673005,0.04695653898970795
PRO 150,19.2212,0.11175831065246813,0.015805011863262598,-4.621300000000001,0.11975328805502294,0.01693567241061854,-1.1895399999999998,0.520651907131819,0.07363129883412356,-6.28158,0.5393826504439977,0.07628022595666478,0.5888890080000001,0.012726763422323331,0.001799836143696348,7.7176690080000006,0.1695675311099222,0.02398047022337737
LEU 151,11.883740000000003,0.0802617742139275,0.011350728963346341,-8.755439999999998,0.16286450319222634,0.02303251892436027,-29.761719999999997,0.3275730782587231,0.04632582899417895,-0.5196399999999999,0.15937939139048063,0.02253964968671874,0.0,0.0,0.0,-27.153059999999993,0.2427281120934794,0.03432693880918154
VAL 152,13.469059999999997,0.07950985096256101,0.011244390957351726,-3.1497,0.3474184940385311,0.04913239460885269,-30.405120000000007,0.22485627765217595,0.03179947974404375,-1.7179599999999997,0.226416338633064,0.03202010568377385,0.5752824480000001,0.04332519065763932,0.006127107222043363,-21.228437552000006,0.3628868617825313,0.05131995215398666
ASP 153,13.130439999999998,0.04877915948460171,0.006898414890428393,-1.8785400000000003,0.07079073668212188,0.010011321990623932,-58.56566,2.7280819533878407,0.385809049774637,-23.95674,2.560647033934979,0.36213017638412864,0.7422999840000003,0.019699732481741915,0.0027859628850801206,-70.528200016,0.2574665906790587,0.03641127443962871
LEU 154,11.45628,0.16004287425569458,0.022633480333357513,-6.858219999999999,0.2513650166590875,0.03554838156654205,-32.0362,0.6373502961482735,0.0901349432795397,1.4624399999999997,0.301751365199896,0.04267408731302896,0.29045592,0.00734557045561643,0.001038820536169987,-25.685244080000004,0.46285641619514667,0.06545778212145822
SER 155,11.432780000000001,0.08581848052729027,0.012136565906394526,-3.7136,0.12885790623782845,0.018223259862053764,-10.94786,0.3018691113711286,0.042690739136256435,-5.154599999999999,0.37297206329697036,0.05274621503008519,0.429522048,0.008380269800959017,0.0011851491208861918,-7.953757951999998,0.20022831525243853,0.02831655990011142
TYR 156,11.14974,0.2353761083882574,0.03328720847412732,-7.80296,0.3224893771893987,0.045606885094250024,-25.832459999999998,1.7405887074205884,0.2461564156547651,-3.532240000000001,0.8666693847136799,0.12256555979556316,0.4428365759999998,0.03141515712321563,0.004442774126773329,-25.575083424,0.9813900843216096,0.13878951672260956
ASP 157,13.767619999999999,0.10023430350939977,0.014175271143801427,-3.8549800000000016,0.23620529121928166,0.03340447263465947,-35.83493999999999,2.4988045254483255,0.3533843249608288,-42.48018,2.6660441158391825,0.3770355746504759,0.725200992,0.02186348916465024,0.003091964289744558,-67.677279008,0.13280728229974306,0.018781785981020892
SER 158,13.409359999999998,0.09767307919828669,0.013813059328095846,-5.2634799999999995,0.09899398769627954,0.013999863999347382,-7.0583800000000005,1.4321684382781255,0.202539202901562,-9.095059999999998,1.3568338794414079,0.191885287419334,0.34393103999999997,0.011721054768646776,0.001657607461913811,-7.663628960000002,0.1527917577935732,0.021608017609049627
ALA 159,9.23264,0.05249295571809061,0.0074236249905574045,-6.53012,0.1856568490521845,0.02625584338770538,-5.46564,0.3809783069939833,0.05387846887208317,0.018460000000000004,0.2378142308609811,0.03363201106089257,0.0,0.0,0.0,-2.7446599999999983,0.21480703992189545,0.03037830291507634
LEU 160,13.356219999999999,0.1632333654618185,0.023084683926790764,-5.530379999999999,0.15853338954310467,0.022420006958083563,-39.16224,0.340371183269474,0.048135754362066845,2.7284800000000002,0.29219303482458125,0.04132233526798769,0.18513820799999997,0.068774147046168,0.009726133149333231,-28.422781792000002,0.3561962162241159,0.05037375198501241
GLU 161,17.410479999999996,0.4887362167879097,0.0691177386204379,-4.0075199999999995,0.3150862256589482,0.04455992136438341,-31.325359999999996,7.388516854579161,1.0448940741568051,-51.270419999999994,7.561542673529039,1.069363620136768,0.9253334879999997,0.05635153599241603,0.007969310646103036,-68.26748651199999,0.5425887019694939,0.07673363011156716
VAL 162,13.07376,0.16566635868524573,0.02342876112816403,-5.619319999999999,0.31244183074615417,0.04418594744938903,-25.8306,1.1659035466109797,0.16488366080361394,-1.4526799999999997,1.0377440231579271,0.14675916718215598,0.2158712639999999,0.046099788093108975,0.006519494554380043,-19.612968736000003,0.366326843102669,0.05180643897771154
LEU 163,13.288240000000004,0.17834287874718593,0.025221491787693076,-6.862499999999999,0.48025706657997175,0.06791860569829145,-27.548879999999993,1.9246219643349203,0.27218264844035917,0.45848,0.9130708458821802,0.12912771736540532,0.15139871999999996,0.011446492972505157,0.0016187785603325115,-20.513261280000002,0.8464873761608982,0.1197113927744358
ARG 164,11.58492,0.2610312502363422,0.03691539342874403,-3.5898800000000013,0.35186034957066664,0.049760567842417495,-147.80679999999995,5.902021284273416,0.8346718545634136,-60.50240000000001,5.732390412384592,0.8106824266011788,1.3740156,0.05081939460758875,0.007186947708564213,-198.94014440000004,0.8908318117766758,0.12598264300079712
GLY 165,5.60702,0.27769886495986607,0.03927255010818572,-1.4802000000000002,0.179504874585621,0.025385822815106672,-13.247999999999998,0.913153656292322,0.12913942852591814,-3.860580000000001,0.6686595573234498,0.09456274145772127,0.4552493760000001,0.033298144476077304,0.004709068751992728,-12.526510624000002,0.3584226214359262,0.05068861322960044
ILE 166,12.587840000000003,0.22724245730032905,0.03213693650611143,-3.864420000000001,0.17384281290865597,0.02458508637365098,-17.642940000000003,0.31382934279622526,0.044382171285305694,2.16352,0.42663376518977064,0.060335125689767205,0.12520555199999997,0.06379365610218705,0.00902178536530781,-6.630794448,0.35727649209943585,0.05052652606441061
ALA 167,8.2079,0.1191268651480723,0.016847082833539462,-2.25392,0.1143938529816979,0.016177733833883108,-6.90268,0.949284244891906,0.1342490653673236,-1.5634400000000002,0.3908915532471886,0.05528041360192589,0.46770868799999993,0.011778064423406249,0.0016656698446085164,-2.044431312,0.6066932748351525,0.08579938574724201
SER 168,11.056759999999997,0.06635406845174366,0.009383882352308859,-3.1171200000000003,0.26983125393474855,0.038159901886665994,-0.03119999999999999,0.9127486181857521,0.12908214748755925,-16.16976,1.041905284754834,0.14734765844084877,0.5038683840000001,0.04527206468480498,0.006402436787388324,-7.757451616,0.21075593943370938,0.029805390789783438
GLU 169,16.615339999999996,0.23293557993587946,0.03294206563045629,-2.40514,0.3948381952141928,0.05583855306148271,-53.65948,5.860353259795843,0.828779106030066,-27.49174,6.537610094858833,0.9245576861656617,0.8368434719999999,0.04838922337826735,0.006843269597424692,-66.10417652800001,0.2945604850164783,0.04165714328495004
THR 170,14.498399999999998,0.08896066546513427,0.01258093796185287,-4.32808,0.1577274662194392,0.022306032188627513,-36.04672,0.9895756472346301,0.13994713013133475,-2.4708799999999993,0.5140227870435364,0.07269379968057864,0.37163174399999993,0.02393959849605102,0.0033855704870881897,-27.97564825600001,0.531156953926063,0.07511693679910195
HIE 171,29.023520000000005,0.40712991734780435,0.05757686507611021,-6.51866,0.4388909481864489,0.06206855313280634,-13.692040000000004,2.4331889113671332,0.3441048758271226,-10.634199999999998,1.9407853152783288,0.27446849145211555,0.8513514719999997,0.06985492766866076,0.009878978610761162,-0.9700285279999998,0.7941938261396351,0.11231596800796517
VAL 172,11.313960000000003,0.5845807372809279,0.08267220069647513,-5.37622,0.4246442412184628,0.06005376451147821,-31.25706000000002,0.6124558893494996,0.08661434250733378,0.7453,0.40500914804483124,0.0572769430050173,0.0014211360000000001,0.0017056056216792907,0.0002412090602238647,-24.572598864,0.5825646786684341,0.08238708695324236
VAL 173,11.282599999999997,0.49596177272048203,0.07013958653999082,-4.430399999999999,0.4482157962410623,0.0633872857913966,-30.1468,0.46213179938191806,0.06535530582897908,0.49284000000000006,0.3276228539036918,0.046332868333398,0.27138513599999997,0.071689259935111,0.010138392367672411,-22.530374863999995,0.5658865023209266,0.08002843663461283
LEU 174,11.09878,0.278995002822726,0.039455851682621904,-7.676619999999999,0.35411223588012686,0.05007903265839359,-30.192780000000006,0.4243041027376268,0.06000566166620989,-1.2337400000000003,0.2891822131459664,0.040896540782809285,5.7456e-05,0.00022741739965095019,3.216167709059961e-05,-28.004302544000012,0.3590404636787801,0.05077598931752555
ILE 175,13.561080000000002,0.4416827295694194,0.062463370642304096,-6.47402,0.6013701186457487,0.08504657777947351,-14.154619999999998,0.3644273804204398,0.05153781438906853,0.22145999999999993,0.2678940992257948,0.03788594684048427,0.29263593600000004,0.08145370648381252,0.011519293641496496,-6.553464063999999,0.5324747004235494,0.07530329429595344
LEU 176,11.14792,0.3480796943230133,0.049225902449828655,-8.819180000000003,0.23449807589822774,0.033163035928566904,-27.3252,0.3144663416008487,0.044472256520177084,0.36622000000000005,0.2396499355309739,0.033891618904974115,0.0011079360000000003,0.0009076908843345293,0.00012836687590683197,-24.629132064,0.2896344561266222,0.04096049759848243
ARG 177,11.207420000000004,1.1627661861268126,0.16443997102893768,-7.609600000000001,0.6312637800475978,0.08927417991782191,-122.92452000000002,4.976146807480361,0.7037334303498305,-82.90541999999996,4.808305381691875,0.6799970682820191,0.8402526719999999,0.12084188011728954,0.017089622576453453,-201.39186732800002,0.7499011009868873,0.1060520307454172
GLY 178,6.39832,0.07928087789620868,0.011212009275766363,-2.7153199999999997,0.22952581031335012,0.03245985138598141,-8.809000000000003,1.8033755571150296,0.25503581709242107,0.03440000000000001,1.2053143158529234,0.17045718524016526,0.022898304000000005,0.011809781728600388,0.0016701553489252643,-5.068701696,0.7197240583538075,0.10178435244901594
PRO 179,17.759819999999998,0.12807508578952564,0.018112552332564483,-4.67186,0.5102223048828759,0.07215633033906232,-9.545700000000002,1.3525133086221193,0.19127426643435086,-1.2911000000000008,1.088486145984412,0.1539351870106376,0.312357312,0.05498010155707146,0.007775360528266058,2.5635173120000005,0.5177504772101914,0.07322097467957947
GLU 180,14.42798,0.3330948507556155,0.047106725549523346,-1.1147999999999998,0.21247155103684034,0.030048014909474684,-34.188719999999996,5.347302811848253,0.7562228158631585,-44.85922000000001,5.323731977814023,0.7528893965463932,1.2888858239999996,0.09327390331020441,0.013190921907676779,-64.445874176,0.17245765124857373,0.02438919493307423
GLY 181,6.059379999999997,0.13228633943090382,0.01870811353398749,-2.1611199999999995,0.09281069765927914,0.013125414736306143,-5.609540000000001,1.0547585545517002,0.14916538528760565,-6.322899999999999,0.815616975056317,0.11534565878263618,0.3164112,0.01928103237999469,0.0027267497488343284,-7.717768800000001,0.33814949345167855,0.04782155997489559
PHE 182,8.727500000000003,0.3375549881129446,0.04773748422360151,-5.336119999999999,0.36094008588684195,0.05104463646652816,-8.28196,1.214603819523061,0.1717709194479676,-2.9535199999999993,1.1827949651566854,0.1672724681231197,0.6349040639999999,0.02739678631727676,0.003874490677533043,-7.209195935999999,0.48003561100542647,0.06788728715059295
THR 183,14.878059999999996,0.27902311087102216,0.03945982676093313,-4.662139999999999,0.4567961475319272,0.06460073070794327,-30.5371,1.2051320467069682,0.17043140849034405,-9.219119999999995,0.9224647557495833,0.1304562168392245,0.20902636799999988,0.0349237428540615,0.0049389630793044235,-29.331273632000002,0.6097076203980001,0.08622567858490784
THR 184,14.616240000000003,0.5491965243880569,0.07766811731977563,-7.511520000000002,0.4523713624888054,0.06397497160608641,-35.35414000000001,3.1858175466274283,0.4505426381686689,-1.3844400000000001,0.9887980008070404,0.1398371543188719,0.006635808,0.007058994235550558,0.0009982925384629097,-29.627224192000003,2.272273844960837,0.32134804889692753
SER 185,10.47818,0.40150505301927547,0.056781389134118794,-4.6812000000000005,0.3811807969979448,0.05390710528306791,-9.468560000000002,3.03757565937048,0.4295780694216129,-5.346680000000001,1.8317636358438798,0.2590504976872266,0.10731009600000001,0.05865568943723348,0.008295167151247989,-8.910949904000002,1.1941622521053148,0.16888004526013353
ILE 186,12.92642,0.39659339833134466,0.05608677626678228,-6.656839999999999,0.41614071466272834,0.05885118425316627,-12.90632,0.7686157802179068,0.10869868606381418,-0.6084000000000002,0.6485412862725086,0.09171758828054737,0.05957639999999998,0.018073959455526107,0.002556043858778646,-7.1855636,0.5142835157171336,0.07273067228320872
GLU 187,15.451559999999999,0.479202093484547,0.06776940997234261,-5.589840000000001,0.9469404281157227,0.13391759962006397,-63.79472000000003,8.811631236133096,1.2461528400769823,-17.04158,7.913924278358995,1.1191979046048999,0.27562564800000006,0.06407166049192771,0.009061101123144857,-70.69895435200002,1.8692059221445365,0.26434563659649113
TRP 188,12.639899999999997,0.2624747797409098,0.03711953932904855,-13.347599999999993,0.3630981134627409,0.0513498276531093,-0.23752000000000006,1.1475956472556001,0.16229453284692,-3.6765600000000003,0.8954104346052696,0.12663015805091596,0.052790832,0.017324075553534626,0.002449994260338485,-4.568989168,1.0960021021712105,0.15499810372799486
ASP 189,14.946980000000003,2.3216025455705886,0.32832418063858276,-5.534300000000002,0.7119206205750521,0.10068077969503089,-57.97862000000001,7.313268423598316,1.0342523389927643,-21.2957,6.985345389456428,0.987877018762965,0.22519296000000005,0.06305996827706131,0.008918026238023725,-69.63644704000001,1.7014563445034272,0.24062226381824958
VAL 190,13.214480000000002,0.4265049233009174,0.0603169046951054,-5.343699999999999,0.37656018111320805,0.053253651517996776,-32.35119999999999,0.6346158523081443,0.08974823452311387,0.17997999999999997,0.6025710411229536,0.08521641386493568,0.07630545600000002,0.02754947802984407,0.0038960845466105096,-24.224134544,0.6297590571487632,0.0890613799647074
THR 191,13.619099999999994,0.6270912613010955,0.08868409665776596,-4.818639999999999,0.6105987802149636,0.08635170761484702,-33.09226,4.344100513616132,0.6143485862667861,-7.085099999999996,2.9057971660114323,0.41094177616786715,0.24904368000000002,0.038772982556909176,0.00548332777856364,-31.12785632,1.9110400164351722,0.2702618709480323
GLY 192,5.242439999999999,0.17863360937965791,0.025262607308036995,-3.1985999999999994,0.21724180076588126,0.03072263009574631,-6.533160000000001,0.7413182679524257,0.10483823485732525,-3.8395799999999998,0.6362317216235,0.08997675295319371,0.19703376000000003,0.01644966047960797,0.0023263332946694302,-8.13186624,0.3581069443195381,0.050643969743667756
ASP 193,12.74422,0.48901538994188454,0.06915721966649807,-1.6951400000000003,0.24989237763484978,0.03534011895848636,-30.525840000000006,3.9749307534093594,0.5621400980965421,-52.53590000000001,3.251589766560098,0.45984423471428565,0.9137227680000001,0.014403304018472684,0.002036934788590697,-71.098937232,1.090289140757579,0.15419016897674767
GLY 194,4.76188,0.09343974315034954,0.013214375202788283,-0.8711,0.09288105296560727,0.013135364479145557,-2.36798,1.0557239315275564,0.1493019102088115,-10.311940000000002,0.9653161639587216,0.13651632110483944,0.38419675199999986,0.02832167357830792,0.004005289488354681,-8.404943247999999,0.17687467024090442,0.02501385574949559
THR 195,15.980939999999999,0.27800319494567627,0.039315588867522684,0.06946000000000002,0.31006749007272594,0.0438501649711834,-17.05394,3.302057433843326,0.4669814406676131,-14.0495,2.958243304733386,0.4183587802353359,0.9138859200000001,0.0694782231068092,0.009825704540723334,-14.139154079999999,0.6376328294870776,0.09017489952749562
PRO 196,18.32344,0.2972068747520153,0.04203139931048218,-4.333400000000001,0.5553813104525475,0.0785427781530535,-1.0302000000000002,1.8183704683039703,0.2571564177694191,-3.11016,1.8453321257703192,0.2609693719347159,0.353710656,0.07491431635384048,0.010594484220350975,10.203390656,0.6059617041485468,0.08569592602855879
LYS 197,10.54564,0.8856990405324078,0.12525675953017687,-4.10258,0.39930159478769967,0.05646977308259708,24.594279999999994,6.790471106013209,0.9603176333026511,-64.09854000000001,6.717516663797572,0.9500003171409793,1.0299787200000001,0.09295192074977168,0.013145386697295623,-32.031221280000004,0.8757984100936725,0.12385659894592654
THR 198,15.377419999999999,0.30349531067223107,0.04292071844693051,-4.2485800000000005,0.3074478225650526,0.04347968803935742,-36.07484,1.306915350893018,0.18482574141064984,-5.150819999999998,1.0847851896113003,0.15341179274097705,0.42475046399999994,0.04663019036429468,0.0065945047629224745,-29.67206953599999,0.5834655906551854,0.08251449514825918
ILE 199,13.80588,0.8237385905734774,0.11649422866391099,-3.2499400000000014,0.5092429443791952,0.07201782784838655,-5.51332,0.4058564987775854,0.05739677649485207,-0.7561999999999999,0.376352972620119,0.05322434781188024,0.5675765760000002,0.07722292153810834,0.01092097029652662,4.853996575999999,0.40014463278049434,0.05658899665889768
ARG 200,12.61576,0.30088852154916074,0.042552062793721236,-8.493200000000003,0.4437029637042719,0.06274907489357184,-177.23737999999994,5.46224239260962,0.7724777272597789,-30.20442000000001,4.823447792150279,0.6821385285057486,0.28514246399999993,0.07301602119212428,0.010326024744042346,-203.03409753600002,1.1886515720970725,0.16810071741957808
VAL 201,11.109300000000001,0.23466787168238437,0.03318704867864571,-2.54124,0.46669542787560864,0.06600070035992003,-35.23428000000001,1.1334168348845342,0.16028934597156952,-0.8468800000000001,0.342116041132245,0.04838251452746124,0.407888208,0.04206826782512377,0.005949351490383374,-27.105211791999988,0.9854306855948874,0.1393609440346907
THR 202,14.970139999999997,0.4804774296468727,0.0679497697420772,-3.92836,0.6449083581409049,0.09120381465706329,-36.23472,2.7390797873737713,0.38736437837260007,-4.062699999999999,0.855319899219004,0.12096050016431042,0.4045972320000001,0.044370842054003656,0.006274984660668645,-28.851042768000003,1.7048708269712205,0.24110514455969342
GLN 203,20.236679999999996,0.3413097971054138,0.04826849440372855,-3.1565,0.30875435219604713,0.0436644592317369,-64.14099999999999,0.4598952054559591,0.06503900368261784,-12.21406,0.5679879368437082,0.08032562435486851,0.8269185599999999,0.026100613492379125,0.0036911841587180753,-58.44796144,0.568541358160252,0.08040388994802476
PRO 204,18.21626,0.17851485204366588,0.02524581248451787,-3.5227600000000012,0.24962127793917818,0.035301779671848964,0.3061399999999999,0.58818928959987,0.08318252705947322,-2.355600000000001,0.6730574418279585,0.09518469624892392,0.7502699519999999,0.034110556241554166,0.004823961125689613,13.394309952,0.24904749080235625,0.035220633916768086
LEU 205,9.134159999999994,0.24449043825908712,0.03457616936565428,-2.612620000000001,0.5316738056364952,0.07519003066896485,-51.921540000000014,3.3922964387562304,0.4797431631279012,-56.191540000000025,3.691908640310212,0.5221147270169114,1.2136176,0.07193975772729798,0.010173818105177946,-100.37792239999997,0.7877854629939478,0.11140968860064089


