#Frame       SA_00001
       1    6074.3555
       2    6071.0022
       3    6143.2915
       4    6125.0756
       5    6047.7512
       6    6076.8440
       7    6036.0847
       8    6014.4142
       9    6036.5557
      10    6061.7777
      11    6131.2333
      12    6124.3657
      13    6060.9318
      14    6110.4209
      15    6043.4021
      16    6054.3758
      17    6073.0589
      18    6049.4854
      19    6080.9630
      20    5923.9172
      21    6094.6765
      22    6073.0108
      23    6041.2196
      24    6061.7026
      25    6046.2604
      26    6070.7234
      27    6047.9152
      28    6116.3804
      29    6029.2525
      30    6010.6125
      31    6040.4501
      32    5998.3796
      33    6077.5228
      34    6053.8898
      35    6061.0461
      36    6045.4003
      37    6076.0359
      38    6059.9093
      39    6044.4784
      40    6000.7238
      41    5993.5667
      42    6002.5842
      43    6044.7087
      44    6100.3973
      45    6057.5059
      46    6056.2723
      47    6072.3370
      48    6065.3732
      49    6085.8862
      50    6068.5863
