| Run on Mon Jun 20 15:45:53 2016
| GB non-polar solvation energies calculated with gbsa=2
idecomp = 2: Per-residue decomp adding 1-4 interactions to EEL and VDW.
Energy Decomposition Analysis (All units kcal/mol): Generalized Born Solvent

Total Energy Decomposition:
Residue,Internal,,,van der Waals,,,Electrostatic,,,Polar Solvation,,,Non-Polar Solv.,,,TOTAL,,
,Avg.,Std. Dev.,Std. Err. of Mean,Avg.,Std. Dev.,Std. Err. of Mean,Avg.,Std. Dev.,Std. Err. of Mean,Avg.,Std. Dev.,Std. Err. of Mean,Avg.,Std. Dev.,Std. Err. of Mean,Avg.,Std. Dev.,Std. Err. of Mean
ARG   1,7.76334,0.021794136825900125,0.003082156387940287,-1.8536000000000001,0.038676090805544114,0.0054696252156773845,-258.31383999999997,1.0350617249197,0.14637983292747295,-46.48321999999998,1.0282277041598011,0.14541335644305411,1.5641075519999998,0.00872780523656825,0.0012342980535305736,-297.323212448,0.019150771917071176,0.002708328137503585
MET   2,9.793500000000002,0.018366545673184263,0.002597421798496207,-4.21654,0.02736217096653042,0.0038695953276838657,-4.709599999999999,0.03221614502070085,0.0045560509215653595,-3.49836,0.03281448460660791,0.004640668917294806,0.524715408,0.0058580730971086094,0.0008284566423303957,-2.106284592,0.02165020231805704,0.0030618009746317685
LEU   3,12.237339999999996,0.013034738205333372,0.0018433903551965192,0.5012000000000002,0.008445116932269695,0.0011943198901442468,-15.462560000000002,0.03210056697221321,0.004539705717196976,-6.661960000000002,0.029987970921427517,0.004240939518513279,1.2166711200000002,0.004088005358095995,0.0005781312620473237,-8.169308879999999,0.012075319583306305,0.0017077080724701207
PRO   4,18.298800000000004,0.01424780684475257,0.00201494416739213,-4.56684,0.0242052556276595,0.0034231400789343745,-0.22916000000000003,0.029356675561105244,0.004151660872470183,-4.6117799999999995,0.029167303612152508,0.004124879634615984,0.45481564800000013,0.004905740457624545,0.0006937764688655024,9.345835648000003,0.02122933252458014,0.003002280997638949
ARG   5,12.881979999999999,0.03327611155201755,0.004705952825990323,-5.0522800000000005,0.038052616204268634,0.00538145259198549,-235.10096000000004,0.4550886489273318,0.06435925393950807,27.53576,0.45603699674477727,0.0644933705740359,0.6619753440000001,0.0037660522071702083,0.0005326002107985238,-199.07352465599996,0.056377799287476785,0.007973024836909788
LEU   6,12.40046,0.008839027096901004,0.0012500271998620684,-3.4845199999999994,0.04681676622752654,0.0066208905745418715,-31.26582000000001,0.03429209237491204,0.004849634211875161,-6.109819999999998,0.03406622374190616,0.004817691563464002,0.8743089600000006,0.005210044376537499,0.0007368115417865007,-27.585391040000008,0.052060303205752424,0.007362438685483059
CYS   7,10.664359999999999,0.013897855951072336,0.0019654536373914125,-5.540679999999997,0.02069438571265877,0.002926628093982204,-4.755700000000001,0.07626276942252425,0.010785184282146596,-1.0598199999999998,0.07805887265391775,0.01103919163707248,0.04104791999999999,0.0014973620003198452,0.00021175896486344317,-0.6507920800000002,0.02559484023313716,0.003619657018447512
CYS   8,10.040659999999999,0.023826548219772554,0.0033695827636938866,-4.1259000000000015,0.044936065693303884,0.006354919354315871,4.261680000000001,0.036169843792785906,0.005115188364067413,-7.285939999999999,0.06689526440662982,0.009460419018239007,0.61619112,0.011511691556384882,0.0016279990324895343,3.5066911200000006,0.03754177708212871,0.005309209030513386
LEU   9,13.215720000000001,0.1966397762406264,0.027809063846150454,-7.2332399999999994,0.17574328550473586,0.024853853785680443,-33.67438,0.1456407758830662,0.020596716048837258,0.43599999999999994,0.05692451141643743,0.008050341607658789,0.01986552,0.002782019347164895,0.0003934369491544938,-27.236034479999997,0.1031999276739725,0.01459467373524544
GLU  10,15.510859999999997,0.1433375052109077,0.020270984386598988,-4.191940000000001,0.2478721775431677,0.03505441952164995,-1.3850999999999996,1.6547034930766304,0.23401041216151056,-72.4336,1.9021699293176564,0.2690074511979301,0.8972416800000004,0.056923168093584685,0.00805015163311909,-61.60253832,0.19378912788463076,0.027405921289489894
LYS  11,9.904379999999998,0.080853915180508,0.011434470341923828,-5.87742,0.4555257661208623,0.0644210716458518,0.9034399999999999,1.3310246753535415,0.1882353147738224,-39.59062,1.3584101279069452,0.19210820261509726,0.8668077119999996,0.0697138260949326,0.009859023834837305,-33.79341228800001,0.49038213115626317,0.06935050606266092
GLY  12,6.932440000000001,0.08367870935900658,0.011833956565738353,-1.4040200000000005,0.0416770872302512,0.0058940302001227775,-4.3392,0.10010934022356,0.014157598666438094,-2.76666,0.1167331332570209,0.016508558023038473,0.15576580799999992,0.006498185523602668,0.0009189822098295405,-1.4216741920000002,0.1380313250466682,0.019520577191332725
PRO  13,18.37852,0.07335345663258865,0.010373745321675351,-1.0044999999999997,0.02853086048474973,0.004034872984370768,-5.10338,0.24092288309747475,0.03407164087624765,-5.734019999999998,0.22273243948741558,0.03149912367035478,1.177347456,0.007401642757289744,0.0010467503571199746,7.7139674560000016,0.05353243157204845,0.007570629075600058
ASN  14,18.60586,0.10421151759771342,0.014737734154216878,-2.06056,0.32867942801459005,0.046482290477126466,-86.76212,1.5488154524028335,0.2190355818401108,-10.26614,1.3214493711073416,0.18688116226093995,0.5569348319999999,0.045225537948648996,0.006395856913259849,-79.92602516800001,0.4212466632415076,0.059573274426055194
GLY  15,5.665299999999999,0.08825491487732455,0.012481129756559541,-3.22502,0.07788799393999858,0.011015025737597942,-11.438619999999998,0.36161559092504975,0.05114016730517664,-0.7136599999999997,0.23638372278987463,0.03342970666936827,0.08822404800000001,0.013608116388835415,0.001924478275544263,-9.623775951999999,0.21178902815701228,0.029951491598146408
TYR  16,9.52202,0.2671116238579489,0.03777528811274121,-11.087159999999999,0.34286850890690074,0.04848892954067793,-32.0974,0.4202144690512089,0.059427300123762884,1.3340200000000002,0.5303842942621877,0.07500766622152684,0.029882880000000007,0.010673509733091528,0.0015094622222659273,-32.298637119999995,1.0404851760544331,0.14714682474243368
GLY  17,7.1626,0.1097497152615273,0.015520953578943735,-4.0799,0.10220983318642808,0.014454653230013824,-15.311239999999998,0.6432668671710893,0.09097167277786067,0.6922599999999999,0.5910296713363893,0.08358421769688346,0.0010548,0.004885239899615984,0.0006908772521483102,-11.535225200000005,0.24730304764953556,0.034973932400217296
PHE  18,10.02902,0.12372703665742926,0.017497645327316954,-9.852459999999999,0.13916784254995762,0.019681305038035356,-4.357520000000001,0.6896534851648268,0.09753173120579701,-3.0030600000000005,0.4911373498319978,0.06945731011203907,0.0,0.0,0.0,-7.184020000000001,0.2500865842062824,0.03536758391520856
HIE  19,29.11204,0.21149184003198565,0.029909462850447516,-9.724300000000001,0.30475979065488157,0.043099542921011876,-31.098239999999986,2.801925477667216,0.3962521011275689,3.732239999999999,2.335176768983453,0.3302438657234983,0.170722512,0.054841186756993524,0.0077557150088376015,-7.807537488000003,0.6553870562523393,0.09268572635558367
LEU  20,11.342039999999999,0.1261532338071652,0.017840761418731706,-8.799439999999999,0.41578730908965467,0.05880120515772037,-36.11976,0.7764701555112713,0.1098094624701986,3.0553399999999993,0.32156365528462094,0.04547596824697777,0.0,0.0,0.0,-30.52182,0.43946611655467177,0.06214989422350521
HIE  21,28.57352,0.22200939079238077,0.03139686914327734,-10.067880000000004,0.8810644162602012,0.12460132467995105,-22.37648,5.773348509279514,0.8164747762129579,-5.167800000000001,4.585123863103373,0.6484344352361309,0.26597419199999994,0.08586141328962132,0.012142637515870398,-8.772665808000001,1.8884501556932451,0.267067182204697
GLY  22,5.256899999999998,0.31339146446580135,0.04432024593795021,-3.4593399999999987,0.3530794590457042,0.04993297595777906,-7.097280000000001,2.8121402883924524,0.3976966935140393,-5.485499999999999,2.365785089563294,0.3345725359320457,0.04738982399999998,0.015040075628780111,0.0021269878933337888,-10.737830175999997,0.5731968462068866,0.08106227538152641
GLU  23,15.5174,0.3659974863302461,0.05175986089626955,-5.008119999999998,0.4002199215431552,0.056599644097822616,-33.813539999999996,4.134852651352881,0.5847564697957596,-39.19849999999999,3.9090699008844223,0.55282596700952,0.545991552,0.036177422705384224,0.005116260184165872,-61.956768448000005,1.1849464625948665,0.16757673580876833
LYS  24,9.965239999999996,0.23218264879200531,0.0328355850869363,-1.8368600000000006,0.35969703974316675,0.050868843195024056,45.91642000000002,1.9117199176653599,0.27035802350211285,-82.50926,1.863145875233219,0.26348861654343086,1.4538588479999996,0.08411570947014672,0.011895757714131648,-27.010601152000007,0.16604935820271663,0.023482925439363
GLY  25,6.47232,0.061162550633540654,0.008649690861528432,-1.4659800000000005,0.10438323428596585,0.014762018561158117,-5.23442,0.6309426309895417,0.08922876258247729,-6.093440000000002,0.3397686954384889,0.048050549715892454,0.5517668159999999,0.04957213728692113,0.007010558886698486,-5.769753184000001,0.3882025571629254,0.05490013212877258
LYS  26,9.859379999999994,0.08330759629275707,0.011781473252591962,-4.850520000000001,0.3007506768072111,0.04253256860336454,19.442259999999997,2.8493556451240107,0.40295973973587157,-55.44034,2.775972742013239,0.39258183005331515,0.8332943039999998,0.02339664519931965,0.0033087852954909215,-30.155925696,0.4542083195412357,0.0642347565637908
LEU  27,11.13224,0.11621472540097368,0.016435244080952198,-2.75248,0.09271941328547795,0.013112505176359904,-27.37686,0.20859769989095836,0.0295001696265626,-6.57598,0.11106457400996096,0.015706902686407714,0.8818973279999998,0.020517196194647695,0.0029015697120340425,-24.69118267199999,0.29626256479123275,0.04189785371511991
GLY  28,4.97818,0.03140171332904511,0.004440872887168758,-3.6361399999999997,0.02274467849838415,0.0032165832804230588,-7.3828999999999985,0.2367517053793428,0.03348174726624258,-2.7551200000000007,0.19402027110587008,0.02743860987732262,0.006587423999999998,0.002463166550159379,0.00034834435416191426,-8.789392576000003,0.11893405485579313,0.01681981534050883
GLN  29,18.99832,0.07289621115031954,0.010309081045439473,-8.8738,0.2441372564768107,0.03452622191900644,-79.60394000000001,0.42079460120115,0.059509343199204416,-2.82728,0.38476387772242737,0.054413829418631994,0.07042017599999997,0.0292504187521927,0.004136633890444322,-72.23627982400001,0.21400540395670023,0.030264934469669828
TYR  30,9.03816,0.07308224408150281,0.010335390074872212,-8.998520000000001,0.2153561923882649,0.03045596480165137,-26.740559999999995,0.49501059221031946,0.07000506930221713,-2.3667800000000003,0.25220398807314404,0.035667030041762256,0.1962977760000001,0.02165939815838344,0.00306310146284247,-28.871402223999997,0.22001442832497323,0.031114738845494035
ILE  31,12.66414,0.06588626867578666,0.00931772547354551,-8.54922,0.21697772143699096,0.030685283638900406,-6.8053599999999985,0.34221973993331056,0.048397179752548126,-0.6232799999999998,0.2623886460958253,0.03710735819214304,0.0013721760000000001,0.0032307201794373962,0.00045689282939928046,-3.3123478240000015,0.2906880591945755,0.041109499573288175
ARG  32,13.605080000000003,0.29727131311295957,0.04204051227088063,-7.294180000000001,0.9158991798227663,0.12952770418717502,-140.50799999999998,5.437555711899008,0.7689865033926867,-61.93288000000001,6.319878314144716,0.8937657624411068,0.9024518880000002,0.14874045235633732,0.02103507649958414,-195.22752811200004,1.0806821982725054,0.15283154214121472
LEU  33,11.788759999999998,0.07749027293847904,0.010958779494158988,-4.6052,0.3145603916579488,0.04448555720680638,-36.44148,0.4253553450944385,0.060154329786044305,0.8920199999999997,0.33799624199094347,0.04779988694547308,0.64698048,0.04942554782788358,0.006989828006591303,-27.718919520000007,0.3713779207995638,0.052520769236066425
VAL  34,10.95136,0.13056810636606225,0.018465118683625808,-6.4425399999999975,0.049262241118680064,0.00696673295029309,-29.496760000000013,0.28721125047454354,0.04061780456872355,-2.8253199999999996,0.3460502529980346,0.048938896105246134,0.117614592,0.00399878815422049,0.0005655140440755492,-27.695645407999997,0.1950284484444177,0.027581187683867744
GLU  35,16.28776,0.5148085298439052,0.0728049204930605,-4.319059999999999,0.14132620563792042,0.019986543673187602,2.716580000000001,4.29952147146633,0.608044157666201,-73.1166,4.089882027638461,0.5783966631992284,0.3351765599999999,0.035207646277979204,0.004979113086555281,-58.096143440000006,0.8313291420326547,0.11756769474585693
PRO  36,17.81364,0.019867319901969816,0.0028096633253370624,-1.85072,0.1426077192861561,0.020167777071357713,-8.162960000000002,0.5017580675982922,0.0709593064227621,-2.3471200000000003,0.5048180123569275,0.07139204796053955,0.9464284799999997,0.020759545532150387,0.0029358430840268866,6.399268480000002,0.13503279295147713,0.019096520715709702
GLY  37,6.234959999999998,0.01985241547023174,0.002807555520386717,-1.63948,0.04935959481195389,0.006980500841630585,-19.404459999999997,0.4503808259686443,0.06369346723176535,3.7900800000000006,0.24234857870430565,0.034273264682547246,0.31009968000000004,0.005444718835712233,0.0007699995220772488,-10.708800320000002,0.20204942164521444,0.028574103236030223
SER  38,12.54866,0.04377652795642294,0.006190935954957828,-4.765899999999999,0.07879854059565489,0.011143796480558204,-6.49886,0.33780929590526093,0.0477734487764926,-1.2715599999999996,0.3353512284158222,0.04742582553841334,0.003934079999999999,0.006770522899983431,0.0009574965309514185,0.01627408000000006,0.1306983869140672,0.01848354313541601
PRO  39,19.38492,0.015531696626350344,0.00219651360156491,-7.9514,0.0635304651329517,0.008984564541489132,-8.08464,0.12755293175775828,0.018038708601227162,-1.24918,0.09886651404798259,0.013981836503120711,0.128018592,0.007196511584367553,0.0010177404284387682,2.227718592,0.07638061716288233,0.010801850469417538
ALA  40,9.526399999999999,0.029899163867654767,0.004228380304525298,-7.00066,0.028482703523479834,0.004028062561595712,-8.27896,0.1115935410318071,0.015781709920042006,-0.8869600000000001,0.09471197601148465,0.013394296099459682,0.0,0.0,0.0,-6.640180000000002,0.060861051584658175,0.008607052457131214
GLU  41,17.52538,0.03105407541676431,0.004391709462134501,-6.002219999999999,0.03903551716100539,0.005520455778334151,7.3349,1.2855411817596476,0.18180297742336296,-82.4632,1.2539373190080052,0.17733351629068791,0.573762384,0.006545787060613096,0.0009257140837525357,-63.03137761599999,0.0413625548156196,0.0058495485994649815
LYS  42,11.361120000000001,0.22820277298919076,0.03227274565324621,-3.63994,0.05838952303282447,0.008257525537351658,-16.229159999999997,1.2347713530853075,0.17462303939630194,-26.852560000000004,1.1890349390996198,0.16815493370101495,1.325121408,0.00848592950060094,0.0012000916589091795,-34.035418592,0.1969150535848117,0.027847993941506544
ALA  43,7.326040000000001,0.01457938270253639,0.002061836074895467,-4.020080000000001,0.041381561111133926,0.005852236495553664,-8.577620000000003,0.06735811458127923,0.0095258759176726,-2.9149999999999996,0.04848339922079586,0.0068565880727998645,0.16999559999999994,0.005118418218787573,0.0007238536462906925,-8.016664400000002,0.051647964345536236,0.00730412516464194
GLY  44,6.1554199999999994,0.03286462535943121,0.0046477598905618365,-2.1054799999999987,0.029103429351289505,0.004115846450016082,-11.589080000000001,0.10389260608906287,0.01469263325614383,-1.1989600000000002,0.07524253052628914,0.010640900713754972,0.267055488,0.003140795471253527,0.0004441755552086734,-8.471044511999999,0.030068713803351462,0.004252358286381473
LEU  45,10.306239999999997,0.019145297074925616,0.002707553877902175,-7.45364,0.04421617803467398,0.006253111865293928,-27.432719999999996,0.07750278446802586,0.010960548891636102,-2.1831600000000004,0.08422644715289436,0.011911418387412396,0.003946752000000001,0.000733120334526324,0.00010367887199386278,-26.759333248000008,0.0331548835339025,0.004688808595254532
LEU  46,10.792860000000003,0.01703761720287862,0.00240948293188321,-3.45918,0.026210448298340232,0.0037067171459391566,-31.873980000000003,0.11739173565466648,0.016601698467334655,-0.37866000000000005,0.11145144413600015,0.015761614384319875,0.8609512319999999,0.006269441525051975,0.0008866329233233563,-24.058008768,0.022169707048972045,0.0031352700382494673
ALA  47,7.015740000000001,0.021568319359490818,0.00305022097557861,-3.389720000000001,0.01936702351918216,0.0027389107323626117,3.9633199999999995,0.19650663500247814,0.027790234831680413,-9.59738,0.17839359741882613,0.025228664491022987,0.41330534400000013,0.0034157656704154223,0.00048306221369899175,-1.594734656,0.07397290451668796,0.010461348481563009
GLY  48,6.134539999999999,0.017498811388347156,0.0024747056390809316,-2.668040000000001,0.048957924792575436,0.0069236961227302175,-10.4318,0.2388798024111476,0.03378270563468501,-3.499360000000001,0.2214812642188696,0.03132218076698643,0.21212913599999994,0.008926330476288658,0.001262373762179171,-10.252530863999999,0.10434868575738229,0.014757132661389826
ASP  49,12.13988,0.05777564884955689,0.008170710617794886,-8.4875,0.042667669258593686,0.0060341196540352774,5.631040000000002,0.8027415016055665,0.11352479186503357,-71.41468,0.8177933342842496,0.11565344245631,0.013320575999999995,0.0023339294332571795,0.00033006746581340545,-62.117939424000014,0.19340392795153227,0.027351445792528586
ARG  50,13.317999999999998,0.05098666492356705,0.007210603303508109,-8.74282,0.03685142602404396,0.005211578647599179,-183.55950000000004,0.8390194574543207,0.11865526958268163,-21.192819999999994,0.8438421579893857,0.11933730243307691,0.43467062399999973,0.006662777117180851,0.0009422589762186272,-199.74246937599997,0.08030705621389139,0.011357132805194374
LEU  51,12.876659999999994,0.04546893885023961,0.006430278998872178,-8.720980000000003,0.058037742891569766,0.008207776312678066,-33.022240000000004,0.11074954807890772,0.015662351291988244,-0.51932,0.0783526489660685,0.011080737881567233,0.0,0.0,0.0,-29.385880000000007,0.04359662371373582,0.006165493652964169
VAL  52,12.569959999999996,0.022150358915707602,0.0031325337990025493,-6.50546,0.026851599580165524,0.0037973896297681786,-32.5636,0.04059507359711203,0.005741010364656978,-0.19258000000000003,0.04773555907287562,0.006750827504832274,0.05866041600000003,0.0018582094107339423,0.0002627904950389258,-26.633019584000003,0.04998224264329935,0.007068556542397679
GLU  53,15.439040000000004,0.018383644900435578,0.002599839994404698,-7.91716,0.0157801901130788,0.002231655887474186,-10.48938,0.45514445575005713,0.06436714621606518,-66.68700000000001,0.4406837414732869,0.06232209239088411,0.32475873600000005,0.0038539979569163995,0.0005450376180029371,-69.32974126399999,0.018437790495020284,0.0026074973378251427
VAL  54,11.37934,0.030027727188207738,0.004246561903680271,-6.88616,0.04860467467226519,0.0068737390116249495,-25.751200000000004,0.057660731868406305,0.008154458902465873,-2.39074,0.05203952728453544,0.007359500526527474,0.0012117600000000012,0.0002900277614298266,4.1016119367876926e-05,-23.647548240000006,0.03856057145659304,0.005453288312677073
ASN  55,17.34387999999999,0.06005718608438903,0.008493368707850767,-4.539979999999999,0.0523933163676992,0.007409533858490447,-89.73528000000002,0.2281258459591524,0.03226186652832688,-7.397660000000001,0.1700235995383849,0.02404496803906758,0.40425955199999997,0.007463183310793578,0.0010554535056600815,-83.92478044799998,0.11578668454503727,0.016374709962580693
GLY  56,6.065140000000001,0.01604868841931172,0.0022696272820890663,-2.1121600000000003,0.01757425389594591,0.0024853748208234906,-7.799499999999999,0.04689573541379389,0.006632058503964757,-6.693559999999999,0.04841576602727606,0.006847023294845635,0.328015872,0.0034772778663234426,0.000491761351869439,-10.212064128000002,0.03858237049343653,0.005456371162032146
GLU  57,13.838359999999998,0.014471710333014703,0.0020466089023684253,-3.4788799999999993,0.03724762542775575,0.005267609704612513,-13.30514,0.7528722337820409,0.10647221237486897,-67.63733999999998,0.7296461775424883,0.10318755200142742,0.7053084000000002,0.0034774903584766114,0.00049179140279793,-69.87769160000002,0.03768651335840898,0.0053296778310016795
ASN  58,20.39454,0.010032367622895274,0.0014187910355011224,-5.0207,0.024129028161212363,0.0034123598872468864,-92.99190000000003,0.09570501551863737,0.01353473309335845,-3.7523599999999995,0.0888184125055438,0.012560820355378815,0.564462144,0.004148627314377074,0.0005867045013223527,-80.80595785600003,0.01376514767025921,0.0019466858523348985
VAL  59,12.831199999999999,0.014137892349355882,0.0019993999103829906,-6.782379999999998,0.06756031083419782,0.00955447078598645,-31.85516,0.09369682171822673,0.013250731602517019,0.5614199999999999,0.061443662000242066,0.00868944601226107,0.0,0.0,0.0,-25.244920000000008,0.07950316723032211,0.011243445734873774
GLU  60,16.749419999999997,0.047851474375896055,0.006767220404194084,-5.26864,0.028558543380132386,0.004038787936980359,-47.32922000000001,0.5251227776424825,0.07426357540530298,-31.04397999999999,0.5376032548270658,0.07602858141523555,0.3887634240000001,0.003456581603054067,0.0004888344582488395,-66.503656576,0.024244484766863195,0.0034286879170045835
LYS  61,9.454720000000002,0.02420664371427767,0.0034233363840264915,-1.7705000000000002,0.0958324057926052,0.013552748798674422,16.120479999999997,0.6405812435593891,0.09059186824435109,-58.382780000000004,0.6439141026553961,0.09106320569785624,1.3340083679999999,0.01370453382099051,0.0019381137595645551,-33.24407163200001,0.0973278380818493,0.013764234861180388
GLU  62,15.738039999999996,0.04188506177734325,0.0059234422426353755,-4.51522,0.0952492078707129,0.013470272157605632,-56.86837999999999,1.1029868700945877,0.15598589908072172,-29.979080000000007,1.0647039370640088,0.15057187477079514,0.3031734240000001,0.004473855232454602,0.0006326986745831133,-75.32146657599998,0.08032081925952694,0.011359079193774109
THR  63,14.682800000000002,0.022200900882529993,0.003139681512497473,-4.01772,0.04702001276052503,0.006649633974889049,-26.165280000000003,0.37423206917595503,0.05292440677035819,-9.47752,0.3782313175822277,0.05348998590390317,0.548645904,0.01372348653812258,0.0019407940785257547,-24.429074096000004,0.06540584359365,0.009249783106859323
HIE  64,30.85596000000001,0.09631925248614769,0.013621599318354851,-10.562860000000002,0.43273516196391554,0.06119799349650872,-11.374539999999998,0.5649427655966974,0.07989497210714139,-10.982500000000002,0.42783867286629385,0.060505525367521865,0.094059072,0.03201512619031851,0.004527622565943451,-1.9698809279999994,0.2939148959007417,0.04156584319663053
GLN  65,20.991280000000007,0.2051465856399072,0.029012108368649037,-4.435019999999998,0.10982941136151421,0.015532224309490708,-76.90258000000001,2.3422615574687726,0.3312458061197467,-8.86416,1.9808436723780072,0.28013359864179055,0.66517128,0.059362628521695486,0.008395143435349767,-68.54530871999998,0.5202519271118362,0.07357473311722977
GLN  66,20.966060000000006,0.033405035547620816,0.00472418543230007,-6.268180000000001,0.05819817522911487,0.008230464871438015,-72.96516000000001,0.36026625487083097,0.050949342370369126,-11.2408,0.21240197739193745,0.030038175710254144,0.669981168,0.007182937585957245,0.0010158207751740196,-68.83809883200003,0.1238522792082119,0.017515357298707256
VAL  67,12.747439999999997,0.05623563283196635,0.007952919463960052,-7.1180600000000025,0.07657477652576146,0.010829308749842077,-26.867899999999995,0.27549818511264546,0.03896132697954767,-1.7192599999999998,0.1578260827620111,0.022319978673825465,0.0,0.0,0.0,-22.95778,0.15008428165573562,0.021225122661656482
VAL  68,13.10576,0.09065794173713577,0.012820969074148727,-5.490459999999998,0.1721697081371232,0.024348473627733704,-29.41168000000001,0.21003118244589358,0.029702894673624063,-3.5815799999999998,0.22978468965533982,0.03249646245362742,0.05203641599999998,0.012412364905228387,0.001755373479009782,-25.325923584000005,0.28991009389989975,0.04099947866620957
SER  69,14.449899999999998,0.15915052623250273,0.02250728326568204,-4.31636,0.033320120047778304,0.004712176567146773,-6.878079999999999,0.6132902686330668,0.08673234155723218,-5.920160000000001,0.502159271944657,0.07101604528555332,0.4054137120000001,0.00923956138042317,0.0013066713014573124,-2.2592862879999998,0.1479409160012941,0.020922004983892895
ARG  70,14.140339999999997,0.07345654770027746,0.010388324600283856,-7.1797,0.11607450193736525,0.016415413488552404,-196.82791999999995,1.2685407023934814,0.17939874657471533,-12.032420000000004,1.1864182751458074,0.1677848815358495,0.6618693600000001,0.011288907736422523,0.0015964926425227287,-201.23783064000003,0.16807138575900377,0.023768883318722338
ILE  71,14.076959999999996,0.14151748443269274,0.020013594579763743,-7.167679999999998,0.1044085130630484,0.01476559352009715,-8.274960000000004,0.4779391157877116,0.06759079795355867,-2.3061599999999998,0.4957951334976994,0.07011602019510256,0.0020040480000000005,0.0017667530184199492,0.00024985660800130947,-3.669835952000001,0.10524199143337686,0.014883465161623463
ARG  72,12.738679999999999,0.24459758298065812,0.03459132191749252,-2.865139999999999,0.2427710864168225,0.034333016296272105,-145.18731999999997,5.057465805876496,0.7152336733908715,-64.4161,4.657196024433523,0.6586269780383948,1.468031184,0.07526525810470648,0.010644114878718742,-198.26184881600003,0.4380691180634254,0.06195232880221168
ALA  73,8.45464,0.03739719775594943,0.005288762426121235,-1.77706,0.22348399584757966,0.03160540979009796,-10.306080000000001,0.17024286651703768,0.024075977072566715,-3.45608,0.31136061664892717,0.044033040685376286,0.5844329279999999,0.013869280857712038,0.0019614125089337914,-6.500147072,0.1239136216401937,0.017524032428633016
ALA  74,8.01134,0.6865031568754837,0.09708620750652534,-3.41406,0.13090353853122788,0.018512555955349147,0.4540799999999998,1.3942597582947018,0.19717810596514007,-4.230119999999999,0.8613827404818407,0.12181791539835231,0.095531904,0.01054742481391475,0.0014916311219948756,0.9167719040000002,0.08749791124526943,0.012374073276237737
LEU  75,12.311720000000001,0.3908667824207796,0.055276910478060014,-0.8542800000000002,0.5111132962465366,0.07228233554610695,-23.60974,0.9489658331047877,0.13420403514054738,-6.26646,0.5587107376809571,0.07901363026718862,1.1397163679999998,0.09252632359611991,0.01308519817061545,-17.279043632000004,0.6298206956502791,0.08907009696518821
ASN  76,19.81404,0.4954712488127623,0.07007021598369427,-2.98866,0.2799118868501305,0.039585518665289775,-83.62769999999999,2.1559227282078464,0.304893516165994,-16.638160000000003,1.0808250248767668,0.15285174087329614,0.7379032320000003,0.0938513328159642,0.013272582771512768,-82.70257676800001,0.8749540058654938,0.12373718215476498
ALA  77,8.06588,0.48326123949681193,0.06834345990656239,-2.964240000000001,0.15891174405937644,0.02247351436691323,-3.4564800000000013,0.47033946209093713,0.06651604462082694,-2.01038,0.45712107323990125,0.06464668214224133,0.41207587200000007,0.02590142252494143,0.0036630143019528148,0.04685587199999997,0.6768667421232156,0.09572341266299438
VAL  78,10.967679999999998,0.092279237101531,0.013050254863442764,-6.973939999999999,0.31009343172665166,0.04385383367506462,-20.669439999999998,0.20121403132028914,0.028455961203291764,-1.790000000000001,0.09649145039845214,0.01364595178065418,0.0022157279999999984,0.0012600097179053856,0.0001781922831783694,-18.463484272000002,0.12010399771679202,0.01698527024663145
ARG  79,12.552559999999996,0.0727041016730707,0.010281912662620902,-7.074620000000002,0.01953651964828778,0.0027628811048177027,-174.87642,0.5026934688387035,0.07109159213480713,-29.507,0.49803028020389956,0.07043211767368275,0.8330893920000001,0.005812270808410086,0.0008219792205438777,-198.07239060799998,0.08452994354664076,0.011954339259029143
LEU  80,11.204879999999996,0.060342237280743574,0.008533681034636295,-7.641800000000001,0.14418515873688478,0.020390860697862,-34.97071999999999,0.07928809242454181,0.011213029564147848,-0.19878000000000007,0.06115955853339671,0.008649267714668079,0.0013608000000000003,5.0409313045933295e-11,7.128953417946986e-12,-31.605059200000007,0.08463831047292159,0.011969664656715047
LEU  81,13.677459999999998,0.02714274120484898,0.003838563273188047,-7.1422599999999985,0.025507496937648838,0.0036073048111413173,-35.779500000000006,0.03840637967777783,0.005431482302196383,1.2587599999999994,0.03519349939976397,0.004977112415851559,0.24442099199999995,0.003659870912036598,0.0005175839080336945,-27.741119007999995,0.032162973974734506,0.004548531400132243
VAL  82,11.993799999999998,0.011906300854923516,0.0016838052146727212,-6.6178599999999985,0.024232218223257707,0.0034269531657715514,-32.448719999999994,0.03460233518607978,0.004893509170993378,0.43534000000000006,0.03102167629255359,0.00438712753404772,0.0,0.0,0.0,-26.637439999999998,0.024377169643502096,0.003447452392211037
VAL  83,11.37984,0.03628848853270397,0.005131967264097049,-5.011920000000001,0.02578204026059787,0.003646131100218667,-32.14260000000001,0.05171692179447255,0.007313877220593178,-0.53722,0.04118897425282504,0.005825000600858139,0.22458743999999997,0.0028877085337691054,0.00040838365726367936,-26.087312559999997,0.032196412420548326,0.004553260310489701
ASP  84,13.985639999999997,0.017423845733261636,0.0024641038944675188,-3.879840000000001,0.02836431560946206,0.0040113199822332125,5.456280000000001,0.5381064593553855,0.07609974528209527,-75.85880000000003,0.5325587291533062,0.07531517775287853,0.38003184000000007,0.0033422685392915036,0.0004726681497358958,-59.916688160000014,0.03111258881405137,0.004399984506136889
PRO  85,18.048899999999996,0.016362457032254054,0.0023140008648760706,-3.7588200000000005,0.027218883151245172,0.0038493313705139447,-4.265460000000001,0.10683598831847559,0.015108890362952172,-7.77052,0.11078163024611132,0.01566688839558521,0.625288752,0.005021642487385807,0.0007101674911049972,2.8793887519999988,0.022925725438356973,0.00324218718421663
GLU  86,14.62124,0.008363157299576107,0.0011827290477320078,-2.2090399999999994,0.01503856376127931,0.0021267740829813745,-9.630620000000002,0.73844801821114,0.10443232024617284,-70.43584,0.74202165359098,0.10493770860828745,0.7354023840000002,0.004041996710448845,0.0005716246566984192,-66.91885761600001,0.025912644349857007,0.003664601307651833
THR  87,13.221020000000003,0.00813016604240861,0.001149779108151945,-1.9480599999999995,0.013672468687174982,0.0019335790648524324,-31.049600000000005,0.0812364450210283,0.01148856823077145,-8.89004,0.08097109607747106,0.01145104222329745,0.5687497439999999,0.0044517861402475776,0.0006295776336322698,-28.09793025600001,0.014006889853141701,0.0019808733596979084
ASP  88,12.769040000000002,0.013712709430540223,0.0019392699653551424,0.16961999999999997,0.009471831924184373,0.0013395193167699989,-20.20254,0.594592270720184,0.0840880453334699,-65.06448000000002,0.5858532321300098,0.0828521586438373,0.943493328,0.003205887562232886,0.0004533809669952967,-71.38486667199997,0.015165330568749393,0.002144701616819667
GLU  89,14.988720000000002,0.00961465547578005,0.001359717617139289,-1.4674399999999994,0.019099905758974144,0.0027011345764389218,14.903300000000003,0.9600601908213603,0.13577301425540694,-95.23749999999998,0.952245078750278,0.1346677905071679,1.0029356639999998,0.004972975086001568,0.0007032848811966926,-65.80998433600001,0.014935092806168924,0.0021121410801784937
GLN  90,19.660919999999994,0.00800459869340176,0.0011320212033562723,-1.3901800000000002,0.00629186776712627,0.0008898044728928093,-66.70102,0.04572679302934159,0.006466745086592238,-10.576479999999998,0.05550107746701179,0.007849037648016786,1.251260784,0.004349574834528474,0.0006151227721546879,-57.75549921600002,0.019332848495129125,0.002734077654111589
LEU  91,8.344440000000002,0.007927572135927867,0.0011211280031320234,0.04930000000000002,0.008343260753446428,0.0011799152511939106,-12.5416,0.694034062564634,0.09815123840278024,-94.68129999999998,0.6841394960101147,0.09675193538125981,1.48948704,0.00799156824780594,0.001130178420067735,-97.33967295999999,0.01629622860940749,0.002304634751495651
TYR  92,4.697159999999998,0.4966073442872336,0.07023088414650906,-2.13198,0.5401530335006912,0.07638917457336462,-8.683840000000002,4.109893226642264,0.5812266741022809,-106.60860000000001,3.377097558554836,0.4775937168765317,1.33213104,0.14629284201230872,0.02068893212519115,-111.39512896000002,0.7807451293411799,0.11041403506710329
LYS  93,9.240920000000001,0.2420408097820729,0.0342297395841574,-3.0613599999999996,0.5763970423241271,0.08151485145665195,71.08852,3.3064267131753615,0.46759935007652914,-97.19582,3.402526988519087,0.4811899813504177,1.1710703519999999,0.0936506060703421,0.01324419572291379,-18.756669648000003,0.794699002678458,0.11238741075922479
LYS  94,9.86636,0.4900377030392373,0.06930179657122487,-3.9638000000000018,0.40184728442529577,0.056829787963705185,33.3378,9.597344789054926,1.3572695163452226,-73.68862,9.765687502454673,1.3810767711868837,1.0430723519999998,0.06787823764136068,0.00959943242623962,-33.40518764799999,0.4857898830246981,0.06870106410371674
THR  95,14.592420000000002,0.24639586765997773,0.03484563777574268,-3.857160000000001,0.2574283869350629,0.03640587161433948,-47.499939999999995,0.7194707613244968,0.10174853083959995,-0.36774000000000007,0.42923549760009366,0.060703066215801654,0.34738704000000004,0.03764378238508914,0.005323634758801448,-36.78503296,0.2431016867593129,0.03437977024507961
GLU  96,16.085739999999998,0.14611540781204763,0.02066383913994734,-4.75246,0.2410450754526929,0.03408892148484443,2.5084199999999996,4.081184642184178,0.5771666671525651,-73.45872,3.858988572359327,0.5457433976073348,0.7600491360000001,0.034092179213072046,0.00482136222139806,-58.856970864000004,0.2507166006991048,0.03545668170207538
VAL  97,9.10914,0.10019720754589989,0.014170024982332344,-6.55316,0.26003194880629976,0.03677407086521754,-56.90246000000001,3.8839525033655016,0.5492738305872427,-54.13018000000001,3.868061605972538,0.5470265183261017,0.210987216,0.03171129139934457,0.004484653837731837,-108.26567278400002,0.457689835295715,0.06472711724355082


