#Frame       SA_00001
       1    6125.2712
       2    6154.6376
       3    6096.9676
       4    6129.0210
       5    6129.2088
       6    6046.8750
       7    6120.8235
       8    6168.9736
       9    6069.3141
      10    6069.5428
      11    6131.3762
      12    6124.0439
      13    6039.6294
      14    6281.4890
      15    6034.9905
      16    6121.1861
      17    6190.7025
      18    6149.6420
      19    6181.3539
      20    6137.4410
      21    6161.6013
      22    6087.2717
      23    6174.2452
      24    6190.9612
      25    6130.5627
      26    6148.4950
      27    6141.7557
      28    6112.3851
      29    6129.9267
      30    6171.6371
      31    6098.2066
      32    6109.8674
      33    6112.3082
      34    6144.4969
      35    6093.7203
      36    6024.6744
      37    6160.0689
      38    6172.7040
      39    6197.4526
      40    6106.3624
      41    6267.2295
      42    6159.7542
      43    6177.3630
      44    6109.9519
      45    6143.3506
      46    6136.1284
      47    6080.4337
      48    6027.6371
      49    6218.3574
      50    6126.3160
