| Run on Mon Jun 20 15:45:54 2016
| GB non-polar solvation energies calculated with gbsa=2
idecomp = 2: Per-residue decomp adding 1-4 interactions to EEL and VDW.
Energy Decomposition Analysis (All units kcal/mol): Generalized Born Solvent

Total Energy Decomposition:
Residue,Internal,,,van der Waals,,,Electrostatic,,,Polar Solvation,,,Non-Polar Solv.,,,TOTAL,,
,Avg.,Std. Dev.,Std. Err. of Mean,Avg.,Std. Dev.,Std. Err. of Mean,Avg.,Std. Dev.,Std. Err. of Mean,Avg.,Std. Dev.,Std. Err. of Mean,Avg.,Std. Dev.,Std. Err. of Mean,Avg.,Std. Dev.,Std. Err. of Mean
ARG   1,7.790019999999998,0.0247503454524631,0.0035002274212292575,-1.93936,0.061124057456938205,0.008644247104287432,-257.49718000000007,1.5244155429453965,0.2155849135525725,-47.1841,1.5010771365922235,0.21228436447368934,1.5601728959999994,0.007334847111513085,0.0010373040263034925,-297.2704471040001,0.02854251120721227,0.004036520645342565
MET   2,9.785240000000002,0.026221792463341644,0.003708321453139036,-4.21848,0.03092975266636697,0.004374127570162156,-4.7149600000000005,0.05243356177099268,0.007415225418006529,-3.4897800000000005,0.04925943158415764,0.006966335622110532,0.530200512,0.007300005678920515,0.0010323767036530007,-2.1077794880000003,0.027235824027022976,0.0038517271721422897
LEU   3,12.22032,0.01566197944076399,0.0022149383738737016,0.49984000000000006,0.014679727517903893,0.0020760269747761217,-15.4647,0.03699256682208388,0.0052315389706784005,-6.652060000000001,0.036133314267692715,0.00511002230908603,1.213322976,0.003649161117066192,0.0005160693143039562,-8.183277024000002,0.011851168213612113,0.0016760082817655175
PRO   4,18.30872,0.017788805467981242,0.002515716995123574,-4.57566,0.02277244826535324,0.003220510518530221,-0.18014,0.05007514752848966,0.007081695277262365,-4.664979999999999,0.051971334406573685,0.007349856597240397,0.453627648,0.00566351731990755,0.0008009423004548179,9.341567648,0.025495097140307288,0.0036055512149842078
ARG   5,12.891679999999992,0.0329893558618034,0.004665399447371473,-5.059420000000001,0.03109346555107549,0.004397280068351158,-234.20317999999992,0.6307347046472479,0.08919935735715263,26.658020000000008,0.5983003423027988,0.08461244584570833,0.6603816960000001,0.004873157749148061,0.0006891685780428732,-199.05251830399996,0.0737857880480792,0.010434886216798021
LEU   6,12.402379999999999,0.01171646704293722,0.0016569586595219206,-3.4592999999999994,0.04719798724531489,0.006674803367903668,-31.26026,0.03507466891838941,0.0049603072480132356,-6.1103,0.03226530644490389,0.0045630033968507115,0.8695272960000001,0.00462483736262865,0.0006540507721999252,-27.557952703999995,0.058357454888567584,0.008252990416898835
CYS   7,10.666699999999999,0.012431009614332515,0.0017580102390579381,-5.52718,0.03040374319056455,0.004299738596700502,-4.62048,0.1110724520302227,0.015708016806717594,-1.2023399999999997,0.10168217346221724,0.014380030876184122,0.042214752,0.0030513139114971832,0.00043152095166970145,-0.6410852480000001,0.03805149426483135,0.005381293925788654
CYS   8,10.0537,0.022263198333102422,0.0031484917024475526,-4.100499999999999,0.043746199835018665,0.006186646910896705,4.206060000000001,0.03656140588095428,0.005170563605627298,-7.250479999999999,0.06773809563326422,0.009579613353388798,0.6189757919999999,0.009557188332734966,0.0013515905358307697,3.527755792,0.030348686121581387,0.004291952351334452
LEU   9,13.18712,0.15952988936242848,0.02256093331402257,-7.23876,0.13497222825455193,0.01908795557413044,-33.49458,0.15791910460714312,0.022333133949323732,0.29272,0.08035123894502201,0.011363381186953134,0.021915936,0.0029424170998523726,0.00041612061687697346,-27.231584063999993,0.07167598902503573,0.010136515577571064
GLU  10,15.5053,0.1217057517131618,0.017211792469156596,-4.228379999999999,0.1988681864955035,0.028124208646648302,-3.221460000000001,1.7993317227237426,0.2544639325484062,-70.57276,1.9999076534678566,0.28282965270279947,0.8852528159999999,0.04697051248289263,0.006642633578492151,-61.63204718399999,0.15142571801971394,0.02141483041155634
LYS  11,9.981959999999999,0.07800563056629674,0.01103166206883221,-5.86216,0.4000184675736909,0.05657115420424158,3.3500399999999986,1.1891547075128652,0.1681718715124505,-41.89982,1.2096883183696745,0.1710757626082696,0.8797243680000001,0.06524076205645835,0.00922643705197994,-33.550255631999995,0.4422461012733206,0.06254304343273552
GLY  12,7.063619999999999,0.12283352799624749,0.017371284120642844,-1.36666,0.04151029269951822,0.005870441891373554,-4.36658,0.11597621997632201,0.016401514320328006,-2.8333400000000006,0.11122618576574905,0.01572975804009516,0.162833184,0.006525363621051872,0.0009228257732307567,-1.3401268160000004,0.15221868548790982,0.02152697294636067
PRO  13,18.603799999999993,0.18103668136646478,0.025602453007547106,-1.0947599999999997,0.06635768531225852,0.009384393853628194,-5.487779999999998,0.16303463313058145,0.02305657893097902,-5.351819999999999,0.16411687177137618,0.023209630587332636,1.1691509760000003,0.010478309766601078,0.0014818567782673704,7.838590975999999,0.10927722341235449,0.015454133140822642
ASN  14,18.897080000000003,0.24965350708532016,0.035306337561406734,-2.6199,0.391956234801795,0.05543098231133917,-91.60680000000004,3.5445936015277044,0.5012812344381373,-6.467439999999998,2.581132845554455,0.36502730764697694,0.4838188319999999,0.07432753351152045,0.010511500594973295,-81.31324116799999,1.1526640832737367,0.1630113179426069
GLY  15,5.766180000000003,0.14799387690023863,0.020929494786049177,-3.1687,0.08543096628274757,0.01208176311637002,-11.525879999999995,0.32689231499087534,0.04622955452956337,-0.6971599999999999,0.23009983572354004,0.03254103083800515,0.08962862399999999,0.012491235829629898,0.001766527512106334,-9.535931375999999,0.18270415340503077,0.0258382691647289
TYR  16,9.4115,0.21324635987516086,0.030157589426214625,-11.01502,0.30433215341136644,0.04303906588205638,-31.75482000000001,0.39931434684943556,0.056471576496462596,0.8443,0.3752116336149507,0.053062938101842795,0.030427344000000002,0.008716742436946487,0.0012327335374042825,-32.48361265600001,0.8587844786914677,0.12145046569209818
GLY  17,7.040040000000002,0.1763081348094155,0.024933735540417938,-4.2873600000000005,0.1278794369709101,0.01808488341128964,-14.534879999999998,0.5180691706713045,0.07326604474107405,-0.08836000000000001,0.27456844392610014,0.03882984171999675,0.000363024,0.0008731924073330001,0.00012348805450115407,-11.870196975999999,0.28418048213747416,0.0401891892000541
PHE  18,10.111520000000002,0.08342187722627278,0.01179763501720182,-9.9002,0.11136139366936888,0.01574887932519908,-5.184879999999998,0.2416640345604359,0.03417645552131688,-2.1182000000000003,0.1849887564150803,0.026161360820873947,0.0,0.0,0.0,-7.091759999999999,0.12471640790212653,0.01763756355056424
HIE  19,29.338439999999995,0.18139836382937138,0.02565360263197861,-9.87956,0.26534378907372524,0.03752527851995281,-24.896820000000005,2.4761084765412775,0.3501746189431657,-1.7055000000000005,2.1279581598330353,0.30093872897983726,0.2231602559999999,0.03509779518707263,0.004963577796295125,-6.920279743999999,0.6409753106979196,0.09064759775353062
LEU  20,11.314060000000005,0.1675564871912776,0.023696065664949858,-9.004260000000002,0.4387293384308457,0.06204569806198775,-34.29146,1.4886321131831153,0.21052437238476818,1.19028,0.8080590087363668,0.11427680093527293,0.0,0.0,0.0,-30.79138,0.7232738040327662,0.10228636229723181
HIE  21,28.532439999999994,0.341864660940987,0.04834696399988235,-10.536200000000003,0.9593049984233253,0.13566621392225672,-21.59204,6.3743819620728726,0.9014737422509876,-5.66288,3.8840026449012606,0.5492809216712334,0.23048769599999988,0.0752146120952388,0.010636952451371815,-9.028192304000001,1.9364468565502118,0.27385494073480565
GLY  22,5.36066,0.39394337714956185,0.05571200667719696,-2.8956800000000005,0.42991317448991484,0.060798904200650844,-11.30214,4.951760676809814,0.7002847106770215,-2.646279999999999,3.7535329812857654,0.5308297248949047,0.07708190399999998,0.036028693803872344,0.005095226741202376,-11.406358095999998,1.0773843951667237,0.15236516235339145
GLU  23,15.505280000000003,0.3147228012075068,0.044508525385570756,-5.06906,0.4122139934548477,0.058295862014381986,-37.8199,6.681582953911415,0.944918523154241,-34.69207999999999,5.750109647093754,0.8131883048052357,0.568426608,0.04576728070941359,0.0064724709092189225,-61.507333392,1.4882695440101916,0.2104730973606035
LYS  24,9.618720000000001,0.10635338076409648,0.015040639348081508,-1.42704,0.3109904152863867,0.04398068630660492,53.35639999999999,3.488254784272712,0.49331372249313044,-90.01331999999998,3.316388152433583,0.4690081103265024,1.5157706399999997,0.06804864363001786,0.009623531472266479,-26.949469360000002,0.4046609476576415,0.05722770003401857
GLY  25,6.40872,0.05094900980400836,0.007205278065430841,-1.2377,0.0935275895123989,0.013226798554449816,-4.0216400000000005,0.6240371386383932,0.08825217848869149,-7.0843,0.5797727572075035,0.0819922496337295,0.62702136,0.013180426449916882,0.001863993784333352,-5.307898640000001,0.11498217934873403,0.016260935746619527
LYS  26,9.86542,0.2602956081073953,0.03681135792116306,-4.60566,0.229234082108221,0.032418594787559374,20.092980000000004,3.50204050513409,0.49526331783405547,-56.27649999999997,3.279767450598165,0.4638291610065755,0.8689606559999998,0.040269206475916926,0.005694925794424419,-30.054799344000003,0.37451007924924734,0.05296372333197082
LEU  27,11.114740000000001,0.0999555521215833,0.014135849744483389,-2.6911199999999997,0.06559501200550584,0.009276535560221235,-27.528659999999995,0.4569239591005563,0.0646188059933216,-6.4861200000000006,0.3705164309446905,0.05239893617240556,0.892470816,0.010451823851852527,0.0014781111042824445,-24.698689183999992,0.23197440442286288,0.032806134885823394
GLY  28,5.00748,0.03999361949120548,0.005655951909285175,-3.6244000000000005,0.046524832079154706,0.006579604851347142,-8.1795,0.8942195983090381,0.1264617483668463,-2.065079999999999,0.8400810399003188,0.1188054000119524,0.005787503999999999,0.002297590144212847,0.00032492831427205634,-8.855712496000002,0.10001998492516564,0.014144961918952176
GLN  29,19.01693999999999,0.08179276496349248,0.011567243751536598,-8.874960000000002,0.208822408759092,0.029531948259452608,-80.05473999999998,0.5015364317805366,0.07092796238482435,-2.4001599999999996,0.39555006560485245,0.05593922673759498,0.08549049599999999,0.030209074087108115,0.004272208228072192,-72.22742950399999,0.20009273014573303,0.02829738527043555
TYR  30,8.990640000000003,0.06911722216613715,0.009774651298090546,-8.907000000000004,0.22219774976337361,0.031423507124414614,-26.23933999999999,0.6089764399388652,0.08612227405272277,-2.8949200000000004,0.42793942748944885,0.06051977422297562,0.20482430399999998,0.019724152969199476,0.002789416463536345,-28.845795695999996,0.27318131926523626,0.03863367266918716
ILE  31,12.71618,0.10128192138793096,0.01432342668500176,-8.689099999999998,0.2173528237682665,0.030738331119317168,-7.129940000000001,0.6122348376235792,0.08658308107245553,-0.25682000000000005,0.65752979217675,0.09298875497607224,0.000546624,0.001889986609323992,0.00026728446956095296,-3.3591333760000004,0.24495780613406912,0.03464226516439599
ARG  32,14.176879999999997,0.7662674634878263,0.10836658392697143,-7.791740000000002,1.050125512688828,0.148510174223854,-165.20722,8.039654888837092,1.1369788980592572,-38.96866,7.26161434010372,1.0269473484497633,0.7875953279999998,0.1267333943812312,0.017922808513951536,-197.003144672,1.3242990383906852,0.1872841660729755
LEU  33,11.809419999999998,0.3214779675188543,0.04546385016693011,-4.68674,0.37505817202135067,0.05304123535514554,-35.88759999999999,0.3198460254567903,0.0452330587072123,0.35588000000000003,0.26549475625706803,0.03754662850376848,0.6450858719999998,0.06688264682697774,0.009458634623012177,-27.763954127999995,0.45464728298417884,0.06429683536923042
VAL  34,11.06802,0.08228766371681887,0.011637233004432168,-6.47126,0.040795494849213784,0.005769354209947988,-29.04505999999999,0.10923395259995967,0.015448013723848276,-3.1635199999999997,0.12963938290505292,0.01833377735220046,0.12834633599999998,0.00868944332444357,0.0012288728598900452,-27.483473663999998,0.11426334033490257,0.016159276558367193
GLU  35,16.9681,0.3038528097615354,0.04297127645299353,-4.255180000000002,0.2772905111971618,0.039214800165239476,-22.134140000000006,4.922273836388996,0.6961146417135563,-48.925119999999986,4.649415221896355,0.6575266063909738,0.23465419200000004,0.007097094017687719,0.001003680661325093,-58.111685808000004,0.7777308098474637,0.10998774591616937
PRO  36,17.851119999999995,0.05374109787004182,0.0076001389464632986,-1.6667599999999998,0.02423762364592067,0.0034277176079755833,-8.15918,0.21995714946327916,0.03110663839118953,-2.41054,0.21266416811489422,0.030075255077887532,0.9908699040000002,0.010609851858728528,0.0015004596393383275,6.605509903999999,0.05578324357151889,0.007888941961200378
GLY  37,6.219899999999999,0.014148144755182558,0.0020008498195196946,-1.59944,0.046926393426311476,0.006636394201674534,-19.333680000000005,0.517998202313286,0.07325600829963314,3.7040999999999995,0.31485801561974713,0.04452764759113262,0.314092944,0.007053411417580837,0.0009975030087740057,-10.695027055999999,0.2124077879345147,0.030038997445065895
SER  38,12.620319999999998,0.03297662202346957,0.0046635986106841965,-4.75436,0.06469644812503215,0.009149459437578786,-5.58066,0.30962981833152065,0.0437882688399554,-1.9826599999999999,0.25654290947130104,0.03628064619049671,0.010568736000000002,0.005665633590050097,0.0008012415862485415,0.31320873600000004,0.16221960995482834,0.022941317248099176
PRO  39,19.408,0.019832296890268206,0.0028047103235227053,-7.906000000000003,0.06409430551874855,0.00906430361354989,-7.7854399999999995,0.16615741452009636,0.02349820691031685,-1.5025800000000005,0.10837529054170501,0.015326580571020383,0.13024641599999998,0.00783881102574583,0.0011085752865489505,2.3442264160000006,0.10701766178969188,0.01513458287164392
ALA  40,9.537399999999998,0.04619220713516022,0.006532564580649084,-7.005319999999998,0.04866967844585108,0.006882931933446009,-7.845640000000002,0.16999020677666507,0.024040245589416653,-1.2290199999999998,0.13094632335426826,0.01851860664304989,0.0,0.0,0.0,-6.542580000000002,0.10421997697162223,0.01473893049034798
GLU  41,17.50332,0.045683012160948534,0.006460553536806845,-5.8965,0.040036108702120606,0.005661960791118245,4.61288,1.2896313370882404,0.18238141273715383,-79.87007999999997,1.2606102941063038,0.1782772174792271,0.583705008,0.010133011826375557,0.0014330242752547278,-63.066674991999996,0.042715497423603324,0.0060408835779972815
LYS  42,11.330660000000002,0.24576164143327764,0.034755944642601476,-3.606240000000001,0.06552573845436518,0.009266738800667548,-13.995159999999993,1.6771636933824365,0.23718676415011927,-29.063520000000008,1.602989485180606,0.22669694702838783,1.3262325119999998,0.00947288925796989,0.0013396688463479423,-34.00802748800001,0.1969116720783514,0.0278475157242768
ALA  43,7.340120000000001,0.010944660797745974,0.0015478087735745494,-4.012220000000002,0.04569607860626671,0.006462401411224942,-8.44058,0.10612673367244864,0.015008586608993428,-3.0574600000000003,0.0698876841796607,0.009883611080972375,0.17087414400000006,0.004290537751849683,0.000606773667853959,-7.999265855999998,0.03106587559584012,0.004393378259463245
GLY  44,6.171220000000001,0.025745904528363006,0.0036410207359573845,-2.10324,0.017475193847346294,0.0024713656144015996,-11.504259999999999,0.11033182858996947,0.015603276835335841,-1.3107000000000004,0.09573781906852975,0.013539372215873629,0.27483206399999993,0.0034780303753596466,0.0004918677727179198,-8.472147936000002,0.029966540352127015,0.004237908778337865
LEU  45,10.321940000000001,0.020594572099387372,0.0029125123174224164,-7.462259999999999,0.02609123224422909,0.0036898574498814983,-27.51186,0.08688544412005998,0.012287457344739851,-2.1109799999999996,0.10895806349234569,0.015408997112078406,0.005138927999999998,0.0009036316220761703,0.0001277928095329319,-26.758021072,0.04243356651442038,0.006001012526455412
LEU  46,10.786980000000002,0.018588695489978616,0.0026288385268751343,-3.47768,0.02641017985552028,0.0037349634536389485,-31.890439999999998,0.1466380796384699,0.02073775609850701,-0.31679999999999997,0.13483768019363152,0.019068927604875975,0.8683686719999997,0.008218035914269584,0.0011622057846029223,-24.029571328000007,0.032530430085709945,0.004600497541704077
ALA  47,6.999520000000002,0.021076280505702587,0.002980636173554427,-3.4180400000000004,0.03223970223184285,0.00455938241431423,3.6981999999999995,0.3058458435225221,0.043253133990499015,-9.330659999999996,0.25365635099496214,0.03587242517591456,0.4145784479999999,0.005270870459665751,0.0007454136489571015,-1.6364015520000006,0.0826458331525619,0.011687885811797699
GLY  48,6.13984,0.016632931190980926,0.00235225168723037,-2.675800000000001,0.055216664151263986,0.007808815531171781,-10.6778,0.34659544140102344,0.04901599738860166,-3.2694399999999995,0.29614740653938765,0.041881567878962064,0.20883297600000003,0.008797112165126662,0.0012440995333639468,-10.274367024,0.09034021583338415,0.012776035845928449
ASP  49,12.150880000000003,0.05181646070461076,0.007327954148263307,-8.499039999999999,0.044200886869445795,0.006250949367968909,5.006399999999998,1.4397954299135725,0.20361782240265752,-70.72216,1.339414116096761,0.18942176086180107,0.011977488000000001,0.0019102381372635166,0.0002701484681080383,-62.05194251200001,0.19628130173402605,0.027758367895250532
ARG  50,13.289659999999996,0.037257809920818286,0.0052690500094340065,-8.704740000000001,0.04031268286752916,0.005701074284690525,-181.75916,1.9035512744308822,0.2692028028972743,-23.025559999999995,1.864118195394367,0.2636261233793173,0.43300238399999996,0.0054294757056484325,0.0007678438179503244,-199.766797616,0.07086725182309103,0.010022142865632478
LEU  51,12.86476,0.06345850927973583,0.008974388447138132,-8.744079999999999,0.045606508307506746,0.006449734258095727,-33.119,0.1348461345379769,0.019070123229719394,-0.40569999999999995,0.14176251267524848,0.02004824680614242,0.0,0.0,0.0,-29.404019999999996,0.058139656002623316,0.008222189003061622
VAL  52,12.560340000000004,0.02267210620796204,0.003206320008686316,-6.501940000000001,0.02627653706230659,0.003716063508571326,-32.562479999999994,0.08957058446066261,0.012667193533395385,-0.18652000000000002,0.08806321365928005,0.012454019110311344,0.056301984,0.0019390138936437728,0.00027421797460208853,-26.634298016,0.0446313781527404,0.006311830029100773
GLU  53,15.444840000000001,0.016523147399755706,0.002336725914582426,-7.910319999999998,0.02792020057278569,0.003948512631421058,-11.076659999999995,0.7542793278355989,0.1066712055242766,-66.12746000000001,0.727547804888741,0.1028907972948432,0.3249758880000001,0.0031390058615043685,0.00044392246617081194,-69.34462411200002,0.023818225706932344,0.003368405782640722
VAL  54,11.359319999999999,0.03029286384727908,0.004284057889594369,-6.896580000000001,0.05057315097925989,0.007152123600681151,-25.727880000000006,0.057073510490257946,0.00807141325875659,-2.4048400000000005,0.0609295855885886,0.008616744628915428,0.001164240000000001,0.0002900277614298277,4.1016119367877075e-05,-23.668815759999994,0.0487640919827615,0.006896284023883042
ASN  55,17.33638,0.05367714224882235,0.007591094255771442,-4.533100000000001,0.058276667715260834,0.008241565385283216,-89.78120000000001,0.27600833320431534,0.0390334728145535,-7.345079999999999,0.22048563127788545,0.031181377006157907,0.4010906880000001,0.007244857665419684,0.0010245775967899196,-83.92190931199995,0.09484266855986648,0.01341277881690195
GLY  56,6.060520000000001,0.02046874690800854,0.002894717948208803,-2.1098999999999997,0.020077101384475122,0.002839330907106436,-7.79332,0.05276833899234552,0.007462570066687606,-6.707879999999999,0.05818028532063004,0.00822793485631713,0.3315265920000001,0.002828075593021777,0.000399950285906773,-10.219053407999997,0.05304164230403594,0.007501220991691013
GLU  57,13.829119999999994,0.01772076748189143,0.002506094970855098,-3.485660000000001,0.03326295837703757,0.0047040926861458285,-13.448079999999996,0.9775332391279942,0.13824407644453113,-67.48819999999999,0.9524547233335586,0.13469743872846326,0.7063218719999997,0.004020916259769162,0.0005686434307732048,-69.886498128,0.03807177144309458,0.005384161551839305
ASN  58,20.39206,0.014897529993126189,0.0021068288962139015,-5.01866,0.031099588421719032,0.004398145973021633,-92.93614,0.15853542318164462,0.02242029455800398,-3.800900000000001,0.15443979409464859,0.021841085137876026,0.5626026720000002,0.0034097818988517606,0.00048221598060904446,-80.801037328,0.016494074993106365,0.0023326144554049934
VAL  59,12.829840000000004,0.02080226910342096,0.0029418851094192727,-6.789279999999999,0.05909451412809881,0.008357226334180581,-31.94754,0.23760868755189088,0.03360294284735553,0.65712,0.19724255524607265,0.02789430967061204,0.0,0.0,0.0,-25.249859999999995,0.0766036578776554,0.010833393189796885
GLU  60,16.733240000000006,0.03193403200115842,0.0045161541157294665,-5.27104,0.031521395908247124,0.004457798559837487,-48.58720000000001,1.6495689740045765,0.23328428151071434,-29.80548,1.5986686490952289,0.2260858885291147,0.391872096,0.00343438564222529,0.00048569547536544375,-66.538607904,0.04791940126169121,0.006776826716508211
LYS  61,9.458860000000001,0.02812472933202336,0.003977437365941984,-1.7890399999999997,0.08436135608205131,0.011930497391142294,17.21298,1.7121538305888293,0.2421351168087769,-59.46874000000002,1.6887170729277614,0.2388206587545435,1.3362376319999998,0.010392341142969053,0.0014696989789194745,-33.24970236800001,0.10017689377375037,0.014167152181124663
GLU  62,15.7334,0.03821046977032381,0.005403776457383909,-4.5176799999999995,0.10018312033473584,0.014168032749823922,-57.13990000000002,2.002794550121854,0.2832379215429247,-29.720060000000004,2.020449280828406,0.2857346775034498,0.29946599999999995,0.003876916268170526,0.0005482787566631644,-75.34477399999997,0.05440625394822663,0.007694206221149685
THR  63,14.703159999999999,0.03010339515884066,0.0042572629707109035,-4.021960000000001,0.04605560117938441,0.006513245581113174,-26.142359999999993,0.5657477798458314,0.08000881831404426,-9.52798,0.5400018699967942,0.07636779682562993,0.5513567039999999,0.0031965860815116633,0.0004520655389766862,-24.43778329599999,0.06190966587108295,0.008755348911687224
HIE  64,30.89633999999999,0.06574149679615761,0.009297251637983346,-10.85156,0.34572949888609916,0.048893534623717524,-12.789460000000002,0.8224067171418271,0.11630587331687056,-8.75404,0.7040211917265052,0.09956363175376927,0.117952416,0.024435986137820175,0.0034557703006066237,-1.3807675840000007,0.23114416897159018,0.03268872186230812
GLN  65,21.006700000000006,0.12362867790186764,0.017483735298707618,-4.4165800000000015,0.2592097289840498,0.03665779142282976,-75.93560000000001,2.5802684046430127,0.3649050572408937,-9.937759999999999,2.335473113182846,0.3302857751220895,0.7244592479999998,0.08614185096983892,0.012182297392946816,-68.558780752,0.7051680165060592,0.09972581726946034
GLN  66,20.957060000000002,0.020684689988921985,0.0029252569115816454,-6.2532000000000005,0.03652998768117249,0.005166120401203623,-73.24378,0.1081101826822339,0.015289088657984808,-10.97912,0.11929117989201737,0.016870320447477962,0.6685100640000001,0.004188636467635179,0.0005923626500380203,-68.85052993599997,0.06893592303840979,0.009749011729562702
VAL  67,12.728119999999999,0.046840853963572925,0.006624297094842237,-7.092939999999998,0.07863928026143953,0.01112127366809866,-26.916140000000006,0.2591443620838775,0.036648547147154355,-1.6436,0.19558926350901967,0.02766049891090207,0.0,0.0,0.0,-22.92456,0.1252321300631149,0.01771049767801285
VAL  68,13.09384,0.0793254965318072,0.011218319303726167,-5.530460000000001,0.13151352934201488,0.01859882168310294,-29.840580000000013,0.39017140284654145,0.05517856895557153,-3.1263999999999994,0.3839142612615531,0.05429367550645361,0.05244897599999999,0.011846779275711391,0.001675387592215156,-25.351151023999993,0.19379622384022543,0.027406924809153892
SER  69,14.48582,0.034462553591539546,0.004873741068316484,-4.299599999999999,0.03434821683881539,0.0048575714096784645,-7.0079800000000025,0.24201408967239335,0.034225960790007705,-5.836300000000002,0.18241088235076178,0.025796794374489035,0.402727392,0.009813532570156167,0.0013878430855504948,-2.255332608,0.1386951072985204,0.019614450177635915
ARG  70,14.14994,0.08445813400735035,0.011944183856591918,-7.1503,0.10853649155936332,0.015349377837564456,-197.2676199999999,1.4478483745321544,0.2047566807523213,-11.626640000000002,1.381008598959442,0.19530410904023093,0.661122,0.007897093948535834,0.0011168177365353874,-201.233498,0.16508654108641083,0.023346762536966537
ILE  71,14.13218,0.13648555821031932,0.019301972748909612,-7.227300000000001,0.09140618141016392,0.012926786143498929,-8.386680000000002,0.412096903167162,0.058279302947095254,-2.15258,0.4291390026553155,0.06068941976984108,0.0014018400000000001,0.0020789666802524757,0.0002940102874934821,-3.63297816,0.10862052033042352,0.015361261300330744
ARG  72,12.739959999999998,0.23319047664957115,0.032978113469407,-2.8781199999999996,0.17485990277935606,0.02472892460258062,-147.78823999999997,4.407497433058158,0.623314264595545,-61.81615999999999,4.380420903794808,0.6194850651049227,1.445743008,0.08568125967321208,0.012117159947106746,-198.29681699199998,0.08865030236734515,0.01253704599163752
ALA  73,8.4603,0.03501728144765756,0.004952191434071309,-1.72624,0.19198672454104534,0.027151022964153382,-10.323319999999997,0.15583137553156592,0.02203788447199954,-3.491079999999998,0.2832640351333314,0.04005958402180862,0.588536496,0.014310498353766193,0.0020238100856213997,-6.491803504000001,0.10153940128049986,0.014359839840612692
ALA  74,7.879319999999999,0.5795130866512068,0.08195552667148313,-3.3907599999999984,0.11668874153067121,0.016502280084892386,0.60874,1.212418835386518,0.17146191602802066,-4.314540000000001,0.7759638963250759,0.10973786660947925,0.098302464,0.010109907389600825,0.001429756814470946,0.8810624640000002,0.09689156042786189,0.013702535883657456
LEU  75,12.280959999999999,0.31108686632511956,0.04399432654331301,-0.7742800000000003,0.4338691065286847,0.061358357474756306,-23.55904,0.7454274467713266,0.10541936049891584,-6.23446,0.40800545143415573,0.057700684294034014,1.156127472,0.0754684668529969,0.010672852935501258,-17.130692528,0.5696456799092395,0.08056006462748894
ASN  76,19.930780000000002,0.43142931240237775,0.06101331848047415,-3.07254,0.2333996752354174,0.033007698617140306,-84.30485999999999,1.9579036340943907,0.2768893873155857,-16.15534,1.0428848759091616,0.14748619355045184,0.7164482399999997,0.0792640980639299,0.011209636249128064,-82.88551176000001,0.7569913912981089,0.10705474921734641
ALA  77,8.171619999999999,0.41756143931160905,0.05905210505985076,-2.9531000000000005,0.12893366511503665,0.018233973785215563,-3.2996,0.40549643648249833,0.05734585599675094,-2.16716,0.39289796945263106,0.055564163702876083,0.41994057600000007,0.02372190082153098,0.0033547833867078576,0.17170057600000002,0.576768604269569,0.0815673982509025
VAL  78,10.962600000000002,0.0832795292972243,0.011777503980018212,-6.942219999999999,0.27719706275502376,0.039201584559814054,-20.777359999999994,0.1947409314966345,0.02754052664717103,-1.7006599999999998,0.09374232981956696,0.013257167419928339,0.0029049119999999995,0.0012821145834347287,0.00018131838324097243,-18.454735088,0.10601577237978148,0.014992894312494594
ARG  79,12.537040000000001,0.08146728423083956,0.011521213824895708,-7.054400000000003,0.03646916505688191,0.005157518783186535,-174.28249999999997,0.5458773580276809,0.077198716311514,-30.111939999999993,0.5477260048603964,0.07746015445380043,0.8321603039999999,0.006559380304175934,0.0009276364586928563,-198.07963969599993,0.0886032068162988,0.012530385674935801
LEU  80,11.188439999999998,0.06516599113057997,0.009215862846235101,-7.647119999999998,0.12317023016961967,0.01741890099864919,-34.99832,0.09440390669485053,0.013350728518886185,-0.17401999999999995,0.07545263149817918,0.010670613478146438,0.0012519360000000008,0.00036917578564146976,5.220934029539091e-05,-31.629768063999997,0.07435733131604691,0.01051571464090232
LEU  81,13.67396,0.02662176553294131,0.0037648861871002206,-7.13202,0.028005349489350923,0.003960554506683851,-35.81671999999999,0.04728510971629271,0.0066871243459080965,1.2763799999999998,0.057228276227750674,0.008093300439251879,0.24404630400000005,0.004019758759372178,0.000568479735497218,-27.75435369599999,0.034450093067996845,0.0048719788841776485
VAL  82,12.00438,0.014695427862261789,0.002078247338768608,-6.608440000000002,0.03015636582817333,0.004264754154608728,-32.42321999999999,0.05733490734598387,0.008108380356609518,0.40065999999999996,0.06504816984358626,0.009199200400034826,0.0,0.0,0.0,-26.626619999999992,0.033616002145207866,0.004754020614651602
VAL  83,11.363679999999995,0.03571970884712946,0.005051529669562871,-4.99614,0.020149451605659677,0.0028495627735104253,-32.22986,0.10192919307034537,0.014414964724182812,-0.4822600000000001,0.09328532789243929,0.013192537587590881,0.22626705600000008,0.0026101657397195593,0.0003691331789153003,-26.118312944000003,0.03362067718088237,0.004754681764537148
ASP  84,14.009680000000001,0.01889279227499604,0.0026718443066397037,-3.9060999999999986,0.034721319099541736,0.00491033603740559,4.7374,0.6663873648261958,0.09424140491312737,-75.11758,0.6565471221459944,0.09284978444758903,0.37467979199999996,0.003372056338550405,0.0004768807807064144,-59.90192020799999,0.04533559045535937,0.006411420688016146
PRO  85,18.030800000000003,0.016294784442503794,0.0023044305154534977,-3.7319600000000004,0.03541692250888909,0.005008709214958789,-4.146700000000001,0.12744304610291682,0.018023168422888456,-7.879479999999998,0.12431930501735611,0.017581404722034257,0.6265484640000001,0.005927096481933319,0.0008382180230243958,2.899208464000001,0.032549542119990935,0.004603200391512548
GLU  86,14.619920000000002,0.011879124544242543,0.0016799619039586915,-2.2443599999999995,0.019327451979077082,0.0027333144714925526,-9.910400000000003,0.749004752988913,0.10592526799588307,-70.186,0.7440811246073774,0.1052289617925578,0.7293944160000002,0.0038477148384066548,0.0005441490508618893,-66.99144558400002,0.03768863348145038,0.005329977661677584
THR  87,13.214140000000002,0.011832176469049683,0.001673322443492186,-1.9464399999999997,0.01394296955461033,0.001971833664388508,-31.070479999999996,0.06989942489313583,0.009885271468595223,-8.86238,0.06843621555877506,0.009678342420070832,0.566977392,0.00355364401165175,0.0005025611557123837,-28.098182608,0.012894336090885682,0.0018235344977527409
ASP  88,12.775120000000001,0.01601828954660799,0.002265328232283219,0.15694000000000002,0.012505054977887451,0.0017684818347949618,-20.114460000000008,0.6915030646350313,0.09779330124294201,-65.12688,0.6864295926017573,0.09707580394716435,0.9477840960000004,0.003012409251847174,0.00042601900193804616,-71.36149590400001,0.014575742232262661,0.0020613212346520145
GLU  89,14.993979999999999,0.012423348983226312,0.001756926862217265,-1.4601,0.015423683088050952,0.0021812381804866194,15.574380000000001,1.006664450350736,0.1423638518444868,-95.91891999999996,0.9946815136552425,0.14066920868530428,1.0009686239999998,0.0027589460866120326,0.0003901738973542912,-65.80969137600003,0.014356733175682982,0.0020303486768422628
GLN  90,19.659100000000002,0.007935363881437866,0.0011222299223495036,-1.3897599999999999,0.008408471918287043,0.001189137502567485,-66.67828,0.05187756354393082,0.0073365953946699005,-10.607660000000001,0.05745071278901643,0.008124757719422846,1.2528588960000002,0.0037043936858257025,0.0005238803790863966,-57.76374110400001,0.014839088640736828,0.002098564040898656
LEU  91,8.344260000000002,0.013523032202906373,0.0019124455545758304,0.0546,0.009662297863344943,0.0013664552682030996,-11.982059999999995,0.670473993828337,0.09481934152904889,-95.23022,0.6639753697240438,0.09390029729454329,1.4833013760000002,0.006423430008056718,0.000908410183434813,-97.33011862399997,0.013004432503012415,0.0018391044816725652
ARG  92,7.68048,0.6384226888198731,0.09028660250557625,-3.1353400000000007,0.8283558319949191,0.11714720520780636,-106.60947999999999,18.05135199949306,2.552846681685377,-186.04351999999994,16.607071421825808,2.3485945636044696,1.3968891359999995,0.1322207786547733,0.018698841840111145,-286.7109708639999,1.435540568145697,0.20301609408084229
ARG  93,11.585399999999998,0.2630529224321118,0.03720130105253703,-3.8726000000000016,0.5954582772957231,0.08421051715789307,-116.82028,3.850253482771916,0.5445080693910287,-89.11176000000002,4.366795514149709,0.6175581440220511,1.2829139999999999,0.12280339663422317,0.01736702290256009,-196.936326,0.7577508094804352,0.10716214716664225
GLU  94,15.222599999999998,0.3696394459471295,0.05227491176465071,-2.4186800000000006,0.406189829513244,0.05744391657956449,-72.08277999999999,11.76474522510371,1.6637862255205775,-17.050740000000005,11.208283713057943,1.5850906837932015,0.6807127679999999,0.08176951532981312,0.011563955756809642,-75.64888723199999,1.1559649978648057,0.1634781377608994
THR  95,15.962080000000004,0.22095328375003137,0.031247513053016516,-3.18792,0.28598565278698584,0.04044447888154783,-42.99618,0.7179683472131406,0.10153605739834187,-0.41398,0.9366855500113151,0.1324673408504904,0.3295706400000001,0.04948227006343094,0.006997849742071223,-30.30642936000001,0.20675870452852527,0.029240096408293188
GLN  96,20.80022,0.16450158540258242,0.0232640373108208,-4.64876,0.17445051561975145,0.024671028515243193,-71.98042000000001,0.883365905838392,0.12492680445746483,-5.53974,0.7336830326510178,0.10375844952580916,0.800126928,0.030785796702499455,0.004353769122513564,-60.568573072,0.31359371593382046,0.044348848614858466
VAL  97,8.909619999999999,0.11412219591315671,0.016139315722818563,-6.6654599999999995,0.19495447776338065,0.027570726649833687,-63.25118000000001,3.7126712576794665,0.5250510045243078,-47.46588,3.586846841670134,0.5072567449645005,0.19411862400000002,0.03280584884322001,0.004639447635924345,-108.27878137600001,0.34314610724819133,0.048528187874592475


